2.789749110705834478e-03
6.535000032423942014e-03
1.311805609854176796e-03
3.020163826294045635e-04
8.389701653808310719e-04
1.139126533081270820e-03
3.655169876558575178e-04
2.719652660427488225e-03
2.748447775138860887e-06
7.705061764554021683e-04
9.956542935439762951e-05
8.847508900898738010e-03
3.193656718240566426e-03
8.035018099019302848e-03
8.604268468384979442e-04
5.923493135469562378e-04
5.724073722330453142e-04
2.070709055982128009e-04
1.619718935749964086e-03
1.775760231729885748e-04
6.147073594230783309e-05
1.650982701008609508e-03
1.638438668620161931e-03
6.019386108853411145e-04
7.132228485010321407e-04
6.987556419362351938e-04
2.445801475537363445e-03
9.204720580767531291e-04
1.445766868624924180e-03
7.034748556912424119e-04
1.658107395057789460e-04
2.854151490404636254e-03
2.226541208997350960e-03
8.000650002185884929e-03
5.320120394401489129e-03
1.399613694307262797e-03
8.865843773003100753e-03
1.895169516197217499e-04
8.400673932609382943e-03
6.491201308634371794e-03
8.937348748086163669e-03
1.725514478147469142e-03
1.190110016247403424e+00
1.160433988352910673e+00
2.104972679474879232e-02
1.885792370776148349e-02
4.355629951368413660e-02
5.930924346095813211e-03
9.143628301260298824e-03
1.025369016500980203e-03
3.516764473271726844e-04
1.944214991482719809e-03
1.773225044298804877e-03
4.878152322468941489e-03
5.843039215676195178e-04
2.043360138544544902e-03
4.699292694169396784e-05
1.932213543598459548e-03
2.392271661316333793e-03
1.106872905762430184e-03
9.353658876620956969e-04
1.961124639664930253e-03
4.369775675422379923e-04
3.868537319379481212e-03
7.876264106250721771e-04
2.795615484870628015e-03
3.927184283997334018e-04
1.023100773966558906e-03
6.778163620623656876e-03
7.860786679180537147e-04
1.314717383339236408e-03
3.631153844628810714e-03
7.996486376926706125e-04
2.806750900056675675e-03
1.252580707420800641e-03
4.725641431359386621e-03
1.596783544466984141e-03
3.879252595717276424e-03
1.516186649049828519e-03
4.273062113359851234e-03
6.517273921736282645e-04
2.282979695483498567e-03
2.759471464922088127e-03
4.056395343362120603e-04
2.509224062949516262e-03
1.942871690602184908e-03
1.039040438966193011e-03
3.218113479279938530e-03
1.040403085738867686e-03
5.307165738778426428e-03
4.529201066242313561e-04
5.393189988797287161e-04
1.538839782050035153e-03
2.287344481565618294e-03
7.798090188672623674e-04
2.028284661574787781e-04
1.168250554373060929e-03
2.286611654313908636e-03
9.697617405167337760e-06
2.106487846946840988e-03
7.073948349843165763e-04
2.997441431433789947e-04
1.109549565731395362e-03
2.520873280513697638e-03
9.176374341884327218e-05
1.268439846506956440e-03
2.584304071126782357e-04
9.243908076904797967e-04
3.981958046305236407e-03
2.883838425301337230e-03
1.175079869800764931e-03
3.728030578441101457e-04
5.844858363585975431e-04
1.180546476220899720e-03
2.009915733258246795e-03
2.470850750583572313e-04
1.006780619168479163e-03
1.359144022999336007e-03
3.993988170719369596e-03
1.834775430322690970e-03
6.320623192148430020e-03
2.498391135084574582e-03
1.787034341666852424e-03
9.354748160210736574e-03
5.677806848982654662e-03
6.377149982241710202e-03
6.172764634721173913e-04
9.021323776006104356e-03
3.773587248199243398e-03
2.709214195605704097e-03
3.928193227995155595e-04
1.554459412205954055e-03
3.757242023033268916e-03
3.030799108491295194e-03
2.688616437005250572e-03
1.073930852372029362e-03
5.279391606823131272e-03
5.326793162132177281e-03
4.347460834888761463e-03
9.943959410715075276e-04
9.648208908284211429e-04
4.895858355693664087e-03
3.852277938295605472e-04
2.737711171714919504e-03
1.092246218285998060e-03
9.729199932969689142e-04
1.767380606548241953e-04
1.244671308641847685e-03
1.543826796814525264e-03
6.297760483830098068e-04
9.188833634259319311e-04
6.253686610406336424e-04
1.766047220554526113e-04
5.637455867025070212e-03
1.673524805782136346e-03
2.231758532096231144e-03
4.568829842560972326e-04
5.962515315323029669e-03
1.872254752744837662e-03
4.903618964169863953e-03
4.874071643711432901e-03
6.681757727884424583e-03
6.433575586590760745e-03
3.129569443902049247e-03
8.354531886403344931e-03
9.091868689506630088e-03
5.736529471971323763e-03
1.131751627719528377e-02
1.721156259127133020e-02
4.925214173359965947e-03
1.027972511640220035e-02
3.079148690202470132e-03
4.940968986340527058e-03
8.366405975807971688e-04
2.124848455040283159e-04
2.348210058908608774e-03
2.033136712070667679e-03
1.736579500406684653e-03
1.495173704419434273e-03
2.245564844629379970e-05
9.544298470329644042e-05
1.898437137823844783e-03
2.548710398776586009e-03
3.006938492562920154e-04
6.568981872756621525e-04
1.752061817604463369e-03
1.972035254597646913e-04
3.886941608835046410e-05
1.265576588717419676e-03
5.365728050623158824e-04
2.227981945004089276e-03
1.471491230430651675e-03
7.888987167979869680e-04
2.025782280488015903e-03
3.204439937834957161e-04
1.657466994424058090e-03
6.142505058811739693e-03
6.811089820229257984e-03
2.089446183671311678e-03
2.430127744765529004e-03
1.036829282094962586e-04
9.226112290880783074e-04
5.304677250371854155e-04
2.690853545182900555e-03
1.730715514764421051e-04
2.698979619861178233e-03
1.406245540980264035e-03
6.855575093460278616e-04
8.796649735841062913e-04
1.765668228419249412e-03
5.512329152559470105e-03
3.704249920694537273e-03
3.879220916718640732e-03
9.774704188963475454e-04
7.980230997868429862e-03
8.311591130550317419e-04
3.919776982705599220e-04
1.472041012300885458e-03
3.668096145289088841e-04
3.432072108497691179e-04
1.910021697855061743e-03
9.091329342723014455e-04
3.490801900504084468e-03
1.471518538830240194e-03
2.729737897358215822e-04
4.617695069217387467e-04
1.350551285686772815e-03
6.534032473676944404e-03
5.290256866257002236e-04
1.973486266786675207e-03
9.412477737526445121e-03
1.466703502048190104e-03
1.707556414819761054e-03
5.248245097829828780e-04
1.461044729042236621e-03
5.387222660403934334e-03
4.498464270954122615e-03
2.361055036478167633e-03
3.742691537327668284e-03
9.534246387311227054e-04
1.802105259788732566e-02
3.479288176845485997e-02
6.234354689320954074e-02
2.466714647623422310e-02
8.344484561711879023e-02
8.500787801287398512e-03
2.475095080411646165e-02
3.103207555161063141e-02
1.784132166359939445e-02
2.449995878702576277e-02
2.303507185456916961e-02
1.053449840267786514e-01
2.886073578167393152e-03
2.257245007454036691e-03
4.548991039757799108e-03
5.444591144677462212e-04
7.822756010372553664e-03
7.472187337131436409e-04
4.603229129684944555e-03
3.362420545015216197e-03
6.155983782822742681e-03
4.593623274877345515e-03
2.293981076906567544e-03
1.619572500368138962e-03
3.892244345028435075e-05
1.308717690646357852e-03
2.408915136740089058e-03
1.099770012632160857e-03
1.414101585923212582e-03
4.401316481164056250e-03
1.295921501930679754e-03
5.266006049951144508e-04
1.367659549967718737e-03
2.425893510829159501e-03
2.792220300230423627e-03
1.543705041029857280e-03
3.291511060333984339e-03
1.546240493028509344e-04
2.228811517938291461e-03
1.255953236551256638e-03
2.015319034218629457e-04
1.572230007187190928e-03
3.279707353303868561e-03
1.679910100288818002e-03
3.265052462665308684e-04
2.564791645205496853e-04
4.589310891809910732e-03
1.085158012184742846e-04
2.438751809676265774e-04
9.144160996316212393e-04
2.371028631620644353e-02
2.084639618201565136e-03
2.146814895791482151e-03
6.884794943360715569e-03
1.305770120659230892e-02
3.836410375902868895e-03
7.102158958918422006e-04
5.460911063736325179e-04
4.159336848325905422e-04
3.146148587224283175e-03
2.462259640898720441e-03
1.696216646218785904e-03
4.026607909284767028e-03
1.146321000355305904e-03
2.356584288734620957e-03
3.614218592228211988e-03
4.063836363018478700e-04
8.211992210704520878e-04
6.432416026386567672e-04
2.764775393199535997e-03
2.146034830488388785e-03
2.348727243846424929e-03
4.292693470959563868e-04
1.799414744935421773e-03
6.453868528526785246e-04
2.538986569054396941e-03
4.287223824477175496e-03
1.443464592629054759e-03
5.007857834250976567e-03
2.637574737229675479e-03
3.483569270865692451e-03
1.410460196030638002e-03
7.025525546980332034e-03
1.692490044890658301e-03
6.755216175191464285e-03
2.345264407262713253e-03
2.814559346762710891e-03
3.030860904138059364e-03
3.216976785675502602e-04
3.067435710307412147e-03
1.625180233266795143e-02
5.683213758885371537e-03
7.827462220007335575e-03
2.816448951992306209e-03
8.447097439145631083e-04
1.029825224957352280e-03
1.077148864743688456e-02
5.383741858257922244e-03
3.027961963462939658e-03
3.598218223814562185e-03
3.248904443218975134e-04
2.561202580649425513e-03
1.667789426332249485e-03
1.123035020942346994e-02
2.055347983446469996e-03
5.407098388174228810e-03
4.849673221942737500e-05
8.473163150711188023e-04
2.188088525169955625e-03
2.792662082300378869e-04
7.609921039158198995e-04
6.444611804989465540e-04
1.222584971350767699e-03
3.496435014818499642e-06
4.444908247636686349e-03
5.076138632925751744e-03
1.361459422354817199e-02
6.540111840765846195e-03
2.602834929573452985e-03
7.307188624671495571e-04
3.613180355738509521e-03
9.519252705839597456e-03
1.906425663073504093e-03
1.374631801401342279e-03
7.763250911135095508e-03
1.085415502284573300e-02
1.522737834597015782e-01
9.139141770846914703e-02
4.342844160071300530e-02
3.077762069516394583e-02
2.622793905877652751e-02
4.614500154892447331e-02
1.950203571719578283e-02
1.521585995963669821e-02
6.761294469660955250e-03
9.297644237344995094e-03
5.242118132418952144e-03
9.377494309154148786e-04
7.490674757782412457e-03
2.132655072794772174e-03
2.838564698508082990e-03
4.378602285983726385e-04
5.317268325152742182e-04
2.620598755560399427e-03
5.021900372251128508e-03
2.803161289020391581e-03
7.273830392491239388e-03
2.178339833524762723e-03
1.290676848589711182e-04
1.783104354931840953e-04
6.108609381820079981e-03
2.121575072248816848e-03
4.709690108972836280e-04
2.389639068779609438e-03
1.460337572685115179e-03
1.051280033909083363e-04
1.117196461528885930e-02
3.314371755050730256e-02
4.544082679693414034e-03
6.415777495774906266e-04
3.222092002312089507e-03
5.446466049724499325e-03
4.201624184356413105e-03
5.284403614419545207e-04
3.198163920221176238e-04
1.403343052953606382e-03
5.421185647730779843e-04
1.978490808151126408e-05
1.870528869658797549e-04
6.805712090809238387e-04
1.698533303383462784e-03
1.427434015163312224e-03
2.320412018367472035e-03
2.804350243672650901e-04
1.150557072918721811e-03
8.647107131158812124e-04
1.338559057361049737e-03
1.580484100620931998e-03
1.328288888788536643e-03
6.046567404186639540e-04
4.669418676630342734e-03
1.616831351678547912e-02
8.311372823431067286e-03
1.943121211225027126e-04
3.065049033820873865e-03
9.071369766680060284e-05
7.462371924455928318e-06
1.465881948202638193e-03
1.906819749574018442e-03
6.032352303036270062e-04
3.002324467154445127e-03
2.271558493734278632e-03
9.825902886583636874e-04
2.138890452379263452e-03
2.245384650867631934e-04
9.390951118789600148e-04
8.835829699569841685e-05
1.819804882098596810e-03
6.604759009397378469e-04
1.435339081284531292e-04
1.646260362214942803e-03
1.121549292830923902e-03
1.389817371960401504e-03
1.899528078878892938e-03
3.251662854723055135e-03
9.804562625902707006e-04
2.046727957690435123e-03
2.380847504054206965e-03
7.299066364220879906e-04
2.481428966501142506e-03
2.554809771039279605e-05
8.587921566424862405e-04
2.370214235468727677e-03
6.323613279272805574e-05
7.088461824925197489e-04
1.750024700399918165e-03
5.245910427256279731e-04
1.102242281487770615e-03
4.776807637539966993e-04
1.009327583019761776e-03
9.744192977443730979e-05
4.684701157392463094e-03
3.681600454922266024e-04
2.412912564403140239e-03
8.197819960744343092e-04
8.069854951995691483e-04
1.292648015918364474e-03
5.656288160988973222e-04
5.954713099381230500e-05
7.071865371521683956e-04
6.023793464037959476e-03
3.237919654506598785e-03
1.499457881119446549e-03
2.907757365243340960e-04
1.264836135532006927e-03
1.764713727467098498e-03
1.400775363991426997e-03
3.075360153925861279e-03
2.811063592439781191e-03
8.488084814411593409e-05
1.309573919405811757e-03
3.267150295454886600e-04
1.425527673827215597e-03
1.386106793062406774e-03
3.003532407220274158e-03
2.863981037792175783e-04
1.288880442145371157e-03
6.125994828322261533e-04
9.167949658339792727e-04
5.062265468367555497e-03
5.391999041869145488e-04
1.858711113971170045e-04
1.691331286963490858e-03
1.146873405944588784e-03
1.071032838245173768e-03
2.551304434765054585e-03
3.417388720736070154e-03
1.969937230543264330e-03
5.213333177299352616e-04
2.753541451758008581e-03
4.329656930689361710e-04
2.188390911465847802e-03
1.187729050257815052e-03
6.666286516292862195e-03
4.492715950081585877e-03
2.483249453968146801e-03
2.181410987192592549e-02
1.226087592460714699e-02
1.709942503558134139e-02
3.599985847964329994e-02
6.333438552569971292e-02
7.932181903824730984e-02
3.786536307787739808e-02
4.576332979733903350e-02
4.565349425832725822e-02
2.058912215883844030e-02
2.442770258242150591e-02
5.512463571914781590e-02
4.691959057608264400e-03
2.853636701820283419e-03
1.571928120957416606e-03
2.349780150133509455e-03
2.219607062841152164e-03
2.226405729931569058e-03
3.881228071394446366e-03
3.332743110873492886e-04
3.569700412173982748e-03
1.702178171855092703e-04
3.771344102343056164e-03
1.029818979349940390e-03
1.475763226547913186e-03
1.044155903769342086e-03
4.258973610310856639e-03
1.553955818231735498e-03
1.574909409125523378e-04
6.187691374873432581e-05
1.133141522300896813e-03
1.331240913615966328e-03
9.310197110708103583e-05
3.112130709158773649e-03
1.615703123106415541e-04
1.101481462675859939e-03
9.428824178766642911e-04
2.826859327301895364e-03
4.011831430368144324e-04
6.523472660880278665e-04
2.434149097645406986e-03
4.904109075083956226e-04
2.489259756350300059e-04
1.554672350953977900e-03
2.432005805456483949e-04
3.354880355609923207e-03
8.249458519027978677e-04
2.018362923548016599e-04
7.614662883981381924e-04
2.923868868379523277e-03
7.566405932509813730e-04
3.846728193917726274e-03
2.460765061709742959e-04
1.589845183406875945e-03
4.850259962936849609e-04
3.795553690885388083e-03
8.434691971740812186e-04
1.250126391761420021e-03
7.164253926269677480e-04
3.266455262161323822e-04
2.776263146795900582e-04
1.069543590067600957e-03
2.930101194681272465e-03
1.260860717492970947e-04
1.579546571726655145e-04
1.108986829762462445e-04
4.161149728814299113e-04
6.987595852860249094e-04
3.569124726126334641e-04
1.219320070894874906e-03
6.610424319455391554e-04
5.693008510674123050e-04
2.007165287792576653e-03
2.975147959864733304e-03
7.311162701814515096e-04
8.092358874880689287e-05
2.427180794657703112e-04
2.435276574677091611e-03
6.817652438971562442e-04
1.296071168081172501e-04
7.808257555828581817e-04
3.057154324283603303e-03
4.996425970095779616e-04
9.008669062898835844e-04
4.922338077977083239e-05
2.440580640403726929e-03
9.584534434323960066e-04
3.279528589262419329e-04
3.178880500241974393e-03
8.062894458497905361e-04
2.955706198843004347e-03
1.393413578193829216e-04
2.066705953361340671e-03
5.507105204439089342e-04
6.778497071034186860e-04
9.931971124151404810e-04
2.808113130537701844e-03
2.985371961859617247e-03
1.508074475555041183e-03
5.217752622303731096e-03
7.312048447839211490e-04
7.640186451185596896e-04
4.028642808037377490e-05
1.574672576816750448e-03
5.974443848416050376e-03
4.790943541704516511e-04
6.256103881095431696e-04
1.890772623972277909e-03
4.943101529679645723e-03
5.661434776838348334e-04
1.593147153170275561e-03
1.378935474711021547e-03
4.619071318303497584e-04
4.938144585046521859e-04
5.340227070607907883e-03
1.172508524341590603e-03
1.237354117672570010e-03
3.851046359633504730e-03
1.214739052726425926e-03
6.067605883825350800e-03
2.005527104517420764e-03
1.732738402664958882e-04
1.458265083809359448e-03
7.018771538306551932e-04
1.421590501424323640e-03
1.217051262134849227e-03
6.263073863209978401e-03
4.251024977074390095e-03
2.122901645278205390e-03
2.421262080064958983e-03
1.367662712397451751e-03
2.426317556787202707e-04
1.464880715868871561e-03
2.510323606847652492e-03
5.262860965334490359e-04
5.205653083089470390e-03
1.993700274082120224e-04
1.029527708922393144e-03
8.147300814797888563e-03
6.973854518528691589e-04
1.027654981505803262e-02
6.956170478593637612e-04
3.339558967098707389e-03
5.572586391616065997e-03
1.326644639326680659e-03
4.079512036316844913e-03
2.229287293525916182e-03
8.132313468889078995e-03
3.125110096331188206e-03
8.964861280993399956e-04
7.125926068975638877e-03
4.261109767111533921e-03
5.569930655037223094e-03
4.751536849844492302e-03
2.416194611761609667e-03
3.758654319498660329e-04
1.749742135753747964e-03
2.764984500329205645e-04
3.125039660735754438e-06
1.125610015502163334e-03
2.896853774154590708e-03
9.958288481678513084e-04
2.869277989492905086e-03
4.463247849690297336e-03
1.483250076200145345e-03
2.201702503220452113e-03
1.036638361294195051e-02
1.040356728323443532e-03
6.919842587333663092e-04
9.920191373853383659e-04
4.975470308751527883e-03
4.457126111052906944e-03
1.343148265092717047e-03
3.209920718507992474e-03
2.740001881568737870e-03
1.295062802151041807e-03
5.042522139200113912e-03
6.330150245495892595e-04
2.332855426253231061e-03
2.439126908331395571e-03
2.675271571793250668e-03
4.414852132722807822e-04
4.201216024846913394e-03
1.606716027784255152e-03
1.954301692837071870e-04
2.135789770326059801e-03
6.545736986155011733e-03
5.294098819050263279e-04
1.155956895932738022e-03
8.364860730696569878e-04
3.394801919912561299e-03
1.601592051432469818e-03
2.554313297383558213e-03
1.376624393406045274e-03
5.655477416383190197e-04
2.669200653658069773e-04
8.771295049194756258e-04
1.716522172905278693e-03
3.237599883933847309e-04
6.454293366706111926e-04
7.545352570026023307e-04
2.643416002529920712e-03
4.651951837575822590e-03
5.511262681358401186e-04
1.140721216987763834e-03
3.528293172394511047e-04
3.543190555214124123e-04
2.831326914831344905e-04
2.677942330440760688e-03
2.803608743349373343e-03
1.439666205597132237e-03
9.635150925382050921e-05
9.211882838458332074e-04
7.326093362212879583e-04
8.893077575158256625e-04
4.587624108604168409e-03
2.416856939572781336e-03
1.570581811281943898e-03
1.336424173760945855e-03
9.772544399227949615e-05
1.322660905917213666e-03
6.965751296078555397e-04
6.287265977948656298e-03
1.591249394736034750e-04
2.052702177749527769e-03
4.907553472663471993e-03
2.215685440055703906e-03
1.159408750212560053e-03
2.217655784476504823e-03
7.585936688562932087e-03
3.094330300240966808e-03
1.937452484012357852e-03
9.821678575479085961e-05
3.322980396302644031e-03
2.527009514524572020e-03
1.007687583255738361e-03
2.472039123791169683e-03
2.575716341784500471e-03
1.297700903119073605e-03
3.987483159490817254e-03
6.054319987233976273e-04
2.593750831855627485e-03
8.619552905288029379e-03
2.500292389164434606e-04
1.041126313381929422e-03
3.402846115219096586e-03
5.666372821216444488e-04
2.410360196535198986e-03
6.657052859060273112e-04
7.878294975379024605e-04
1.271938991846798667e-04
4.584727309668247997e-04
2.685101167994652545e-03
7.743332153504650954e-04
7.528290417244700144e-04
7.477361570633921269e-03
1.419950923757213961e-04
3.223910987638099745e-03
1.196904695633480443e-03
9.928900752513084016e-03
5.752915321598678182e-03
2.285835866065080713e-03
8.312251027214013696e-03
4.934999754889031302e-03
3.766108508270586425e-03
1.293744682171141074e-03
4.602148736226026673e-03
7.141453599427995819e-03
6.585178130091098175e-03
2.852670842322783864e-03
3.284206885687026341e-03
1.421142041270607830e-03
8.786134339932969925e-03
2.554566952164242285e-03
1.066865052192383402e-02
4.066461154741132615e-03
3.750091671012889451e-03
6.657894617662481196e-03
1.186903162751701442e-03
4.684404802293493444e-03
8.887375279040058947e-04
2.599320729079279604e-03
3.287390361368733581e-05
1.671757238447843779e-03
1.762667589814615214e-03
8.195279048231680127e-04
2.936332816041555341e-03
3.096010884186099505e-04
1.967755808122310674e-03
1.864031770763729685e-03
6.775949801220676038e-04
1.428916319565197131e-03
2.602662222692974682e-03
1.720461767075192596e-03
2.754050864174441282e-03
5.738365662182980803e-03
3.033099339074813404e-03
5.846523671511751974e-04
3.867965095577411121e-03
5.917932919279183797e-05
1.397951059006762075e-03
3.663172118899122448e-03
4.267578116607385051e-04
7.492896448126075935e-04
5.322929100672272717e-04
1.973093901442829218e-03
2.389433767423977933e-03
2.871266168660102300e-03
9.803523629221657168e-04
4.244930355127751048e-03
1.112779111474268556e-02
5.196545608289344573e-03
1.729570043618695397e-03
1.611487988753611744e-03
3.157977252154069072e-03
5.549365959229514075e-03
2.939714035426505435e-04
7.048836333764922656e-05
3.529494854934832337e-03
6.886190073537938258e-03
4.234229223874326140e-03
4.071335704329739208e-03
8.324302316423017999e-04
5.166592523166810454e-03
1.307763310962881641e-02
1.826367217355020882e-03
3.326671360766053111e-04
2.538745142442465179e-03
3.780314225453692938e-03
1.832542402256254286e-03
8.395523568868709955e-04
1.936083697180126465e-03
7.486612516175187790e-03
8.070844102650817295e-03
7.945219069917897753e-03
4.357480842607681058e-03
6.854052058059526172e-03
3.649912002263501487e-02
1.424215717167184522e-02
3.181867549384224947e-02
6.997249674762869021e-02
1.074890138820455698e-01
4.462012115645196120e-02
2.532025551811716013e-02
1.538026484453915675e-02
2.069734468491523857e-02
7.177591813245917662e-02
3.718102967280827870e-02
5.277774208661224417e-03
9.233139176238682085e-04
7.761899046760070697e-03
3.278561488445698099e-03
5.866749156863598812e-04
6.827006495581219771e-04
7.921805226776693423e-04
5.018120630316486551e-03
5.767266271787880374e-05
1.740369818633547092e-03
1.362327812619347879e-03
6.860194735675653223e-03
7.696473330804627731e-04
1.317844353087191953e-03
4.477936923569807615e-04
2.054529888640629649e-03
1.973799311574413878e-03
1.153793955256484337e-03
2.444145937916516586e-03
1.326825226789577741e-05
1.485910655585330822e-03
2.101067993639323030e-05
6.427203090842880566e-04
1.341847104578514213e-03
3.880532541191448765e-03
1.006033991681266329e-03
1.978460535183550716e-03
1.529487952534686925e-03
3.221065589112639049e-04
1.670558674032221035e-03
1.126028983900788372e-03
1.104492935123787753e-03
3.615680963070155764e-03
2.222369997638212478e-05
5.501571652088154980e-04
4.591039481567522722e-03
1.833249462280408301e-03
5.574339003449623603e-03
1.352795305252766592e-03
3.944312061414956619e-03
3.085242231744451512e-03
1.004467163237497945e-03
1.908234423365990024e-03
7.947532607325956009e-04
3.081674649274530366e-03
2.454000859392316009e-03
4.705188440742150147e-03
5.266226273100936550e-04
1.987717173464320121e-03
1.945492318881824646e-03
4.036992497028702581e-03
5.956926797697230727e-03
4.776261554783723480e-04
1.336493655626355302e-03
7.380755708768529239e-03
2.080485952622512964e-03
5.188916268628350481e-03
3.082868841346565227e-03
2.231123989547436834e-03
1.149352894742240554e-03
3.812758362257795668e-03
7.202815657787744411e-04
6.946218955208437618e-04
9.312505925329605258e-04
7.536373253447795810e-04
1.585962740321919008e-03
1.266741002128579045e-03
1.105084228693700536e-02
3.143428220880130353e-03
4.357431901499239993e-03
7.310741660961792183e-03
1.458682037280093500e-03
6.579793490903313238e-03
1.359203072077422823e-03
5.820222711663027015e-03
1.312812652604487384e-03
5.020664606875478025e-03
1.193770512328822138e-04
1.026174727400791433e-03
5.506601141390137302e-03
7.448111595908781836e-03
3.383956515938817741e-03
2.034111818512644287e-03
4.460421850800790067e-03
3.734643407957907637e-03
6.970018256782522896e-03
4.693472482037686425e-03
1.026095783402152916e-03
5.195991048660857092e-03
3.615481555930266482e-03
1.045841664873136193e-03
2.924921358466038134e-03
3.135754484997078234e-03
7.164284439337587074e-03
8.487998616855743639e-04
4.592073855310150297e-03
1.683830352884539173e-03
1.217661034638423513e-03
2.820255749913677841e-03
7.097009482294205050e-04
3.403355649559342347e-03
3.202931245781706626e-03
3.551638444978298323e-03
9.974462010452539353e-04
5.731037045471006758e-03
5.796411149376110017e-03
2.677368958434291849e-03
2.063882782200828804e-03
1.704692091709995774e-03
2.494662507636228547e-03
4.220733398363543491e-03
6.186807513267780605e-03
4.072661732525672054e-03
8.361141985316114175e-03
9.766479244074544215e-04
2.616316152348896126e-03
3.255829140341382193e-03
2.951216102606466288e-03
3.771866128297156340e-03
1.751645450676291450e-03
4.671156364706817031e-04
1.256813068491769835e-03
1.217332754099566868e-03
7.011705571841985027e-04
6.291454823546545339e-03
4.069888532858604267e-03
8.124009028185392349e-04
8.008359269650176804e-03
2.664133340778380293e-03
9.041763908318690632e-03
6.908206540087464403e-03
3.492779934331988190e-03
1.628837740436719483e-03
2.746424384837778745e-03
3.819222292868760214e-03
1.440921098086102563e-03
4.232697680365162321e-03
8.536525666035247456e-03
9.134368849529630151e-04
1.142576215499710056e-03
7.236093287559122213e-03
7.766364801271821890e-03
1.365741724376885041e-03
1.148846703994729941e-03
2.733295260240160320e-03
2.607403359881329923e-03
9.347651128862616982e-04
4.382466121132274142e-03
1.781452452241985389e-03
3.270496389765988922e-04
4.875821293232236904e-03
4.705517369640271181e-04
1.053563052328230706e-03
2.830354989424788397e-03
4.441447213719426981e-03
5.333435786566686002e-03
7.762258075124902137e-04
2.047249775321125127e-03
1.691375308399102812e-04
6.453605754583053439e-03
1.341942253848714059e-02
9.771000537844831343e-03
4.505168206658571699e-03
1.647428376036911939e-03
1.142457322746602598e-03
3.033428344742325738e-03
1.177085069104985863e-03
5.515298723186899330e-03
3.897387828619326353e-03
4.976632437440090158e-03
3.848078409547812766e-03
4.986369715905521541e-04
3.939083986502083488e-03
4.349822263807590940e-03
4.006930302571877836e-03
7.958522798777302107e-03
9.467763203947351328e-04
3.807761468984896275e-03
1.123165925690344091e-04
2.368126148166660710e-03
9.497272281769595682e-04
5.199890855732281457e-03
8.058926963873390067e-03
1.689236504434274422e-02
3.476269742939985287e-04
3.569933883238222104e-03
1.673007698249881145e-02
3.897452489902670549e-03
1.040255859008006566e-03
2.255382543752522829e-03
2.719873784315780113e-03
4.005781155055038179e-03
3.911827204681774667e-03
2.889311654898896707e-03
7.063403783876257740e-04
3.598527247232716220e-02
3.428619648719330362e-03
1.155482803854222459e-02
5.526531573421521529e-03
3.849633460372233916e-04
4.584645499889857846e-04
1.306406671396057864e-03
1.550075452855432341e-03
1.146926685621704224e-02
3.255279640439233575e-03
2.041175313318187366e-04
1.073208552625569759e-02
4.173142184229625823e-03
6.885324960298237155e-04
1.634567555490500567e-03
4.367143052246171345e-03
6.447731752939867521e-03
1.012359446536044427e-02
3.203201271169562204e-03
9.923307143254078060e-05
3.502859484437234605e-02
4.560898142793837901e-02
4.042623120628790340e-02
3.496287606148553578e-02
2.021163068186812226e-02
5.166403149358070324e-02
2.208968054989174021e-02
2.889662628681413312e-02
1.941323328462744163e-02
8.156413834007069513e-03
1.773833279075500910e-02
1.961083966481259248e-04
2.966341867775966912e-03
1.158557093023818846e-03
7.158827140703856971e-03
4.800666284930206473e-03
4.595335852318738895e-03
5.113736833288953267e-03
3.488296857059156389e-03
1.977010884127218017e-03
8.383092458725579631e-04
1.195536052811910525e-04
1.358363538398335265e-03
2.126535535034960490e-03
6.095947797862236346e-04
3.569813955585175898e-03
1.771476713732946353e-04
5.182845227956840630e-04
3.687273222364510078e-03
2.473378990649552876e-03
7.921300854282154391e-04
6.655656189419904487e-03
3.045201821887298654e-03
1.425198347675077880e-03
9.820118427982337905e-05
1.631583898245121331e-03
1.771338658994197224e-03
6.544231825380592178e-04
1.000992582712913973e-03
3.835581644136876016e-03
8.911773721831971803e-04
2.084611333234114017e-03
5.411336042886804448e-03
1.715685924153647268e-03
3.113763957560019419e-03
2.017857364342047488e-03
2.040126268624241519e-03
6.107594031080880968e-03
6.826788787796707076e-04
2.494982952230380240e-03
6.974358130132250408e-04
3.775171094702644073e-04
7.437653024606944753e-04
4.800723044459223642e-04
1.635709188649723991e-04
2.893494424806307246e-03
3.690913255989001357e-03
4.570720891942347793e-04
2.894860745715652824e-03
1.260741700621493665e-03
3.467391940312779253e-03
1.002807606452415937e-03
3.233080652539369808e-04
3.111372553749614141e-03
1.208895778492317464e-03
3.820890065745793213e-04
1.237484648262300244e-03
7.732861154644735764e-04
2.909183825343042689e-03
5.335601325608285055e-04
6.121356678188469465e-03
1.467146050406426547e-03
6.138306970851164709e-03
1.936747660517938686e-03
7.054377561771616768e-03
3.960840037325045158e-03
4.261975909349089396e-03
7.329149978247554223e-03
8.999936270069170199e-03
8.780855490389699938e-03
1.114664913772858354e-02
2.910794595836438750e-02
3.742028607189534783e-02
5.804216757806382465e-02
5.523591961144698470e-02
4.729935711479489602e-02
4.805435620749001768e-02
5.618796905638402672e-02
4.252647641402877883e-04
1.164546777662817578e-04
2.342745070575974128e-03
8.655950929295925730e-03
4.370234130624675107e-04
5.123342964899490516e-04
2.309459694226382795e-03
2.051660167290699811e-03
3.096080207673791978e-03
3.228070919411558156e-03
1.415982255191585186e-04
4.566637535831494970e-04
3.940855347017759307e-05
5.737318481583631412e-03
6.630659312012662787e-04
1.872410480507933489e-03
3.968924128745822573e-03
6.075041680361022069e-04
3.063095422860286337e-03
9.316402008090959863e-04
1.053349342504807801e-03
3.345618129309113728e-04
7.491414954156686012e-03
3.963379578916570770e-04
2.780127410757113836e-04
1.247031225917521677e-04
1.746804433762970876e-03
2.768214751553551775e-03
2.641243406174281438e-05
2.580062515649348678e-04
2.868287704574704750e-03
1.699971400425047928e-03
1.491195418691369399e-03
5.804241447558267488e-04
5.171693417951115767e-04
3.038417144900689391e-03
1.875054774807390686e-03
1.626083530464551147e-03
2.320405119650664153e-03
2.488206960939056377e-03
1.875181231777550781e-03
1.400477671272000891e-03
6.286909215451693192e-03
8.304169076041144218e-04
5.546595114315433723e-04
2.366577094384479912e-04
4.690195289667406248e-04
3.528222090844462724e-03
2.999454147775018273e-03
2.072515021231424205e-03
5.398001929859256795e-03
1.791074161260348963e-03
6.683785371497916227e-04
4.704261181949378578e-04
1.071226010903391463e-03
1.528252527885784907e-03
5.775322137564568295e-04
7.421128231113460760e-04
6.037522822352107445e-03
1.605369551636168972e-04
2.404223122801955274e-03
1.315314590843887641e-03
1.254824709623876457e-03
1.632107061576961457e-03
1.903328558074373201e-04
1.637864792851389736e-03
1.198460471974973116e-04
1.426891486066995691e-03
1.669470895876644075e-03
2.990428402645961548e-03
2.795994910089439570e-04
4.206023352771382558e-04
3.075071652681687310e-03
3.368728418435970422e-03
7.070436460096362306e-03
1.928557489015997849e-03
7.048621017837981883e-04
2.035015256332575707e-04
2.037503562117089391e-03
2.398450159801204708e-03
6.169877636819962909e-03
2.899980539362198052e-03
7.656778289093959643e-04
6.371453968284591842e-05
2.650941427174754311e-03
4.627452890919386223e-04
1.768779480870316494e-03
4.159879506699260682e-03
5.378257840822938188e-03
1.804145143984948151e-03
1.398183490453530544e-03
3.593683084742396554e-03
3.715384316545711696e-04
2.643801651826995468e-03
2.176513539111239303e-03
7.796497019297008758e-04
2.853084814601526947e-03
3.964895647515513828e-04
2.087202534146740535e-03
4.073958859154112465e-04
2.703454906161336171e-04
1.249714068031291397e-03
5.131000152869143703e-04
6.661202661878140585e-04
1.685106528184618022e-03
3.179659078056340082e-03
3.239867833687636728e-03
1.769410683934230510e-02
4.001056857030372248e-03
2.280165084440916382e-02
1.039980756098947759e-02
3.571568939254481795e-02
3.480980283134149644e-02
4.967139600016197420e-02
5.355142602217601022e-02
4.601145509080246943e-02
7.856388493357867320e-02
3.075384121694750908e-02
3.806673331731533216e-02
1.500983861040066335e-02
1.247035607811626187e-02
3.389874604482416131e-03
1.721231658196967565e-03
3.752603466316788540e-04
1.421519484310220178e-03
6.127657213001229614e-04
1.066620043683574312e-04
5.367314651203867939e-05
1.895629109422183357e-03
1.413745064863082893e-03
5.355881725839419655e-04
7.669835762979326050e-04
7.609101098683553304e-05
6.240785588324815076e-04
3.717367403161157087e-04
1.824109947038144060e-03
1.111767452428927272e-03
1.178936240828608144e-03
2.406119920788793269e-03
2.083413542199913815e-04
8.280783470733623416e-04
1.884737141915459029e-03
1.433864550246712885e-05
1.532773299343602284e-03
8.595442742981948981e-04
8.220305762119949631e-04
9.208473594931121733e-04
1.653980380460777239e-03
2.210946997533353754e-03
4.397845896305473796e-04
3.991441291752316945e-04
1.834512675054951773e-03
5.214724623718810549e-04
2.689391943188102884e-03
5.319868519804154964e-04
1.043490359205563947e-03
3.280186262880257532e-03
6.946297572204317497e-04
1.704726543904299361e-03
1.751412332839733573e-03
9.768356268781900990e-04
3.142454693231554771e-04
2.025505448675465252e-04
5.856760027461963176e-03
1.595616240412550116e-03
2.974188695224599249e-03
1.436022644916867428e-04
1.512505718062779952e-03
4.001767001764319417e-03
2.565708404903561078e-03
6.862336827992462050e-03
3.261058725276296325e-03
4.056952464076567060e-03
1.441983959983531992e-04
4.826543967654407970e-03
4.419487118534884320e-04
1.035850445152352532e-03
3.837671430664632718e-04
6.948363821603223758e-03
1.081767767759673734e-03
4.041213412637582186e-03
3.388785384840571797e-04
5.825450505785883908e-03
8.762246522063961950e-04
2.741071494619002095e-04
1.147911041883479264e-03
2.652581733971201734e-03
1.371274227962040971e-03
1.588643383879424168e-03
3.521797776261162676e-04
2.496773989555818238e-03
3.554544530927677341e-04
7.901919385295903993e-04
4.291415060879237011e-04
1.451966144698946682e-03
2.918526070723163283e-03
1.772966570236916015e-03
5.299819681007545379e-03
3.170781073622956810e-03
2.168263549369236869e-03
1.671614710202789134e-04
6.838200379193273143e-04
4.618511325213007189e-03
2.771022790358528454e-04
7.203471307004503336e-04
1.749840566603749498e-04
1.408268101547884964e-03
5.319504731433576973e-03
1.964969621879549162e-03
1.787253581761042483e-03
9.292110243650694365e-03
2.316772037614414550e-03
3.094099101055638578e-03
1.188807943346026569e-03
4.353179752957971570e-03
9.321180149516637226e-04
3.078013907059270245e-03
1.011112010931175705e-02
2.446141344964886284e-03
7.048895703641693856e-03
1.328402177015290675e-03
3.868468024123437529e-04
1.546253336145785202e-02
1.421199865036595683e-03
2.286580862194024372e-03
9.851626451898565923e-03
1.454784418771337521e-04
5.920689817391097329e-03
4.620986337857807373e-03
5.348853451278532539e-03
2.362378156699757980e-04
3.820270899103079057e-03
3.842156810808047222e-03
1.399669262915237845e-03
2.144319753513350066e-02
4.110249457663073952e-03
1.576062854666516327e-02
1.044023857437571291e-02
8.404543492061699759e-04
4.133447579301197453e-03
4.361854120729904451e-03
1.317197039615717593e-03
1.336528536220894911e-04
4.835090537368988937e-03
3.687967325330353263e-04
6.466846904915801632e-04
2.761775868799368119e-03
1.374070653496236531e-03
3.502350190800587997e-03
2.771998755224392916e-03
1.841512434011260697e-05
7.484681245483192124e-04
3.303169014487099264e-02
3.275422634391231009e-03
1.342135009230097445e-02
9.372575678097022286e-03
5.469907110136834616e-02
3.018586278659554645e-02
2.237666379518385429e-02
2.133113102500274263e-02
4.741097258306882500e-02
1.322599188715799061e-02
4.619954838563492677e-02
1.641292244584436136e-02
1.065294445612306740e-02
5.538398947662568142e-03
1.022078089341206010e-02
2.714730911735465605e-03
2.606766909236775658e-03
1.761866569602242930e-03
1.821731083297342593e-03
1.071238508299094620e-03
6.432811084758390929e-04
1.909033411117660398e-03
8.844325555807359225e-04
3.620741050576079152e-03
9.727675268620505477e-04
6.667356486157964676e-05
3.643284954150315287e-03
3.142702107224667769e-03
1.614925867354060230e-03
2.421482677333845236e-03
1.107759720240798686e-03
2.373361451119256418e-04
1.917831215291583655e-03
1.332262341823669052e-03
5.860954445404041591e-03
7.773991444967190759e-04
1.812921246747316046e-03
1.768422876120363720e-03
1.010184549618160354e-03
1.262440192735048714e-03
1.772131025150507685e-03
2.522527364007721203e-03
2.577609540811545740e-04
5.284143050128515748e-03
8.550460797287118449e-04
1.782696837250183743e-03
2.401882493079386064e-03
2.590619128831604841e-03
5.581192569469494574e-03
3.876557044057781821e-03
2.926967935652155951e-03
1.862057341939515626e-03
1.361079002250554408e-03
2.541190084650057912e-02
5.598078500356320000e-03
1.107432121076624141e-04
8.942642830152511615e-03
1.260543632516065299e-02
1.538776433612001719e-02
7.153131408425079420e-03
1.497059106259715673e-02
1.335018783273255426e-02
4.028876302947564307e-04
6.867625577561438377e-03
2.650423180343038521e-03
6.591458003015622166e-03
1.914890112815507408e-03
5.012332307849556162e-03
3.623445973762847144e-03
4.626725427578151639e-03
2.977499770962620338e-03
8.355744337437725350e-03
1.775905839726196929e-03
1.122773583407309095e-02
5.796393957893990418e-04
4.950757533740123353e-03
1.538043594154813679e-03
2.747022937023773249e-03
1.220857368980655076e-02
4.182033207701735950e-03
1.081447255950300154e-03
8.954137749579003935e-03
9.090731985275173847e-04
1.080266713802629499e-03
5.236823245045400463e-03
8.564678238318157791e-03
5.597990259002859695e-03
4.823209884136573158e-03
7.742180904821084793e-03
2.365100307325149892e-03
2.352678637729544928e-03
4.298409257307738915e-03
2.682219377645240176e-03
2.017597688271528193e-03
7.431600774770906297e-03
5.516261543327340318e-04
1.663248813399712672e-02
1.496455957661677440e-03
9.793734247935507314e-03
5.540751198493433505e-03
2.346687453306729471e-03
1.937310382847081194e-02
1.165590172262320756e-02
3.232710206861966976e-03
7.363829441288376187e-03
5.818643882696405848e-04
6.534825416056396115e-04
4.025267813722028035e-03
3.058078233805261708e-03
1.575592116587087865e-03
1.536664510674203531e-03
2.069813144441444257e-03
6.118977410981476552e-03
5.075642107075156902e-03
1.510248523879179896e-03
3.199715047908793797e-03
2.025590825397745667e-03
1.320883455232370850e-02
1.625353115003059980e-03
4.039057045494379508e-03
2.275273303502937591e-02
1.915318164844589856e-03
1.971726568261047974e-02
3.310794189160457673e-02
1.056420446574789784e-01
6.592522994845240181e-02
8.835137301573681157e-02
3.483058681046446049e-03
8.431868071351582283e-02
5.174813464497286450e-03
7.962799926875343409e-03
3.647233950106707617e-02
2.808633486631626278e-02
1.085531354637893631e-01
5.422451264054842235e-02
2.006296504005190134e-02
9.235419264912933524e-03
6.889803079741529685e-04
9.346054214564593864e-04
2.863127281673989721e-03
3.145880016301896940e-05
2.011351396434573301e-03
1.869819823995936365e-03
3.741685203523806768e-04
9.346876346955599072e-04
1.915436743109624361e-03
1.365137589805588475e-04
7.968533820828865247e-04
1.885388835876563272e-03
1.974377525446512831e-04
2.204443038371630900e-04
3.269695382205095352e-04
8.171191979824698332e-03
3.269962964017924037e-03
4.195683741492229127e-03
6.466171967164346924e-05
4.266323624039002147e-04
6.332579130665735466e-04
4.171237986932887901e-04
1.214843060589669305e-03
2.068334747395442642e-03
3.194289487570423601e-03
7.751325107125788807e-05
2.864253753442034547e-04
5.734044299402508635e-03
7.243210376725284574e-03
3.940062919059504100e-03
3.435664019084604722e-03
7.218749410266124891e-03
2.625705797629146530e-04
4.160061570769600474e-03
3.885270040940614635e-04
6.106513755194622160e-03
1.210033081704332651e-02
2.006631718716651337e-03
3.279866620685346207e-03
1.319750378851494406e-03
6.890557728321335812e-03
5.875956912524619991e-03
4.990057864848912347e-05
6.472405203450230272e-04
1.389454906624450464e-03
6.737269529511824085e-04
1.367943989607182378e-03
8.410174044691830827e-04
1.819326367814727043e-03
8.558528122885387772e-04
6.133251797157849650e-04
2.923395358486807153e-03
2.436681245624235364e-03
2.767986264744257824e-03
1.866587063980972494e-03
2.387855419656431926e-03
1.158988203535042780e-04
9.049121611366079212e-05
1.068949570977908861e-03
2.642039158073072967e-03
1.347551471922542494e-03
2.409578953458405763e-04
5.085763555811204442e-03
4.192692492620419967e-04
1.357536408124440826e-03
9.543711260549028394e-03
1.342573464858551856e-02
2.175347838721009962e-03
1.077086996850029621e-02
1.698029831837883155e-02
3.220683526566658211e-02
7.337043547362230578e-02
3.279856525535636974e-02
4.515424196609276603e-02
3.859657960850555736e-02
4.678591220532409695e-02
4.249485991140290742e-02
4.516674010401505734e-02
3.109636007379693382e-02
1.599465188106298508e-02
2.235700491429549672e-02
6.345751539245867963e-04
3.660977006268066516e-03
9.799598417054278775e-04
3.460027466770573649e-03
3.521760036900365223e-03
5.237226681328520069e-04
6.512954699317051802e-04
6.211993678777969234e-04
1.663137995882338262e-03
6.056464069088975761e-05
1.795854603907272220e-03
6.874797850877758859e-04
3.280151534220883706e-04
2.442957958342822683e-04
6.258159545984931862e-04
6.908461189368594445e-04
1.327822235551938618e-03
1.564553982930895308e-03
1.946417147230126076e-04
1.147446071886813876e-03
1.077391541904398550e-03
1.503384184342430180e-03
3.961163312719580450e-03
1.297990724277904529e-03
5.013139190604998805e-04
1.774931495257834734e-03
6.115939142119806516e-04
2.506640474395156921e-04
4.541420146586605706e-03
3.434571577223856365e-03
1.724920010309362426e-04
2.359850958299696249e-03
6.088580639172825763e-05
6.101228481867883259e-04
1.335230042053537052e-03
1.177051390229271344e-03
1.832948586331991248e-03
7.114131356613202176e-04
2.158097084748194453e-03
1.509188422650925608e-03
1.099677248416389749e-03
5.115278685339884682e-03
2.089932452005995262e-04
2.999152810128801871e-03
6.328793072190736120e-03
1.273386735475534472e-06
2.342393852737169845e-03
2.906989542849835274e-05
3.182677572799614239e-03
4.024661756421304840e-04
1.733354778122670403e-04
1.861778494580007288e-03
4.187416541815505017e-03
9.978476364777464323e-04
8.485234030748518234e-04
2.626277233922868592e-04
1.108542106126407002e-02
1.611934723466858449e-03
8.159176591855522680e-04
1.157066704662787753e-03
7.170977865776753711e-05
1.674209129463247268e-03
8.434615889894392024e-03
1.066180185322188490e-03
7.748904928588475679e-04
4.161342759078709777e-03
4.726553439394850890e-03
1.928302220713195431e-02
2.263433195588190200e-03
3.426216995091035120e-04
2.649430500872516567e-03
7.930838323837285930e-03
1.538252661338924271e-02
9.627008653275779659e-04
4.868539776342861838e-05
1.344222000172881452e-02
1.681770238506280013e-03
2.160592066790953218e-03
2.049856479998935638e-03
6.571447503325458794e-03
8.375639842461127162e-04
1.608057936299250998e-03
2.577471251694040408e-04
3.383697626414088749e-03
1.326348357294138266e-03
8.115662050953365708e-03
1.607403602730745392e-03
5.297173084909588547e-03
7.139588691684096598e-04
1.128339283517251735e-04
6.749121568902602831e-04
1.192126766636097263e-02
5.699035109586894979e-04
7.025936462935632523e-03
1.947864910873795333e-03
1.181220552030658785e-03
5.385006831002033803e-04
2.648651824209063543e-03
4.012770240796623665e-03
3.359533615687149751e-03
2.169464662328002627e-03
7.427431189423935702e-03
7.973981870005536574e-04
9.141822933730055917e-03
8.715234925955901019e-03
2.972865382366016163e-02
5.909843953061282712e-02
8.110768555922986955e-02
6.231191930376215465e-02
5.220901612471547104e-02
6.618823971269027773e-02
7.481107219904913064e-02
1.998179666744877726e-03
5.974609105780654718e-03
1.476267788245013389e-02
5.103066639521681991e-03
1.381520888067945367e-03
5.877711804089069507e-03
2.839980843019371520e-03
2.862448362603099098e-03
3.651395703005046525e-03
8.662302440965966195e-04
2.162263192260610849e-03
1.072537662873491050e-03
5.795487511039667172e-04
1.932572138370721641e-04
2.460107470882530022e-03
9.955676140753801084e-04
5.711733974917925340e-04
3.069614464451415718e-03
1.915497447466546401e-03
7.991923742935738923e-04
1.746623141377794119e-03
1.634355929467093882e-03
1.074471737671068197e-05
2.702077730832667599e-03
6.991891717042905869e-05
1.971510707579753573e-03
8.081016060146501578e-06
3.311202443860802348e-03
8.417978180157877880e-05
3.003038947575175852e-03
1.556370913371491350e-03
8.878719878313500141e-05
5.177258629469524151e-04
7.582780232458527590e-04
1.909961283216105466e-03
1.454793015699087878e-03
3.438793505449337434e-04
6.860427814370354026e-04
9.763019317323412940e-04
5.051627566405699410e-04
1.238232082625137769e-03
2.525962925489409587e-03
1.214086465451231882e-03
1.059522981683352688e-03
4.448906234381658914e-03
4.770604348409901636e-04
3.963010886106121088e-03
5.994396754782278271e-04
1.019097842592741080e-03
2.534379452064721826e-03
2.626566728823607794e-04
2.006472104031910720e-03
2.263589581062556890e-03
1.584086219802821518e-03
2.247119251236588938e-03
2.098667694113562007e-03
2.801584818888402158e-03
2.763454141320392061e-04
1.046321675035889222e-02
5.302076907624859135e-03
3.294226880604555346e-03
3.885152921276320212e-03
8.516384649370661083e-04
2.249609525178445073e-03
9.213875086470509415e-03
8.340040582205137569e-04
5.615906861884165102e-03
8.663604711632700781e-03
1.263751294321380659e-03
1.343800221758700408e-03
1.483003703769395290e-03
8.699684520155314934e-04
8.211311199598099117e-03
2.383636868914504325e-03
4.490141957183847385e-03
6.180790818632749505e-04
6.921057694060863026e-04
1.041365409691344043e-03
7.349244162795535518e-04
1.642889342912980913e-04
4.579434892860719886e-04
9.922108464483370832e-06
1.504092348999878405e-02
4.725106483268485744e-03
8.323497394378943579e-03
2.315647538045769241e-02
3.421375253240518249e-02
1.963145975451482603e-02
9.648355335247353268e-03
3.288204756750250091e-02
1.958117153691176643e-02
2.099014260053958664e-02
1.537166197896601763e-02
2.725756932529944943e-02
1.244129995565268487e-02
1.825921337954129753e-02
1.495106629325473543e-02
1.052741878097949307e-02
1.876059983267917841e-02
2.563923162740355984e-03
1.578911773048909464e-02
5.205357509853222875e-03
4.839682420585281544e-03
1.033521071683058366e-02
1.477205492168372778e-03
3.534461434748014524e-03
2.114753098611000907e-03
4.144647214413302002e-04
3.859748980038116718e-03
4.310219185516217522e-03
2.560465466022276374e-03
2.033919199677403870e-03
5.409548262306568744e-04
7.266720303061090062e-04
1.063631875114547662e-03
8.388559602267706052e-04
1.535293562507604860e-04
2.381521892835850550e-03
1.119479391728102477e-03
6.901724333597432912e-05
8.853029495073335732e-04
2.716090645361519430e-03
5.717502089173764467e-04
4.241864057536421729e-04
1.032630836685284083e-03
1.843769275463779593e-04
1.809681556960561271e-03
7.480456279606592998e-04
1.519289034944376659e-03
1.242142210821129550e-03
1.768379200651562792e-04
2.287342149551351272e-03
2.296427559225203228e-03
9.453157726777888965e-04
5.900385729144445954e-04
3.386341752721856811e-03
3.026491574309963378e-03
4.360075601695354713e-03
2.267465397439195895e-03
5.381610986489525697e-03
5.560282454612718722e-03
5.428680670882481477e-03
1.239659924282277177e-03
1.906602829641360032e-03
1.862085490722633404e-03
8.553723097714442496e-05
2.491102516128372059e-04
2.940944338622593530e-03
6.437490464646413715e-04
1.495393461609326961e-03
2.754433029587412089e-03
2.545372859298853179e-05
1.258493159537428312e-04
1.601386790834754886e-03
1.362505388430141587e-04
3.463709003215314445e-04
9.871729931405621127e-04
3.103902136611247234e-04
3.385717997906375915e-03
2.404500509925518430e-03
1.019308747090196801e-03
1.742751609894569809e-03
1.334597280321936320e-03
7.212043499742594108e-03
2.058656111839573481e-03
9.791698898382796695e-05
2.124401273310672859e-04
3.204406830516727360e-03
6.735019962721315936e-04
1.408267357297300789e-04
2.837077764704426432e-03
7.183702260723911354e-03
1.217099519255670928e-03
5.655392264911521076e-04
2.861527672044860728e-03
4.445236171102812778e-04
3.786897009429608142e-03
1.626974289682196415e-03
2.637793328657258782e-04
2.067296964927348244e-03
2.560986701240647485e-03
1.462147675015761615e-03
4.378917994065841326e-03
6.396064773232972359e-03
1.927389571451293675e-03
1.375639905990917169e-03
5.263220432517943213e-03
1.342828324947794108e-04
5.303886589584903312e-03
2.987235046306733598e-03
2.943829408573924930e-03
7.971277586640975951e-03
2.520775013387337518e-03
1.075340184683470273e-03
4.677055987043803736e-03
2.876624297414082446e-03
4.614738962564634076e-03
8.479036297058292586e-04
1.196768427962513481e-03
1.090878604830454804e-03
3.337586139696840926e-04
9.970799480419146113e-03
7.675141098127802666e-03
1.490388066804874435e-02
1.873683157758827822e-02
1.810803963785274917e-02
9.334407940112371058e-03
1.987183410339382617e-02
1.839346917517305918e-02
1.771757859362018891e-02
3.747681752287836121e-02
4.820560682953270448e-02
3.233210677415937484e-02
6.107670334129283729e-02
5.563381152931017037e-02
3.410919720293474622e-02
4.541883854986553809e-02
1.150363842044233031e-02
4.092667149969609242e-04
4.851072412908275823e-03
1.264692589426277304e-03
5.695143505038553463e-04
1.053343329322791681e-03
2.847505125814091959e-03
3.312707598431093763e-04
9.538361082557550886e-05
3.959924201777604257e-03
2.472138012361204534e-04
5.598572222562279380e-04
1.659612913393640650e-03
3.413753913230736965e-03
9.468628473416566133e-04
1.340132127905946423e-03
1.397294597941525166e-03
3.135476740062394501e-04
1.526170007013842502e-03
7.028807432084068375e-04
1.075097682774486590e-03
7.398096619603432202e-04
3.317474044014396238e-03
5.782346899346276890e-06
8.339030975753663946e-04
2.286397350480685181e-03
1.294201402388998239e-03
2.066449135139005605e-03
2.593653196576952867e-04
4.606882150645081990e-03
1.577955518473746167e-03
5.470780430308109198e-03
1.680113205488272237e-03
3.841889455536531047e-04
1.853179073230194198e-03
9.376536646273850176e-04
1.795763195661205253e-03
1.837337382783902750e-03
2.712737554943002363e-03
5.528195985245523691e-04
2.656107495091123913e-03
1.617467892644823763e-03
9.711272071345593022e-04
4.553480127994149616e-04
2.683295738144996553e-03
6.875790858138925050e-03
3.173899686585408310e-03
6.227293133157340253e-03
1.538320998838044315e-03
1.154080916642408498e-03
1.207399105926098030e-03
5.025252697274081373e-03
3.237865897526318384e-03
2.285089722183707660e-04
1.286041044015929363e-02
2.787709923404361849e-03
3.457976672396918718e-03
4.881629322789180110e-03
4.570606442850318109e-04
1.577154003216372363e-03
1.724580206467599824e-02
1.085434983579279793e-03
6.179970359190040466e-03
6.484778199458697892e-03
1.900165930588417840e-03
5.653081395497584240e-03
2.554341971135876046e-03
3.814945983696793434e-03
2.643141155213528121e-03
1.306368164180731622e-02
1.601115996900719443e-02
4.528277687810643160e-02
8.456548003223370719e-03
3.111253542313243553e-02
3.245599037186928937e-02
1.761618266270953762e-02
1.063687930407263005e-02
1.053338982948391102e-02
4.198875696194674309e-03
1.788894264639701720e-02
2.026028852534984912e-03
2.219500135155513202e-03
2.506197724632080841e-03
2.586013603854917745e-03
2.678083583987871455e-03
1.143840239555139965e-03
5.204797938520531195e-04
4.180678763160138554e-03
8.535112177434989525e-04
1.813198507536046850e-03
2.770760260983367446e-03
2.084449491011042526e-03
4.213432138495034479e-03
1.767659460360883133e-04
2.163451132752207060e-03
1.376287974594022690e-04
1.217704973459447391e-03
3.696428245927503055e-03
9.399348991124982294e-04
1.758930467745102762e-03
2.606543863204968670e-03
4.293672983189116173e-03
3.638044832329799050e-04
5.258655935811861262e-03
4.973631580455918633e-03
1.562976496700009131e-04
1.962980355059555128e-03
3.562241453351927024e-03
2.476664086343232860e-03
1.797942302772965843e-03
5.683326775295324297e-04
4.354995113213579205e-05
1.241326825135801110e-03
7.266845466231175487e-04
1.478477300450863584e-03
6.388104375188606229e-03
5.933064479201555219e-03
3.268495184186938005e-03
1.527921299015692208e-03
1.149086843876917247e-03
2.647122478767687838e-03
3.685518168229071773e-03
1.400380152339366496e-03
6.532977373830710019e-04
5.768204871167647435e-03
4.267024625440951104e-03
2.194060480301524962e-03
2.816090627591430039e-03
2.712901857657819965e-03
3.401774089257289697e-03
3.701726249935559029e-03
2.703365472209948986e-04
2.776014059903522723e-05
5.676445578712466635e-04
2.611157269900069976e-03
7.167692389908576159e-04
1.285060813584831645e-03
2.998160197526578575e-03
1.632795905707415881e-05
6.314598574715288640e-03
1.484604434849477435e-03
2.468247724475221370e-03
3.239165677752751504e-03
1.106087618720251421e-03
5.507102769424993167e-03
1.081773836708023635e-02
6.599583214754928262e-03
2.232558347915331465e-03
4.256326619300537448e-03
2.429164600362662078e-03
7.444549835073285544e-05
7.299883717517471069e-04
2.511050623226198427e-03
2.301377281604575012e-03
1.209223862982941556e-03
1.604576302755053368e-03
4.744681669723003342e-03
7.251906546713416529e-03
3.444732231921143143e-03
5.306086144340253731e-04
1.259523421490337143e-02
1.246966689821770954e-04
4.255267385861405405e-03
1.043941709702091852e-03
6.708694109520265542e-03
3.398506320622615728e-04
1.029414519751707582e-03
3.462049908859422213e-03
3.164618395382290611e-04
6.571562020701969195e-03
1.429678128522068512e-04
1.146016404385500481e-03
3.294043016299024709e-04
5.847096219343931450e-03
2.419145756500276634e-03
1.340143493013145086e-03
3.311617006897207404e-03
1.412288264530481329e-03
1.423722111538317740e-03
1.324801775180071192e-03
8.684069419400257134e-04
2.026056895310713354e-04
8.057920599511863430e-03
4.841350530876697977e-04
1.045927650040438892e-03
8.030215339750962009e-03
7.702626663183223142e-05
2.255110899805701577e-03
2.329449095815083227e-03
1.673357242234989762e-03
4.747593797899824809e-03
4.653322478847822172e-03
7.041799868358167118e-04
1.732614633827033249e-02
1.354674539319636415e-03
9.775156881463092310e-04
8.983888133089222572e-03
6.834087594536745330e-03
6.506901250782163855e-05
6.724460645603865970e-04
4.938707324963457698e-03
2.078238379069057874e-03
7.153363684307002378e-04
1.137098481758119957e-02
6.210045632114294042e-03
8.519784032146194425e-04
1.659711719519957850e-03
2.489514869257900866e-03
1.297683637362588268e-03
1.268162786298256519e-03
4.503530021779765871e-03
3.881105450354709833e-03
7.940550345997516657e-04
9.204015173559773610e-03
1.553120849819627277e-03
3.012035468469339856e-03
7.971531659200703154e-03
2.708446207861149937e-03
4.449819664711441962e-03
2.101419451830737091e-03
1.105444935202402716e-02
6.198462176849412787e-03
3.350721504220884311e-03
1.471560759490400053e-03
1.347628960602702958e-02
2.046813767066360708e-03
9.997087173578582051e-04
2.294077821964016911e-02
1.148671327272334473e-02
5.884643051499729126e-03
1.562625736450922050e-04
4.310470629612793599e-03
5.919114441919936034e-03
4.415717700963643459e-03
1.168697252044152484e-03
3.340599975527318733e-03
4.695918480084363203e-03
2.418848679720464944e-04
1.319445717203618709e-02
8.367329369314118956e-03
9.097534444326322049e-04
6.779180644763840510e-03
9.752886158718445612e-04
5.069104263594395718e-04
5.508540665037992695e-03
1.149169539943380603e-03
6.060112189802876852e-03
8.934650051201682578e-04
8.427847585803715028e-03
1.889545385176675185e-04
4.175878714327396768e-03
2.959368753660690261e-03
9.790194109401495134e-03
2.485843176951778918e-03
7.521677832366555939e-03
2.853768049492194214e-03
8.064659263686011024e-04
5.084833796746675121e-03
8.741499875518126328e-04
2.394070646140370254e-03
2.544664651106236502e-03
5.959289671494558301e-03
4.078956793954792437e-03
3.391677064255728836e-03
2.319521834854481289e-03
9.292598055431913404e-03
1.431220832351051339e-02
1.421094263385245821e-03
1.656001133733623395e-03
1.953965564058391356e-03
5.419413876002314619e-03
1.137253792368224598e-04
1.282859338167094236e-02
7.535221075277265907e-04
1.943753984816539923e-02
2.149716219661320792e-04
3.849430807147120989e-04
5.277289120243681443e-03
2.175645634856894842e-03
8.025954981314648105e-04
1.153584124507739221e-02
7.824187041313370936e-03
1.283752888920226473e-03
1.212730098951430788e-03
2.589636529584376113e-03
9.517353880482455489e-04
1.138042980362471805e-02
6.139472986178122656e-03
1.534716302518005122e-02
3.232288697830659752e-02
2.879357879804192444e-02
8.195827802747540636e-02
5.617452125024666176e-02
1.115912140764692764e-02
3.165641355562200110e-02
1.133487526007226631e-01
6.340575114097850296e-02
1.992663241890026138e-02
5.721319512570593319e-02
2.886776310515760252e-02
6.230503548853709092e-03
2.218466248546635544e-02
1.001198807817358857e-02
1.651799701408677686e-03
3.380061760795799800e-03
3.603096265595249863e-03
1.514936768672395847e-03
8.811651991245680144e-04
1.177078731375571022e-03
1.597352189010608180e-03
2.692105441220347777e-03
7.561181944308027975e-04
5.988843666902482661e-03
4.974010895700657370e-04
4.785497832878627279e-04
2.592567581083502111e-03
4.977514714347587967e-04
3.793067917372858569e-04
9.602441371827357287e-04
3.694615521756768918e-03
1.784116881843455550e-03
8.419459296202425232e-04
3.385403783069493462e-05
1.086025055356605080e-04
1.321574239538427994e-03
1.026274285134270558e-03
1.209527594007077638e-03
1.515498220177379472e-03
1.842140990553798631e-03
6.739604483574064640e-04
6.029221991293224996e-03
5.476544779273366179e-03
1.278185941319812937e-03
3.279795527360464171e-03
2.945036225048582902e-03
1.346945607269716717e-03
2.200392262280029525e-03
9.992346729597713448e-04
5.507202816053215124e-04
1.146062574847719114e-03
4.273341923410351329e-05
5.653297754479348625e-04
2.821796464765442825e-03
1.937084780280816897e-03
5.335592050492452346e-03
2.105201911992316856e-03
2.885334858364425360e-03
1.691191074287688723e-03
2.789092604323125790e-04
2.120711602439399966e-03
6.438886760001024789e-04
2.304763157170802262e-05
2.641116534080739479e-03
2.079345068784887746e-03
3.706760120962213252e-03
8.439546227953651425e-04
2.327420852486266278e-04
3.610110050167180014e-04
5.271330347610027854e-03
8.508098132686572846e-04
2.196227808420642743e-03
1.428343534571552059e-03
1.812397460432102047e-04
6.336790744127466374e-04
8.009365912827170683e-03
1.295969555998995276e-04
1.281079768320395225e-03
6.252212923734605347e-03
2.263990714486293601e-04
4.996930379065051171e-03
8.731741877629233721e-04
6.582214022285549568e-03
1.975398006523632066e-03
2.581738832139582589e-03
3.017830538807440496e-03
1.897057217288418331e-03
5.113499491543710765e-03
8.827170204347463281e-04
2.447340890305807915e-04
1.723141955727710813e-03
5.284185316062500228e-03
6.204591421567820335e-03
2.223918045973254792e-03
9.387740769288050900e-04
3.981094241033447884e-04
3.302637651108886185e-03
4.457694309913514015e-03
1.864346397829176518e-03
2.530071836002715542e-05
6.729230291612976929e-04
3.570760357625569321e-04
8.953074054488389163e-04
1.471416020905465782e-05
2.026045481585271417e-03
9.584045896406899467e-03
1.199903829563010781e-04
3.759193387258293441e-04
4.487998256038070073e-03
1.730652752466369654e-03
7.736022794424204539e-05
2.084034581906423454e-03
1.037855203224632289e-03
6.390460137451765832e-03
2.131555394556966672e-04
7.865518743657312975e-03
9.385579822112781511e-04
2.774398899549234982e-03
9.113080802076758925e-04
4.189197079733400194e-04
2.618973071900771495e-03
3.437653364840362932e-03
7.366113910532149332e-03
2.343280826892313675e-04
5.769846803536449534e-03
1.782527149177953740e-03
6.593487732552701748e-04
3.911994707875240430e-03
9.075851254988202442e-04
5.601034786935129434e-04
9.089889092392220912e-03
9.027450396181368325e-04
1.013510941602668901e-03
2.537563623026625574e-03
6.680593440478430935e-03
7.627125127077176697e-04
7.817966334361344579e-04
3.012615035170250130e-03
3.527764410421494281e-04
2.607812231642840910e-03
4.771502506889793542e-03
3.432382172399439657e-03
9.196021755616321219e-04
2.837896410330537685e-03
7.702787183782812321e-04
2.375904934772400895e-04
2.486714503984691765e-03
5.191814659334216889e-04
3.601177461148593380e-03
2.998080171948687683e-03
8.138456319639799513e-04
1.502981779131773443e-03
4.517857138031796619e-04
3.549002318033116655e-03
2.538232623817873843e-04
1.885901550932714862e-04
1.923478029382758980e-03
1.374251730261268284e-03
2.677699613646233184e-03
1.138758140454341214e-03
4.718645720538109582e-04
8.511352157878732897e-04
1.359091020483782193e-03
1.055579019376383159e-03
1.646561807354818361e-03
1.553990006542943156e-03
5.170308469640450856e-03
3.279809898107815831e-04
6.039191874390587565e-05
3.598118005271733113e-03
2.460092232061336821e-03
4.169109729529689966e-03
4.691699078765395811e-03
6.317199450874998699e-03
5.501677726908918431e-03
9.173238646347663117e-03
7.913827150064599433e-04
1.534101130916944991e-03
1.381543126679578987e-03
6.585483942831838041e-04
1.854477162545379925e-03
2.749686958782563860e-04
2.669511831968909518e-04
1.103951802292744326e-03
9.494152655495681232e-04
1.203909598964464584e-03
3.411038472134485830e-04
3.088773271517875410e-03
2.764055196930504527e-03
1.167338041564682980e-04
4.353261786206472951e-03
5.241039424843766141e-04
6.125488157902341489e-03
2.577390862480717203e-04
3.112182508284929133e-03
3.418160156680292387e-03
3.139237880841232869e-03
4.536187277806075680e-04
4.354122004632485568e-03
1.103965675021538386e-03
8.344500375103083714e-04
2.657991561378152470e-03
9.528553656507457491e-04
5.885721900703580305e-03
6.160070434770346590e-03
1.448648380638997181e-04
1.320120794435083664e-02
2.680047050687131647e-03
1.566193916945601058e-03
3.176773129883630684e-03
2.126119973175915386e-03
8.957628076403231429e-04
3.440157364936176007e-03
1.014363379924717668e-03
9.063591437671059950e-04
1.079038948180213904e-02
1.128105842665470988e-02
4.402327916858427004e-03
2.140612903788090444e-03
2.916983699806770746e-04
5.715851526570791402e-04
1.950330749292616354e-03
1.308714456729441478e-03
3.554529993646836101e-03
5.143777055018852089e-04
2.306844622317920648e-06
7.689332561020963304e-03
2.961248798826997264e-03
1.432561247589659009e-03
1.964275675564591817e-02
