-1.468638397728788680e-03
-5.240323139208147296e-02
2.257795331843971687e-02
5.006757997878523436e-03
2.508739355257814246e-02
-2.317205641095454807e-02
1.664212815275930776e-02
6.064532793956355604e-03
-8.361488287883453441e-04
-2.557725550731175870e-02
-9.926311700906680080e-03
6.553875034719307269e-02
3.348100171645872203e-02
8.719459974836235583e-02
2.767304314192348125e-02
-2.397102608443696728e-02
1.465319981195622318e-02
9.313091206311428782e-03
-2.455318193270567689e-02
3.002799967101959719e-03
6.309426317305555885e-03
1.514916883076405062e-02
4.043262906064255813e-02
2.450340360958492072e-02
1.790289261920131533e-02
1.441717884868832893e-02
4.282568956622029993e-02
-2.979922853839053754e-02
9.011899756110261506e-03
1.342214165191590002e-02
9.166890299079574062e-03
1.483044125648488171e-02
1.279839359645618124e-02
-5.441314966305171863e-02
3.030556529954875344e-03
-1.234486693200929734e-02
1.505775492571561139e-02
-1.193658145934973526e-02
5.738918239442247077e-02
7.815259914913602612e-02
7.034219476943090466e-02
9.236295954268350372e-03
2.464958887812908339e-01
4.621081123568129834e-02
1.308884368537453213e-01
1.056281408111255371e-01
2.047919588726796469e-01
6.994625831446071862e-02
7.829992947549023474e-02
-9.393829248321860712e-03
-5.710097679864395599e-05
4.229382458227692876e-02
2.574763641915109313e-02
-3.199512308521233576e-03
1.591519826253003436e-02
3.042074091013702297e-03
1.249826483586344902e-03
-1.708878361562784359e-02
1.354419240568134099e-02
-4.658948102755907511e-03
3.812000167088821362e-03
-2.263711497778505416e-02
1.811578105604196021e-02
-6.143303073185049645e-02
2.640872423808875158e-02
-1.785280517966765859e-02
-1.451058137992089492e-02
-1.606261075407527245e-02
-1.027180943406815275e-02
-2.712074678618922596e-02
-2.970738502688806751e-02
-5.031563906584303469e-02
-1.416454488599792200e-02
-5.079563407640309836e-02
3.227608091151655534e-02
-6.739760049762384686e-02
-3.793415823722034314e-02
-3.906871880454823587e-02
-3.398581499114618210e-02
-5.757978953565322938e-02
-2.335793742131918316e-02
-4.500839015939873955e-02
-2.620162086535523724e-02
-5.967724381282315388e-03
-4.816717634859291747e-02
-3.078459274956751521e-02
-3.022961086017915758e-02
-4.736246672908220323e-02
-1.454182114023525735e-02
-4.038397323489135993e-02
-1.950749046960435773e-02
1.315859094853315259e-02
-3.476589958429839033e-02
-4.462668860318984992e-02
-2.773538509698421708e-02
-1.204918489225820233e-02
-2.572614724716942511e-02
-4.767532747287873268e-02
1.546114483196973227e-03
-4.504499629653431481e-02
-9.273701296202290639e-03
-1.727967444967934765e-02
-2.436866545087193470e-02
-3.612761626955621197e-02
-7.904627845136645570e-03
-3.443274692386062014e-02
-1.560432492324596507e-02
-2.996800154679558209e-02
-2.602241376196797254e-02
-5.105184974989702973e-02
-1.022334090984184513e-02
-1.929274146484512287e-02
1.945587216480258036e-02
-3.144771374992708091e-02
1.313180466635305646e-02
-1.379425436964860918e-02
-2.080630786003724933e-02
-2.635477156028024487e-03
-4.465820990896962606e-02
-2.104400728550945981e-02
-4.178290861582497490e-03
-4.670297377416543494e-02
-2.231267891935347081e-02
-7.970436998458069189e-02
9.545068272741222271e-03
-6.407171049207069369e-02
-3.256979141263598165e-03
-9.142442190613464525e-02
-6.140467607534866312e-02
-4.804268905785488708e-02
-1.639366255532682601e-02
3.135315527366705490e-03
-5.443601308490038371e-02
4.871863963386097174e-03
-5.025466285204183842e-02
1.897769803647245818e-02
-5.935497472144993236e-02
-5.233510783955538925e-02
-6.547294208532002113e-02
-2.930357906155960784e-03
-2.791382026904019875e-02
-6.903684419933538152e-02
8.400367803002468936e-03
-2.432981207375277746e-02
-2.798654538724699992e-02
1.720022202777082843e-02
7.021375174479128900e-03
-1.398224135276014690e-02
3.441566395581121401e-02
-2.153376992311620969e-02
3.027996338703206267e-02
2.494688792188928111e-02
-1.239154974253006171e-02
7.477758540455756164e-02
9.728580931650094438e-03
4.240199271388259139e-02
2.131423746171424646e-02
5.871799526353414789e-02
3.209503254480819412e-02
6.212299160689372518e-02
6.979052400530377787e-02
7.521223201922228041e-02
7.975574377681446392e-02
4.591279034712575369e-02
6.547035245206023202e-02
9.178483239434798158e-02
4.890875275524271537e-02
1.037779399264653346e-01
3.852785426091965421e-02
3.378468101585357930e-02
7.580138517990574198e-02
5.547130622798056299e-02
6.979101108586435731e-02
2.887853490696503170e-02
1.435140945438771048e-02
4.058901834194027919e-02
-4.943470686786115981e-03
3.941404393317557431e-02
-3.129050639735172362e-03
-4.537922063365346613e-03
-9.733248164997394120e-03
9.937099578795200588e-03
-1.074464551172667377e-02
1.169298255065169892e-02
-1.382867100645781416e-02
-3.576477387886910914e-02
1.401039125975658134e-02
5.708863720948684217e-05
1.937222985438412370e-02
1.894481970467877183e-02
-4.146096776029593867e-02
-3.286003817730653864e-02
-7.024625612794537823e-03
4.387029262754685993e-02
-1.639151439355008080e-02
-3.384470322783486584e-02
7.003797317276502787e-02
-3.941981911372960390e-02
4.018797576715026076e-02
-3.145181072795195237e-02
-1.015940449786520948e-02
1.174836794577506852e-02
2.024693568511435476e-02
-4.654332929596619040e-02
1.028350936052564377e-02
1.861691795093928931e-02
-3.497970023460439393e-02
1.788018386080001548e-02
-2.965763298618837723e-02
4.000068220729356694e-02
-5.698068169799744981e-02
6.013496279922355553e-02
-5.768801501646159818e-02
1.459081974514614063e-02
7.978745488238711547e-02
-2.858853067068402309e-02
-1.626080715954153141e-02
-3.758753269190824586e-02
4.626712737051470042e-03
1.551065579945140951e-02
-5.415512777743624641e-03
1.319730812812252782e-02
-5.460404172175967880e-02
2.985556829416639510e-02
-1.642391116554878239e-02
1.810673826883711299e-02
3.374552954048699177e-02
2.143888068110189407e-02
-7.825885906128881436e-03
-3.958047632599681620e-02
7.709502360344704618e-03
3.819856834836953680e-02
1.120830005292527791e-02
1.747218623454902323e-02
1.621936748609206780e-02
-5.236763431188117685e-02
4.987590056058446158e-02
-2.305985856812469911e-02
4.198475735344211340e-02
-2.614450344531060733e-02
-1.210117343275747132e-01
-1.674859561656103502e-01
-2.400519767179521702e-01
-1.516219793008508898e-01
-2.767198284991776447e-01
-8.922368177103652542e-02
-1.571352547534674016e-01
-1.727851468155567893e-01
-1.294057475578297700e-01
-1.565142971194164456e-01
-1.512068229854517942e-01
-3.242358181221385305e-01
-4.934277393437540293e-02
-2.450117548060229411e-02
-6.457869899848953099e-02
-2.313158387226409499e-02
-4.831710526632335134e-02
-1.947688049639352548e-02
-5.703872937891412559e-02
4.548032511194623900e-02
-4.928699200697211902e-02
-2.455684139477555539e-02
-4.491834685134594302e-02
-3.765273404084887310e-02
-3.149948090406733819e-03
1.164038483462307566e-02
9.493890714321752411e-03
-2.220604051620086658e-02
1.175362414953937812e-02
1.051954921953816846e-02
-1.013903884963263287e-02
2.132004041063118374e-02
1.386679690198749058e-02
-3.044842126494540918e-02
-4.006437593010526294e-02
2.420605530216216744e-02
2.350651939610520942e-03
-1.131429692804387759e-02
-4.625977378778711735e-02
-3.217445966220687514e-02
3.397469042230104146e-03
1.738199739030219307e-02
-2.498499269944901013e-02
-5.756174692005977013e-03
-1.650089148290458455e-02
-1.444474782265788883e-02
-6.879314032215850735e-03
-1.010978357869735805e-02
1.268145124264086904e-03
-6.459013198930782865e-03
-7.226861986444603481e-02
-2.832520601911912503e-02
-3.758950058867956134e-02
3.027982354300140511e-02
-1.125176245707014688e-01
1.375981506589736211e-02
-2.352785990632352137e-02
-4.222923441226893518e-03
-1.588216327930416435e-02
-1.747876279897685875e-02
4.849185782480470996e-02
7.896907754966805970e-03
-4.956396607760547163e-02
-3.385736136900868720e-02
2.907385545613136446e-02
-5.528315961850281679e-02
-7.623426148032944397e-03
-2.596888040862921007e-02
-2.195148941844941859e-02
-1.340303698798437325e-02
3.253615534234020890e-02
-2.744818134831359183e-02
5.130333454471124738e-03
-3.552566849285947181e-02
-1.530912921172342817e-02
7.533756915840579549e-04
-5.212522858186161012e-02
3.038138307280339664e-02
-5.750154075271041165e-02
-4.928236929711303504e-02
4.029173563451786400e-02
-1.293335175318191532e-02
-7.488136788690545609e-02
2.585517655556247157e-03
2.422411841166275531e-02
-4.786666260274152762e-02
-5.213585130637389542e-02
-8.266204374557557799e-05
-1.303970444913721098e-02
-5.506135376987441460e-02
9.213431714209899259e-02
-6.693677651003879236e-02
3.117237919034084731e-02
2.129604786400922031e-03
-1.250910681314621083e-03
-1.278315840763973726e-02
2.690186408239111579e-03
-7.033882139837328851e-02
-3.951730107387584068e-02
3.011780222782865779e-02
-1.292582862325128423e-02
-2.756005092752515998e-02
-1.527349569026879329e-03
9.695528866360887676e-03
-1.739895250025718862e-02
2.244340559688268871e-02
2.675988260458748991e-03
-7.270158639378355471e-03
-3.445081778471587725e-02
6.134930263231537506e-03
-1.809495490681074098e-02
-1.388589875273445878e-02
5.642143535878928542e-04
1.261034023450133181e-03
6.088050201531123445e-02
-5.612568381317747240e-02
8.979740727921564636e-02
-7.591726588929471886e-02
-2.064773075907090985e-02
-3.687995552520622472e-03
5.379252735587899265e-02
-7.084174830677825163e-02
-2.727481243801841565e-02
3.334507836731993857e-02
-2.806359248960151737e-02
-5.205603364221297880e-02
-3.836534621471703321e-01
-2.279254305653283519e-01
-1.356453903292935137e-01
-1.753713903725979406e-01
-1.527798161570920188e-01
-1.931139719864946314e-01
-1.378421432713599071e-01
-1.031265857928868185e-01
-5.204325132356497213e-02
-8.283865386268585151e-02
4.587601106159008846e-04
-2.903012989128976942e-02
-9.409833264265516847e-03
-4.603369067121070024e-02
-3.730569213375443255e-02
1.046831446506498245e-02
2.299748183129569912e-02
-2.076569217587117405e-02
6.401003576816891028e-02
4.164498564875069447e-04
-2.612817093399519286e-02
3.556257385214207922e-02
-1.327348998869689115e-03
-8.487936723901863545e-03
1.235850662529336050e-02
2.818955931924505345e-02
-1.121401195202748752e-02
1.267111201089128267e-02
-1.501094027580073854e-02
-1.971149724617033642e-03
-9.322441433666754651e-02
1.378881824139090440e-01
-3.280565250534760169e-02
7.595983997911143204e-03
-4.896487952670419003e-02
-2.343517697516791023e-02
4.331842047605121565e-02
-2.134718106391330153e-02
-1.611382830370344799e-02
3.615193641735879593e-02
-8.082348344191980088e-03
-3.322451680702189197e-03
-8.473585733448481261e-03
2.316516553031671907e-02
9.728490787416228802e-03
8.874408225608856546e-03
1.721390683867171992e-02
1.711417876775960228e-03
1.700323393448982881e-02
-1.057110684726766774e-02
-3.483989071545878780e-02
-6.691924137994674851e-03
2.922852980957383121e-02
1.582374057760542116e-02
-4.406506041932178180e-02
7.250168249224092643e-02
-5.031087225944652630e-02
1.373576946514353490e-02
2.428656238404389850e-02
-7.543321330301836630e-03
-2.405061227751922361e-03
-1.307486183761673477e-02
3.148201440669327889e-02
-2.189390684823408137e-02
9.913427158481473433e-03
-3.485355663626303613e-02
1.617817955818490541e-02
-2.886906959090707742e-03
-2.743045297221756267e-03
-9.558502223559811259e-04
-4.630548217265722730e-04
-2.500832026375725964e-02
1.422602669141845300e-02
7.003502625113435832e-03
7.662965315186630148e-03
-1.321676254567390879e-02
-1.160247217870273746e-02
4.318971400703860292e-02
-2.691642154637379977e-02
-1.722200124056747633e-03
-1.386783891173241738e-02
-2.614202090935779932e-02
5.536658254988803367e-03
-1.439391160327657682e-02
1.344785589761853320e-03
-1.349447731610057405e-02
-2.131684172895990069e-03
4.465776139522925625e-03
-2.347338409559352260e-02
7.458927628810579739e-03
9.152986549565870350e-03
-4.370132781110592536e-03
1.900402281687386258e-02
4.230821661480757383e-03
-9.599179602128003058e-03
2.590609453068375145e-02
8.811636245089961642e-03
2.736435491043258741e-03
1.461174274368744717e-02
2.115081579035845566e-02
1.406350879805244418e-02
-2.317265453145244541e-02
4.033373058760443379e-03
-5.344995942437640903e-03
6.404054320718222115e-02
-1.370293035750401803e-02
-3.713161549397255706e-02
7.982040907705290414e-03
6.906359675336983320e-03
-8.216418344660029321e-03
-3.719974846865275325e-02
9.075212655889475580e-03
1.256571226387784811e-02
7.353951753759338864e-03
-3.126779229245317537e-02
7.224838503504319755e-03
1.926350350012162246e-02
-3.531454476859451075e-02
6.135945354902330034e-03
-7.123429211920515557e-03
-2.788321449691648357e-02
-1.731484526460339707e-02
1.778415714798268349e-02
2.290990313031037243e-02
-7.607292301307663589e-03
-1.356309986770432366e-02
-3.596882192781013926e-02
3.152873491746704254e-02
-1.949531067989715774e-02
-9.008239524077915963e-03
-6.396333732945943228e-03
1.134562258195720777e-02
8.581380754576928283e-03
-1.798487062004259021e-02
2.034808654549214238e-02
-1.347915234762719558e-02
5.101832825343601344e-03
-2.604279565567260701e-02
-4.961049335425162660e-02
-3.840159710195413523e-02
-1.456574566719228969e-01
-1.101487654200450084e-01
-1.295750052758196103e-01
-1.858997527896373847e-01
-2.295226638814233944e-01
-2.745300450706664175e-01
-1.750917908258776967e-01
-1.818362012898874225e-01
-2.134009878041047137e-01
-1.199376356206635630e-01
-1.562549789935063216e-01
-2.265714510431307838e-01
-5.678532322937848015e-02
-5.337487707693057415e-02
-3.115161979667772224e-02
-4.817229545060420365e-02
-4.337758460749708417e-02
-3.840205414724134902e-02
2.165079683141044042e-02
-4.727636673878083881e-04
-4.500108378538033443e-02
9.739949246429582819e-03
2.876211614691635832e-02
1.181657388604540060e-03
-1.246211451805360332e-02
1.991384965018683229e-02
2.310171001972415039e-02
-2.849267663944334700e-02
1.213514913223450245e-02
7.167884915017984360e-03
1.801521478565979925e-02
-3.277898395476676330e-02
-4.543187413775308034e-03
2.061852804489184773e-02
-1.268159484113790675e-02
2.650003585654937474e-02
-1.774241258217875913e-02
3.257806315335001063e-02
-1.108116999792361536e-02
-2.638227190219368402e-03
9.887114213155183406e-03
7.341623047797739103e-04
1.772767727511299863e-03
-5.223758709576099488e-03
6.523910323879250628e-03
-6.523809262683772509e-04
1.615096783241196836e-03
-1.247049449008311856e-02
-4.306753667531844007e-03
2.829189473371252622e-02
-1.785322669787055977e-02
3.242521377390084059e-02
-7.034060070455498172e-03
1.101039646231856232e-02
6.260173358237018995e-03
-3.070355420316239758e-02
-1.513642573270610435e-02
3.426337720055554203e-02
-2.350972251464085797e-02
-9.520458362371902322e-03
-1.553314370725788346e-02
3.106242493164311502e-02
-1.342082181961885314e-02
9.517484487864403056e-03
-4.403941963102918355e-03
-8.494749146952898858e-03
1.100238956545950345e-02
-8.835115463692994747e-03
-1.078004505299259320e-02
-2.122208565758069293e-02
1.578871160512509628e-02
1.631301941665815047e-02
-2.398596622853034835e-02
-3.686163400373554389e-02
1.952504329775422640e-02
-6.749120799303485324e-03
-1.466614437083138892e-02
7.106876594005141767e-03
2.575314110599375220e-02
4.256098114093835767e-03
2.551624979410431829e-02
1.155645763384342828e-02
-1.266565990208839108e-02
-1.216179431414069444e-02
3.178462888480637974e-03
3.694738777602227936e-02
-2.038238909280153804e-02
-1.595101517769983643e-02
-1.954532788867931539e-02
-1.076289975338272191e-02
2.792789425854478799e-02
5.947735790466398068e-03
-4.367193856310307154e-02
1.733311073493327970e-02
1.210066004170132561e-02
2.464621471960476429e-02
-2.915978352652386085e-02
1.843604443626268435e-02
3.832828351605893635e-02
-9.172199841252700117e-03
2.698862335506689927e-02
2.562921869961102411e-02
3.195983588749888582e-03
3.090067102404800425e-02
-6.178123289900012277e-02
3.462774769904622754e-03
-4.873681310594461108e-03
5.816272456399419061e-04
-7.023719574553147216e-02
-1.699660974836664229e-02
-8.806642991263458412e-03
1.366282022460887750e-02
-2.270930930120316701e-03
-2.184082514592202567e-02
-4.666959359167621724e-02
-2.164104715322060293e-02
-3.622764244727707389e-03
-1.665750536268891663e-02
-3.432581672233677578e-02
-3.005967688515323588e-02
-3.194248300629294601e-02
1.180525724737954175e-02
-1.348959600692763335e-02
-2.642651848081387089e-02
-3.726159392446433578e-03
-6.174290039959978715e-03
-2.789008958610339137e-02
4.066648582680155999e-02
3.017811306384004036e-02
-2.440148786107955783e-02
-2.824679214841867639e-02
-1.550924303685535452e-02
1.430702696215574617e-03
3.636251167703716258e-02
-1.336394284570164822e-03
-3.235471181219368164e-02
8.489174167075055552e-03
2.195658965737446941e-02
1.303065093671560391e-02
5.738171734253665057e-03
-1.011937743852189958e-01
-1.796934392213600865e-02
-5.651634640930278120e-02
-6.583491390345427852e-02
-3.322263556381524485e-02
-4.350627828547175280e-02
-1.899230968543612341e-02
-8.352371798317659302e-02
-3.730503163831773439e-02
-2.369881861727390904e-02
-4.153419875890854152e-02
-6.008229612843328515e-02
-7.462551838688759320e-02
-6.522537213590970384e-02
-4.572251811503741381e-02
1.165244002183369459e-02
-2.657225163798843798e-02
-1.313560387849422445e-02
1.476436628635058096e-03
-3.334408843494496288e-02
3.076287670921916753e-02
2.265437791554310992e-02
5.087503791884635806e-02
-6.096471508204326373e-02
-2.579739483136104031e-02
-4.427665550076058387e-02
-1.017369167381803191e-01
-2.141316876205270198e-02
-5.644729232267345354e-04
-5.770644669341268296e-03
-6.922053670897407307e-02
-1.636280733417577737e-02
-2.265039049679459793e-02
-5.441022099157542813e-02
-4.455648556446945019e-02
-3.594376651010966484e-02
-6.889131859936169222e-02
1.634586937917721985e-02
-3.913693672405298141e-02
-4.729774859300347328e-02
-3.938113692258292386e-02
-3.182472695904270399e-04
-4.856532968886115992e-02
-3.879900443370487562e-02
-1.011308028974178611e-02
-4.440909481323353225e-02
-6.668596444721380800e-02
2.530668536265268109e-03
-3.393980664775665679e-02
3.718411702634961957e-03
-5.821998476023634156e-02
8.251474093037433621e-03
-4.464677391357230185e-02
-3.516644114069984728e-02
-2.363171447583552534e-02
-2.182067608718387536e-03
-2.955345406916234582e-02
-4.009088153662421911e-02
-3.521900054531353075e-03
-2.390660776007132865e-02
-2.205243557704415075e-02
-4.426865785826905597e-02
-5.085765282404772214e-02
5.653208737812987633e-03
-2.806469625224602971e-02
-1.846239562152726318e-02
-1.850198814827189175e-02
-1.650428172426589291e-02
-1.563275342370151408e-02
-4.742138779040903918e-02
-7.657501195428732810e-03
-9.382902694731829613e-03
-3.034699506529090277e-02
-2.693339184756227481e-02
-2.049801250470527011e-02
-4.895049001927644083e-02
-1.843416998438768967e-02
-1.263696351037775847e-02
-3.598488317772471218e-02
2.298909990239111217e-03
-3.279739787804342860e-02
-8.093513661962661865e-03
-7.404717210942551864e-02
-5.593238707784328051e-03
-4.454876299775677173e-02
-3.180196811788930933e-03
-4.006181356531668403e-02
-2.151640951639909038e-02
9.770580309536563979e-03
-8.642219199386506900e-02
-5.541499200486951771e-02
-4.204433059477727386e-02
4.565519883921564936e-03
-5.639696828563699887e-02
-2.977955918348201489e-02
-1.874333365328904183e-02
1.137333765504637897e-02
-4.874625778272145826e-02
-2.013968772903253213e-02
-3.336883926864693539e-02
-2.410919504082726511e-02
-3.159967019223017259e-02
-9.106655956159299958e-02
5.926932732196795589e-03
-3.116207016353461645e-02
1.671542279181785148e-02
-1.016943645214566511e-02
3.579696142201289205e-02
2.485862173481449833e-02
-2.802694076137643778e-02
5.182663223351736959e-03
2.137276633235296944e-02
4.097818616802362951e-02
-2.681161392897732018e-02
4.797918599415671587e-03
8.362786673827299344e-02
1.182535577725134929e-02
5.287363489805436273e-02
2.281111023149975936e-02
9.726383236986163583e-02
7.135472698781142320e-02
3.068774355349517674e-02
8.544952658031762516e-02
6.965740151526136903e-02
5.410475798578157081e-02
3.273066728674153131e-02
6.355859706946132004e-02
8.449602103049891344e-02
7.934214677946956062e-02
2.147496512439036470e-02
5.730119525223636295e-02
1.954900719563716638e-02
9.372432560212751174e-02
4.673450531164454608e-02
8.310063125446792709e-02
6.247092613865989907e-02
-2.179849319509798503e-02
7.455568759700176296e-02
3.320220144628596715e-02
3.419290407832724366e-02
-4.832602048136229456e-03
5.098068305438545333e-02
5.518210797456105446e-03
-2.678598289830077389e-02
3.663675800748877887e-02
2.789564949360273313e-02
-3.576053114065428501e-02
1.388468313342195413e-02
2.343837186347506527e-02
4.256565031126469112e-02
-2.241623280009395411e-02
-1.434147974885256055e-02
1.345720554569628143e-02
2.398063022648034073e-02
-2.693189326182756846e-02
6.840389725303147594e-02
-4.952073926674268461e-02
5.174876828122022474e-05
-4.962628998590692952e-02
-7.529531746272295593e-03
3.731133570253409443e-02
-5.853722155675425420e-02
-2.065101881352437302e-02
-1.187824475263719176e-02
-1.340544526348140530e-02
-3.784807303819537339e-02
4.878413196010023684e-02
-1.950064722497413944e-02
-1.086327667039183043e-02
-5.432971533005598319e-02
5.232658616520165923e-02
1.517870079688659647e-02
2.987011748196558014e-02
-6.654065189992666371e-03
1.214226620509233773e-02
-6.949179213472481131e-02
1.176703594810094705e-03
-7.932651971157823195e-03
1.805121724675386868e-02
-7.538716538987956517e-02
3.824452927527580148e-02
-5.819578045456716420e-02
1.751513753694632081e-02
-6.861152161957959073e-02
1.136673382793421117e-01
8.709290118931815525e-03
-1.589814635828260339e-02
3.469890900885590213e-02
-5.976399725107005290e-02
3.971225361793532388e-02
7.061048995388228763e-03
3.638319578355164036e-02
-6.962192140043249600e-02
5.883108869474459879e-02
-5.075134938715925720e-02
1.081241541315215368e-02
1.495301509458072525e-02
-1.857595020905010164e-01
-1.066420144046980045e-01
-1.343878171730644722e-01
-2.644661428932490455e-01
-3.277516549746062879e-01
-2.107757258755207919e-01
-1.590988443888415593e-01
-1.218759978730126203e-01
-1.438103690488883868e-01
-2.664963286122126185e-01
-1.919585565353666978e-01
-5.250641538092078175e-02
-2.239050178708074101e-02
-8.782354115745316658e-02
-4.979668633234635849e-02
-2.168775367359812925e-02
2.020246790503183593e-03
-6.857591229182831254e-03
-6.988105533308017203e-02
-7.590521577895251865e-03
-4.039837393282035699e-02
1.987753643742505225e-02
-8.220830696927201864e-02
8.076018706331403868e-03
2.065332549783768443e-02
-3.029617147125074784e-03
4.515700123938968386e-02
-2.711258822710658350e-02
-1.239218249084987969e-02
4.839002163364002768e-02
-3.588823399623017937e-03
-2.991062256256485710e-02
8.935059855724959612e-04
2.355939544633926103e-03
1.764454016401601280e-02
-5.302347614453364888e-02
-2.909618393900363989e-02
3.560525172770142438e-02
2.280421793351159430e-03
-8.800841711106975607e-03
-1.510404800912425530e-02
-1.808758705646509868e-02
-2.950897998184790622e-02
1.181902456263996849e-02
3.899021432980008528e-03
-2.343596592347067104e-02
-4.688004213945658194e-02
-4.216136355319244355e-02
-2.897180064385650178e-02
-7.128266954235020283e-03
-4.362276451761767926e-02
-5.551484050302513129e-02
2.241020010119531766e-02
-8.445072129324091015e-03
2.384535304632770872e-02
-4.979623785140548098e-02
3.081828190561841999e-02
-3.941709511493251411e-02
-6.833696662429483010e-03
-4.403965997088091916e-02
2.925322770587067411e-03
-4.656666277426241285e-02
-1.857372373272719174e-02
-1.977124595758029263e-02
-5.837659941848353032e-03
6.482686709496046640e-02
-4.554678829138684992e-02
2.807862575281789078e-02
-3.838867675143331493e-02
-2.539853257630581354e-02
3.213974123971791164e-02
-4.164718021501233325e-02
1.485803616640702859e-03
-2.734053830644634850e-03
-2.405615824033298031e-03
-2.308396296772313727e-02
-1.925561394758450173e-02
-1.688306525025815019e-04
-8.502081646156987860e-02
1.056454289010566247e-02
-2.098353055754380997e-02
-3.937872750438335678e-02
3.661545964171245005e-02
-4.757295103594935681e-02
3.630065911306636084e-02
-3.313149937227665570e-02
8.664352819445879372e-03
4.861142287174743948e-02
-8.031678110375917168e-03
8.416301250026474515e-03
-2.922928053132330117e-02
-1.348702178506221150e-02
-2.412094800876071754e-02
-6.574563774027640875e-03
5.217721151433294541e-02
-5.515666756071581356e-02
-1.126031060952742760e-02
-6.809133908617087672e-02
7.243680843382890172e-03
6.369058148041337186e-02
-5.132301291859094755e-02
7.322929083218330387e-03
-5.406425691654651727e-02
2.518906108004103847e-02
2.191374642886262294e-03
1.382091930135120536e-02
1.805704086495437885e-02
8.047194582585837780e-03
-1.953409374459008988e-02
-8.511868280547091326e-03
8.944526057332874078e-03
-3.014769993836096881e-02
-3.746718722569747362e-02
-2.684539402035367173e-02
-2.283559533433830030e-02
-6.720041806598074652e-02
-4.095943357545179381e-02
-2.910932410335580200e-02
3.208091346493963103e-02
3.723305055950643094e-02
7.051680712726569877e-03
-5.617228611805838434e-02
7.837236434860078704e-02
-3.513372044017720047e-02
1.226741322555328570e-02
2.953875886374013326e-02
-4.865185751056576302e-02
4.155001878438908947e-02
-2.896095284854521834e-02
-2.699420845524925713e-02
6.680043096807426750e-03
-7.209376000341549684e-03
8.508764447643837187e-04
2.113441280964901969e-02
-1.009302761760188724e-02
-4.632437947314441834e-02
3.237567256244090405e-03
2.849966094741964578e-02
3.199436199864537367e-02
5.103486160890146478e-02
-1.600572060823191728e-03
8.105646631843230199e-02
-5.788033063872775885e-02
2.406363035239791198e-02
4.055625918628465859e-02
6.137987197745521650e-02
-3.785731754462261234e-02
-2.056836460100725655e-02
6.080316770137420002e-02
-2.584570176904011848e-02
2.130335698315319673e-02
7.517450594650215701e-02
-5.888267391661681366e-04
3.080941707790626344e-02
2.882106380958433106e-02
3.838066114098467874e-02
-1.566769289766649018e-02
2.390042993426481563e-02
-3.249197989455591268e-02
1.371507366566562802e-02
-1.556540770123634315e-02
9.275443072573491890e-03
-1.858033018878333179e-02
2.549196500463251150e-02
-5.319131843071536053e-02
2.756353534817394466e-02
-3.438441120193731076e-02
2.748614651282026838e-02
1.748681424832848955e-02
5.385799849071029773e-03
5.295196101392941196e-02
-3.311546421955227637e-02
-9.884646152404007180e-02
6.043937110528546652e-02
-1.881219599354640518e-02
-1.793373174139165430e-02
-4.734634545181284210e-02
5.830370479672089025e-03
-9.719028165345897780e-03
5.082622310516796832e-02
-6.404786622979688482e-02
-3.923879635878559091e-02
1.160535920415739497e-02
-4.198312663436225972e-02
-2.021933839544917677e-02
5.380366496610707039e-02
-8.069612748841016592e-02
2.241275318982041687e-02
1.084696520595594509e-02
-3.899495174404026161e-03
-4.082347114330586030e-02
1.928491980679120782e-02
2.167282879686529412e-02
-8.164678814297901543e-03
-1.305287476981473183e-02
6.279298504314787845e-03
4.218877506253294885e-02
-1.065034783518982731e-01
1.839566720760868468e-02
1.343818801773538629e-02
-4.077316258003103877e-02
-5.297109200952845875e-03
2.866286563064250614e-02
4.764233614781582943e-02
-4.342693955182530541e-02
-2.582479964870098774e-02
-1.646256479554145391e-01
5.393403639269434002e-04
-1.055793214560325488e-01
-3.949633278884372156e-02
1.146963034359204173e-02
-5.427323168332315491e-03
-3.373665977708269897e-02
-2.860462537862160787e-02
1.495514746090113520e-02
-1.973832950920702961e-02
8.000052952800890821e-03
5.450231787745848933e-02
-4.299810934334541423e-02
2.123314007548588594e-02
1.730026338739266631e-03
-1.164808058253804721e-02
-1.366318677451100125e-02
-9.210981094940223768e-02
-1.686326354502551764e-02
-9.935550586215653734e-03
-1.550767019056069895e-01
-2.000396364396368198e-01
-1.967509979794822284e-01
-1.533798621700827591e-01
-1.212073304063094326e-01
-2.265270523478758180e-01
-1.486238053664788450e-01
-1.689201768318185914e-01
-1.030395864273451340e-01
-4.645718005405882756e-02
-8.613859828520001316e-02
7.273044023787592766e-03
-5.370113023943367397e-02
-2.423808451444924711e-02
-6.417243561019053688e-02
-6.893398094746683302e-02
5.977238819863001096e-02
-5.737258401060492397e-02
-3.763930294127716680e-02
-3.253085284621719947e-02
-2.213758975363025808e-02
1.085896394465379021e-02
-3.265107737282045564e-02
-4.544183683398673318e-02
1.481187031830817277e-02
-1.850827148100945771e-02
8.092407050542543487e-03
1.852675184749058915e-02
-1.655008683628616736e-03
4.900992666043043483e-02
-2.716698988557091424e-02
3.883375381254651482e-02
-4.747675809211262393e-02
2.259632919016883040e-02
-9.609327332034300201e-03
2.268608450455276981e-02
-1.925102793927816608e-02
-1.939803776778451297e-02
-3.049024035710543729e-02
3.370224523316781018e-02
-2.699256863809092535e-02
3.830511032665279147e-02
-6.580878364959331928e-02
2.755621062278347869e-02
5.573487049570201995e-02
-1.822444106544417880e-02
-4.484068213874505687e-02
7.421833892008468381e-02
-2.612637697001685480e-02
-3.762839487154717721e-02
1.650077905567742115e-02
9.436497924490616293e-04
-1.009445214664035639e-02
1.598494159323730858e-03
1.249980765755102224e-02
1.950244252382447169e-02
-3.746812413248155199e-02
1.864757541174991151e-02
-9.305377037473357843e-03
-3.385363394438641038e-02
7.088615784365030759e-03
-1.323064959856971520e-02
1.120126066516008954e-02
-3.064419446558508744e-02
-7.998047130929049169e-04
-5.656588411580508111e-03
2.397541318926182247e-02
-2.254323100674514302e-02
3.661983964916214890e-02
2.156453999557855425e-02
-2.079146728452274315e-02
2.300834690399268523e-02
-2.027361277697328074e-02
8.383854612275219720e-03
-1.905837660405849954e-02
-5.119712126080887271e-02
-6.300187760626069222e-02
-7.188829182353925762e-02
-7.574032317233987677e-02
-9.130983932839924211e-02
-9.923991178974971017e-02
-1.614575378342577583e-01
-1.923947342837929453e-01
-2.406424784366440195e-01
-2.348132513553065071e-01
-2.173041611090078262e-01
-2.132844422397171258e-01
-2.366681793246044052e-01
1.265876098113551812e-02
-1.019157300686976408e-02
-4.783315909240573593e-02
-8.736405128484527050e-02
-2.084301304170527863e-02
-2.037385403245639895e-02
-3.812691115412829290e-02
-4.318409627939480411e-02
-5.564181406682605635e-02
-2.577079505972270854e-02
-1.186066216627837747e-02
1.267598849701038859e-02
-3.906092251019415221e-03
-4.643114830872497462e-02
1.241970465435496100e-02
1.415597545211130098e-02
-2.985471551439566190e-02
-2.437745508723629731e-02
1.247623556882512807e-02
-1.337234866247571582e-03
-1.115171949527305265e-02
-6.680067282894662159e-03
3.504746528627828567e-02
-1.831572141926225694e-02
1.120921010775523946e-02
-1.025129523895851671e-02
5.275913198813745979e-03
1.507033132085408914e-02
5.126252587485854648e-03
-1.063004973420675348e-02
-3.824930647310556650e-04
2.015754737168574257e-03
-2.311406872406844559e-02
5.861214593475827517e-03
3.141283715495983998e-03
7.709111463543936137e-03
-1.909141214870876263e-02
3.894241625102951715e-02
-2.220398995779108986e-02
-3.512689110911077460e-03
-1.591253189252377770e-02
2.436092740404981888e-02
-3.665400179069305819e-02
2.055303674203948217e-02
-9.332098213493851546e-03
-1.513453201216809901e-02
1.488079251475664215e-02
-5.181828887614328000e-02
1.856950875617479138e-02
3.876123033891166331e-02
-5.155132440020564893e-02
2.248621136186627900e-02
-3.462973657447741913e-03
-4.935376033935632081e-03
2.456471789978416018e-02
8.238980155145614152e-04
-2.190147068583754575e-02
5.675403791279263338e-03
3.278132514508172446e-02
-1.102573804732762119e-02
4.743685645181380112e-02
-9.006840347166150326e-03
-3.272991113657371803e-02
2.831738626242700802e-03
-8.507501596484418060e-03
1.306511844711765249e-02
-6.114168371729669302e-03
1.683398097043949798e-02
-3.462276409868074445e-02
1.954652576843806527e-02
1.084147888704642577e-02
2.658571856599930075e-03
-2.530818748044069352e-02
4.069793462469138701e-02
-2.626407139416388550e-02
4.328652595187422458e-02
-2.435402127169003159e-02
4.715200577971937791e-03
-3.456894603245297404e-02
4.827004612527375366e-02
3.095630096574432302e-03
-5.359923025473772168e-02
-1.692297401078655950e-02
-7.434540302918693500e-03
-2.824919802992897910e-02
-3.828311054087335345e-03
7.590764338025688882e-03
-6.399292945018288103e-02
6.031166509915724533e-02
-3.596853526112518684e-02
8.998229707707406516e-03
-4.584723373112219863e-02
1.149840622205316153e-02
1.628118983715488161e-02
-4.498810644249723323e-02
2.671308702814354299e-04
-4.131312362124851811e-02
1.046880429968713791e-02
-2.286626814508618127e-02
-2.916197911698442148e-03
-8.342167969258766289e-03
1.508522869375527112e-02
-7.193454166719412748e-03
-5.746681540686394106e-03
1.399371417061110422e-03
-1.933897471837445203e-02
3.475623273127989576e-02
-8.503096409225988084e-02
-3.373771523916980347e-02
-1.402624443280557354e-01
-8.825460460327047563e-02
-1.800314854978039281e-01
-1.863159414419165993e-01
-2.226685462523697312e-01
-2.286684318940414018e-01
-2.142748842773905260e-01
-2.760390116676653127e-01
-1.639086081346052548e-01
-1.948751172643480023e-01
-1.219247603389605888e-01
-1.097287806601569965e-01
-6.727712085467135381e-03
9.594649502598511653e-03
-1.297764516911912962e-02
-3.769942109624841581e-02
-6.170233192105713076e-03
9.896763024925571417e-03
-6.373003945845041526e-03
3.431473722390886161e-02
-2.869565995315822779e-02
9.908864142650544021e-03
-3.119755333176130879e-03
-6.157997342816430748e-04
-2.068963570459358275e-02
1.803061797686237103e-02
-1.903215049264645950e-02
-3.205885532637967744e-02
-2.685688831505182381e-02
3.709692047292726530e-02
9.592815637182491861e-03
-1.029585879069173579e-02
2.710974525121183018e-02
-2.824534212325707436e-03
-2.763759538600766424e-02
2.352741699321848207e-02
-7.455205624954106165e-03
-3.029138621144495183e-02
-1.655380685450242445e-02
2.448769300360775086e-02
-2.026112342247286466e-02
-2.515629086082884439e-03
4.188204690239184097e-02
-1.981141293680840562e-02
-4.166423054642267101e-03
-2.043219068216202070e-02
-1.124875480152890891e-02
-7.294863807490962505e-03
2.390507852430628563e-02
-2.999182836002844271e-02
-2.983721380074235915e-02
1.995366960924374947e-02
1.733944756633412632e-02
9.438135784364993369e-03
5.844289904821144133e-03
-3.343947922457883581e-02
1.745522082706224554e-02
3.328285746855366017e-03
3.375537656749846415e-03
-3.413824898824618231e-03
4.056313348829421184e-02
-2.686242559999985763e-02
3.589327178558960468e-02
-3.387343807574822591e-02
1.080915741714425816e-02
5.396954066808009459e-03
1.457366962964813314e-02
-1.494564060445511752e-02
-1.953157664438518945e-02
9.807858520178840134e-03
-1.705215664631712716e-02
-1.039186622525086444e-02
1.420999694642710587e-02
-4.980988956462484296e-02
8.474097494116292900e-03
-6.009304038214174915e-03
5.658330609585712247e-03
-2.725242424940580929e-02
2.984011340999490405e-02
-3.282700861751480792e-02
-5.663815068292095932e-03
-3.104323423856880648e-02
1.703643246045240256e-02
1.273110967950753965e-02
1.230990305420559885e-02
1.070212808074271979e-02
-1.941875751263272276e-02
-1.619336345772957875e-03
-1.905741551980941542e-02
4.563765942640053697e-02
-4.510965388372333018e-02
9.445537222725782639e-03
-9.357281363033400495e-03
1.754385886371386330e-02
-8.137361350369451407e-03
3.521259143137461627e-03
3.987591088326010100e-03
-2.294332309230151089e-03
3.125388823405020333e-02
-3.694882957518719202e-02
-1.030763020893749483e-03
-8.862453750908251549e-02
4.275071206740650026e-02
-1.329965188765964978e-02
3.039362511562290758e-02
9.548998468185637342e-03
-2.070850600056297827e-02
-4.767060067687590302e-02
3.100235314908722159e-02
-1.894694336567708665e-02
2.639559131955442409e-02
-2.088369205935529035e-02
1.119333245765302513e-02
6.308685091351097507e-02
-3.586077053223433488e-03
-1.927742235301450197e-02
4.463235120826970770e-02
-1.196454997039353776e-02
7.305837895829328521e-02
-6.383265945461770452e-02
5.135926279396136468e-02
-1.369336467163223027e-02
9.096957480578609159e-03
-2.007044703558274936e-03
2.454459999812923926e-02
-4.581112898216607721e-02
6.174575143615759765e-02
-6.459242161984427022e-02
-7.268311143909136907e-02
2.875596924375560873e-02
-6.366774272464403861e-02
-2.278712414542805736e-02
1.760040103716663598e-02
1.007487326518669880e-02
-2.571321839784614094e-02
8.772420058484577815e-03
-2.421538668054962207e-02
5.234955873332375331e-02
-2.894637272929307878e-02
5.072528658390960260e-02
2.681178377716501512e-02
-4.038963267585762157e-03
-2.275489259938691389e-02
1.665345663420716160e-01
-5.701513422556173105e-02
9.884627490526776139e-02
9.680580212401529439e-02
1.929456751448344609e-01
1.660226824583529159e-01
1.201646688723134460e-01
1.271423175965518126e-01
2.155489301222867360e-01
1.127168247557722991e-01
2.146973468550080755e-01
1.260887117686062819e-01
7.984942484407997476e-02
-3.065170873080511407e-03
-3.522920261772874428e-02
3.943762073527026096e-02
3.121291551468140246e-02
-4.194149283361989916e-02
3.564207098195953244e-02
-3.272731342669697036e-02
2.436467456780971874e-02
-2.803066351168058759e-02
1.419406954706825714e-02
-5.600602416326599248e-02
-1.025169102016542169e-02
5.491007622190190868e-03
-2.288794513881920595e-02
1.336176382227680960e-02
3.208176800385875022e-02
2.798575250429020250e-02
-1.932266765922896826e-02
6.223076705666492382e-03
-4.368079240951894260e-02
2.896087603706071559e-02
-3.366757239317992589e-02
-2.035137285401866433e-03
-3.059907380800041057e-02
6.444274747599412767e-03
-2.956577869554291929e-02
2.061077463905688911e-02
-4.208471365313366103e-02
2.591680223996201474e-02
-1.604341762671230437e-02
4.197806130867905161e-02
-8.769560632413023887e-03
1.627209692196977808e-02
9.527552290890754089e-03
7.776581868654885293e-03
1.364493209698086282e-02
-2.641616820664299120e-02
-4.777292940878071631e-02
-1.398210230025552676e-02
2.961042844531115714e-02
-2.139656320337003648e-03
-6.431185894677471371e-02
-4.891700665364848849e-03
1.814660066965335938e-02
2.998637051932293018e-02
-7.083128620809678311e-02
-1.702793772578417922e-02
-9.538623003329768646e-02
1.136315178273343274e-01
-1.860891707677531440e-02
2.128448589467473936e-02
7.267956552222190614e-05
3.862213116608004260e-04
4.114064913709140903e-02
-4.924905800681644852e-02
6.005909323394265781e-02
-3.296113286729726588e-03
2.426188502554443155e-02
6.581153015677371210e-02
2.666989790193544443e-02
7.007393657197996673e-02
-2.102735093904468944e-04
-2.391442778456849896e-02
-1.451397342542671415e-03
-1.417598097003727742e-02
5.655139682527489386e-02
6.287809938518189312e-02
-2.946903702278112769e-02
2.440110415896571544e-02
3.611455360361334049e-03
-8.329300120624886367e-03
-1.887314204534654150e-02
2.188001621388873177e-02
3.741817640698107128e-02
5.299044069785800726e-02
2.132539873198122798e-02
-4.779653910123288912e-02
3.605546063847063498e-02
3.477767417873470907e-02
1.813555790486106808e-03
4.411030364620639743e-02
-2.570032896512624079e-02
7.224318065703359826e-03
1.148106287352839393e-02
-2.733585427319470788e-03
1.303283951550477521e-02
-2.382018355912712826e-02
-3.264556289219595810e-03
-3.939343044624823292e-02
-3.451908039487978225e-02
1.949364052678937559e-02
5.538358333580880102e-03
-2.407036458393056397e-02
1.419244978893910263e-02
-2.033138140917035291e-02
-4.641325492622517396e-02
-3.227660049705067397e-02
9.020377820638473404e-03
4.540115714023469640e-02
-5.394428530751368966e-02
6.237776977154749214e-02
-7.944213855150667608e-03
2.716958448647201554e-02
-3.972914549074203078e-02
4.216631651665082858e-02
3.988800528844742288e-02
4.403230406102116856e-02
1.098322865395641168e-01
4.171112502484360107e-02
8.968012271939111713e-02
1.817485895700770571e-01
1.670530227845900828e-01
2.535918367629226289e-01
2.870498943890540389e-01
4.581667956908405670e-02
2.864260156785632949e-01
5.612027146460756011e-02
7.856131500597342276e-02
1.907715618129772750e-01
1.555448247223787939e-01
2.270287629792543116e-01
2.165478256103943178e-01
1.410768653382719062e-01
9.021740173243482375e-02
1.157600551784760193e-03
-1.096510895021890648e-02
5.322785549205861361e-02
-2.789466227920662806e-03
-4.236066540732195962e-02
3.870218521774269893e-02
-1.184087720282114495e-02
-1.273164137311386807e-02
3.947928860105991145e-02
-8.551513791344058160e-03
-1.792030733740974588e-02
3.010668005050073925e-02
1.222383886924384086e-02
1.414079821094114259e-02
-1.737197666727660975e-02
3.411809462759934908e-02
3.852176209331840614e-03
-5.714262315765600633e-03
7.627447491064179644e-03
-8.084337156191166371e-03
1.783606878928744102e-02
-1.853696010625248761e-02
3.199544862308748017e-02
-3.629313974352834423e-03
-4.795945739771689115e-02
-1.255204417767502231e-04
1.690972350502002730e-02
-4.692198455657276002e-02
1.686421043280668733e-02
-5.544618766512638547e-02
5.855443794547701003e-02
-7.119743446460612135e-02
1.573233003780218769e-02
-3.654659056524258570e-02
-1.970803312966705467e-02
6.601047068184998090e-02
-5.440256973648146394e-02
4.295100269137042126e-02
-5.689972449203774957e-02
3.164197432168484869e-02
-7.092169772267059580e-02
-2.385835227270096184e-02
-6.730032945629003428e-03
-1.926934090286054613e-02
-2.746868859785574560e-02
2.393462078992571879e-02
8.362923017426152072e-03
1.016037291588285651e-02
-3.878663716137865231e-02
-2.368205618463343001e-02
9.525594444074820394e-03
5.402413263535908033e-02
-1.577496620942384596e-03
4.769627820547080871e-02
3.539726947447731364e-02
-4.958323916209742346e-04
-9.795954749757562405e-03
-3.016478681007836449e-03
-1.738700902132043341e-02
-4.730095599130133138e-02
-1.079818212013405714e-02
-1.550835997648747355e-02
-6.557639691573166618e-02
-2.046450020265701969e-02
-3.639227347711513488e-02
2.229476129295734910e-03
9.968065658847082011e-02
4.450896464502118732e-02
1.009596640872266055e-01
1.246994710093734804e-01
1.753645018520583465e-01
2.532501581847323990e-01
1.781201617321540587e-01
2.105840775976933199e-01
1.945216872248806683e-01
2.137345635216159057e-01
2.019145424794993593e-01
2.109027718224343040e-01
1.740393717673535956e-01
1.243296297570813946e-01
1.476155518133526190e-01
2.221109505342447679e-02
5.830580608729622055e-02
1.685994545366528707e-02
5.882153954947911406e-02
-3.335269381794861432e-02
2.284439766771975688e-02
-1.208372108164806544e-02
2.047288848808298469e-04
-4.002833308795817474e-02
-2.280910123379226682e-03
-3.218728593274156752e-02
2.262294734869451859e-02
1.015242707130802752e-02
-1.562205269325382499e-02
3.255706959455191649e-03
4.315080742818096747e-03
2.615745447118062589e-02
2.323372247140804633e-02
-1.075073979795990523e-02
6.873980204028311627e-03
-3.092419155852156251e-02
3.870667650952631239e-02
-1.972920378559179719e-02
3.187113873853964982e-04
1.839405272441267669e-02
3.587286403899080101e-02
-1.093172551430081872e-02
2.197905040338002467e-04
-9.158677238210691240e-03
1.157921051968927723e-02
-7.154180479731831951e-03
-2.254738462458022105e-02
6.803825851979495090e-03
-8.824387842359998971e-03
2.570328052582861872e-02
-3.356884386198841219e-02
-3.654379022087807932e-02
1.160000264878889402e-02
1.150151499413312045e-02
-3.215568232314833415e-03
5.997463416264340458e-03
3.532077439698627641e-02
-4.949681494230482974e-03
1.182994109234891851e-02
-4.771296913548250807e-02
8.782337110878795164e-04
1.407784606878519432e-02
2.937186316665475142e-04
-2.623378119352792054e-02
1.348931587982303559e-02
-1.033679722916675849e-02
-2.407214181660026400e-03
3.988966364870766453e-03
-2.543254591145198418e-02
2.849681605774807142e-02
-5.994700045692078968e-03
7.901140899162571729e-03
-4.013503831042286585e-02
-9.801821870804359668e-03
1.985676607718854861e-02
-7.836675350365437595e-03
3.891909306952896774e-02
4.443402962574074383e-02
3.203584007189125976e-02
-1.558751388281636417e-02
-3.703923267476404158e-02
3.076083245276441114e-02
1.611561583257368341e-02
4.161386069092578438e-02
1.311142904748812017e-02
-3.862630336254645885e-02
-2.586041271110218337e-02
-1.628263528883782708e-03
2.983773304194922357e-02
-1.085763645920011060e-04
-3.668262817240977407e-03
-1.605409283993260161e-02
4.102793052687522118e-02
-3.315070595640299406e-02
-7.520630614685482052e-02
2.394400875716721014e-02
-1.213088037019711615e-02
-4.438983216944045705e-03
3.419914100297070155e-03
-6.284759693279576113e-03
1.399097352339000351e-02
1.680315110912590851e-02
-5.750597026020227986e-02
-2.003139552381703881e-02
1.055874157393670368e-02
2.142415435001934071e-02
-9.190570308345578920e-02
2.372769292426249454e-02
-3.439660591393765843e-02
2.465668133791909175e-02
-1.329348217054591302e-02
1.110620374865034510e-02
-3.265264103513061678e-02
-5.392941162290846441e-02
7.321830379372536515e-03
8.838797978702720229e-03
1.130342410881222254e-02
-5.289928278029865788e-03
-7.760241831448759509e-02
-8.298876210965214217e-02
-1.535594412350176630e-01
-2.420200142967672829e-01
-2.820109960599723187e-01
-2.480110555320681476e-01
-2.280447218336932591e-01
-2.524134893647403399e-01
-2.669074431849983720e-01
-5.040017423264125940e-05
-7.319902852598939025e-02
-1.198996653363822440e-01
-7.021284483494263928e-02
2.620834330829112380e-02
-6.608193177238182170e-02
-4.408562077039090282e-02
-2.145730371618694010e-02
5.362438901107447614e-02
-2.940818433982326022e-02
-4.595428926557097726e-02
-9.653010467640344913e-03
1.930932087066144706e-02
-8.423588661737695105e-05
-1.749765368096162232e-02
1.054594351129682639e-02
2.293327024545278522e-02
-5.409025558984757731e-02
4.251686654743273841e-02
1.897605314190911954e-02
8.704986323666353762e-03
-3.851024400200597775e-02
-2.976845206961176594e-03
-4.220507625851742037e-03
6.949188375735715351e-03
-3.498361252559637619e-02
2.823851926717229482e-03
3.570821372796467025e-02
9.092712662625601280e-03
7.659355411713762544e-03
2.841317183296841048e-02
5.160061806464919659e-03
2.456796645868184262e-03
-1.534896169959921834e-02
3.476729997676636374e-02
7.295843864166949577e-03
-1.257693456610745920e-02
-6.891333934588963865e-03
-3.598865522592351041e-03
1.430373973123386273e-02
-2.601971258194075987e-02
4.631592860635581205e-02
-2.632644308647257708e-02
-2.366559266155171190e-02
3.334526059944506460e-02
-2.150349379890760179e-02
-3.544979785640100384e-02
2.279632641262054754e-02
7.269029052808744992e-03
-1.006210732012741832e-02
-7.619739243269819592e-03
9.459600296156462501e-03
-6.726634457338538133e-03
2.849011521007101949e-02
-4.215960068930384164e-02
2.601346684581257868e-02
3.374516618326626333e-02
-1.565463531038211592e-02
-3.261161646183526747e-02
6.092058079897918164e-03
-1.686657692654968538e-02
-9.793341732899521132e-03
2.176864578172724163e-02
1.041626225117720309e-02
-3.263035188815863186e-02
5.320458873584116635e-03
-5.715471991745947264e-03
-2.484736094248723385e-03
-2.740522318666097426e-02
2.796388262979161710e-02
3.043011927146108825e-02
-1.105942827208506937e-02
3.017370501635290372e-02
-2.174107480978190211e-03
-1.945482550112799872e-02
5.162168330977929057e-03
-1.698703289860264976e-02
6.338757083297795296e-03
-1.957386976628941976e-03
-1.104252745428182299e-03
4.623160269113926746e-03
1.786545820010629337e-03
1.209314913998588426e-01
6.853201225787652895e-02
8.908086950704964535e-02
1.345639338276289343e-01
1.551023274003719421e-01
1.399400576729557533e-01
8.038763661867714960e-02
1.746327821962929405e-01
1.335243062436520800e-01
1.397279445081429095e-01
1.096294553477265288e-01
1.564716829223260219e-01
1.106257889081258827e-01
1.343961387356038539e-01
1.194835694572578683e-01
9.358459565980076222e-02
1.363657816321006411e-01
2.446346523806592482e-02
1.105856209303081872e-01
7.116711745399691147e-02
4.389636341789150686e-02
8.292707316254163685e-02
-3.832455136388116662e-02
4.837717400632761400e-02
4.563673538667113727e-02
-2.898120404610337111e-03
-4.575165481955980468e-02
6.349806088997220210e-02
5.472892659470157337e-03
-4.057692456845114065e-02
1.897190182271702580e-02
2.219058196035085615e-03
8.431878771599059241e-03
-2.689479987283612331e-02
1.132133896360100131e-02
4.512113643930164980e-02
6.282667772377661421e-03
8.300953568985719455e-03
-1.256478956388798300e-02
1.863434068080046732e-02
-6.729308481593900861e-03
1.694048074067619480e-02
2.251501712807332106e-02
-8.081659390512620222e-03
2.698163311370412043e-03
-6.794718119232386923e-03
1.819458552152508624e-02
-1.966657077810309712e-02
1.267468843257520562e-03
-1.264230683056622763e-02
-1.200746935998805651e-02
2.934044475232579913e-02
4.243841625561725617e-03
-5.771011945317178898e-02
1.617143740705464725e-02
3.520030699154157172e-02
-2.769308327053168067e-02
-6.109754013158386066e-02
6.886751862075227160e-02
-4.590104566991828200e-02
1.677162935734126739e-02
-1.338960103733377767e-02
2.126848085964852531e-02
-5.831622016056767742e-03
1.429036410634328298e-02
-4.937503893749221537e-03
2.144779242865527472e-03
-1.693511134561102166e-02
1.333068844935390157e-02
6.482675109481800388e-04
-4.222346776457995207e-03
4.953380983265060801e-03
1.655510466972051967e-03
1.469921734878210096e-02
3.150517382045850282e-04
1.091737358274732193e-02
-4.336748758080262445e-02
4.743518010651840908e-03
9.444750214415835801e-03
-1.878387244486904098e-02
3.231077137405501815e-02
-5.688552028588016868e-02
2.594087045539032049e-02
9.696085676017098323e-03
1.440972791445089760e-02
-2.279840551591109585e-02
-1.932835569072535037e-02
1.181899616123686242e-02
-6.054859363794102591e-03
-1.466438553004588419e-02
1.624169035318415687e-03
-2.315388031452692355e-02
4.376561319001644884e-02
-2.078667194095936213e-02
1.177036528241431207e-02
1.844551657321730556e-02
-1.623726484117941210e-02
-4.151841267411711389e-02
5.039389901546351830e-02
-1.789098519122944708e-02
-4.435663628500777916e-02
7.827434455870760366e-02
-4.011691993198869544e-02
9.068085777218227311e-03
8.583556403927996084e-03
-9.643256164263272479e-03
2.987621113372182155e-02
-1.866511985421781539e-02
-5.335180219094246348e-03
-4.083366152227644458e-02
4.995833412749439706e-02
-2.949811566174475805e-02
1.108409866961124202e-02
2.789543330710127483e-03
-4.818624399713506562e-02
-8.895414632025847382e-03
1.257770045246605316e-02
1.247875699332779212e-02
-1.365308557907204956e-02
1.165194822517762879e-02
6.418717761369806263e-02
7.390432150971525116e-02
1.070133635357336938e-01
9.408074634043189777e-02
9.575502286003979846e-02
1.405504154403090789e-01
1.356175695075951815e-01
1.330520243181878559e-01
1.920371663826588859e-01
2.168748236268297214e-01
1.733886158555220380e-01
2.439929609567416391e-01
2.349554564159611059e-01
1.701752868918839645e-01
1.940857749473179350e-01
1.012382234732911862e-01
-6.323596881184532364e-03
4.250810409800968859e-02
2.826115001550180694e-02
-1.934083562583623420e-02
-8.486307898923687448e-03
3.754115108342291618e-02
-1.732402665645135439e-02
5.518108975547371051e-03
-4.250680174257266339e-03
1.469307092606843279e-02
-6.195848324252004914e-03
-2.350130588712714269e-02
2.821024204952607764e-02
-1.200662402100145278e-02
3.127761159617711839e-02
-3.737702253843829675e-02
1.151469045575528351e-02
-9.303932025966842392e-03
8.637901434921211805e-03
-7.736207484596096043e-03
2.100578459374115997e-02
5.365012108876150015e-02
5.968992970220297119e-04
4.944255711816023489e-03
-3.164964485455204479e-02
3.583512982624503795e-02
3.976277933856111647e-03
1.600218807794719436e-02
7.131276683253128315e-03
-8.900973617110864971e-04
-2.378032273905148104e-04
-3.756192515298271972e-02
-1.470349061349847039e-02
-7.539355261256123694e-03
3.059845914724014862e-02
-2.054707811461857492e-02
-2.316448155611999793e-02
-2.326465988475059227e-02
1.992251498731866313e-02
2.786420999480103064e-02
-2.289221867839117547e-02
2.886199370225576641e-02
2.466892267432371864e-03
-3.792625145167402567e-02
2.960964632022430182e-02
4.864081158004107674e-02
9.501737566857562309e-03
-3.420885836284802417e-02
-2.704480198362546432e-03
2.580693097851179119e-02
-1.438924436094803777e-02
6.199511955524187115e-03
1.468826757693760671e-02
4.100196806085443235e-02
-4.659004683938851310e-02
-5.257322678418897485e-03
2.752014835127217576e-02
-6.280632905666817117e-03
-8.666887824456525474e-03
1.180909848111165797e-02
-1.539764128875084322e-03
-7.747529335004350176e-03
1.826312795266511052e-02
-4.346940170056592251e-02
6.135379101221011960e-02
8.926590753769985537e-03
6.136311647255822399e-02
3.631669343734902217e-02
1.096313016328747530e-01
1.202707802094008654e-01
2.097554240514609147e-01
9.003694404086981518e-02
1.733673370640907707e-01
1.703806853725752524e-01
1.290181740921531039e-01
4.910427401652349422e-02
9.802858785452142620e-02
6.349477507428169520e-02
1.326573457793810973e-01
4.486225471867784365e-02
2.004294708172441389e-02
4.982342351270863112e-02
-5.073686874680784914e-02
3.959981289351170719e-02
3.054665746940569623e-02
-2.241699056479254382e-02
3.256618117802790452e-02
-2.335686770367915305e-02
4.084552611601596772e-02
-5.234371278531563254e-02
4.291873888435738388e-02
3.485941627471690618e-02
-1.201639314207627804e-02
-4.263605027015909127e-02
9.123922997364676546e-03
2.770110629794331203e-02
5.534114822350442997e-02
-2.761578436633354075e-02
3.786142537230222094e-02
4.147003804117528614e-02
-1.759703060344645908e-02
-7.297893987581445616e-04
6.482296987207214478e-02
1.631314034939891980e-02
4.866824129694247159e-05
7.743395320104493398e-03
1.898149709101437654e-02
4.487245376235426964e-02
-3.989645704444506197e-02
-2.011291359950994478e-02
-1.217441498857660571e-03
-1.252523018569282748e-02
1.651183148963890346e-03
3.715761029683331551e-02
-7.236769249540876692e-02
7.009079762577490047e-02
-4.352596360046522006e-02
-1.138341357468700219e-03
-2.096032683277755659e-02
1.425291734141714492e-02
-6.015632937558007542e-02
1.894999844666844790e-02
2.413583963329931498e-02
4.893074585719987823e-02
-3.273749168650294094e-03
9.697821125961500477e-03
-5.294507834459525469e-02
4.049452832514374018e-02
-5.706793493049627797e-02
3.867413246896066192e-02
5.628052636729520379e-03
-5.047489514398203342e-03
-2.083213781693069033e-02
-2.941746267524244715e-02
-1.796831074598896280e-02
-1.734302188893274352e-02
-1.955105950054888617e-02
-3.045411417298009987e-03
-5.364622373728945154e-02
-2.394754438227745391e-02
-3.261528392228065648e-02
2.568385632598512922e-02
-1.335955234004876889e-02
-4.913830526408213828e-02
5.884233869536621003e-02
-2.729496737578042398e-02
-3.322300049187588283e-03
-4.812683029524363054e-02
-2.292517135873115702e-02
-2.100852799740944316e-03
2.539775408097885018e-02
-4.658105643774551954e-03
2.337676374092918438e-03
9.390996004190202417e-03
-3.854230461555346876e-02
6.874781711697935949e-02
-5.353420904059678215e-02
-1.233632200686047425e-02
-1.959379171844501111e-04
-5.928997895886024133e-02
-1.048234539743910995e-02
-4.569801270097964552e-02
3.120947186652667932e-02
-8.013952328166033812e-02
-1.723112897833012358e-02
-2.481411063436657696e-02
-3.053712400403921917e-03
-1.733451195563595615e-02
-6.867481653364730654e-02
-1.177026392422061973e-02
-3.375685720558890823e-02
-7.896888097006348611e-04
-1.823937807919305196e-02
-4.918469789273424708e-02
1.047714023595849864e-02
4.908468449907649189e-02
-5.321413488428444055e-03
-2.178379664252038175e-02
3.115277445934703029e-02
1.589552545505451900e-02
-6.254806336892220625e-03
4.487483363393363067e-02
-1.320514135610982229e-02
-2.479856648239936109e-02
5.006275542453043209e-02
8.713499294809596424e-03
-2.858532953808485405e-02
2.797116990948726040e-02
1.420684055614148539e-02
1.866640237060263052e-02
-4.497773274765526352e-02
2.217823117451369827e-02
5.508539517004864411e-02
-3.554682933706720255e-02
9.932443920607719398e-03
8.761223341038608392e-02
-7.944696801870287928e-02
7.490678735058884166e-03
-2.568403959437961029e-02
2.839384865119111423e-02
3.440942028243879069e-02
2.631450971381825432e-02
-1.064686745570123383e-01
7.205376820700647514e-03
1.713093158014452819e-02
-4.072911983753046972e-02
-2.914820893549344150e-02
-4.291155066550010784e-03
1.987560971566287166e-02
-6.681794133365707988e-02
-1.982414023704408626e-02
-2.768877060897342868e-02
2.830818366914802237e-02
2.254885125125312764e-02
-2.156485234726130545e-02
3.195186687945619775e-02
-3.450085343787376996e-02
7.917276975375513864e-03
-3.976157259313032460e-02
-1.863553061552976342e-02
-4.328689470830583003e-02
-1.586440425944541516e-02
3.155428261781212385e-02
1.757925093411647974e-02
-1.934475773163547505e-02
-2.984727088559312527e-02
-9.309277494450615698e-02
7.668562646672019700e-02
5.956449508505049645e-03
-1.012278906978123991e-02
-2.117055650509107670e-02
7.365772400295911293e-02
-1.889145889950054336e-02
-3.418525941567859827e-02
5.779311777095107877e-02
-1.227822098840127343e-02
-9.471860795611769523e-03
8.825904021891507745e-02
4.246903785760428734e-02
2.987333754450710588e-02
-1.453371377359080965e-02
3.112887698990347146e-02
-5.533569948090292373e-03
2.017047070151881810e-03
3.334172054824901393e-02
8.992925203305263820e-04
-2.985939605144234676e-02
-7.019730880877299989e-03
1.369902838360081282e-02
-7.325169519800129453e-03
5.389895382397362489e-02
-1.796458066279777929e-02
2.506130322244213074e-02
8.803720068803292179e-03
-1.696569511929830673e-02
2.836864156724085845e-02
7.117869087976377851e-02
-8.140409179183202490e-03
3.143416185202606294e-02
7.735382260906590451e-04
3.276268122596218829e-02
-5.175145435063091548e-02
5.624696476083127644e-02
-2.033830371602736442e-02
1.093027629419665581e-02
1.912391623532521887e-02
-3.736192786976185592e-02
-2.664568030780777724e-02
-1.030477581699870866e-02
2.104413505752912236e-02
-4.807211478894873012e-03
-3.741029215322889262e-02
2.154935324235059124e-02
-2.899517927475230017e-02
1.256396291911618217e-02
-1.960446394932637698e-02
-1.915438767312521370e-02
3.527488134554444127e-02
-1.174501950894872929e-02
7.605559647179656324e-02
-8.746829717687261418e-02
2.330552061967399238e-02
-1.480933353135412654e-02
1.950185770288222209e-02
6.219239947945206376e-03
1.024869179203155289e-01
2.980977095026300303e-02
2.130205108743149847e-02
1.541407436540877252e-01
1.471929858164808536e-01
2.500552755011820061e-01
2.080332347292739026e-01
9.394917142680472844e-02
1.712203066151040121e-01
3.365657698907897899e-01
2.421814984052984565e-01
1.049721689711864692e-01
2.261203926022288258e-01
1.682559223592129116e-01
6.684331331147119748e-02
1.471107661744101291e-01
9.998209192757691322e-02
4.045611984010348550e-02
4.994971638933356356e-02
-4.869889668075750438e-02
3.253575841129059676e-02
-1.244239499384246217e-02
3.429122167846263003e-02
-3.271388048119971623e-03
4.143883890665099601e-02
-6.351285648387084391e-03
5.690087881431926675e-02
-1.890219993599382212e-02
2.156826800065633765e-02
3.072468432943172359e-02
-1.062670949037678933e-02
-1.927928612161805208e-02
2.721764993301491881e-02
-3.261204434735257007e-02
5.697985303875016325e-03
2.785840501124492788e-02
2.126244940501320277e-03
4.323988819033949133e-03
3.555725800635989309e-02
-4.674717993621522842e-03
-3.036623769284961180e-02
3.768967137817541557e-02
-3.165832844118923739e-02
-3.063095976495108785e-03
1.789617880511175374e-02
-6.492657876389600069e-02
3.447722486753874299e-02
1.299731849458608118e-02
-4.051439292595397645e-02
-2.933644657775054745e-02
4.550256190320733918e-02
4.699012701746307571e-03
-2.332804831537240581e-02
-1.077805527945299539e-02
6.516330056476288789e-03
-1.170331545095521994e-02
-4.416286584788939318e-02
3.345883899989135490e-02
-7.228443193011692414e-02
2.966589708349740354e-02
3.306721290353659137e-02
-3.916117132077585189e-02
1.047709303153044474e-02
4.307233325290277248e-02
1.510910447134263153e-02
3.519119276649439708e-03
4.192764844843314097e-03
4.007309474269114130e-02
-5.435208405144886790e-02
-7.602916779066194730e-04
1.518462368713529784e-02
-1.831493847033533601e-02
-4.156345567916575751e-02
-2.663441010600224937e-02
-4.409061461643733193e-02
-3.102319572946773615e-02
-5.778109681990757293e-03
-2.449997024256402728e-02
-8.233613697729985637e-02
1.063234183130210703e-02
-3.057402040145242028e-02
-6.689054089725916807e-02
1.416433528782476761e-02
-6.876557454480773657e-02
-2.372037541302446720e-02
-7.968715212711277585e-02
-4.284308516426102442e-02
-4.129709549527318946e-02
-4.742010796604525374e-02
-4.287978310836299684e-02
-6.026332848274508491e-02
-2.876915632813605017e-02
-1.369617901653033890e-02
-3.422072880330011280e-02
-4.097811334901053926e-02
5.429969880813721207e-03
-3.232148357128086791e-02
3.935026426186231593e-03
6.592824489692212728e-03
2.956583000753839480e-02
4.597539096868904357e-02
-2.849721180059967829e-02
-3.241699162739407683e-03
1.381076236919940789e-02
9.624950360164051533e-03
1.787545786336598025e-02
1.736715275868419908e-03
4.416460022433962851e-02
7.511158929849418020e-02
-8.610766992113660923e-03
-1.937656274176667581e-02
3.754702026685544092e-02
4.133857825176784351e-02
-8.792968454917705901e-03
2.627050099476165024e-02
9.751896940461541458e-03
6.583647969740559491e-02
6.456948199629504448e-03
6.127360004602890042e-02
-3.278449535798130809e-04
3.814688948018235548e-02
1.649298255290953391e-02
-1.719998564392297494e-02
5.100968295746875769e-02
3.278377635931276762e-02
2.599042792291966428e-02
3.400907308327892620e-03
6.198337720156682495e-02
-2.870954015748009708e-02
1.884823721503153110e-03
5.715411658900641095e-02
-8.856046550251898963e-03
-2.092774945435191616e-02
9.425777775088355070e-02
2.714113799921868964e-02
3.149246572110295239e-02
3.731626561933554936e-02
-1.041854759617024881e-02
1.700459117620521307e-02
2.474060358417095803e-02
5.053524056636850281e-02
1.853834543705300264e-02
3.478814622871372747e-02
3.508926761253591819e-02
3.794973437643169023e-02
7.743965485626395223e-03
4.831250593515157288e-02
-8.456935322036000791e-03
9.133584446000167500e-03
4.944656982955103475e-02
2.270445526745136500e-02
5.875206381372623243e-02
5.446262435203087782e-02
2.741081485344682225e-02
1.612892248024681494e-02
1.529236437114386490e-02
5.957177531146848337e-02
-8.204906359451265285e-04
8.626111913447993135e-03
-1.252660743140291896e-02
3.596624843315607278e-02
4.355663105329571350e-02
2.223620796834608129e-02
-1.070060649930169860e-03
1.629218314401671003e-02
3.512627826549689913e-02
3.239369926861496857e-02
2.715672169876728881e-02
-5.384532550528481343e-04
6.393283042402089777e-02
1.420566241404286681e-02
2.383811052911310319e-03
5.645616309270675565e-02
3.801529809888939959e-02
6.455377500528590440e-02
-2.422571701879466105e-02
7.737232284335472665e-02
-5.090813870044538780e-02
8.703981550062857286e-02
-1.634867286749030341e-02
1.536263816297676194e-02
3.193618360502684800e-02
-1.749174452480112621e-02
3.213476627772045291e-02
-3.245426726988735744e-03
1.596513512648783245e-02
-2.247051864787843242e-03
-1.438239232923834224e-02
-2.908806381678390174e-02
-1.554256273493980108e-02
-8.748067590491088313e-04
-2.964192548867005533e-02
1.515577685502284000e-03
-6.520679453594085961e-02
-2.103984847660344756e-02
-6.721570345319974327e-02
-1.146237078503310053e-02
-5.507390728864787477e-02
-5.758075070063145562e-02
-4.341949500882803792e-02
-2.197512489962024501e-03
-6.573850436372188910e-02
-2.995558573729299734e-02
-2.881481630741396238e-02
-4.610131742916177833e-02
6.920256072835639927e-03
-6.050847708102509437e-02
-7.729917991784782116e-02
1.201461304371382113e-02
-1.139524693184734982e-01
-2.468764681217114690e-02
-3.274399134009133017e-02
-2.667513294721665651e-02
-2.013073536121588042e-02
6.899640101490222763e-03
-4.019490812795870061e-02
-3.058377655148553087e-02
7.155498149539855912e-03
-1.038639402608215467e-01
-4.866550961731450856e-04
-2.839335305201765025e-02
4.409014768376610244e-02
6.971199826528324053e-03
-2.033416322327536579e-02
-3.915402990713631043e-02
3.608961453289002280e-02
4.949233473755144247e-02
-2.093558671918333350e-02
-1.360057391881356811e-03
3.040772688156940379e-02
-2.208550818728629780e-02
2.961144582820919233e-02
-1.805651117123366692e-02
