1.542393195237370673e-01
1.172342487615786466e-01
5.970603017554391989e-02
3.031161690054326452e-02
-5.669172136563419527e-03
-7.420014536834869910e-04
1.174663317543389596e-02
-7.734437513863527507e-03
1.327546145502913333e-01
1.519490151062816985e-01
-5.242554967733804860e-02
-2.419494846079524586e-01
-1.521696661180420018e-01
5.363721694685537507e-03
-3.515321690644897940e-02
1.213833163191525150e-01
1.431883689105021562e-01
6.342361670301419063e-02
-1.551914780862014183e-02
-7.909875707556446311e-02
-3.538157896034166416e-02
-2.588498491568288692e-02
-5.857888936807778557e-02
-1.820359311419461612e-02
-2.684520948680355415e-02
-7.348583316221135586e-02
-2.762010698186863431e-03
-8.500169115904317521e-03
7.109324547667801586e-02
1.772816614268606372e-01
-5.382810412164492665e-03
5.976436301610856677e-02
9.911610263610086402e-03
2.424302469396017595e-02
-3.646981448166083939e-02
6.970387652332559261e-03
-4.227668651356489976e-02
3.581012282674998076e-02
-1.895122555799911568e-01
-8.151065503627104303e-02
-1.688962347758486970e-01
-9.829681915720167931e-03
6.059449901897128177e-01
-8.015385482797913186e-01
-2.960060671342973904e-01
-1.076107268656630728e-01
5.553246197474431128e-02
5.010218462104470971e-01
3.954681542648747494e-01
2.572352762847113228e-01
3.224976445745372788e-01
2.791550835493659677e-01
6.992944622873137339e-02
2.822574305714078274e-02
-8.790292269357631583e-03
-2.398812634234829405e-02
-6.335393927387555912e-02
-2.157870969596803468e-02
-4.355479634893016233e-02
-6.164157655039327610e-02
-4.089116685912436849e-02
-3.851253368546780909e-02
9.352440242800474229e-03
3.546008367426825569e-02
7.032188402429925822e-02
-3.857580441090061041e-02
2.164772694175259582e-01
-5.455627344594922434e-02
-4.585923146000552356e-03
-5.898536724439307211e-02
-2.541129191002760440e-02
5.470765708555569429e-02
2.763928854139359459e-02
8.916386404553097722e-02
9.073714447086456136e-02
9.034744399503075174e-02
3.971357426363876508e-02
-1.422090272611328983e-02
-5.191240338849714697e-02
6.151319050030081351e-03
-3.635152305281819790e-02
-9.980897693707983798e-02
-6.941672552642531857e-02
6.934264401842178682e-02
1.393536315297309591e-01
-1.075161448297001603e-02
-8.602024083049619740e-02
1.112683384825395305e-01
-8.684054556721131080e-02
-1.100728664472747920e-01
-3.928275165190295987e-02
2.729128783330960969e-02
-1.001114799277424451e-02
-1.503148894006029607e-02
-2.891518072838179451e-02
1.974484231641001133e-02
-1.004333955430232600e-01
1.885103339663792010e-02
6.604084418960040614e-02
7.897526026801875154e-02
-1.207716576583711815e-01
5.573553766459106440e-02
-3.908706213924867390e-02
1.016825127833907022e-02
-1.636899198346356693e-02
-1.754763733439085316e-02
-4.204280705898845449e-02
4.566344069495693880e-02
-1.138146944275023609e-01
-6.305605491998382550e-02
1.821768462935988500e-02
1.079393458393127225e-01
-2.587243875730780088e-02
7.147341595312241280e-02
2.078856190529151590e-02
5.073988555168752052e-02
2.237756355597499483e-02
-2.659512335483207868e-02
-1.548518477434779606e-01
1.534705856624139254e-02
1.422700162938398127e-01
2.304156595359345694e-01
-2.780339043872633378e-02
2.927086677966756270e-02
7.288863464859007824e-02
1.174254204691971802e-02
8.869252067035648945e-02
-5.626366495486428976e-02
-5.102748158705065762e-02
-1.688662972543394647e-01
-8.027599439655293267e-02
-1.285220048018276620e-02
-1.919453957520976528e-02
-1.093090150405070203e-02
-2.635200601690724717e-02
3.155047430234730194e-02
9.175201224017803803e-02
7.907346985613930568e-02
1.267503678987915751e-02
-4.110265326840489147e-02
-2.649374307730181788e-02
-1.188037242137360006e-01
-5.519782813879894889e-02
7.374180537206011243e-02
-2.016509831807624178e-02
-1.197990132465231589e-01
-5.940159066989505326e-02
-1.210803988193165232e-01
-4.250753521963926418e-02
-7.706507980944371505e-02
-1.504776772769876036e-01
-2.126400708742234580e-01
-7.076097382536368496e-02
-3.100435492782118926e-02
2.327085185498898451e-02
-1.201916702072317183e-01
3.704245189359822721e-02
-2.816399789714303312e-02
3.462541112056138209e-02
-1.681621679002729408e-01
-9.342621240801893268e-02
-8.612215704744501099e-02
-1.321974655846350488e-01
-6.401417945561130307e-02
-6.797529705589380744e-02
-1.742572309787665530e-01
-1.205083115186112025e-01
6.307558736506864439e-02
2.252933682240272073e-01
3.932887971556714990e-01
2.120240509145781549e-01
2.145174699374500366e-02
1.117155720744992808e-01
1.205990804298341240e-01
9.975375797221039398e-02
1.413222060034680094e-01
1.293479303956704962e-01
1.119242892540868728e-01
8.793195183149327132e-02
1.003949770325867352e-01
1.188000931757865301e-02
-2.176773951341605742e-02
-4.617383055124672092e-02
-3.851324602212928550e-03
6.887871111112006206e-06
1.070754248158488353e-02
-6.318554833605107349e-03
4.367583717551213468e-02
-6.407838755677321141e-02
-5.593271603779682161e-02
-2.491179721748758291e-02
-4.421572261113513452e-02
-2.190087203953466552e-02
-3.888812415247744347e-02
-1.749651470511269513e-02
-1.779538187407720962e-01
3.266730881394330072e-02
3.426279613097063526e-02
5.646267700613443602e-02
4.370327573143256011e-02
-1.008408173136649683e-01
6.641678362322718521e-02
-6.703244363091521996e-02
-1.572011409356514205e-02
4.709992050841529942e-02
7.284201591480270188e-02
-3.942347712825279571e-02
-2.137889663741118426e-02
-1.593454626045122044e-02
5.128855929873214065e-02
4.762532114637821334e-02
6.975844094103203497e-02
-2.933658883262813336e-02
-5.283305053335733692e-02
-6.705665778326797000e-02
2.687301392387764221e-03
-5.646028999155831840e-02
-2.722686666454193771e-02
-1.167998156008151489e-01
-1.267060624583609407e-01
-2.508594126794701923e-02
-6.835073074983487318e-02
-6.354044405089354954e-03
2.687586328408845746e-02
-7.503898251033026129e-03
5.569310121207327047e-02
-3.707030819698175356e-02
8.938355697309042364e-03
-1.512616314563389706e-02
4.302910089306728053e-02
6.124929244956002494e-02
-6.262449421363112945e-02
3.884651105652518754e-02
-7.970009656224448513e-02
1.092644098030114280e-01
-1.579126884374202899e-01
5.609198266130943633e-02
1.046793267294718055e-01
1.930376086399565247e-02
5.026488634069365968e-01
7.348120624787001232e-01
3.653380743391835273e-01
3.366873017926850786e-01
2.558500537594410873e-01
3.714159045242430013e-01
1.525071567844264731e-01
1.990835153520992828e-01
2.102276476990685428e-01
-1.052195835185408962e-01
4.598769610219170800e-02
-4.343211955486273035e-01
-1.303140608008332313e+00
-5.323716454608711235e-01
8.099825542606435558e-02
-1.933177042542280066e-01
7.576501521602338474e-02
-6.626092916626494245e-02
1.601709127796330928e-02
8.051015061878863399e-02
-5.542848327191579605e-02
-4.615847379623002483e-03
-9.592590450832400029e-02
2.989873819803766028e-02
-8.386022025084759191e-02
-3.465892327965350989e-02
-2.693199409827530880e-02
-8.741188305919224411e-02
6.267528003437539130e-02
2.460872850198158809e-02
1.102229990711319288e-02
1.266771606372794623e-01
6.667262860169297090e-02
-1.132836730167766873e-03
-1.138968849607240458e-01
-9.144491688911589311e-02
-5.392602315174460648e-02
8.861541972910044751e-02
-1.630415818975243167e-02
9.680570572745460234e-02
5.014848867442528967e-03
-8.712152457218955148e-02
7.892459190943564018e-03
3.635715105908524786e-02
2.850042332395652349e-03
2.312614629686724974e-02
-3.103322058073031131e-02
5.445405460159687822e-02
2.575052215806323402e-02
5.092187292185994252e-02
1.766983401939564366e-02
-9.906475078526580727e-03
1.143208078020278157e-02
-4.894652016272982298e-02
8.312168764241313623e-02
9.890231110515951621e-03
-5.072754898424595982e-02
-5.319713114087445960e-02
5.567430224025182034e-02
1.793901944970254653e-02
-2.521067700153782967e-02
-4.730760505086518963e-02
1.927863783917660098e-02
7.583665334051495344e-02
1.097304087577362780e-01
-1.167945431439253307e-01
2.509822836742905613e-02
7.669427616475763161e-03
-3.008900235321736519e-02
-1.182350712498201695e-03
3.773163758724574351e-02
5.338552213778439276e-02
-1.687861616511968999e-03
9.642543191050606532e-02
-5.956661345272103864e-02
-9.644121716633209662e-02
-4.516385650228477155e-02
-5.657385653212949027e-03
-1.366795226482711220e-02
-3.984460259353196643e-02
2.566078118257063626e-02
3.279511198332805272e-02
-3.703480429296297088e-02
-8.478488936963810008e-02
4.262089176113472572e-02
-3.901644301046398866e-02
-9.380406372802189280e-03
-1.272079541117025411e-02
-2.241000599110933023e-02
-7.266814244140082368e-02
7.668443386424568520e-02
-1.858147052378046962e-02
-8.470849308177735848e-02
4.685386971582255339e-02
-4.932281392807875975e-02
6.747674119118429736e-02
-1.215069306880261213e-01
1.303155196298391993e-01
-8.071170031896046648e-02
5.079199387158885720e-02
-9.219249262400280864e-02
-3.668088811819428252e-02
-3.635582072042015805e-02
-5.206864761810144071e-02
-1.606592131126489617e-02
-1.094243817711717387e-01
-4.949510685442962132e-02
-6.840011416170882486e-02
7.595581001822919974e-03
-8.575368609284610144e-02
2.721758735305119387e-02
2.630457698635220096e-02
-1.016473383613425568e-01
-9.010342143562702702e-03
1.267087022267529561e-02
-2.490931033550104409e-02
-5.477204530103017138e-02
-8.243151102348705850e-02
-2.260892411285908565e-02
2.377048626336201662e-02
-2.415728894928416762e-02
3.220980155687457047e-02
7.241491265281153888e-02
3.074160193987263701e-01
5.355846686257323963e-01
5.405946704493457267e-01
6.133902175191678907e-01
3.678320393815625033e-01
-3.470207237212001306e-01
1.336697206314102215e-01
-2.739745867969276549e-01
-3.862102307594748041e-01
-3.268354897297238715e-01
-2.525134130386135212e-01
-8.267713004755272710e-02
-3.048316134007900136e-01
-1.274228434023436107e-01
-8.741544624797385754e-02
-6.520587316168799386e-02
7.856284560719845392e-03
4.938931498878973425e-03
-1.094782141655688962e-01
-1.984657246084207960e-01
8.697774794233484319e-02
-1.096522845788764633e-01
-1.762139083941357057e-02
-2.018551740868228684e-03
-5.872033422771795463e-02
6.263724294717568954e-03
-3.241708724963513616e-02
9.053462458234511068e-02
-8.685981519450927668e-02
1.827810772015542318e-02
2.354862936195509585e-02
5.540500207597386789e-02
-3.959409678321163667e-02
-3.627336527854423814e-02
1.102415376061255392e-01
-2.021993814792610034e-01
3.153889876858314255e-03
1.734377877582396199e-01
2.670019170851887017e-02
2.727137165247544084e-02
-9.420177174637787976e-02
1.879399711492412209e-02
1.540904300696314781e-02
1.546562728007168201e-02
-6.010263221875861150e-02
2.945698675638204825e-02
-1.288969619354062707e-02
1.071705694140894644e-02
1.077271898298548872e-02
5.964560060808202224e-02
-4.010927116080354599e-03
-3.128351838019260284e-02
-2.148487598564056966e-02
5.781240789251619605e-02
3.340323296416712606e-02
5.334222273398143283e-02
1.374967827777701795e-03
-4.011143224753490992e-03
3.999237527807752296e-02
1.111604712537760976e-02
3.116925958102142666e-02
1.036482469552847951e-01
3.586726467191109907e-02
8.273635336537069063e-02
-7.287939693428033272e-02
-3.884627047082993279e-02
1.105866507834926335e-02
6.062399599434013797e-02
4.676181652661914184e-02
-1.225568506913691375e-02
-6.126876452239892086e-03
-1.948040940491593126e-02
1.639241671301535849e-02
4.011735921816308309e-02
4.659531538341585288e-02
8.145384522295020038e-03
4.259154401003253931e-02
8.633245977908222957e-02
-1.996962862410466694e-02
6.997048817388257236e-02
6.505673157015039003e-03
1.266849101705040843e-02
5.450080380145065628e-02
3.039041849260547615e-02
-8.958385109662626855e-02
-2.518725495617310517e-02
1.908646599268456687e-02
5.254054144017209632e-02
-1.287036887940164707e-02
3.781550154064935304e-02
-1.588227346000237530e-02
-3.515427032480279018e-02
-1.499043035090555365e-01
-7.017855378361924357e-02
-1.062997455412226511e-01
3.399328320298044409e-02
-4.803570137208313523e-02
-2.508504655352218962e-02
6.416548989211556808e-02
-2.655954677333347697e-02
1.849461898289530743e-05
6.105652158260676740e-03
9.663398159110521413e-02
3.776795293398008124e-02
3.290222238420304618e-02
3.806357310101554647e-02
5.709832662525288899e-02
-3.256996521193827529e-03
-4.029507907701585651e-02
6.409814260087209892e-02
3.933096416358590475e-02
-3.852180365012978364e-02
1.571347705392244984e-02
3.697763391292783336e-02
-5.054152181647444605e-04
1.291209579197177826e-02
3.671157981614550647e-02
-1.186871535927998961e-01
-2.962659448100003062e-02
-5.024792562477912311e-02
-1.241054964272510219e-02
3.928425027039487982e-03
6.225423755823637946e-03
-3.812422503200714463e-02
1.459806273416042188e-02
-1.135561032657263908e-02
1.655385708866230141e-02
-2.091836651697002655e-02
3.941734607189265049e-02
2.005301139579049319e-02
4.377623648240054621e-02
3.289086553882154818e-02
4.744463698018569486e-02
-2.584277097279857535e-02
-1.684787562172284509e-02
-6.652372124657435215e-02
-1.913923307739316682e-02
3.317409531715097282e-02
-3.148997063744936147e-03
8.430255985310637981e-03
1.588442003100845948e-02
1.632540860270284000e-01
2.655451228497384131e-01
4.150577357682102009e-01
3.170602492548937890e-01
4.026118818721250436e-01
2.073690974485190852e-01
3.936307581571727998e-01
4.993040748717125776e-01
2.904265685703956712e-01
-2.226565764497414820e-02
-3.267820131174198894e-01
-7.869736575043279059e-01
-4.345192198220321905e-02
2.280978526378042159e-01
-6.017153246371885755e-01
-1.925012860968065009e-01
-2.714783810624883942e-01
-2.387532636139542697e-01
-2.431060870141127372e-01
-1.669782096569317753e-01
-1.754036540448871140e-01
-2.121063045742467568e-01
-1.138322236014625288e-01
-1.460649151557375791e-01
-1.024510810252632770e-01
-7.784437031009847074e-02
2.678926374349882567e-02
-5.438869719365647254e-02
3.530118539012500750e-02
6.789974078268124456e-03
-3.591851838228140442e-02
1.376950908747866589e-02
-5.071154751456905191e-04
-2.268929102950651214e-02
2.670503026272778510e-02
-2.085697240097472704e-02
-2.045452586462395694e-02
4.475037232925553610e-02
-2.137536771890115664e-02
-2.343804380164318107e-02
-5.776306583214885909e-02
-2.848251434469170965e-02
-1.071470143052157820e-01
-7.605698317589494779e-03
3.676864794147112828e-03
1.421357513184549372e-02
1.793458650693297018e-02
-3.139857858757693493e-02
-3.151355828343545273e-02
-5.282808457078153747e-02
-1.586899407638241166e-02
-8.191052348008839509e-03
-2.457875009354459558e-02
3.037707993475499951e-03
-3.266014897369819842e-02
5.414376433315038623e-02
-1.215092121649324723e-02
4.898450571543930959e-02
-5.111926728902767975e-02
3.557805628884738725e-02
-1.017127341642994620e-01
5.099867310918169278e-02
-1.329469688723856728e-02
-9.603073230418869566e-02
1.857871743397329634e-02
-2.331234947420392570e-02
-2.045285595994233291e-02
3.994069134091220857e-02
-9.740925881672898856e-03
4.091118666575432189e-02
-1.948059202913364962e-03
1.059574255117611344e-02
1.366190302829766454e-03
-1.599470664787108060e-02
-9.419785348534195912e-02
-8.542912700459969269e-04
4.400390351446469700e-02
-3.564381577843300092e-02
8.112636267377426602e-02
2.278791169230826377e-02
-5.949131980975513878e-02
-5.402744084549154086e-02
-2.058037008574918093e-03
-4.302254646527144816e-02
5.060313555885635056e-02
2.831059204734951568e-02
-3.448953253274551767e-02
1.667737988230549862e-02
-3.683991335171771242e-02
3.558796344389947297e-02
1.720681515132729171e-03
3.099765199244833638e-02
2.687294885515867024e-02
-5.202608832876745582e-02
-1.631949173481924906e-02
-8.605157879881697447e-02
2.229109058062533899e-02
8.568249464688481275e-04
-1.206954614052752200e-01
-9.783996808411202228e-02
-2.054104800069243564e-01
-7.217117552595368746e-02
1.309920693133077296e-01
9.098508177472618141e-02
9.520817781016427395e-02
2.874757237756499495e-01
1.175882683374786658e-01
5.894059073350267630e-02
7.054302172097123846e-02
2.407170103719464410e-02
-2.461519194372798966e-02
-2.274790292680952883e-02
-1.159141542229329414e-01
7.199662563274610017e-02
1.083359145907841076e-01
9.546669873123228914e-03
1.667333040179002008e-04
-2.715287582842694850e-02
-5.312005249361774484e-02
3.327789779433799888e-02
-8.695763876502385359e-02
1.572717444711397780e-02
4.110714373089207653e-03
3.469925968382080866e-02
2.777454106662792174e-02
-3.751041927074306309e-02
-1.223131087867584676e-01
-1.229204679273833145e-01
-5.383701073299946432e-02
-7.062367056916013519e-02
1.978215327256787823e-02
6.735561783137774400e-03
1.446826078240578614e-02
4.793880028983104474e-03
3.507291559359621697e-02
1.273813565298829997e-01
6.817307846063748455e-02
6.077389164932809479e-02
-3.146403555381868666e-02
6.471831345197830154e-02
1.592662169265360583e-01
3.295063915000757682e-01
1.340742053019201296e-01
2.995161603626259050e-01
2.541781931701072028e-01
1.073209166520888887e-02
4.906229823339859630e-03
1.194882246588007818e-01
4.058129067554514663e-02
6.984152750650937658e-02
1.041589960868216300e-02
-6.474569268570408431e-02
4.973036067536881592e-03
9.146183107277498781e-02
-9.143987447155020598e-02
-1.135147800457295131e-02
-1.705984653427524145e-01
-8.443387674226648931e-02
-1.311318368476537266e-01
-1.489841365828089292e-01
-2.884648936731617486e-01
-2.526473099311775106e-01
2.240418888331291436e-02
1.860361927256917181e-01
2.354153469134416532e-01
1.798231572677902734e-01
1.665995155030319530e-01
1.192893511343706275e-01
2.210761418487208474e-01
1.244498873992152671e-01
3.120146257087317784e-02
-6.428294018883351502e-02
-1.849556297517197523e-01
-1.174494060353192953e-01
-3.952376790490644970e-02
8.127964122239861311e-02
-9.082493233299803815e-04
1.006170942432811459e-02
-6.171169595606391944e-02
-9.058991755145395786e-02
1.388238644699522073e-01
4.755651268693805722e-02
-1.139601367930269532e-01
-4.183164157632587171e-02
5.397485939681057748e-02
-2.824726153251734193e-02
-3.884374836467196362e-02
-4.479767721197807154e-03
-3.730046791048749477e-02
-1.387509570106028323e-01
8.835879061014885461e-03
3.762440819988618901e-02
1.042147239671084302e-01
4.873474314505323729e-03
-4.040996024692430910e-02
-4.628637468821423379e-02
-9.382813163197861739e-02
-3.140584729187409496e-02
5.977014266529464409e-03
-3.123391443417401075e-02
-2.051235251717168501e-02
-1.268086388627580503e-02
-5.202947045855747018e-04
4.478682904962869721e-02
-1.066536582259438020e-03
1.019526395389674586e-02
5.460204429521270733e-03
2.752254009351930500e-02
2.067711077156500227e-03
3.463637197985749983e-02
-1.789010808431295077e-02
4.654616919438692157e-02
-2.659579319745640144e-02
2.607851961280295821e-03
-1.626514944565849580e-02
1.954242610753664094e-02
-3.492970339283549969e-02
7.357469489229612192e-02
6.299395126011897439e-02
1.942292153701498728e-02
-8.923999725163509270e-03
1.982218135693209621e-02
2.500761132946090204e-02
-3.087476719238655548e-02
4.581521166131225821e-03
4.823018742592141694e-02
-1.650739413180099258e-01
1.081588206038429888e-02
-7.595671572827360218e-02
4.422545901204848195e-02
9.686062040749134072e-02
3.739380146729662235e-02
7.191637528999741957e-02
-3.963573641344113330e-02
3.245773833688234827e-02
7.105019009898640679e-03
2.938259925026164704e-02
-3.535563548251110383e-02
-1.201307797806126232e-01
-8.968596791226045306e-03
8.805762760954449764e-02
7.952325625440258283e-02
-1.585850439145198090e-02
6.239472649582616243e-02
-7.948308021208435464e-03
-1.473027670421195312e-01
-1.672652071112613881e-01
-1.170726448116184981e-01
-7.556513065367262416e-02
-3.997669539973743372e-03
-3.757451186103995949e-02
-1.086215345582931535e-01
-1.701989224328510908e-01
4.015701842432152502e-02
-4.311213392924651000e-02
-7.669368758398421859e-02
-4.009088384577806294e-03
-7.785004372000928208e-02
-2.176277725531641505e-01
-9.048545385459594304e-02
-1.040554007546711929e-01
-7.715180530117698998e-02
-1.288015456414642879e-01
-2.010107494477833198e-02
6.920641557458928617e-02
1.603801303948428764e-02
2.277503349909836688e-02
-2.387665063352229899e-03
-1.042864846205731298e-02
-1.392515280311011692e-04
-6.098642704771872064e-02
-1.262029638524888586e-01
5.079389333209418517e-02
1.077517771335177871e-01
1.269682389499214303e-01
6.042317186025304709e-02
1.406793272144520740e-02
1.612400195582037662e-02
6.481023363099930323e-02
2.518152839010092681e-01
1.668572750021684314e-01
1.942112005661471852e-01
-1.533444342205960917e-02
2.954987969092482541e-02
2.798984527482429110e-02
-7.230427866141571347e-02
2.377006947025769087e-03
-8.101818292382037198e-03
2.010253823633264061e-02
6.411155202941390407e-02
5.357230785566681475e-02
-3.076869202861373664e-02
9.454571849176245102e-03
2.377831433167118536e-02
-4.239899375250848895e-02
4.784686110371538098e-02
-3.071044556012649668e-02
-8.486057652547342178e-02
1.116207813327650955e-01
-2.114180024432569735e-02
2.114489360215461577e-02
1.433646099689071286e-02
1.322203886796918526e-01
-2.346229181062541372e-02
4.040420469969380202e-02
3.192330359294212605e-02
-2.280193695609522477e-03
-2.362457856998839700e-02
-2.956067212881067705e-02
-2.938871328509445879e-02
-1.207894883223283944e-03
1.658372898724769923e-02
8.381450713505937677e-02
-1.542928828124081331e-01
-5.071630715061804795e-02
-7.785562128880998967e-02
1.669949014722181199e-02
-7.941883406595258432e-02
1.380342605999731846e-02
-1.599453115230239572e-02
-3.617915750684109338e-02
-2.957007672522294836e-02
-1.407950672777293633e-01
1.330382604432115423e-01
-4.840923763374982425e-02
-1.794654946602396162e-02
-4.604271605653878496e-02
-6.959618852036436598e-02
8.526521067827720624e-02
-5.645880932748104791e-02
-4.699589113796451278e-02
2.854460375418171186e-02
3.106621879515278697e-02
-3.382729412152820497e-02
1.541938212305521416e-02
-5.005236497223958247e-02
9.625309504461110333e-02
1.315154575627826023e-03
1.881521588852427818e-01
3.271843068537301225e-01
5.335422742578826982e-01
3.243765471008695500e-01
5.932459575342647895e-01
2.960753313576712786e-01
2.130712421975864967e-01
1.976387858867696412e-01
1.535467580989565428e-01
1.315916141973768466e-02
-1.445796833130545134e-01
-6.867186906451351325e-01
-5.497260272109073531e-01
-5.644047255521854600e-01
2.495653731888544391e-01
-3.525019842421056593e-01
-2.476042319771629141e-01
8.152394454665519430e-02
-5.520422820541183440e-02
-4.600447893730657406e-02
2.792813084245295355e-02
-1.207734850918223829e-01
8.448607373850693103e-02
-4.415165165160714333e-02
1.850102984727548458e-02
1.831889085205536116e-02
2.623401134612617785e-02
3.879590545762136300e-02
5.222366359505700023e-02
-6.717672971811736171e-02
-1.258155293929485302e-02
2.511362921024415731e-02
2.501302837693503145e-02
1.531524416761189007e-02
-2.770477789317586995e-02
-3.489700911009614714e-02
-1.022433703062875475e-02
4.673342157012113501e-02
3.480749461184627375e-03
-1.745757619742182437e-02
-1.451796413377901690e-02
-7.773368550895082274e-02
8.073627569230146239e-02
6.684352167567346459e-02
-5.177976158348911173e-03
-5.257361296856627713e-04
1.456218811654040601e-01
-1.185227225375132037e-03
-8.536328698841791351e-02
-4.472591670118667741e-03
2.607552233759572943e-02
4.957265320983823831e-02
-2.120498870956585152e-02
5.807084705115573425e-02
-2.059416214359194308e-02
7.959014558099629377e-02
-5.122807099177024981e-02
3.917487758715627183e-02
2.106683736764480147e-02
-2.184150019958379929e-01
9.526018769641059203e-02
1.902108372645763650e-04
2.971407197635941161e-02
-6.635492921470620073e-03
-3.540306006159223140e-02
5.625714702106721088e-02
3.655101429994998818e-03
3.792657709618378614e-02
-5.705347588358884031e-02
-1.774646019287401053e-02
-1.608661606543197731e-02
-1.929046506936207134e-02
-8.933257668509583804e-02
1.640983752210013399e-02
-3.085643619209748126e-02
-6.905300431050312437e-02
3.647096937603355737e-02
1.130507040171591787e-01
7.441726115589564206e-02
-6.928631687837528974e-02
1.151336296192032871e-01
3.426588528201757189e-02
-1.684992336799699675e-01
1.829005280187976853e-02
-6.606695582770658048e-02
-2.717343174106839898e-02
-1.517355842153717818e-03
-1.219654627133280045e-01
2.905127162896438756e-02
-1.225874651184921671e-01
-3.434714385078628529e-02
-7.822272052675670329e-02
6.633843146132495372e-02
1.203270239520932011e-01
-1.758132249646845446e-01
-4.374195476473132643e-02
-5.053265337169206284e-02
-1.674153635518006999e-01
3.050501410050149992e-02
1.468791655470096970e-02
-1.004431197303636177e-02
-5.315196576063410672e-02
2.785922688853415680e-02
-5.035807890240373563e-02
-8.149267870290491378e-02
3.798106031336868221e-02
1.245215759616291606e-02
4.235853552356346613e-02
6.378602892382505274e-02
4.136771461767746461e-02
3.659007309581344125e-02
2.061082426338076146e-02
3.542951103005055613e-02
9.226957901052167815e-04
3.188348778766687819e-02
1.286692529043389002e-02
-3.980469952937239209e-02
1.249403493856156983e-02
-5.847512794298168060e-02
1.499464421330112263e-01
-1.030435088450662728e-01
-4.215602826191058861e-02
-2.990526125437228608e-02
6.424852526015710497e-02
6.593494463977261910e-02
1.156494762696915618e-01
-2.941878832516092723e-02
-5.660768713797790889e-03
1.138385420686973681e-01
3.199828245554614536e-02
-2.168298908424029503e-02
4.460747303727362334e-02
5.187050894087653213e-02
2.519014418550691303e-02
-1.035119651819898547e-02
-1.914531485363171748e-01
-1.359367645789973378e-01
-7.531324187047352958e-02
-1.009359862982333184e-01
2.039435797715296456e-02
-4.795351795207424689e-02
-1.198089696716385377e-01
-5.918038976749726704e-02
5.712771424771577455e-02
2.373882561904606947e-02
-9.253875853837198809e-03
-1.029318365124434059e-01
-4.697420364925473241e-02
4.674198228993127480e-02
9.985503117343398627e-03
1.004113518367841518e-01
1.525157696552305493e-03
-3.334345792117580226e-02
2.690726367081332920e-02
1.130824902159353468e-01
2.551587236147211807e-02
5.317596711110034180e-02
-1.282173790918038694e-02
7.049812466242913467e-02
-3.671405643264564339e-02
4.211580853090568510e-02
8.936544229529422290e-02
2.105212347825008781e-02
-5.341976451132411652e-02
-7.891139578302501512e-02
2.227065023845134148e-02
-1.666307374790563026e-02
-7.462088744298979621e-03
4.395276873452656080e-02
-6.451510459134361664e-02
2.526809004420512220e-02
7.687944230466283585e-03
3.410495165752783827e-03
-9.433367507608635474e-03
-2.312017402577121877e-02
4.858891221656486820e-02
-1.596824447930840149e-02
7.045417004090437189e-03
-3.180121305635268559e-03
2.421926313210245874e-02
-1.609191174366508478e-02
-2.997014253347467672e-03
-6.228270803348636038e-03
2.929257571928497311e-02
-9.404094195895763147e-03
7.434223364449266125e-03
1.261734449714787543e-01
-4.547944798337032885e-02
-1.931322585242893977e-02
-6.584314695905342518e-02
-1.069914734379284055e-01
6.794333878388690573e-02
-1.549295778388502243e-01
1.443341990382881745e-01
-6.270839922587265192e-02
4.768619067405433648e-02
-9.983076626637420181e-02
-1.153034375343333848e-02
-4.189472610362424826e-02
2.616053042370979770e-02
-1.027813220551324208e-01
2.031529174483236860e-02
6.716104204259888688e-02
1.810212008359925739e-01
7.030693801300214041e-02
1.249874035194969424e-01
6.175156637091715889e-02
3.211971090617531804e-02
-7.800378541599635451e-02
-5.159157720523415563e-02
-8.776686356391913413e-02
-2.063001467975963954e-01
-1.385883599253503462e-01
3.024058682323477881e-02
-1.360430517554802599e-01
4.621903084392722794e-02
-4.242891911000938598e-02
4.163131162122931002e-03
-1.633417630548185395e-02
2.321562970287558304e-03
-2.727969153622642265e-02
6.966344456042827815e-02
2.774171436430294437e-03
-4.647370723666745251e-02
1.921356079876354317e-01
2.524100053538680943e-01
2.200007982431451958e-01
4.511821639274833373e-01
4.183547481144864189e-01
5.142136434404773748e-01
4.357216922837395812e-01
-5.148687411145740078e-02
-8.469816151342782207e-02
-2.707431551686513838e-01
-3.706444271070796215e-01
-5.156251390659888356e-01
-2.750387636151797044e-01
8.196904656967730907e-02
-1.737334325749395891e-01
-1.324835394641616093e-01
-1.884147020230309000e-01
4.109938718985096245e-02
-2.642534982031167351e-02
-7.305846838150188705e-02
-6.879348638665029603e-02
1.174436575743455745e-02
1.842173150597826992e-01
1.808384784820622412e-02
6.416326934774203850e-02
-6.782922721339645911e-02
3.382256812046865319e-02
-9.522562506490198087e-02
3.788334943806113270e-02
-4.847080155208424723e-02
-6.492627302555319113e-02
-6.722396963326744690e-02
-2.372483714390643400e-02
3.379198748649910218e-03
1.398038837372030455e-02
1.266436474971222373e-02
3.994002830160812284e-02
-4.744497443418774218e-02
4.796320235736906135e-02
-4.767587207952878742e-02
7.106086180691437160e-02
-9.501092135178397513e-02
6.303793944623925505e-02
-7.329422878959548915e-02
-3.845271311478036524e-02
-4.933917822412392518e-02
9.122527833451718471e-02
-6.200078178596912098e-02
3.724654427393201545e-03
5.048084935553424912e-02
4.881812021849699090e-02
-4.704146100461088081e-02
4.681349695052385712e-02
7.220104329610969353e-03
-1.889908512944495078e-03
2.240679520833730592e-02
1.117739476721814687e-02
-7.733028283572921519e-03
-3.443743596258327239e-02
-1.312058009373940487e-02
5.387259501825825136e-02
-8.269442462019438445e-02
-1.203424723958661409e-02
-8.086507927745262281e-02
-4.435295004635272931e-02
6.707663283233406340e-03
1.513048439546814047e-02
-6.726994217527063058e-02
1.805170146484788574e-02
-3.970678161298896863e-02
4.458008281154677427e-02
-1.289193412884130086e-01
-2.314688504905619906e-02
-1.266211532458657446e-02
9.339359361187160591e-02
6.829332161128806589e-02
2.322627170211628289e-01
2.658705585122346782e-01
1.869836781220778898e-01
2.138120540791350055e-01
4.704949531225030568e-02
1.716418335572588161e-01
2.364709037407239089e-01
1.326216217012609888e-01
3.605649850351098397e-03
3.584762202888707172e-01
9.483193305013094820e-02
2.565577233313881544e-01
9.664795456682001573e-03
-1.718132712245819815e-01
-4.164103995128025648e-01
-3.048988119263187357e-01
-8.594758629654726534e-02
3.024924381444259180e-02
-1.222140422251588726e-01
-6.334476889979850922e-02
-1.454148736304933520e-01
-7.464340652774183182e-02
2.337549437209490363e-03
-1.441487318571261222e-01
1.327539498253493822e-02
-4.114324312452384558e-02
-2.521217006062232823e-03
-1.463399331850067375e-01
-1.313222914532000407e-01
1.005545968141845631e-01
-6.588957556819785566e-02
2.819218929328849363e-02
4.739285920484755804e-02
2.080354783728248069e-03
1.463045506313860773e-02
-1.248807176141333158e-02
-1.320243369871257066e-01
1.715152481699859207e-03
-2.745046697008109160e-02
3.254233935826295054e-02
-7.082512160157777847e-02
-3.152597842228863512e-03
-3.403602488946527727e-02
-9.282642439894040268e-03
-3.621385447229113347e-02
1.398116790145883040e-02
-5.277390020628627831e-02
-1.741936613329983161e-02
-3.036405093775975533e-03
-3.948093650960906448e-02
-1.375286279647084872e-02
3.707482684197833250e-02
4.160325656085371582e-02
-5.294629913355469730e-02
1.048758531005853679e-02
-3.644662937852559403e-02
-1.638907650455710685e-02
-7.851361182337750211e-03
1.845243854264823000e-02
2.114492170672433238e-02
-2.848065665550393588e-02
2.280724869251986309e-02
-1.982730980536104304e-02
5.781874545524161302e-02
-3.438303730662615326e-02
-2.011285081028410873e-02
-1.294998397258259777e-02
3.495475819299633836e-03
-8.744008516840211243e-02
-7.534820132321891351e-02
-7.331074701822488070e-03
-4.457538229656812789e-02
-7.389354747221653363e-03
9.180754666839171727e-04
7.964676131136277579e-03
-2.543997891587079785e-02
2.349406583856971948e-03
-1.409523148841185583e-02
9.339055844995069328e-03
-1.816456745989726909e-02
5.890123742340774848e-02
8.582084204141702264e-04
5.208252748459766407e-02
1.586643585273566151e-02
2.022350527677798521e-02
-1.379376759368168281e-01
6.070238587507173489e-03
-1.025639716771524143e-02
-6.630539187649320265e-02
5.433347801599310717e-02
-2.440938328749124586e-02
-2.062561716384367708e-02
-5.902296068402606427e-02
6.876760489763662776e-02
1.827869736943182888e-02
-7.512932089249536871e-02
5.992834900525218639e-02
-9.121722576253488146e-03
1.018887152447793369e-02
-1.623597772496486111e-02
8.229547529182203169e-02
-5.574281318845283884e-03
-9.589794282912414425e-03
1.597924624175501782e-02
3.868166620493815322e-02
1.085733361993193175e-01
2.051552998131376052e-02
7.611772110142528414e-02
4.978510690545154271e-02
3.543878094298132109e-02
2.768221078935240512e-02
-6.742123002637065085e-03
-4.372594031322461078e-02
-8.181701222168601129e-02
-5.041613385682616744e-02
-9.349977997629096982e-02
-8.508862436829477127e-02
-6.583648464860113181e-02
-2.327845863215992697e-02
-1.008124636937726970e-01
-2.630594703513284942e-03
-3.048750133098608248e-02
1.345111831473219111e-01
2.815466451515378776e-01
3.975533054045086723e-01
6.230667763529246228e-01
3.593416403095054945e-01
2.604325409841399819e-01
2.881611143729043700e-01
1.366786749855178895e-01
2.395327841984174755e-01
1.548204249347465145e-01
-1.746480166976048520e-01
-5.984350689328809397e-02
-4.166914016051833092e-01
-4.609936576184013868e-01
-6.659200952762448500e-01
-8.108546551488142462e-02
-3.144294537142048457e-02
-2.429846322622104537e-01
-1.085505070941632511e-01
-3.582441047854854205e-02
-1.983481233043374661e-02
-4.378727666840271510e-02
2.366123653727312398e-02
-5.220621300189627612e-02
7.563524396339436906e-02
-3.037076944314298643e-02
-2.309832643165848757e-04
1.701721125674681909e-02
4.073871418201920752e-02
3.913469890795694822e-02
-1.971012977839683641e-02
8.308641904807678724e-03
-5.099352264003424035e-02
-3.369032763688640381e-02
4.097360492953989325e-02
5.160351993778632823e-03
-1.541904548841231985e-03
-6.292020703185217945e-02
2.441124974214602811e-02
2.326459443870969659e-02
5.232110055739198906e-02
1.473659779026975647e-02
7.307982696754453111e-02
2.804120053939174531e-02
-5.357306705318413270e-02
1.978662444654559135e-02
6.368830345982101279e-03
-3.800097335122801928e-02
-1.277179350055900331e-01
4.630139262345639439e-02
2.595571965537699782e-02
1.883722753681727705e-03
-6.711791126199725087e-03
4.125216059875126684e-02
-2.728346901910139177e-02
-1.788201638124713513e-02
-6.020960040591246190e-03
3.265582730286733376e-02
1.816044800831629821e-02
-1.994151853309426847e-02
5.724090263646552240e-02
1.879568252205613202e-02
3.426627663319421757e-02
-2.790188410137985422e-02
-3.621193827149127298e-02
1.541066310774740628e-02
-2.589990155696149030e-02
-4.251640588678853860e-02
1.832912685450929433e-03
4.669645012327456463e-02
-4.067739632308048706e-03
6.961641664455457679e-02
-4.852958295843944753e-02
3.936379918411196666e-02
-3.174059079792071469e-02
6.309064615204174054e-02
3.158172461478912785e-02
1.445173682781598565e-02
-3.327854159742703322e-02
-4.497997539847342608e-04
-3.661040525906052168e-02
-5.479159060342683046e-02
-2.928932794672520906e-02
-6.573344927122559689e-02
-2.395580765230546916e-02
-2.466070100097359549e-03
-3.868127848699247362e-02
-4.715868328691703165e-02
-7.970257053116033830e-02
5.529188015739193440e-02
-1.936595388281801139e-02
1.375107801091248610e-02
-2.658623638163373423e-02
4.079720966657213871e-02
-4.389227214741132227e-02
-4.406584119040795472e-02
-1.501500731958195153e-02
-3.335017995974427774e-02
-4.326562904864099390e-02
-1.822328594705587695e-02
3.363748754718851736e-02
-6.032660623817569261e-05
-5.329822407038393300e-02
8.429384495695246837e-02
4.194805358159855307e-02
-1.421221462267660204e-02
-5.622007167173918851e-02
5.845653371949003502e-02
-6.997049998705226481e-02
-1.065723593928077050e-02
2.894331837559978651e-02
1.008754228561263913e-02
-4.984045934447844071e-03
-1.810773430107212936e-02
6.263279305763130855e-02
4.567260046509062643e-02
-1.355193626336557433e-01
4.515593491499172996e-02
1.799236870955975981e-02
-2.291672937254402801e-03
2.005556625835097292e-02
-1.633013992845150364e-02
-8.125130738756047855e-02
7.454955446628148963e-02
-1.862192746502063304e-02
2.040029904043632464e-02
1.088729564974685871e-02
-2.584093568597446017e-02
1.043387048903284542e-01
-2.595601782007108532e-02
-1.329565757023675084e-02
-1.022862456366691597e-01
5.380497903504482399e-02
-6.297942009078537351e-02
1.954079003121093061e-01
-5.598968841488031339e-02
6.653713392852338149e-02
-1.593186850746906164e-02
5.332832901295764608e-03
1.660586128913288384e-01
4.503409027335592701e-02
-1.392969603314651306e-01
-2.326484741650399479e-01
-1.896346144019234528e-02
1.039086987881399993e-03
-2.554199960169813433e-01
1.316973684198620084e-02
-2.888174360578671940e-01
-4.706913074090320892e-01
-5.607216279400298875e-01
-3.619459431152639850e-02
-1.432234189794441837e-01
-9.067690597330152480e-02
2.998718032436070366e-02
7.934367704833956980e-02
2.988645855738860657e-01
1.935238159710994388e-01
3.260202721372555956e-01
4.266912459090264620e-01
4.945125348550782340e-01
1.851541836104846905e-01
-3.502244413913738197e-02
-5.412715895880811090e-02
-5.766634171663265196e-02
-4.607451769120245177e-02
5.339089177155790372e-02
-7.871007610666772014e-02
5.949042352475105572e-02
-7.024210452880524924e-02
1.148300017048797944e-01
-5.783201730476757174e-02
-7.532290278507357446e-03
7.859666091222460016e-02
-2.227808879005361078e-03
-2.006719909975546168e-02
-4.959182398440744460e-02
1.041022831006808286e-02
8.818956695066458573e-02
-3.213719828424985159e-02
3.098683695109811370e-02
9.474402318720959171e-02
1.127711635513512119e-02
-1.942677499710904546e-02
-1.381254163788209893e-02
6.352787611594266914e-02
-2.852174997322533267e-02
8.246661946236305551e-02
-5.307249550278796829e-02
1.535422054803129918e-02
4.175168244448253241e-02
-1.211787931632334232e-02
7.194664825347948933e-02
-3.357265156225387737e-02
2.152684853934586084e-02
-9.798609145974855605e-02
7.920812448585634602e-02
4.581307268817216838e-02
1.906292776607867653e-02
3.234047568580388637e-02
1.314203761577617188e-02
1.110803323463655512e-01
-3.025061179126534508e-02
-1.966772561558071120e-01
-1.730810707180647709e-02
-1.646435079894163767e-01
1.170177420311823147e-01
8.114654033851455284e-03
-4.994960543783329154e-02
1.031055185254626527e-01
1.113367274325035433e-01
5.692965682249685917e-03
-5.859122226496273761e-02
5.016288640060087567e-02
4.022391430100030751e-02
2.086723262486340699e-02
-6.818670806517483640e-02
1.129909233349952746e-01
-9.371994850238693497e-02
-2.540678891124694208e-02
1.442895425563085060e-02
-9.355585572701058047e-03
-7.818241498971539860e-02
1.093841107908696542e-01
-9.407451516689453730e-02
9.348173562617347054e-02
-6.938914592384042013e-02
8.247185649920962813e-02
9.669865111470314634e-02
-8.384184708059366775e-02
7.422044672470891336e-02
-4.573265944069101335e-02
6.639200420632758448e-02
5.344212207817847921e-02
3.289409552639566831e-02
-3.436094609986512644e-02
-9.217073966047421851e-02
6.627029875057372692e-04
-6.760041160723317955e-02
3.834767220796035658e-02
-1.273744156670559430e-02
9.796686213676639166e-02
2.330630499844452835e-02
3.596694997866859995e-03
4.062369757031582262e-02
-7.660098407171171686e-02
7.422559958316654605e-02
1.607743730728692158e-02
2.146184028844691852e-02
3.284568452274715805e-02
-5.190972446076810853e-02
-6.492613184956151640e-02
5.774953092508142150e-02
-2.979836820278466709e-03
-3.142497255803422540e-02
4.664433403653539534e-02
-2.087714311924424720e-02
2.290708845417497100e-02
-5.243574493596531161e-02
8.798564076093336184e-02
2.774040356154782935e-02
-3.863406860671281945e-02
4.991859803709473506e-03
-1.134308650334778061e-02
4.012892452085806833e-03
-2.307052172510908050e-01
-3.141468569813196665e-01
-2.567600764134747582e-01
-4.797307883758841762e-02
-4.768412420381858419e-01
-7.935327907627144350e-01
1.513464065281367454e-01
-1.194300320900947010e-01
-6.275233591352676887e-01
-3.111227304188154963e-01
-3.790275140260623288e-01
3.881801563698328988e-02
-1.436090235472768373e-01
2.597172592459093612e-02
2.765169068977605948e-01
1.345874936471565864e+00
7.135020530531621663e-01
1.766017375023390679e-01
1.252317110378983467e-01
8.519053085553947302e-02
-1.836133165377058230e-01
2.177342373817657273e-01
1.095484142796860488e-02
1.641211729759922133e-01
6.491847068264876286e-02
-8.023846750846004572e-03
-5.580728629368382487e-02
-4.360210474050917745e-02
1.638665158283580600e-02
-2.549676719248518408e-02
-1.317683559268957366e-03
-4.526337267087425162e-03
-3.695578747948943810e-02
2.200146819106063925e-02
1.865554205460899784e-01
7.414095414107692295e-02
-8.416550326428952344e-02
-1.041082526732913238e-01
-2.544034194859001383e-02
1.216437732445652814e-01
1.592809263236417971e-02
-7.551798353967335842e-02
-6.302847566379676802e-02
3.117022006311206267e-02
1.283511071580807072e-01
3.266851559119900161e-02
9.752105460824417316e-03
1.250508173571340809e-02
1.273118118722885717e-01
3.873113362197675574e-03
-8.843012259905286276e-02
-1.460076515968793398e-01
1.071090783166395721e-01
9.846692093945929800e-03
-8.202544875620913431e-03
-7.020558165759743785e-02
1.125967247349723421e-01
-5.255126566510084224e-02
1.058291205819403280e-01
4.124029762836279797e-03
8.234890164591249229e-02
1.469152236134076833e-02
7.171678854134913572e-02
-3.028922017493316729e-02
-4.754656542953774462e-02
2.232572878302114400e-02
6.026634680464965088e-02
1.665650100396762548e-02
-2.180597704867593897e-02
8.996802752595527489e-03
-4.478916456338546265e-02
4.178035277581435697e-02
7.106534705967927634e-02
8.920797741321653818e-02
-2.968929109723792564e-02
4.574204023458480067e-02
2.796404078194805395e-02
1.733670765747132581e-01
4.634874784847176771e-02
-8.400384625899996738e-02
1.133387130256874147e-02
7.086459799187773412e-02
-2.563011624313976666e-01
-3.064072687167050946e-01
-2.371871626832109947e-01
-1.224400391956003697e-01
-3.419413222556461629e-01
-5.641362730686515503e-01
-3.728201895408491118e-01
-1.767476718857743379e-01
-1.005521077809508682e-02
5.294885212739521008e-02
8.771195044998883819e-03
7.591820109124033933e-02
4.216079217818100543e-03
3.175999988426458226e-02
1.457675267671979802e-01
2.879524465025189439e-01
1.421915516361387244e-01
2.691042618431962463e-01
1.466723887701227025e-01
9.307131383064437546e-02
1.987545113037807176e-01
2.574489917065282407e-01
1.889601416388992650e-01
-3.592911745835782045e-02
-5.202812554415719992e-02
-2.412253787902880059e-02
4.194005836232060636e-02
-2.320451742470816189e-02
6.991472669752202794e-03
5.076662541734811018e-02
-2.136642424497979531e-02
1.272839706336214259e-02
-3.969667387816022686e-02
2.711667164350687123e-02
-3.631450343967142919e-02
-7.150499860674164321e-02
-1.398069906114221203e-02
-1.197442865683239974e-02
2.689716482233437192e-03
-5.879661897742435861e-02
-1.238289989996086207e-02
-8.504789771312934454e-02
3.747257908559704226e-02
-5.495528554065502724e-02
5.483324978420860835e-02
2.272690634991693783e-04
4.669895387135079845e-02
1.570000164620706865e-02
-4.727058691216409758e-02
1.793705490824888324e-02
1.438625591190170229e-02
1.518957676773537158e-02
-1.021690285470066989e-01
-8.194030614663174242e-03
-1.793685630744906723e-02
-3.266363097977781262e-03
-7.598771253741284926e-02
-1.111668176659042807e-02
6.311111521686003749e-04
-1.123126859371130319e-02
4.297732128203921725e-02
1.340917522349308576e-02
-2.555800801905629485e-02
-2.418119322333779977e-02
-9.065421523218637756e-02
-4.754863781199060967e-03
-6.359970582598629442e-03
4.698543629951488013e-03
1.965366431755060858e-02
-1.106229984395622028e-02
-2.057519979596146228e-02
9.224106513214414688e-03
-4.796883296519764001e-02
-2.653531720030091051e-02
-2.458529302543284792e-02
-9.857516582691799520e-03
5.163267477139370232e-02
1.792930592671547474e-02
-5.302478149013285791e-02
6.498589533809123742e-02
-2.798309903551174024e-02
2.148301165923135678e-02
1.839174618979604395e-02
3.266908226066205650e-02
-2.650095858436293458e-02
2.619360054855475808e-02
-9.702741714575083970e-03
1.908434989487676342e-02
3.572118906393204063e-02
-4.147859877072300472e-02
6.670682202929960336e-02
-5.439155448995942194e-02
2.419997865656367889e-02
-2.008615826334269727e-03
8.597480370401160490e-03
-8.693026215058922979e-02
7.907357047501710479e-02
-2.444057118906429321e-02
7.000004287760967780e-02
-3.058686732040594852e-02
5.910185888977452506e-02
-3.959996285609397593e-03
9.868338584925150786e-03
-1.244741654104464385e-01
3.902520044449332703e-02
3.087621078095146784e-02
-1.748688992974755108e-01
-1.010208662203317259e-01
2.211890081443023195e-02
2.696117089696040831e-02
-6.214118940213663594e-02
2.188904887249017162e-02
5.219260852418344115e-02
7.136691745122382413e-02
-2.858366179650364755e-02
2.819755879827395839e-02
-3.893616942429422179e-03
1.600317303359850840e-01
2.085140013729133157e-01
1.112892571575090778e-01
4.022527410860764485e-01
2.525221046859320029e-01
8.401068249038102786e-01
3.732361820740411895e-01
2.518365574289152531e-01
2.551449638131489950e-01
-4.983665643685709079e-01
5.952424898922572538e-01
-2.851443165106722355e-01
-4.348149460992785653e-01
6.841079043513455249e-02
-4.135512064015977041e-01
-4.981163903174322116e-01
-2.392393119976302385e-01
-1.724480265296381709e-01
-2.324556576098338323e-01
-5.128403123619189666e-03
-5.398232592849765143e-02
1.035902661742291869e-02
-1.166562699474130993e-01
-1.632277987942723496e-01
-5.156730561528818230e-02
7.008120949340214401e-02
-1.936820715963038370e-02
-4.085816566051836407e-02
8.943940852506114536e-02
1.661503771160138115e-02
2.194240754456277739e-02
-5.701228675345268448e-02
6.829973866194748167e-02
9.225702889818677629e-03
-1.203052515198081880e-02
1.490083824256459299e-02
3.163237784005976799e-02
2.808411611535611280e-02
-3.500617395701776519e-02
-5.472345909767799277e-02
5.735731835585713284e-02
-6.710214244246427706e-02
5.499894605393407243e-03
7.563223697922790735e-03
-1.117535458819130662e-02
-4.458001425202924584e-02
2.561036584723535431e-02
-6.205595980020197494e-02
4.979109381605585638e-02
-3.678667266678380121e-02
4.618065404781634964e-02
-8.366729572774235860e-03
1.971146202172109965e-02
1.046906978527540333e-01
-2.938230877437894226e-02
-1.425871997319298583e-02
-1.741670900877816813e-02
2.562305457134601838e-02
1.278660224519705298e-02
-2.904933048036785828e-02
-2.762133796132769034e-02
-1.817269930603671382e-02
-7.852408767830056438e-03
6.704794394148504144e-02
-4.493419749954492837e-02
1.036198089076562426e-02
-2.728302529794206233e-02
2.749662091456443747e-02
8.763450229274275666e-03
1.151785886473802312e-02
-2.183522539190669437e-02
-1.845312888327515013e-02
4.159904042317402045e-02
1.507552531081694618e-02
-1.356569983883923816e-02
-3.998393605815773327e-02
-2.393975474439144491e-02
1.623014555917821206e-02
-2.537001936528287399e-02
7.298175574013257561e-02
-1.642038409214050323e-02
-3.382382246889223398e-02
-4.478738737444269702e-02
-7.403914389003897825e-03
-1.089572354143194220e-02
3.495284901530413407e-02
-6.271590964942622137e-02
4.548520131989202547e-02
4.314758316397206833e-02
2.429838362556263967e-02
6.899381413601646251e-02
2.034377140499443737e-02
3.721146187456704935e-03
-1.484898076496816155e-01
-4.691951235405272813e-01
-7.820538626758657408e-01
-5.439253476153433908e-01
-3.766543111827691526e-01
-7.788178458440968288e-02
-7.173333727602455856e-02
-1.153240807399703027e-01
-5.632967803864096651e-02
-7.768776395466750473e-02
-3.992895539426683654e-02
-7.274723111221678695e-02
6.859429661571036022e-03
4.620455284479660363e-02
1.957566789907871918e-02
1.224959256525633144e-01
8.868918751598519473e-03
1.161071491280444706e-01
-8.512246224828037486e-03
2.173311817014547676e-01
2.467015422863752250e-01
3.884878723585012961e-01
4.775914945827950953e-01
8.422419491136634573e-02
2.570618659935322917e-02
8.017612103177830518e-02
2.625639867299022975e-02
1.660121215029836672e-01
-2.689081768260102954e-03
2.578532631797476882e-02
1.260476690240387200e-02
7.093308307448581429e-02
-3.163025135176861929e-02
-1.656147063477695497e-02
1.048332713409271325e-02
5.591874549950019702e-02
-3.352784565480627921e-02
-2.872238348144499388e-03
1.437316488519707093e-02
1.844511876173019968e-02
-7.833868368094246137e-02
-1.088479768007377668e-02
3.501840479173053133e-02
-1.380659367092526742e-02
3.352705536385978263e-02
2.239149485870442144e-03
2.888440960164457422e-02
4.045349829666455149e-02
7.116446645660835790e-02
-1.358766270821784757e-02
3.833042236135624642e-02
-1.496124603727197466e-02
7.512740978104293088e-02
-6.023336854032412813e-02
-2.647003465775265782e-02
-1.420219801964606350e-02
-3.615029204638815080e-02
-2.182409748682328371e-02
2.636393022583017123e-02
1.392753472126301642e-02
5.833127034765186320e-02
-1.363562666544737914e-02
1.936687434576684144e-02
1.467356993297351808e-01
4.801514759697295132e-02
-9.161506233303644449e-04
5.254398812721411405e-02
9.398631674183182544e-03
-4.950757884627075139e-02
2.343573412077698537e-02
-4.297564453550680591e-02
-3.575479089132405780e-02
4.286030714098404415e-02
-1.845129005620044921e-02
-1.090971972577351595e-01
5.036681038989012510e-02
-5.924661040644822740e-02
6.428946575618205150e-02
7.064745963110889704e-02
1.976885333701544276e-02
-1.220452046691380271e-02
2.910766173605540755e-02
2.945140588479114307e-02
-1.163100013405006863e-02
3.478147723114639878e-02
-8.020669592993909421e-04
-2.314985178618478648e-02
-3.781977023469072774e-03
8.875368094421580423e-02
-2.939355307151901228e-02
3.437761599026041559e-02
4.755732970745634586e-02
9.970104820915891286e-02
-7.038205026504098030e-03
8.784971774697505897e-02
-1.734766605913878532e-02
5.009622239509777669e-02
-1.380824395472910089e-02
8.657923896232927463e-02
-4.383806303124200554e-02
7.878984016476710261e-02
5.157211095994251870e-02
-1.976926064320732451e-02
1.134466858053199828e-01
-6.768189071028993253e-02
-6.401245583550119189e-02
-5.781769613365116134e-02
-3.209516058153898815e-02
-5.208749162815242556e-02
-1.700076926018300461e-01
7.012841494647602258e-02
9.289104322339877817e-02
2.719106794687260048e-02
1.113797664861446435e-01
-4.123300417867788864e-02
7.179716795489896053e-02
-5.142264557910320583e-02
1.293029434063484688e-02
-1.619616824805302120e-03
-6.117025508205904683e-02
-1.008232032322775862e-01
-2.394770007239817589e-01
-4.041302189745893947e-01
-1.974074564400460918e-01
-1.995984323081384862e-02
1.883227491484769714e-02
-4.580699490607615526e-02
-2.793261891657757290e-01
-2.466912394682700960e-01
-2.087187955509554049e-01
-1.370960814003337747e-01
-2.418847465190804846e-01
-1.805042450046286939e-01
-1.878703227761937822e-01
-3.639761195812823980e-02
5.209418283593889587e-01
8.250767494595103724e-01
4.239684299657714428e-01
2.034348151683822714e-01
5.456913907210147324e-02
3.490371274303186166e-02
1.748118843219996499e-02
-1.253454283457864360e-01
9.861604270716780099e-03
3.381271940753719646e-02
-2.813804825752613467e-02
-7.506474326390987981e-03
-4.234795212278779503e-02
8.624811798240001031e-04
-5.707394932163041557e-02
7.002960853831570465e-02
4.074218022814674739e-02
-1.294920681753134774e-02
-6.017870616383347825e-03
2.429666456908477143e-02
3.099959744611677573e-02
1.180496860894567415e-02
-4.486700305777346215e-02
6.222838901485482771e-02
-9.282623353231737526e-03
-2.647218867454924698e-02
6.010657683391357198e-02
2.990925683345046701e-02
-4.756399759036875584e-03
-2.635655811863904172e-02
7.374234125604545165e-02
-6.415771709149787304e-03
-2.205941451278833204e-02
4.578284955366682119e-02
1.319849876886540702e-03
-4.606789023281575995e-02
9.683882454931566630e-02
-1.369303273603815832e-02
-8.377601225866181112e-02
7.890386707946826783e-02
-3.835876338578403811e-03
9.065897160661032239e-02
8.872116161996120021e-02
4.702357812158632078e-02
-1.050857189684214349e-01
-1.528651290429584308e-01
-6.568757972351822738e-02
9.540823341231204069e-02
1.518520508520950496e-01
1.827768964694596876e-02
-5.603803662904349725e-02
1.959721883046677132e-02
5.729711262008298049e-03
5.999484722934477626e-02
-1.661733760218065889e-02
-3.048578040763021482e-02
5.054049394700230874e-02
5.260286500153003864e-02
-5.709589446052455762e-04
1.049846863017209198e-01
4.935708236734011323e-02
7.220536568374816278e-02
-4.585153855405179474e-02
1.252465086749352252e-01
-7.751304566676596453e-02
5.251012026361544932e-02
-1.479520987134549659e-01
-2.256297106232042771e-02
-6.194937916513513360e-02
-2.924285497753089658e-01
-2.935240703067699686e-01
-4.601885018359968549e-01
-1.963056487861369048e-01
-3.052054151909724955e-01
5.304800441007036585e-03
-1.679970718764653148e-01
-1.394302522248683784e-01
-6.729822795945233915e-02
4.039755609364394789e-02
5.381156884471546276e-01
1.665080568144082229e-01
1.184234283708668345e-01
2.366545698598483960e-01
6.129425092388172264e-02
2.883667571800214158e-01
6.705070243786723228e-02
1.470058117836504641e-01
3.269188781325034487e-02
2.338640647307572637e-02
3.485782739671660496e-02
4.168167853560261760e-02
5.929637604666341709e-04
2.841661066580507961e-02
3.718999902742243374e-02
4.897573206280279867e-02
8.081762026195302151e-02
1.493881321961847662e-02
-2.533098302311249245e-02
-3.251481855953884670e-03
-6.893603012678926889e-02
-7.552570496540020328e-02
-1.094142730318293788e-01
-7.213105177451756278e-02
1.381162903747689547e-02
-1.539215863601088863e-01
4.202265254117060894e-02
1.536211390987155087e-04
-2.413752203507552041e-02
9.501185213761076387e-02
-3.997140065233745210e-02
3.779694298964748900e-02
2.127194462491430876e-02
1.066464973507384208e-02
-1.256628941313760461e-01
1.194757855489906734e-01
-9.850511618750268372e-02
7.245868340411239228e-02
-8.408482915455603446e-02
5.554987432070421227e-02
-4.621047676440342977e-02
7.797984213954452237e-02
-5.321035987183457550e-02
-1.919702807948105855e-02
-7.016842138902817938e-02
2.514605177167628450e-02
-6.211225277986727467e-02
2.391595311805096505e-02
-6.600140409575919187e-02
2.025511688507507322e-03
-9.481098328981982584e-03
-9.868293418368196193e-03
3.946723160726943111e-03
-7.376374728214113441e-02
8.638207227912496344e-03
4.067363132182934271e-02
-2.145856574717720094e-02
3.641991244072997208e-02
5.111118967870148522e-02
-4.402114438792886775e-02
-1.838652223275063710e-02
-1.062468132624806716e-01
6.584655844224733545e-02
3.232706972850136942e-03
-6.740503581246227484e-03
-4.029568179051649240e-02
1.253071498321156330e-01
-1.566197524580260902e-02
6.134393059442985047e-02
-2.425358280954411500e-02
-4.363737702913931399e-02
4.027643281920664786e-02
3.115385723957083200e-02
-1.648928892205905536e-02
-6.947430005963671495e-02
9.199052542034030777e-02
1.674283180524508696e-01
8.802040841981187413e-02
8.698262711697060667e-02
-6.740305139853934591e-02
1.415164575868983060e-02
-4.899610425490771165e-02
9.219913774812138474e-02
-8.831566756201002233e-02
1.494372920609725597e-01
-5.476194921323111059e-02
4.114942020657560290e-02
-8.721258877930700149e-02
1.319074533624393641e-01
-5.081610727526034849e-02
5.146808777622494807e-02
-6.370770946763415488e-02
5.122841752554853356e-02
-1.192923822205408657e-01
-8.246793913454164571e-02
-1.957162325432485750e-01
1.578640842020207283e-02
-7.154102579858939714e-02
1.479600425356846286e-02
-8.539261229597626401e-02
-4.011356032863077486e-02
-8.958718765000001083e-02
-5.300354511690740650e-02
-1.110400392287058807e-01
3.392931957158038664e-02
-1.460959908077432978e-01
8.242042271369917628e-02
-2.476442261162048464e-02
8.215714541736715559e-02
-1.781520664713896057e-02
7.723263625299689461e-02
4.788679171542450930e-02
-3.352386393736523501e-02
1.643508290124456525e-02
-4.398914805560376340e-02
1.494771111325743085e-01
-1.996273913192522786e-01
1.311118041071828999e-01
-7.710867627627727983e-02
4.829412107958419575e-02
1.102371504170543692e-01
-5.093467689283444517e-03
1.905079313021308327e-02
4.221558191718852854e-02
4.820673546314770824e-02
1.970715717319747318e-02
4.184657531991944901e-02
1.848419648979841845e-01
2.543825953189246189e-02
7.269128829790486024e-03
-2.282536422744299923e-02
7.759873571440685514e-02
-4.798896918526230487e-02
5.854253900217849110e-02
1.825251147017991141e-02
4.667788466778405310e-02
-6.339599562128891974e-02
4.664205316737116830e-03
-1.087410753888774957e-02
3.335848339251103883e-02
1.337820081795037218e-02
-1.197820387127352532e-02
-5.868860842465146999e-02
-9.750962736940323172e-03
1.084540824445763378e-02
-5.428917583047193976e-03
-7.604987057024768793e-02
-4.144419353549505525e-02
-2.408548817958158436e-02
6.937218761356526986e-02
6.138729339950204505e-02
1.876528888105169837e-02
-7.894305635167755963e-02
1.896486238924089684e-01
-4.201392430129109387e-03
2.516622231115852454e-02
-5.659435183300335487e-02
8.172882520944522999e-02
-5.473302508387802023e-02
5.784592783632939300e-02
-2.018771009541018777e-02
3.125161448427152613e-03
-1.652170606528231833e-02
3.731874979192253278e-02
1.435962159332855245e-02
-1.815658601656804788e-02
7.963626238452775619e-02
-5.688152314100963260e-03
-7.487019880032562413e-02
-5.773095172247656726e-02
4.461815654943732806e-02
4.745362749165473078e-03
-8.428298950214502261e-02
-1.816719963553067169e-02
-2.671715608374165829e-02
5.174991302730736625e-02
-8.251069345224914392e-03
1.058783021180976364e-01
-3.235810221154770266e-02
1.306824308764986953e-01
-3.241737903594365394e-02
-1.113957836033342141e-01
7.284359880557067513e-02
3.359477864732230562e-02
-5.045483544430507533e-02
1.034432027635602130e-01
-1.436260322106678103e-02
-4.361344925927473221e-03
4.106725491963828661e-02
1.019372048627354907e-02
3.201126159163732426e-04
-5.886772175548296571e-02
7.209532088160248986e-02
-2.041196515444289317e-02
2.236793027560581362e-02
-9.282215008434066550e-02
4.524044764122220341e-02
2.869197642671649645e-02
-3.337020126027049477e-02
-6.675372388775842325e-02
-1.337368500586885896e-02
-5.212298071066437215e-03
3.097261930965067647e-02
-6.588616867254136478e-02
1.488915791341291206e-01
-1.023024076141070826e-01
-1.580968281316192173e-02
-5.757702491821203167e-02
-1.878036462024685327e-01
-3.874769457577328380e-01
-1.815882490992640763e-01
-2.461130744036526263e-01
-5.108277459186143510e-01
-2.517680612818392061e-01
-1.129986049816716631e-01
1.750466657654993138e-02
4.196305606359250137e-03
-2.600059915501003460e-01
-3.209517546963546186e-01
-2.191538740395835017e-01
-2.011767409689290964e-01
3.267018537058528072e-01
9.786232379337175269e-01
3.409857188193861077e-01
1.268319429093545392e-01
3.960083070156723006e-01
2.343796197324131761e-02
2.467039577327237720e-01
6.652841962984090696e-02
1.705813216694180845e-01
-6.291666465641729267e-02
7.064600589454342328e-02
-1.590039411050978291e-01
5.408815388490544052e-02
-7.093489952729113701e-02
-1.260558444902296592e-02
-5.930212687554924089e-02
6.560492925220791360e-02
-5.660963967558963611e-02
6.531980952208763826e-03
-1.466867487879408571e-02
1.222751651826734925e-01
9.677813481734851009e-02
1.637620863601006171e-01
7.804786682814139620e-02
1.308187243797520050e-01
9.300527641446387772e-02
8.894933044323023730e-02
2.856455831843185758e-02
1.112661593869180010e-01
1.484843014742331380e-01
6.301392498706552547e-02
9.785015120730983229e-02
9.596515955059496672e-02
7.210996280713372064e-02
3.233486281481256358e-02
2.006838466798382958e-02
-1.590918434999004372e-02
2.889886775443274367e-02
4.891299740824011505e-03
-8.225479982873412643e-02
-2.338991340275934847e-02
-1.351249720513164089e-02
-3.645024383961618236e-02
-2.146097553433905791e-01
-1.014510489384030240e-01
-1.092248469149525829e-02
-1.587205845881598798e-01
-4.788419759465527281e-02
-7.936052600173303107e-02
-4.779053075244001254e-03
-9.749653481497752572e-02
-8.375840076477328311e-02
3.250743538980503666e-02
-7.924225092820869065e-02
6.824467515649315641e-02
5.381111128171156555e-02
3.169662084963303234e-02
5.831062027163413236e-02
-6.940400286106916672e-02
2.235569039574233918e-02
-4.057959304028349590e-02
5.396062434689612858e-02
-5.904016079754845214e-02
-7.987616566928391892e-02
-1.104385298105083485e-01
-1.128710663821194532e-01
-7.299423548335891299e-02
-1.585403613967548975e-01
5.202649910257662810e-03
-1.522999052207323623e-01
1.134065485184507366e-01
-4.116087676074463297e-02
5.325994588796783419e-02
-2.196117593518318728e-02
-7.683211671961877320e-02
-1.618757553108366234e-02
4.582090516054089686e-03
-3.486363584996015480e-02
-2.281125906472076525e-01
-1.735911970239844004e-01
-1.320658112505937176e-01
2.706658054391697377e-02
4.580042232711885319e-02
-1.481746685650833784e-01
-1.092783849042970878e-01
5.848473923427847943e-02
3.043688615549031140e-02
8.510602210838164039e-02
3.463209676164571288e-02
7.277986423334215083e-02
2.371697691149531051e-02
-9.243037118934762601e-04
6.297401887653115982e-02
5.740370429635224814e-02
7.967350034810406073e-03
7.441637690319911902e-02
6.067839950814185590e-02
6.113126776649620980e-02
-2.236147384431270632e-02
1.310760748317600644e-02
2.419971873002194074e-02
5.010833374132741408e-02
-1.775122307323258597e-01
1.855400661244925586e-02
3.546346436774379385e-02
8.952338916739993602e-02
1.267408951336974066e-01
1.013126183986387124e-01
6.867427302119899490e-02
1.036777688630957477e-02
6.089662709317510830e-02
-3.310379980302782799e-02
-1.567138756856321924e-02
-4.040299107165011040e-03
5.305995303582240925e-03
-4.202418079072634677e-02
4.872435289811649639e-02
5.018236918626789445e-02
-5.718153129301815907e-02
2.923371638701632511e-03
-3.178642946207348857e-02
-1.042960492647251602e-01
-5.281072576316634543e-02
-3.738753031646419728e-02
1.515267594413479413e-01
6.636097846316620086e-02
1.820051227200905966e-02
-6.290717066958806912e-03
-1.078214115570000527e-02
4.115694295696412271e-03
6.480070076415136472e-03
-2.989786203316445456e-02
-2.912556226095603176e-02
-7.758055217953002680e-02
-9.028268316343215916e-02
6.348176234642258220e-02
3.624839985793702757e-02
-6.388725602856601404e-02
-5.517957351705383984e-02
-8.454239283318635157e-04
5.007873716365178474e-03
-1.333423526149589596e-02
3.946077777494040595e-02
1.299472007304882173e-02
-5.694559307393300823e-02
5.397301373214840464e-02
9.294446363938997646e-02
4.061145890232217143e-02
-5.945900827607260991e-02
-2.336743590109929131e-02
-2.437928599241015806e-02
-3.262093678273862013e-02
-1.123533409490014290e-02
-2.244721704418711425e-02
2.602675036275552828e-02
-4.033143640287960296e-02
-2.071235520347574494e-02
-6.408546642040296136e-03
1.322040541217826305e-02
-5.831097391916822276e-02
-2.324399020237805091e-02
-6.408953714296482251e-02
1.026154834640733392e-02
3.956322905150583269e-02
8.174555334811731133e-02
-2.138529490898388036e-02
8.657067853270135338e-02
3.372182143474749053e-03
9.593331243606656455e-02
-3.012613304790694169e-02
1.057614598747518286e-01
5.879894197675790413e-02
-6.263461703594015717e-02
1.068599307948569777e-01
9.369084643138725355e-02
1.155400356843004628e-01
5.508999128801691375e-02
1.809862556633784481e-02
2.158260769229897458e-01
3.742517851664168421e-02
-2.197510808441396554e-02
4.069125349289852422e-02
8.116695329011310023e-02
8.721985331941396746e-02
-3.686860655593034858e-02
-2.017823464721075826e-04
-7.813029482577073248e-02
-7.393725419264481069e-02
5.790823516552772408e-04
2.041507316207465117e-02
-2.516013769594756255e-02
-5.215698768985037315e-02
-9.035458124008681480e-02
2.794888161466658333e-02
4.034874827927219937e-02
-9.618154827752072034e-02
-7.910171689923180260e-02
-9.797163714623594033e-02
-7.178434737327958615e-02
-2.065883846834427051e-01
-1.210528872745797735e-01
-1.752549791264731635e-02
1.443565645128648545e-01
1.559031818857728457e-01
1.186589284010673012e-02
-7.908156185827626417e-02
-3.570453088090496663e-01
-2.021603847080194749e-01
3.274252011562769904e-02
7.782804637462474584e-02
-7.350194539947135786e-02
-1.839424032168409870e-02
-4.545164302822829461e-02
1.275251284640025462e-01
7.961971295471803600e-02
-2.544490653581704676e-01
-8.399934573389719605e-02
-2.378432685870913305e-02
-3.323961525973650761e-03
-1.949710766399904982e-01
3.090096507286092982e-03
