-5.279765347023057664e-02
-6.155405244248268737e-02
-2.832033957784640954e-02
-1.664177745855544011e-02
1.447732192495876369e-02
-2.453940371665153108e-02
-9.410449415569566156e-03
5.179646804965098994e-02
1.431538651680330787e-03
-1.078471961476479279e-02
-1.016742529277081530e-03
-6.746985329632071426e-02
4.552668714394947358e-02
2.078749320486217300e-02
-9.727771075829227954e-03
4.211795579820876156e-03
1.891272342905514492e-02
-1.096983307900067928e-02
3.188824536924883546e-02
1.298303568240344319e-02
4.654231997741398175e-03
-3.770259122057284529e-02
-1.908186538220224548e-03
1.233621672605433872e-03
1.981689391318375293e-02
-2.215627667233754927e-02
2.473381872487734334e-02
-5.698950481757503184e-03
3.693985018121681563e-02
2.287620967658643423e-02
-9.043166577610950441e-03
5.132455068037700130e-02
4.541742320241803910e-02
7.099196536180851780e-02
7.287616977805733143e-02
3.531597308213729747e-02
9.294680085726558794e-02
6.858204917034038672e-03
-7.146436648224829824e-02
-1.957990180947888348e-02
-6.316109865340857610e-02
-4.049944833195429084e-02
1.062708705648601093e+00
-1.076242792904022583e+00
-6.259348123192953750e-02
8.775317416792693948e-02
-4.020638126933118173e-02
3.222491728309861969e-02
-5.488851742754174978e-02
-3.061249726099379842e-02
1.875295141586041936e-02
1.246785441390407811e-02
-3.332092830528599059e-02
-6.977044821023126175e-02
1.819369082489807887e-02
4.510106344388487010e-02
6.740241887545295185e-03
-4.049922243866799221e-02
4.699815436157273041e-02
-3.294187469374287858e-02
-3.034525568170765020e-02
3.806160355459908828e-02
1.043053422753548176e-02
9.722142483989504314e-03
-9.497667858040514943e-03
4.976839189774429073e-02
-1.349672020960746011e-02
2.766032013064245731e-02
-8.168631189846831120e-02
7.109413595892455362e-03
2.078914760646677351e-02
3.315856314776954861e-02
-2.447476876019916148e-02
-1.505172610808580558e-02
-1.452016902153818734e-02
1.353531966826349020e-02
-1.256117762395358994e-02
-4.850657488102427806e-02
1.900397401696318767e-02
3.094559662358653540e-02
1.030214305838184075e-02
-1.603822031095836209e-02
4.552962254346359927e-02
1.923605469022326986e-02
1.375307912989187642e-02
3.154648221031086663e-02
-1.118977507407237226e-02
-3.122355240225749284e-02
2.879129249728595852e-02
-6.063250320201207799e-02
8.507521507614690393e-03
1.913558159891959320e-02
-1.817063587617440135e-02
1.719892862592153904e-02
-3.249220274042396994e-03
-7.592470585366495328e-03
2.250368641334166142e-02
3.697946006593788582e-03
-2.703173581184881158e-03
8.799781565019149099e-03
2.492776161738419205e-02
-1.075636581972627681e-03
-2.270941896823597261e-02
-3.486643978374326380e-02
5.411155334005268713e-03
9.100867309455917820e-03
3.864641096200660542e-03
-5.129297318516190529e-03
5.748732058729277838e-02
1.665974376799583823e-02
3.271946164657846268e-02
-7.701847926022686863e-04
1.435112799279059104e-02
-1.384152362001911385e-02
4.286573736054233308e-02
-7.536817726586431121e-03
2.395575447365061450e-02
-3.677224881836016479e-02
-4.471725012168992208e-02
3.730851360869413824e-02
7.939247494331214128e-02
1.781076572565565286e-02
3.590513474572532004e-02
-5.479015938626030646e-02
7.474422065050490005e-02
-4.766514341593852677e-02
2.463064250776847430e-02
2.574682223372803946e-02
1.747284831029816132e-03
-2.002783622101933503e-02
1.113854347846210402e-02
3.930177106378041074e-02
-2.817734023029538903e-02
5.483670349331326577e-02
-1.277048545016423731e-02
2.671662084936077264e-02
4.190917062695431738e-02
-5.087071504858453608e-02
7.794529465021682313e-03
-3.139759455138779742e-02
1.362495977301003691e-02
1.139177328998242089e-02
-1.773870385918430159e-02
4.632247204295980580e-02
1.757838148333235040e-02
2.602061404910260833e-02
-1.128885961087444656e-02
3.239086654282363753e-02
-1.895755446504643338e-02
1.288692365467047907e-02
-1.416750050619253187e-03
-1.738230149700648042e-03
-4.801480712640193715e-03
6.765248560782533005e-03
3.973511694758768975e-02
-2.082857522703074338e-02
1.608187079215062099e-03
5.014690765694940211e-02
-2.902005580098943049e-02
3.231644903109986977e-02
1.831502873748558358e-03
3.201371397653041129e-02
8.520382690811567628e-03
-3.196224532855795886e-02
6.378216707047790202e-02
-2.583434210209500925e-02
5.783133558805175767e-02
-2.340203969345910906e-02
1.254080022858217180e-01
6.151267757151357429e-02
-6.733405617672061361e-02
-1.443217088339387999e-03
-8.377574705920931564e-03
1.634264118188788473e-03
2.553799556844538188e-03
2.647152524782514504e-02
4.481850967668998820e-02
-1.353191195804903657e-02
3.854066354531804350e-02
-1.364885267381765743e-03
-8.407525568627782775e-04
-4.242276735180006142e-02
4.932811562997230226e-02
-1.280499934894363534e-02
-2.157929668619473773e-02
2.174724734300470530e-02
-9.552288774430373053e-04
6.234272770408111342e-03
-2.983778308095841325e-02
1.332916394300598384e-02
2.256036563054308886e-02
1.979164271647526618e-02
2.719473022109353266e-02
-1.005881231863003933e-02
-7.194598645479555188e-03
2.262748456730978575e-02
-3.517367442651941900e-02
7.250632856013394800e-02
-2.178010072084735071e-02
3.795933806981643954e-02
-6.851484935781471108e-04
-2.801048160419172817e-02
-1.097858462644563105e-02
2.290353778851983435e-02
8.204936727874478919e-03
4.850144313182003231e-02
1.351540278635754433e-02
1.912737656998508839e-02
2.996318418615473433e-04
1.286909675813951992e-02
4.759759516814865421e-02
-9.382759180035282753e-03
-2.348007325753354024e-02
-2.765101079637055648e-02
4.017702130894562629e-02
3.722234160607129638e-03
-1.129441670874431480e-02
-7.695349143191254626e-03
1.858502471824330371e-02
1.013048703274987972e-02
4.336696806567363893e-02
2.711021933595691991e-02
2.256547203477943242e-02
2.408658507681415983e-02
-1.796922859218952340e-03
1.157218804658688427e-02
-1.455302448698869711e-02
7.793848130941749552e-02
2.162824996179657511e-02
-2.017107237094450944e-02
9.671112299462913953e-02
-2.751886295458305653e-03
3.977348896870069872e-02
1.481712583358252289e-02
3.461180214021419843e-02
5.142813954423219869e-02
4.484260044003707257e-02
-4.277029295312639867e-02
4.449687278113212408e-02
1.642831635710928495e-02
5.811379141752670563e-02
-8.210564082781468542e-02
6.869203277683144648e-02
-4.096244461853526531e-02
8.289138756532254959e-02
2.323623060025448162e-02
7.711194309532043434e-03
-3.431280506657996554e-02
3.309794801190291125e-02
-1.798216961546472703e-03
-1.309841735536831919e-02
-1.470096165038725644e-02
2.124533451439436504e-02
4.070549603582751530e-02
1.945720111990123513e-02
3.064138056315002245e-03
7.408247666658818176e-02
1.917993378096882751e-02
3.673979423627660168e-02
3.597166346899860478e-02
-6.104732755598241134e-02
6.317107578306058180e-02
-1.662297184767957958e-02
1.420718549246258178e-02
5.385189920330324398e-03
3.425228651562162163e-02
4.815372442339849179e-02
-2.463050501360064537e-02
3.572049699086754515e-02
6.550309584578251076e-02
3.454158932556983252e-02
-8.488608948712839108e-03
3.428369136552755769e-02
-3.871417251216380251e-02
3.445382535454699635e-02
3.094789052162560949e-02
5.732351608016372779e-02
5.158559326682965462e-03
9.425754454740253863e-03
1.485790637998096742e-02
1.378365363497469076e-02
3.563840868937218076e-02
5.153113130052888735e-02
4.058049473828440057e-02
7.363818746814576599e-03
-6.915809776184556057e-03
6.739425739820914529e-02
-2.511588583023804944e-03
1.556492816917032229e-02
2.954144966191840638e-02
1.359688673891734645e-01
-3.580952837131512467e-02
2.708956148196461911e-02
7.725236067309149135e-02
-1.993703507442834422e-02
6.039104126652539151e-02
-1.251621764433075157e-02
2.298386442666178198e-02
1.279416173112224442e-02
5.329766822518022806e-02
-1.052612775894568031e-02
4.042097839152747341e-02
3.962349272770815389e-02
9.026830233516136559e-06
3.887538061100626052e-02
2.362183004814299991e-02
1.866191335494127301e-02
1.211678469697163862e-02
1.270329543663217819e-02
5.084421297156893615e-02
3.297625548826754738e-02
3.994151454960759295e-02
2.007359025540500497e-02
2.318063034239736808e-02
2.027356445303674093e-02
5.038272515576869282e-02
3.962555198058259620e-02
2.281306983315989356e-02
4.124840173043509139e-02
1.445070287884453464e-02
4.312940192518111004e-02
3.525887985258613355e-02
3.766040746415599827e-02
4.105855749223863427e-02
7.853921480616676831e-02
7.351667738548783859e-03
9.818979342191447302e-03
5.505319310561906931e-02
1.231518519741792161e-02
5.973527545441559283e-03
8.810828529387615404e-02
-3.467970169033307570e-02
8.279942630007131044e-02
5.302748094569498249e-02
2.903695862830568686e-02
-2.943494668047730300e-02
1.037509110539556190e-01
2.088521157531486594e-02
3.829288288049870204e-02
5.187616227883440345e-02
-1.256238029691170155e-02
4.244580277862164408e-02
4.081000648892674221e-02
1.055288914441208092e-01
-4.186435757706385985e-02
7.002422390421791931e-02
-6.429293821977211110e-03
2.818618648255544201e-02
3.164221356249052874e-02
1.554441503869874452e-02
2.082221676086160045e-02
2.125189394684046107e-02
3.496093010081358088e-02
-1.380662234769847174e-03
2.717485459023416539e-02
4.388674343613319095e-02
7.450516673009222046e-02
2.786898958807038085e-02
4.665304003035997127e-02
2.677905060437613116e-02
2.682432396921718976e-02
6.708725216223032639e-02
3.409560484203821851e-02
1.620918104281132699e-02
8.352057044652339002e-02
9.024591062362063987e-02
7.130080253539450297e-02
-1.985986299300144253e-01
1.582048345757063323e-01
-4.743008954852356851e-03
-5.372398750820428504e-02
9.408504329872968697e-02
2.239596516236064261e-02
6.768136569499061395e-02
6.366156188260863047e-02
4.934978889076546693e-02
7.240101982417002091e-02
9.746845100352174995e-03
8.603563096601973825e-02
3.681629528084151559e-03
3.803748194780531833e-02
1.811835039011233661e-02
1.686019553415185612e-03
4.679086218501815608e-02
3.040749403040088339e-02
-5.294325130304544658e-02
8.118589210038384962e-02
3.022653097091532182e-02
-1.128298850013464971e-02
1.030850938129379557e-02
7.717432666251555773e-02
3.642696552878899041e-02
1.857996089439017950e-02
4.721315483196453222e-02
3.514269831304162039e-02
1.006193679934686003e-02
-4.981137607890584462e-02
1.188720602206247978e-01
5.888863934063848227e-02
-2.416358368870330509e-02
2.871467525930659903e-02
6.998041533076992948e-02
4.821969132850645323e-02
-8.528670591977149940e-03
7.756347685662579039e-03
9.817359432599648272e-03
-2.183561792155686021e-02
2.957401378053114982e-03
1.073551264652872206e-02
-1.199776291789222959e-02
4.004859261425575134e-02
3.672436376315535433e-02
4.498992586920991243e-02
1.665851353567648907e-02
2.935041922507641843e-02
2.744016058880727194e-02
-1.116875428577146501e-02
3.918803710256812955e-02
2.177112615276000085e-02
-1.882195458902469198e-02
5.222728335718662684e-02
1.044596551429295417e-01
-7.602755392569671145e-02
2.375028067820084132e-03
4.975150169981623627e-02
5.814808765093992804e-03
-1.295396624675371200e-03
3.598513493277288866e-02
3.026057696857042956e-02
1.113068161544816803e-02
5.388922368273574293e-02
3.250827715424309261e-02
2.684877641237104484e-02
4.615794861764133117e-02
1.473140073394763050e-02
3.062974799490492117e-02
-9.388497069700463271e-03
3.455993055091322042e-02
2.140317886471043707e-02
-9.720332252988184152e-03
3.984393711461242660e-02
3.077119563231489607e-02
3.542880200208342600e-02
-5.846082694343834874e-03
5.027095688228899739e-02
3.126484110503313651e-02
4.306287265857533519e-02
4.120002726733207332e-02
2.644337444029321027e-02
4.768903726495432593e-02
-4.872335110392311819e-03
2.601328965370841573e-02
4.863815537266757971e-02
-6.579739832576647629e-03
1.256369458373041148e-02
4.116295785081636183e-02
2.099556810255664985e-02
3.291115648170439556e-02
1.079480803579824233e-02
3.148694540739871428e-02
2.301669120557292558e-03
6.335278544436495629e-02
-1.704450387005862488e-02
4.904512702814112224e-02
2.462273279038562634e-02
-1.896387319620895795e-02
3.308875543451983425e-02
-5.353213807130607904e-03
-6.578680168747963464e-03
2.605028897205352578e-02
4.384748897903945064e-02
5.522815725808705167e-02
-1.098640122730021318e-02
-1.506860177561453185e-02
3.488750967849219009e-02
4.119713821435455614e-02
4.117532982307992029e-03
5.470832358221411340e-02
5.150889697655358646e-02
-5.549796550099461712e-03
1.821809772072313649e-02
1.656854665152529549e-02
3.247222053891629656e-02
-1.178939018140212625e-02
5.445991720359044663e-02
1.535105403683978409e-02
2.261430501837979890e-02
1.768602884468606362e-02
2.450548347553738182e-02
6.736023906524790661e-02
2.193921165469214785e-02
1.383269090161398651e-03
1.993928624823304574e-02
-1.236172643479394040e-02
2.628622642639033558e-02
4.970066453722621347e-02
5.810744905356668433e-02
4.290937052405974228e-02
2.115876230016566772e-02
4.929590125495564301e-02
4.349835284938707858e-03
4.479624273815052682e-02
3.408372561912886844e-02
7.738255172020203076e-02
4.507232964058260904e-02
3.175794064462200694e-02
2.445434905682075666e-02
1.131924913795279153e-02
1.759951827047157025e-02
3.796235493742461387e-02
1.032169186251694626e-01
6.288937423559870510e-02
-8.490128304839972273e-02
-1.126895101498031071e-01
1.065423214312533062e-02
7.876601881879885525e-02
-3.476222398007156045e-03
-6.156308383567221654e-02
3.830647625850325255e-02
2.181558810308459329e-03
2.452559285727162752e-02
5.404637004758683361e-03
-1.838456462526605328e-02
2.741692847865917493e-02
5.841635959180813131e-02
-1.824967960272583234e-02
3.930143598286406359e-02
-8.680507235322432180e-03
5.425942109066728136e-02
-3.206902968856240044e-02
3.633811949299015076e-02
2.544787802311021530e-02
6.103510960484492820e-02
2.724193818640396891e-02
3.198295866704725654e-03
3.240114132834204241e-03
2.843577954843934386e-02
1.602432914380846896e-02
-8.512427340682249266e-03
5.183634835152628462e-02
-8.645603483077302087e-04
1.998072977339560019e-02
2.506170811497909767e-02
4.201819996713607175e-02
-1.668504763295364235e-02
2.540446857111589019e-02
4.833626040749772201e-02
2.213305024660261466e-02
1.567747652587381246e-02
3.908176935475293767e-02
1.416471583307021831e-02
5.791765494852985086e-02
2.867642436363992964e-02
-6.806104578068739031e-03
2.725652511317866455e-02
4.608077213715122689e-02
2.092612935364357440e-02
5.287091549835842841e-02
-1.402135888907340977e-02
3.832253062037316305e-02
-2.111483425979243655e-02
5.341203469424149475e-02
2.478624241817128926e-02
8.726246304905149742e-03
-1.279524677024856949e-02
1.536249975708625648e-02
6.028910452914759688e-03
1.023080385080454846e-02
5.244027780597004806e-02
-5.958486449809008434e-03
1.177114915198540501e-02
6.223979426909220791e-03
1.717738038035188097e-02
2.491385799167278314e-02
1.551460928506043224e-02
2.772982421937042474e-02
2.029184609136702733e-02
-1.741224421432074898e-02
3.783964471128631324e-02
4.020407813194304403e-02
1.870531887999438148e-02
5.947516892385928955e-03
5.255691082978630746e-03
4.883409546366834775e-02
4.305922325348099378e-03
1.055901253201851908e-02
-1.139064317884330713e-02
5.407034872497851197e-02
1.841802530821934347e-02
2.744007407698489942e-02
6.254658619486930249e-03
3.279437721518685400e-02
2.330261054693316680e-02
8.574262284711808846e-03
5.288535390792037383e-02
-2.627640452475232813e-02
4.664481665873010385e-02
1.019636193875972374e-02
1.262805351199824955e-02
1.582004401683034800e-02
2.305262964736543019e-02
1.964080478010710173e-02
-4.424726155621350188e-02
5.143427094266783683e-02
6.246371608193523883e-03
7.164930824771342799e-02
-1.679003925623367977e-03
-1.035189808518555132e-02
5.483804972901129560e-03
2.489620668054293162e-02
-4.644914541620281945e-02
2.161257839924157764e-02
2.453278660471136519e-02
4.347912526396324751e-02
3.136536861498839812e-03
-1.665108809494331155e-02
3.893058171148622293e-02
3.452915895617847397e-02
2.137171037940044371e-02
-4.097903787293244449e-03
5.623322954086562575e-02
2.653626956551491389e-02
-3.498899393951893089e-02
5.977937666725452459e-02
6.039648919512696779e-03
7.186112794401111614e-02
3.138797355533018418e-02
5.823207156686827091e-03
3.572528353112458532e-02
1.875173275688979402e-03
3.751941147734605408e-02
3.433554142047712254e-02
7.406224926431215216e-02
5.096333885817272424e-02
3.481642051079192335e-02
4.272972583846690320e-02
2.387009521810679047e-02
1.447458497668918653e-03
3.824701041472278185e-02
3.446870104000132606e-02
-2.290196818724576922e-02
6.448895802103926655e-02
-1.128290518303143308e-02
2.339734770310664125e-02
8.931686823306872469e-02
2.577709908040626274e-02
-6.030741308614473439e-03
-1.930595055591299847e-02
-1.206074440664406389e-02
3.519020464477051746e-02
1.492987359359077004e-02
-4.676233298354492973e-02
-4.322706867621728399e-02
3.400150001332091776e-02
4.163465756788808925e-02
1.829896511404105475e-02
-7.349038306085442507e-02
2.551915866651532916e-02
9.811526514897916940e-04
2.229770570208033931e-02
-1.804566288562670096e-02
1.549471114565981189e-02
3.230568957074231307e-02
-1.019580113479112704e-02
-9.722008755193023433e-04
3.712382246581436007e-03
4.416445619191944338e-02
-2.196834107136003134e-02
1.676330833245187613e-02
2.732309215033290606e-02
-2.859623220137597066e-02
-1.553319931267926890e-02
-3.997922654393804009e-03
-2.412121331714667249e-02
-2.629953666991702299e-02
-3.096318455013213899e-02
-1.356420312709527565e-02
6.472545594430023641e-02
-2.881159619728546062e-02
1.579394093175978675e-02
-2.747219459220473503e-02
1.763080037253228483e-03
1.721941813306582247e-02
-1.912661963830686318e-02
2.830469236912325215e-02
-1.421442529138738919e-02
-3.353203880586486108e-02
-2.100913924813863076e-02
4.292580549109281662e-02
-1.006743675111021474e-02
-9.651724008535644828e-03
1.279148420611520010e-02
4.581177940115344072e-02
2.286931565798555610e-02
-2.011571685431867706e-03
2.868204120140971369e-02
2.288076578790487758e-03
-3.915999523396807014e-02
-2.368499264289347650e-02
-1.182986943730734986e-02
2.662670195669125661e-03
1.619131391570149958e-02
-1.929470782724429512e-03
1.045195630117357055e-02
1.764528856095237686e-02
8.596711119766009546e-03
-1.637758657809262886e-02
2.614769462031851788e-02
-4.544723299392883220e-02
-2.278524740051235398e-02
1.879079671692851505e-02
-3.459662578007005607e-03
-3.463450603461648569e-03
3.277403888628516171e-03
-4.933111949707313926e-02
2.355463273712876671e-02
3.716219693504596577e-02
-2.883166015860805231e-03
-4.981710078304502076e-04
2.683605747302308941e-03
2.165962236219209913e-02
4.681317801086448682e-02
-4.557453583482207193e-02
3.756180193387059774e-02
-6.443008338226086096e-03
9.614596031506383866e-03
1.571596635102423534e-02
2.512110997172456450e-02
-2.835987095432157545e-02
-1.130666264780844088e-02
8.252871810420003840e-03
6.998171061714453245e-02
2.471308426549612136e-02
2.639039355021388644e-02
4.606725024235114319e-02
1.082318897268530478e-02
-4.848604061089556438e-03
1.302792189297408143e-02
8.796181782131817783e-03
-1.193157007654477297e-02
4.049922677486650358e-02
-2.561981707228255800e-02
4.840130488298299838e-02
1.412510863551030837e-02
-2.986794069393017281e-02
5.360973535985813498e-02
-4.917185496475351414e-03
3.994010109649082096e-02
-1.806750217663921632e-02
1.465949205479022410e-02
8.369689152225134876e-03
5.588775139607848885e-02
2.152254270218589838e-02
3.359966888953103137e-02
6.910442196519372970e-03
-1.523183868151978260e-03
-1.001668114187515002e-02
1.295218232370221045e-03
3.171575990534436507e-02
7.447856998757051983e-03
-2.701497767605687272e-02
-2.199412365700381677e-02
1.468350474903568070e-03
2.069516176079200243e-02
2.601072751077615486e-02
2.164827164557348027e-02
2.571805315519770652e-02
3.666194568841096846e-02
3.179039846264286595e-02
-9.101987092426266912e-03
-2.896176223178748010e-02
1.491469413483792472e-02
2.371610159338777279e-02
1.369682241062264438e-03
-1.702944140352835589e-02
4.890293156068459268e-02
8.831241997087069251e-04
3.223318722893431243e-02
1.373000495031195811e-03
1.924715473622296003e-02
6.134277143260469245e-02
-1.280017742530281666e-02
5.722689372520717299e-02
3.315635783075032705e-02
-9.193311801083847712e-03
-5.928954471897895928e-02
2.941740106379819863e-02
5.391515441650618357e-04
-1.556680188261605480e-03
3.089123433305607236e-02
-2.050403746863826981e-02
-6.431224156661752289e-03
4.071261755991439912e-02
1.080817573427994560e-02
-3.766163210100925696e-02
-7.224761888315889280e-03
-1.323281856499436415e-02
3.497482349031155735e-02
-4.920940805977913612e-02
3.384362777563909574e-02
4.504135865521785576e-02
-3.254646682482897901e-02
2.409970376477899023e-02
-2.417953037625331092e-02
3.748594987207987117e-02
-1.576540793848835165e-03
2.411490638498658967e-03
-1.538069606079606189e-02
-5.415105023920396832e-04
2.466164930431569147e-02
-1.877729872359257257e-02
2.325117779249596950e-02
-3.089051039316892400e-03
4.990982795469456335e-02
2.936565311558192448e-02
-3.596126231492480230e-02
9.159541197591947181e-02
-7.047093479164256991e-02
2.893693358378301994e-02
-3.958802098111169343e-02
5.486841189207813940e-02
2.683760021189884881e-02
1.710516799662054055e-02
2.749799273062514260e-03
5.660078100914622823e-02
-3.468379114250463857e-02
5.264584698138019547e-02
2.616461048082996399e-02
-2.292706236533925690e-02
2.142549005770399972e-02
1.254469282678627451e-02
4.183916207310200974e-02
8.939579321602941775e-03
3.653396852297330355e-02
1.444225945023092095e-02
1.598372030664441112e-02
2.810149362527902817e-02
2.474564126782485829e-02
5.137509685331198561e-02
6.789511842276962916e-02
7.327700597936837035e-02
-6.511967840477339564e-02
8.142763288737286942e-02
-4.463773522171754493e-02
-5.356900162762068263e-02
1.172970165404954024e-01
5.491448879509697178e-03
8.238115285198244209e-03
1.391813701970479045e-02
2.795215958085739416e-03
2.294571827153335519e-02
3.990293089205509958e-03
-2.748863344494889560e-02
-1.824670506329040265e-02
5.020807258307602439e-02
2.054213590030506964e-02
6.994616881945692199e-03
2.826396148390397656e-02
1.078500145014782419e-02
2.605032154242215015e-02
2.729750840664957323e-02
-1.160856303990609462e-02
2.380018768526337425e-04
-1.040870799943816039e-02
3.110002182954518801e-02
-1.009896038815849550e-02
2.654101081224014003e-02
2.985438826986008820e-02
2.094313998183716663e-02
-3.921113069829562647e-03
3.519526773874259717e-02
3.162637773077969783e-02
1.012678350772677760e-02
6.233769920473974935e-04
2.431594771965750468e-02
4.495812161349643787e-03
2.524222371238948881e-02
3.210167140475617131e-02
3.269623095620532993e-02
1.262719572466242113e-02
2.665945581947548604e-02
3.904212633783021857e-02
1.564134725934129833e-02
3.797928919516913027e-02
2.826425619710493109e-02
1.528767593699864591e-02
5.895754083624815678e-02
-2.649779583577593911e-03
9.553357748650626036e-04
4.892137703060184251e-02
7.461158463398565033e-03
6.881114568805157816e-02
3.608300313834655881e-02
4.518148378766939643e-02
1.828856382587673579e-03
2.241093694297235928e-02
4.285924847797151216e-02
-1.503836423380500165e-02
2.453587873137585973e-02
3.878446028731286077e-02
5.613805352381318059e-02
2.190714991129594225e-02
-6.944459886377707392e-03
4.401062150855983290e-02
4.322659384102367497e-02
7.491290666098571194e-02
-9.312571544060066486e-03
3.608899253276121044e-02
5.637581938580460417e-02
2.444591778211435695e-03
6.633631768843928356e-02
4.011456516803502126e-02
3.982509927819100071e-02
-1.078841637063643333e-02
4.558805482136829568e-02
2.679690193644690410e-02
2.621348594086603256e-02
3.042143331666213868e-02
1.485826298897574560e-02
3.485949041256208858e-02
3.559090471369552588e-02
6.182477703271604952e-02
5.506195287495030399e-02
-6.258692632523077393e-02
7.589504253307532977e-02
1.086232721410196334e-02
6.570089665015599323e-02
-6.439349348682288365e-03
6.872064072029493431e-02
3.518155259258248790e-02
5.155185906695924913e-02
-7.407374566213764666e-03
3.090858457887701860e-02
6.820740649673862066e-02
8.524207786813997600e-02
5.293520929492467886e-02
4.461935599819755183e-02
4.168885281930112541e-02
2.631321781072371024e-02
8.272377930051000305e-02
7.552616996100436353e-03
3.120296253949872423e-02
3.375649388410595364e-02
3.132778161454163879e-02
3.149946625762556351e-02
-1.406229898590627414e-03
5.001265526747245005e-02
8.461372416169909982e-02
-2.564726206344669635e-02
6.531475430950894889e-02
4.023770634907686272e-02
2.891505172424890802e-02
5.241949874129181453e-02
-2.509375224710552743e-02
4.994468778544813858e-02
4.241628375018535735e-02
5.320679716793952352e-02
2.181700682430109950e-02
3.485887056730918587e-02
6.417737880713314524e-02
4.277868872090495600e-02
3.216671841291685041e-02
1.784354330684445600e-02
4.944629719970938808e-02
3.264058318465723474e-02
6.676827066649959619e-03
5.327554242386600691e-02
9.061265120318262589e-02
1.020341360512588835e-02
-1.578964575665020575e-02
3.910786467397953103e-02
4.596171572853657850e-02
5.516501462133138745e-02
4.131612850813937143e-02
2.037499777070861384e-02
3.544134700836742979e-02
-2.776093206812246805e-02
2.448063215471618648e-02
6.438560933915793427e-02
6.371347338765875890e-02
4.125878096390422911e-04
8.357463771952478027e-02
7.718564720118337164e-03
9.507471839241388167e-02
1.838629402724523132e-02
1.194350281464950925e-02
3.240029991681980803e-02
3.319057434954508778e-02
7.192607934537242897e-03
2.782913295758859817e-03
6.172228169798321673e-02
6.956651826499449243e-02
1.566641583192529552e-02
-2.624391732855535508e-02
3.981063856883526597e-02
8.812501395371841184e-02
-2.040885944134318564e-02
-1.783796470673149059e-02
3.549957902033584745e-02
4.859965801469945390e-02
1.906658233254088231e-02
5.767787585950134854e-02
3.991677850963615271e-02
9.206938800214281571e-03
6.920829032016095894e-02
1.119477856144612815e-02
2.009285376771607901e-02
1.019133468702193568e-03
6.067700332769732086e-02
6.442940363578397722e-02
4.553850830700145735e-03
4.173081718305526877e-02
-1.183768097330117897e-02
6.041271041231599526e-02
1.110080563202990867e-01
6.144770307319191716e-04
2.919333189370743042e-02
3.596567332801248185e-02
2.865028077653697380e-02
2.813808659272920565e-02
3.380964136418418420e-02
7.362634864440931182e-02
3.625028101246963175e-02
2.957200143463634134e-02
4.804576224664947048e-02
1.907754201497224855e-02
4.665298559047625915e-02
6.277738939027255327e-02
3.334810247655450866e-02
3.803495506966658724e-02
2.108185985265365048e-02
6.074623292687109100e-02
9.854467512445008737e-03
2.648717334821393266e-02
2.403786796333218234e-02
6.877629931650908190e-02
-8.939946858752989556e-02
1.293135240591110069e-01
1.755555138945252835e-02
4.230887781496006639e-02
7.339677160097402009e-02
5.965779008553351304e-02
2.932014600591204001e-02
2.435019008087779824e-02
5.188269864250472097e-02
5.642890472882466923e-02
-4.052203118132524651e-02
3.167668821169611348e-02
6.278542943396914211e-03
9.425321483953252866e-02
5.855193216872667250e-02
-2.019492311017723196e-02
6.298072141262300860e-02
1.591888582214773251e-02
2.071252551514346507e-02
1.297090815947088416e-02
2.705274218640596473e-02
1.060453224835482544e-01
5.353202769020803942e-02
-1.183708934173433036e-02
8.809984603982101703e-02
4.821104414060473076e-02
-1.541707684889126462e-02
4.039275385954477215e-02
6.504971384248259270e-02
7.912679116522225442e-02
4.048922316155034729e-02
5.402621228422899158e-02
-7.196568496794508718e-04
1.047845951008632426e-01
7.478719998125549218e-02
-4.141589067454276574e-02
-1.069462198591981661e-01
7.429948679260078848e-02
-1.869561574710587593e-02
8.031365256004896480e-04
-1.904206254378104646e-02
9.378740274423380541e-02
-7.744768721809469625e-02
1.015798930705085201e-01
-1.196708934019352633e-02
9.084628709163045102e-03
2.389712016319611720e-02
5.514277512566634343e-02
6.983735079775454935e-03
-3.197807782451933534e-02
4.268633782880693062e-02
4.551461008460822022e-02
3.031096331733751370e-02
-1.866109229848356144e-02
-1.279260462103026796e-03
1.709592597060560770e-02
7.846973951039171169e-03
-1.975356366481362258e-02
5.680895917344752633e-02
1.056695885776148813e-02
-1.323041907035404918e-02
6.070036382610588532e-02
8.450211795498541179e-03
-7.354233201735116410e-03
7.174674734262476150e-02
2.812755344764839016e-02
3.024242475074712111e-02
-2.421159330907807217e-03
3.342043488791568429e-02
3.742641556808945502e-02
1.667750920544386339e-02
-8.446172250129224679e-03
5.195902530244667084e-02
1.275063176870649961e-02
2.484612356278281808e-02
3.287156883155750720e-02
3.092476645451736061e-02
2.718118538133307283e-03
4.105760723902696085e-02
5.425817353751583028e-03
2.447921973887901004e-02
-3.021675036194437780e-04
3.284945740223577104e-02
2.061941084437046712e-02
1.940687080751235527e-02
2.533510091394708397e-02
-2.185216512999410554e-02
-2.706608096714635536e-03
5.013131915690260954e-02
4.782314220105110536e-02
-1.045657785594000799e-02
5.299311940154227685e-02
1.070855589615060666e-02
5.845633812149397812e-02
2.877077540929828814e-02
-1.406555454879310219e-02
4.660800252429853074e-02
3.475997829276122886e-02
1.871074595296917664e-02
2.574226506480092880e-02
-1.628154941155779412e-02
3.960014102768694144e-02
-8.278329984962029542e-03
7.542593430873156812e-02
3.062290030601211299e-02
7.567884510099576190e-02
4.320253050873490430e-02
8.179948559122784957e-02
3.660184164671331786e-02
-1.710962674738514266e-02
4.648896080728426305e-02
5.712564849363799269e-02
2.105632285589331687e-02
3.602900284064602943e-02
5.513083923598127711e-02
2.011348532114842769e-02
1.154838300079896740e-02
9.932602851047356296e-03
8.846393587517376034e-03
5.063697172997994045e-02
1.327184808385473147e-02
1.627945129796359858e-02
3.547748217098467549e-03
-7.398240454092874785e-03
3.199177194834401661e-02
1.610037392662411193e-03
-9.861053105734152169e-03
2.925403117643088358e-02
1.366725999689255566e-02
2.621736572385735542e-04
5.063533392208774409e-02
9.606864715250296172e-04
-1.720415848586642760e-02
4.914366367773537192e-03
5.984535861966921999e-02
2.255696937755291565e-02
-4.089032696747674223e-02
5.547630206043230316e-02
-3.639210286020766461e-03
5.392067292691615776e-02
-3.049347477283603780e-02
3.047931257104652403e-02
1.702758097989587327e-02
7.913968745935129334e-02
-7.802070672817240649e-03
1.234367651212187056e-02
4.428777316083820637e-03
4.146045312923574144e-02
5.040932319951574314e-02
-3.660170365398229819e-04
1.204193897232608279e-02
5.355503154354535056e-02
4.118140518807766881e-02
3.093436997435716762e-02
2.336814730022584996e-02
2.252335850653430782e-02
5.458009477220926442e-02
3.886608749251108108e-02
1.046765241093261523e-02
-4.274795842616319064e-02
4.975809457916513523e-02
4.027372047063648708e-02
2.840814825515058928e-02
7.030926943283910546e-02
2.019875214671662533e-02
2.162340061982037653e-02
2.757471706311243054e-03
1.573472411895115997e-02
2.903596095866345372e-02
5.152307727930627301e-02
-2.387639093006432844e-02
5.234943058376106961e-02
3.585309554068971671e-02
-2.562003806784085569e-02
2.112032626638593591e-02
-2.162869957735358284e-02
3.908418759480380977e-02
9.892309920026542969e-03
2.664399772776748776e-02
7.044790659831234869e-02
6.242600073313120390e-03
-1.240837510603087779e-02
3.513106058468129511e-02
-1.354908213185912480e-02
4.029997913063487758e-02
1.086072154109718468e-02
3.830362218921568029e-02
9.080913628024323003e-03
3.381580356510660579e-02
-2.169643062910919795e-02
5.107212285611151259e-02
-1.273035060596017232e-02
2.033554353737399012e-02
4.934133459014411471e-02
-4.138123410098248911e-02
7.987887714470343070e-02
-7.405009117733563073e-03
1.057089162189583931e-02
1.346359569887445318e-02
2.902570468261611580e-02
8.273621145855614145e-03
7.848754494265408610e-02
5.206059494647252706e-03
2.189271064851583404e-02
2.905537844724026542e-03
4.304560648708077863e-02
2.116812045423710487e-02
4.136616706482332262e-02
8.048881107531435930e-03
4.172242674857296052e-02
2.259224679296290006e-02
3.629346156790314026e-02
3.862271668262406976e-02
1.547013529375940166e-02
4.877216941364737046e-02
1.235248225377305609e-02
2.792093019632124751e-02
3.385720944284931200e-02
1.693793674821120199e-02
3.955169168649752542e-02
1.997227267126144845e-02
1.416875873846423772e-02
3.197107979547131329e-02
2.147915809426015343e-02
2.516139736695377493e-02
4.102619026697129634e-02
5.296851078611153341e-02
4.507629221682663001e-02
1.022929224574364859e-01
5.350535886685614528e-02
5.592939795428009120e-02
-5.109728297385163209e-02
5.748350739124075126e-02
9.806772963304677404e-03
-9.492866269902977550e-03
3.552709215931071363e-02
9.885800863529858873e-03
-4.864513306711382157e-02
6.235230064980701314e-02
-9.509047718985641495e-03
1.200797346298232426e-02
-2.073525434981249305e-02
5.783262482870266119e-02
4.036303208530367392e-02
-1.438197039685862322e-02
5.226215819884583169e-04
2.397277505119421726e-02
-2.952301813301527744e-03
3.613580941155491999e-03
2.679790884894317493e-02
2.429617592782440383e-02
2.091417184557964326e-02
2.751818858426280379e-02
8.701252879562471065e-03
1.400062617327124670e-02
6.828876605164513336e-03
3.823463344486777160e-02
9.165001232470437742e-03
2.139261066025932578e-02
3.209265355520019014e-02
1.078513988648355237e-02
2.687142792699148686e-02
3.390868405482372339e-02
-2.522033303877790900e-03
2.772970646478123413e-02
-1.749299642500989904e-02
2.768484215778821422e-02
-1.810878483552880169e-03
3.714770328142247280e-02
4.014100009833354576e-02
-5.410311200833906042e-03
1.981957969979397660e-02
8.966985129953197742e-03
1.135695292845495530e-02
5.169170980068127363e-02
-1.070104835556717759e-02
3.028127927648771589e-02
5.680643647431526944e-02
-1.109851242136450367e-02
2.837634182777781788e-02
2.934540859229128884e-02
2.405590771522314597e-02
3.686329803138210792e-03
-1.065233015745548073e-02
7.630599126523662790e-02
-2.184988488760319925e-02
5.166724263112065785e-02
-1.151194069125471842e-02
3.874417973826060901e-02
6.316733967268595151e-02
-3.033711598874200277e-02
7.836291800894690240e-02
4.441544512669093336e-02
5.394017664973871362e-02
-5.230727667327794705e-03
6.926338754677807685e-02
1.515113412848556607e-02
2.850400449190981789e-02
-1.511508137910677618e-03
8.277783358394552593e-02
-2.812457504512977380e-02
6.271540902357308767e-02
-1.170275716515511988e-02
5.783100731740509204e-02
2.836219885457769152e-02
1.542710000091407352e-02
3.340500466391382872e-02
4.370225516494086193e-02
2.192810661321864529e-02
2.260599232736826281e-02
1.789136597631113546e-02
3.915471360596534112e-02
8.075544694521319400e-03
2.506213847336136169e-02
1.666156633945270471e-02
3.657089825588544230e-02
5.041267625695677879e-02
-4.207545983154759028e-02
7.026118839525041793e-02
3.298461938089980450e-02
1.154914178023291882e-02
-8.828550141126267903e-03
2.441846275694592450e-02
6.565610665721122174e-02
-1.452190171049805301e-02
2.660728969187431403e-02
-1.261281784426770969e-02
3.745669687522790170e-02
6.589915933975998286e-02
-2.448986759668825286e-02
4.226335421326377073e-02
-3.791835432810763962e-02
2.211670534560061796e-02
5.401127993968213303e-02
1.627991080064639107e-02
6.528396726005980533e-02
2.243380917669379748e-02
2.838182055762294986e-02
9.565549753428204127e-02
-4.568538805857635943e-02
7.970049223519737325e-02
2.987094881294050097e-02
1.617269646363261870e-02
1.071568131444486927e-01
3.752785520656543028e-02
-4.376027707427732061e-02
8.865427049793050962e-02
1.525773863680246478e-03
2.414876976944180242e-02
2.337472833657350257e-02
5.206802835271706620e-02
-6.980657536340695302e-03
6.113522931746984135e-02
6.195263176303300590e-02
2.823529482486542008e-02
1.390846432806758237e-01
1.725432227725320899e-02
1.076496521868484102e-01
7.181506726243691574e-02
-3.680839857743256616e-03
8.936784413296150476e-03
6.198871747270429111e-02
-3.173992632232502942e-02
-5.670077804802664545e-03
6.460588933675981416e-02
-1.708336555982259419e-02
7.765290619354825452e-03
4.615145634284445464e-03
-2.315552114103835990e-02
-3.048434830828483655e-02
4.531144453569035946e-02
1.449793110483543757e-03
-1.518825162218107039e-02
7.278686940739476086e-02
-4.969618056994917765e-03
6.042155269151239239e-02
1.101069127266374181e-03
1.321780524303197701e-01
5.120870722766257543e-02
8.909049416178538294e-02
7.187462765942020937e-02
3.081608843131089515e-02
2.282343760555161083e-02
1.022729871741701047e-02
2.268389760111100273e-02
6.539888231608159685e-02
7.435727049308216152e-02
-9.476119551974360178e-02
3.405003645337911777e-02
4.040446527687424627e-02
-1.666657880206257047e-03
2.348135131150463906e-02
4.018260442464338666e-04
7.045831510940736564e-03
3.351589644053398764e-02
-2.613352148627745564e-02
2.200150694838298726e-02
2.945624480630737452e-02
-6.043376552443913141e-03
-5.585183006377425485e-02
5.444414913268791345e-02
-2.420095099579033793e-02
4.047567583255973211e-02
2.709970912706971546e-02
-1.409288690890964091e-02
3.133622467384356014e-03
2.221553512724083745e-02
6.875644707628536523e-02
-2.780750547471466660e-02
-2.960773427400109625e-02
4.155591653540824382e-02
-1.166401644993442233e-02
2.894194467400312831e-02
1.003943167840137818e-03
4.302146819510488385e-02
6.080336635840843940e-04
5.934631765234721357e-02
-2.789517675231945049e-02
3.896043761320200360e-02
4.807398714922372918e-02
5.030053581495641524e-02
7.345072087827508867e-02
5.638034321761553613e-02
2.539124162690375996e-02
4.082350006068447001e-02
2.200685187698736556e-02
1.593967462570407001e-01
3.823693632034963485e-02
9.317428653235371172e-03
9.280810155524488181e-02
1.081954431029261698e-01
-1.018366006415507563e-01
8.284431631217614722e-02
7.662935588031505318e-02
2.093002601500426607e-02
7.523020372460553773e-03
8.009117453103575812e-02
-5.148220952934901007e-02
8.118687600908192081e-02
1.491097251671558155e-02
5.086120912140001948e-02
4.043673290392124642e-03
6.794012853078212899e-02
4.887597268566512554e-02
6.343963142911368536e-02
3.262855169367062658e-02
7.948194290138621554e-02
2.407478309020971707e-02
6.617293765185872090e-02
3.919103264662560093e-02
5.045854239433511523e-02
9.492372309869034908e-02
-1.511217474121195892e-02
-1.459531133276215087e-02
9.142605681862425726e-02
2.993377003833019856e-02
3.179448809625951000e-02
-6.986148978071948790e-02
8.992187236038917675e-02
6.479097416599710613e-02
4.489123610219891702e-02
8.536631814564277221e-02
-8.977257781163761052e-03
3.244506735818619703e-02
5.557807693709371222e-02
5.175838476073257866e-02
8.478136617854126200e-03
8.228665666956702651e-02
2.234805098477909979e-02
1.284549466906246273e-01
3.858734855329171154e-02
9.810137278396569016e-02
7.052198276922538867e-02
4.833249554431517936e-02
1.334962975746796232e-01
1.022953313270700271e-01
5.341074972207637828e-02
8.563384861290090910e-02
-1.575416473921009697e-03
-2.126163000792935520e-02
6.009910767820825228e-02
3.006473018269906206e-02
2.310439735073988032e-02
3.814835900333246599e-02
-2.923709077381042576e-03
5.664796107224900901e-02
3.441883126143263638e-02
3.804126693608944620e-02
4.961379573003110721e-02
2.114676864140707657e-02
1.069150892238384110e-01
5.856632915921089477e-03
4.582808357952750100e-02
1.033905308455298488e-01
-1.324764937664246744e-02
1.080497166661968933e-01
-8.682861330935320865e-03
2.788105669375000595e-01
-4.020460515487744857e-02
-7.716042474591322531e-02
3.720067948721261786e-02
4.773696948926731132e-02
4.500365091007663132e-02
4.231925934379709986e-02
8.862883532150478416e-03
6.238703686184110531e-02
2.387699232397140214e-01
-8.562448168578118413e-02
1.266029645699484618e-02
3.310951056058364372e-02
2.622289589150406108e-02
2.853720040869967001e-02
-5.470162830347513605e-03
4.865971467888918767e-03
-1.472838832606915282e-02
1.928628225883555203e-02
-1.529582124045947289e-02
2.779555616716411492e-02
1.888974628373407683e-02
-7.961493004268183071e-03
2.181091394269540906e-02
3.128860259285071166e-02
-6.929322899347001297e-03
-4.525718704759151834e-03
5.018362770078166335e-03
8.370870682794517847e-02
5.705369140090921221e-02
-6.452155413254434535e-02
2.546323711294817826e-03
1.900725795976176968e-02
-1.775197350184987144e-02
8.573500376887643881e-03
-1.382513392329487445e-02
4.533390373077317292e-02
2.990284156542655225e-02
-8.803266194427727953e-03
6.975860720919158098e-04
-5.943375862820099442e-02
8.341947484372758126e-02
2.942419399852935769e-02
-2.653642020673974145e-03
4.636458493208195364e-02
3.881284754379876745e-03
5.314516242167410809e-02
-3.470363871516113363e-04
-4.182261966394795749e-02
9.560696221045095200e-02
-1.272175642443063026e-02
6.502920375919263307e-03
-1.784757238050405093e-02
-4.313549026562091271e-02
7.284734682441307285e-02
-2.146447110747740084e-03
-1.661123178799117639e-02
2.519773905211497578e-02
1.004295178688208168e-02
3.602784351320220679e-02
2.716218376124013290e-02
1.774607408770423334e-02
1.717594326831584084e-02
2.286018876131157285e-02
-2.188253066703449434e-03
4.933753895397652300e-02
-2.220475872624128044e-02
2.477136204838581435e-02
4.886317191808009497e-02
-4.465208941830889344e-03
9.021755509915241333e-03
2.768829153758733952e-02
2.011613085019203773e-02
3.508490750768711308e-02
-6.698254888566346210e-04
2.802676797923053797e-02
-6.880993514695177282e-04
-5.756634371862023869e-03
9.766647683180718076e-02
5.907200141079416156e-02
1.393915007987445165e-02
2.404196738818731305e-02
3.781983934869703745e-02
3.813301398848523149e-02
9.609782959583590412e-02
-3.273794800942253502e-02
2.843568582646538445e-02
2.752985302705512893e-02
3.321819624164490392e-02
4.153766299031946829e-02
2.620612412451084339e-02
2.840171031156080161e-02
2.316883781138034948e-02
2.380449069261736383e-02
1.188454502504532329e-02
-1.616817809088821889e-02
2.637616501701600669e-02
-2.322752669530192549e-04
-4.908521011451960625e-02
-1.362410852838502606e-03
-2.247841530786010011e-02
2.492303059343892180e-02
7.801957836454320727e-03
7.440570522477152338e-03
-2.756507261356677674e-02
1.325451011339051632e-02
-1.499811248070437308e-02
-4.972579647257724389e-04
2.480355472089934565e-02
2.592732529822194820e-02
2.536946611854595801e-02
-3.201168728843395428e-02
-8.891755086571695443e-03
3.316917949002418098e-02
-1.100390468680378930e-02
2.275385226574666575e-03
-5.976555722743803756e-02
3.602622860263693383e-02
1.276607784059091699e-02
2.209228645699479188e-02
-2.218313078652256465e-02
1.583084772126408524e-02
6.676480193809375407e-02
-5.744992133123050237e-02
1.101406839884155886e-02
4.302866956914819241e-02
-3.820178028268284010e-03
2.307060960170748132e-02
2.597251262901023594e-02
-7.084074533678652585e-03
2.230470763369130083e-02
2.401776580386716375e-02
4.500902395729022842e-02
-3.871496536992191650e-02
3.261453174563389013e-02
6.219100884643280480e-02
1.358285309889906145e-02
5.347153732482690103e-02
6.365740843348266509e-02
-7.085847050172233708e-04
4.630559472462003612e-02
5.383644192729519773e-03
4.994463231509183032e-02
1.484939502930959776e-02
-8.153900959378734825e-03
4.308113060800078387e-02
6.458718672581609255e-02
-1.873588121598857015e-02
6.037787479344025598e-03
1.505627094450900927e-02
1.049904425829115695e-01
-1.055188745081814261e-03
-2.682987042828521851e-02
2.761839143792776952e-02
-3.208784522329644062e-03
1.262985843580954892e-02
8.037557403286887947e-02
6.315468011984126662e-03
2.306338881890201975e-02
5.281513042626517773e-02
6.148434456191109732e-02
1.379250127187554575e-01
-2.305905015356035648e-02
-1.306568512714845198e-02
3.402115796702176453e-02
8.521782312549852634e-02
1.240156255125528517e-01
8.509439008827168749e-03
6.976647399466351374e-03
1.158825433343282363e-01
3.773640605029981998e-02
2.184721912447562531e-02
3.083645852868066584e-02
3.025655332437926504e-02
1.625571988202345608e-02
3.822171735732471376e-02
1.542862771503328290e-02
5.806894018286090642e-02
-3.587269369439471944e-02
8.899390266091922186e-02
-3.640134222160806843e-02
4.461206640968695680e-02
1.768338379770151292e-02
1.160562245873020260e-03
1.469414057632523196e-02
5.894581755389127764e-02
2.626804037341390341e-03
7.643827552042825602e-02
3.660482176263268883e-02
3.169390925417747695e-02
2.037530174975743513e-02
3.978010630503603373e-02
3.323234573128308611e-02
5.749716876145161137e-02
4.573117440674012713e-02
8.543806992693747659e-02
2.773832810055165687e-02
5.585416372548546171e-02
4.275628947258480750e-02
-7.841015132780526642e-02
2.290747062434839165e-02
-3.971754852067466146e-02
2.832729492259300486e-02
-1.430457858550671091e-02
4.975610615197290088e-02
-5.976193580780320147e-02
4.470097455948041087e-02
2.482964616405247682e-02
-1.966591301398623592e-02
-1.316142316415480629e-02
2.635609282694795219e-02
3.887016976190538209e-02
2.994058924451303838e-02
4.901053437613600572e-02
2.785355643708720130e-02
1.178532108841556791e-03
-7.103977080258561116e-03
3.129468088645603885e-02
1.437702607001201116e-02
1.390144302410645238e-02
4.641055468903232395e-02
2.973803439254041336e-02
6.725958172693502490e-03
1.199411166682962104e-02
1.038332829368027177e-02
2.095475558075099443e-02
4.087598750467780206e-02
-1.230109899045839228e-02
1.372264548293422592e-03
5.180989332369634326e-02
4.650558900709533816e-03
2.734332756338719861e-02
-3.269194948636311437e-04
4.512345195371025852e-02
-1.225707239314033359e-03
5.426207904469038112e-02
2.736900765029126603e-02
7.884222278487396096e-03
2.262056615533314385e-02
2.286235766473110331e-02
2.648010829928093557e-02
3.743746356270394315e-02
1.362718120026240598e-02
2.526959235996928399e-02
3.103788167196075420e-02
1.733683322702539442e-02
2.368980033217527037e-02
1.951403809621066188e-02
2.282553087807492886e-02
2.234866227900145219e-02
5.776677098416316269e-02
-3.828862661591880823e-03
5.202232903327597136e-02
8.931247257101704307e-03
3.108470780339045447e-02
4.932680253516297242e-02
1.430371443880695814e-02
4.378342227680320775e-02
4.709927780698874855e-02
2.779207720052068176e-02
2.167227078446187782e-02
3.770898085039386949e-02
4.077804039127119751e-02
-5.592656562938280729e-03
9.695204599236184606e-02
7.256006984544605132e-02
5.486114712057466036e-02
6.155683048191296081e-02
1.943616540799020243e-02
4.627214071007679230e-02
9.027256073760980826e-02
2.838479831873064185e-02
7.472108298061352905e-02
9.304531583145192464e-02
2.264299088925048054e-02
-2.370277388884978187e-02
2.360109202757465496e-02
2.734332639438985524e-02
8.544506261443207684e-02
-4.877407226770857918e-02
-6.412216248618340941e-02
-2.431935648790739535e-02
-2.008846641005423983e-02
-3.164151653018998367e-02
-2.703873245001098269e-02
1.276986923055645207e-02
-2.089425467472239006e-02
-2.594294219529835743e-03
-2.040827963853519833e-02
-5.335707933793454316e-03
1.970015437114480683e-02
7.105647819369598217e-02
1.007820448661020940e-01
6.945503077865788910e-03
5.644628609670321318e-02
4.884095566104962316e-02
4.186204938919235730e-02
-3.829156727099225499e-02
5.790547900783526991e-02
5.267050188439936775e-02
1.425604377474543050e-02
1.403179505628626700e-02
2.597581419334860087e-02
4.206354997109840177e-02
-1.284419840026695958e-02
4.433353168073006501e-02
5.966521745495678708e-02
1.185744083443940333e-02
5.397028533618919433e-02
-5.880740815173757241e-02
2.904178872866980399e-03
3.455590354642046336e-02
-5.660519574911759833e-03
2.015106993590443096e-02
4.203016846635243553e-02
-1.667979162728361331e-02
5.030420372056587652e-02
1.968330237139159777e-02
1.345443300402671127e-02
2.686536452439680644e-02
3.150452817446414144e-02
-1.074828823705731295e-02
5.035537739110917954e-03
1.859045290631122782e-02
3.286346721497945822e-02
-3.337861314038903515e-04
2.697089195266899608e-02
4.867085362671774718e-02
2.294486034555287546e-02
1.171351860153135860e-02
2.292825419450528202e-02
1.091163182306464918e-02
4.245469905329368743e-02
2.649296951345458950e-02
3.447094563025920877e-02
2.924667852339801755e-02
1.323750138041646096e-02
4.612498485152238814e-02
4.639232952540917054e-02
9.189889793327576939e-03
2.391711481704250630e-02
7.475551178508510475e-03
5.258304086394849364e-02
5.586603609883722399e-02
3.873704346501671836e-02
4.060420638750406042e-02
2.859278464286152399e-02
5.763483909312627773e-02
3.095758990913610731e-02
4.156105645556174011e-02
3.754646737904110410e-02
7.178399239314181557e-03
-6.700428741578612346e-03
5.400523487516561971e-02
2.528139569849763291e-02
3.476485963327169415e-02
5.076145954416277917e-02
-5.003346662708629822e-03
1.039332014579930075e-02
3.970958080450337491e-02
1.155464512379156261e-02
1.141507379103590125e-02
3.141772963698707954e-02
-1.382755103826616150e-02
3.879405906624500133e-02
4.880573272483612612e-02
3.049763007968797623e-02
3.728160063448804351e-02
-1.704732628700122987e-02
6.305617401608909489e-02
3.722535898895040773e-02
1.975578787890786003e-03
2.190860279105422137e-03
5.181350727801392608e-02
1.731810216406337588e-02
-1.066801514058912659e-03
5.291896108947247157e-02
8.347848859287099188e-02
-3.484912616121649265e-02
-5.425592398228484825e-03
3.075871866880541816e-02
3.526738823504516063e-03
6.040161844311908723e-02
3.587111941422183037e-02
3.613354993974304818e-04
1.853424867506259233e-02
-4.630512202760339591e-03
3.379438302296655650e-02
4.910607713456016654e-02
1.640706424494320359e-02
1.783317993577426819e-02
3.596400598275906191e-02
7.203848271568835671e-02
-6.425764004784007000e-03
6.641760758923931363e-02
5.136972208543100216e-02
5.399412246350254740e-02
7.939703818987919881e-02
4.993982838673582947e-03
1.432485103202818522e-02
6.748480379853027955e-02
5.356157900417213291e-02
4.788345071121336005e-02
2.772679621287266194e-02
3.222685028498051274e-02
3.058037326017992719e-02
1.213885777741130489e-02
9.917172774020288628e-02
5.962505621058467042e-02
9.717011850480261614e-02
8.535204509768457015e-02
9.621253975381827139e-02
1.286015307784582618e-02
-1.083581205772565781e-02
1.159317051392161346e-03
-3.838934546529282343e-03
2.446516402146836633e-02
3.421867481893769991e-02
4.762871681943137148e-02
3.929552576127193220e-02
2.073029256131153630e-02
7.176049703144293801e-02
8.803153135646679672e-02
-3.541836428202582709e-02
-1.921662919143818371e-02
5.517366671611600992e-02
2.158703289541152870e-02
-1.398021558482698268e-02
3.132612180860339102e-02
3.792317366921849064e-02
5.581116398147623059e-03
8.058168784504271542e-03
6.278420119611127781e-02
5.597094603242203092e-03
-2.283568886193476644e-02
3.327614062648076576e-02
5.116577133922528553e-02
-2.833202828884595625e-02
1.902217497408309477e-02
5.027763942357932336e-04
1.345212168077503101e-02
3.794215143965917747e-02
2.506526285537402643e-02
3.186296873377880701e-02
1.727908202311945196e-02
2.095563292233437735e-02
-2.329390076513782049e-03
2.845096541475422569e-02
3.584267471968871632e-02
-3.169364719492140381e-03
4.528397452666599321e-02
-1.815295120827453701e-03
6.749834845025448615e-02
-3.971351464124550645e-02
7.396434194889556224e-02
1.640777206966248514e-02
1.296133902544083227e-02
4.238321832370406383e-02
1.178118178308373842e-03
3.706185069060863313e-02
3.606583115665129569e-02
4.659928277763381033e-02
-1.248651252770827114e-02
4.335542983821927265e-02
3.306681443117165387e-02
-1.175212860147079041e-02
2.119581221232857970e-02
3.528307227225813136e-02
7.745359709484223032e-02
2.842483307638499213e-02
7.833907145459351185e-02
1.918528103387195927e-02
3.386394400389702852e-02
2.326803428303358956e-02
6.941327210263903424e-02
5.656352136350450976e-02
-3.572641572653800779e-03
1.057319679912180899e-01
2.484104383692331552e-02
5.856908084178802376e-02
6.422048549733294642e-02
2.043561338911281666e-02
3.875614865611209936e-02
1.307912354010749567e-01
3.290993938017372500e-02
7.823008467586678449e-02
7.842981803398041407e-02
3.252237135150881642e-03
4.346025453132584815e-02
4.974593399113724779e-02
-7.036612855063628658e-03
3.639009388544001133e-02
-3.232119032599123365e-02
3.932047045533892948e-02
3.585301882824154518e-02
1.870552621565746421e-02
3.250079787387338826e-02
5.853556546101534863e-02
-3.115274332440742810e-02
9.069536690141788426e-02
3.039384465203909258e-02
-1.293403395932801736e-02
-1.705787962106475320e-02
-3.661550776850264199e-03
4.263543605306163720e-02
4.881003391245863909e-03
-3.432747241512323910e-03
3.331573806456544773e-02
1.451695412274700558e-02
4.237726733763658160e-03
5.585805766977580689e-02
-1.754901560818522555e-02
1.203501158461861564e-02
5.558416396038712293e-03
1.557020692179111876e-02
5.475630772322981343e-02
5.689660964517173625e-03
1.859081359469438866e-02
-7.374471275797489511e-03
2.122153819423777676e-02
2.517509799845107921e-02
-1.331553051683131983e-02
1.804003704327383772e-02
2.977884833348065641e-02
6.311907395653459929e-02
-1.905969282717956403e-02
3.250597657010612096e-02
6.861131854436797184e-02
1.250181111168657822e-02
4.362361956527838203e-02
5.658572453840049477e-02
2.152038521236576685e-02
1.436018865035260106e-02
1.279856961024083972e-02
6.485968495837379777e-03
3.293091911761969470e-02
2.690647024103487439e-02
-9.888847125905542157e-03
3.392670715054091346e-02
3.194283280149434745e-02
3.706731278145092290e-02
3.907205494940813040e-02
2.664116256735171717e-02
4.943659399702227120e-02
8.169100579977772725e-03
3.226883498378319004e-02
8.411835862564664978e-03
5.808603085962893431e-02
6.524038007110100068e-02
4.582589601644881938e-02
3.592952362069468109e-03
3.275812927170829170e-02
1.204262811955647550e-02
4.696847589297359349e-02
1.544867537166849658e-02
-1.510956717141631600e-03
-1.156142689496642006e-02
4.178241447847153012e-02
1.984714205941084941e-02
3.137324346230130345e-02
5.114602887744634785e-02
2.655829127874209661e-03
5.862321428789085687e-02
3.018475696288325238e-02
3.747653904970738026e-02
5.078882949998853036e-02
3.045669023373598350e-02
5.561051811661954503e-02
8.576314793627881627e-02
-7.651514863548269929e-02
4.713301040988682189e-02
4.404696158684906493e-02
4.363027754364479094e-02
8.368507385702272927e-03
-9.216423351488867155e-03
4.989341314279505113e-02
4.791568167911819387e-02
3.348183174547392227e-02
1.091178526534219984e-02
-4.291772521157533049e-03
6.622684507894893713e-02
5.738072316783915383e-02
-2.303410998425237111e-02
9.528868038734339407e-02
3.849299150620044685e-03
4.655060709639036176e-02
-8.361254422308395107e-03
1.692190644426583290e-02
-6.552772405204798645e-03
2.033898800769406989e-02
5.875989065200037942e-02
3.997065773557295643e-03
4.307356027509046115e-02
-2.104447672525378010e-03
2.547743312616201905e-03
1.813231075218313393e-02
7.425914964923974182e-02
-1.060646064425796453e-04
3.507667352371379721e-02
3.003848788676499737e-02
3.720175833231076368e-02
3.080889993777180536e-02
1.882302894502174695e-02
2.481409302085690882e-02
1.278605049337144806e-02
7.774425963271269779e-02
1.759997996739848247e-02
2.075954600800455907e-02
7.432318520525482697e-02
1.049379183700960283e-03
3.792083642280053013e-02
3.933271856495146324e-02
3.836043435165148452e-02
6.632615788991991224e-02
5.128670427828563305e-02
-1.457072574738971227e-02
1.195480889735587304e-01
-9.544499117347893247e-03
2.964561090465656079e-02
3.616607097727442266e-02
2.285315880074234585e-02
2.993116201546186517e-03
3.574377522692184783e-03
6.428449800485891430e-02
2.990368162777867767e-02
4.783612332961872937e-03
5.950307189901415938e-03
7.847374195860679080e-02
-2.363280741704265608e-02
9.222346664703451324e-04
4.049563908756992348e-02
3.576687889035623513e-02
2.954865351803537266e-02
-6.236404229339687078e-03
5.906021430892982593e-02
-5.233260624448288212e-03
9.166603466341038953e-02
3.232135759940302222e-02
5.046773832568840490e-02
8.337031763234570292e-02
3.896328168827034588e-02
6.623546172562422285e-02
2.281308389394043346e-02
1.034754383933775834e-01
6.576250393165894437e-02
5.566904150166207543e-02
-2.181485750505007815e-02
1.147486799166874682e-01
4.089736073844729702e-02
1.043307902969603518e-02
1.194759953830546451e-01
-7.487341294565119654e-02
7.647982584154044972e-02
7.334283543319664034e-03
6.214722976028408397e-02
2.221832884408359021e-02
6.370895134604026566e-02
-2.555205019372230879e-04
7.453280085285562961e-04
6.741782975922872012e-02
1.233566864991919587e-02
7.351733803445359428e-02
8.101672785766833584e-02
4.163790146558099536e-03
8.104290103834621561e-02
-2.506318658770823049e-03
2.182406996847818803e-02
7.419213021712467437e-02
6.123659920819424229e-03
7.784152788046849736e-02
1.371667803543363817e-03
9.153453427075364246e-02
-1.136292155639040402e-03
6.420452169305201906e-02
-7.366921361182665606e-03
9.730091444077659801e-02
4.310190550015846611e-02
8.627961720659582667e-02
5.065504159124945005e-02
-1.298499902970817743e-03
4.292756851920209726e-03
2.842329548006850004e-02
3.749618800359577619e-02
5.043873798697795507e-02
6.989918733705380305e-02
3.742651154662102186e-02
1.509821245874931606e-02
4.365633100489674234e-02
9.577644342720414983e-02
1.180952333980282987e-01
-5.018028421597264810e-03
3.075725694316266967e-02
4.298577857175311934e-02
7.054472521516252925e-02
9.519248764162213661e-03
1.069067978319480083e-01
-1.700433716332749867e-02
1.363701559249324013e-01
7.557675418619513863e-03
-7.797909811446679385e-04
7.007423601518114609e-02
3.051767325525744923e-02
2.578080710268548792e-02
7.583790272941781652e-02
1.317133365653111454e-02
2.721406984569152421e-02
3.151846663955182315e-02
4.700334111231785350e-02
-3.021682383239721048e-02
2.961184659590188062e-02
7.246275279114766654e-02
1.220384596946737510e-01
9.253927881754542284e-02
8.442632127761573457e-02
1.393938206001377189e-01
1.135636143239615592e-01
4.829777009204239135e-02
-4.837375484962658234e-02
-8.499125751664227124e-03
6.894833552119239428e-02
9.437942657372389021e-02
7.799207123240048389e-02
2.361583570844194568e-02
4.198184148412509309e-02
2.330418333785555518e-02
-3.945804348817638640e-03
-3.886138043335929382e-03
2.975042173517783439e-02
3.509292988156098581e-02
-2.136261204241018952e-02
-2.695091846193320428e-02
1.091259443993797262e-03
3.983277807596685705e-02
3.122383818957841228e-02
-2.675405324513269179e-02
5.245125029072839062e-02
-1.183671944204900406e-02
-3.655078486124008208e-03
4.060247965260588288e-02
1.961694463574525926e-02
-2.759695341531642754e-03
1.481363119922285421e-02
5.129395758998400723e-02
4.185271610445706614e-02
8.115121678057946042e-03
-5.416005934606005212e-03
9.481857741420185448e-03
-7.566745840028143988e-03
3.169260634303183721e-02
1.695344219881134151e-02
-9.746121873982716011e-03
-2.898087698575713134e-02
2.577940828250691041e-02
7.555758582345450947e-02
-3.551174663810519050e-02
9.460808990407798547e-03
5.577513101114828231e-02
3.610568086728171977e-02
2.205263044311278620e-02
-1.139776831335037599e-02
3.125946180900429638e-02
2.553907476979588864e-03
3.209199431697529192e-02
-5.204438770580743778e-04
2.069691240024384982e-02
2.952012440466278420e-02
2.859354600360308751e-02
-1.051441634294292271e-02
3.500194940604961502e-02
4.233077236664373189e-02
1.255363433721612409e-02
1.300537512111699101e-02
1.629373224863739367e-02
2.038635911765895870e-02
3.265490941408710768e-03
5.122047693097542265e-02
-2.175987469008466846e-02
2.743375804053194145e-02
2.904094659889500107e-02
1.472850545274795309e-03
5.057077599221582176e-03
5.952990424665616231e-02
1.189193052342396584e-02
1.588223885872031005e-02
-2.158482942491524170e-02
1.215948989662374302e-02
-5.781914261403731103e-03
3.507315868983695850e-02
4.068201418593098140e-03
-1.860938055959859838e-02
4.216477750690383886e-02
-5.076482768877621510e-03
1.637761083270516949e-02
1.762152030978336725e-02
-1.523718504698079457e-02
1.182658277489778698e-02
-2.960217451123936527e-02
2.773380427016913785e-02
-7.640773381547560916e-03
3.849455457236095057e-02
-7.419748284275939909e-03
-7.559680507649435555e-03
2.349646092284318755e-02
6.004148184728741455e-02
-7.858184808631873963e-02
3.434006036285719432e-02
3.038568156145293742e-02
1.883199642500654747e-02
4.927980668665643549e-02
4.841443725986804836e-02
-3.243848512833080733e-02
3.846050558471869607e-03
2.195873110957924368e-02
-1.626149951040600783e-02
2.399532061931797244e-02
3.420231024305220302e-03
8.691005040243116042e-03
6.278769823350138779e-02
-6.770899110445149915e-03
6.842185617248475182e-04
5.548170441792876773e-02
4.666336956204109043e-03
2.096036618577379329e-04
-3.733490805386630029e-02
3.070432720785865044e-02
4.534333554674674360e-02
1.309440183448629114e-02
6.411758480367613089e-02
-3.063413945090820434e-02
3.632098184983423295e-02
-2.528417700296170523e-02
1.109415169457239614e-02
4.121324602514686575e-03
4.860943707206377695e-02
-8.179615863178213431e-02
1.492521062395413267e-02
4.390794636765349424e-02
3.095625063091445028e-02
2.560851836389854697e-02
-2.540475673580644411e-02
2.879506146891497309e-02
-1.105137011729251384e-02
-1.433040215267045170e-02
-1.288812118679460994e-02
-4.662139466792503129e-03
3.383873436247020194e-02
8.106816456824939010e-02
-2.176135086886477055e-02
1.302686331113678264e-02
-2.141972212867182535e-02
-3.017646350824687573e-03
3.738445015795299753e-02
-5.949996475045704614e-02
4.463406583717999254e-02
-2.931950160079566103e-02
2.244544899520795056e-02
2.643404931782455947e-02
1.241644589425749956e-02
6.461519641386637147e-03
-1.920723025769621728e-03
1.222180259930727431e-02
5.648249342784072979e-03
7.905242629675512944e-03
3.525393082704342262e-02
-1.476242885650425052e-02
4.537667606059336833e-04
1.591069003840228646e-02
1.068552049972026907e-02
4.203049054724772304e-02
-8.982243812420520612e-03
2.793777916967110642e-02
-2.538324635744615421e-02
2.169607204678491996e-02
2.420123931102891035e-02
1.119087108757232940e-02
2.495449272359007153e-03
-3.015085859358768161e-02
-3.941700235475886771e-02
3.290747124307547011e-02
-1.123299359872653724e-02
7.396577830856898572e-03
-2.026868654159486027e-02
3.185795571774674428e-02
-1.385590883563825315e-03
6.406882013655845753e-02
1.818579414539511774e-02
5.394477862560131953e-02
-3.996635039585427762e-02
2.289330929503741174e-02
3.602902273987451665e-02
-1.901639564758772494e-02
1.877730725536208567e-02
2.866764655184761423e-02
-1.626148521009085357e-02
-3.473563528982204218e-03
3.314969924765076570e-02
2.724999186123611139e-02
1.891544718887638865e-02
-9.976602169271320264e-03
5.556984780123297440e-02
-4.342132483301996970e-02
-1.069751505891325394e-02
-1.006656508219494484e-02
9.023786265528688233e-03
4.009410638976573793e-02
1.124069135927552310e-02
-8.890851716587544473e-03
1.013002001143248343e-02
-3.541165534142098892e-02
2.118465639648348109e-02
-5.707105102712217715e-03
-1.437458027760207813e-02
-2.038724768157473832e-03
2.307943007688484371e-02
3.008264319399356346e-02
4.716403398818469483e-02
-1.359805937619551486e-02
7.168761913478594039e-04
1.469839040756482085e-02
4.550348498263212527e-02
-2.222667199707650809e-02
4.965088531065631194e-02
4.148341194974936030e-02
2.912314842372354384e-02
4.271447910862469222e-02
8.887968934099710339e-03
2.924308448161783147e-02
1.634440362519029577e-03
1.062112121834228873e-01
5.996786989148361613e-02
-1.402397165612456753e-02
1.559168826520362927e-02
1.257405895748364699e-02
2.042774317744600054e-02
2.500835779665422365e-03
3.324212381712388087e-02
8.722322754028288827e-03
6.760832146317508062e-04
8.224781277892345699e-02
4.973408415700752983e-02
-2.357378890956418616e-02
1.389846004418080483e-01
