-6.935097424478309236e-01
-9.694463236199700462e-02
1.054234185165220730e-02
6.669266307956972506e-02
3.508805465454301054e-01
4.505743184033986770e-01
1.984725352750626171e-01
1.356765551823876925e-01
-3.419413164546996620e-01
-2.951879775079627732e-01
4.026748547058557892e-01
4.276822717182138689e+00
6.115700952959263859e+00
5.917310413793450685e+00
5.582901600319937430e+00
3.609849486742290559e+00
3.171226680586825553e-01
-7.308242121364199040e-01
-9.803766001248717110e-01
2.212542785176464244e-01
1.576225619508513143e+00
2.785664635507199893e+00
4.028058049204780389e+00
1.790919672577918176e+00
1.787254141703964905e+00
1.843417959018857299e+00
1.672756244514128188e+00
1.701240279428185564e+00
2.434134117189234559e+00
-9.708693299765615292e-02
-7.683356064615639580e-01
-1.334020370942035960e+00
-1.529333871301561398e+00
-9.791620491215677902e-01
-7.220220004598252306e-01
-2.045900028240184992e-02
8.134293467781025244e-01
1.372922626852507877e+00
5.369189725356414478e+00
6.285732720287988684e+00
1.034324590671962518e+01
9.242217604420613242e+00
1.109050338565110394e+01
2.030147849847988795e+01
1.604426490050914467e+01
1.755392510660844252e+01
1.793863552836783626e+01
1.367969208364194778e+01
8.125552037246235315e+00
1.836530604810630685e+00
1.166827818807577993e-01
-1.303634230843774722e+00
-1.678455899762329340e+00
-1.533432399944584690e+00
-1.403981600470916469e+00
-1.135703249277557392e+00
-9.965811170769749427e-01
-8.304836539819775432e-01
-8.413271063683848139e-01
-9.294354823428084833e-01
-9.310867438520672446e-01
-9.587313115616126202e-01
-1.216711059971597342e+00
-1.532171564764241989e+00
-2.152670290803822883e+00
-2.783060589632819770e+00
-3.396017738828487786e+00
-3.729930580758268999e+00
-3.637228842172326448e+00
-3.626442827821620085e+00
-3.614771024016574241e+00
-3.916939614780787782e+00
-4.273154119010007967e+00
-4.808899539685326019e+00
-5.565190188920349890e+00
-6.148303924081186089e+00
-6.280562649327382729e+00
-6.137822871599089680e+00
-5.991492598455113061e+00
-6.019976603374153967e+00
-5.793816597951507497e+00
-4.766161178286252742e+00
-4.494589787265474534e+00
-4.640594508147107611e+00
-5.554287760367209614e+00
-5.625068863144233156e+00
-5.427808479353945614e+00
-5.139280037672560475e+00
-4.755706181216249107e+00
-4.305834069352133753e+00
-3.564562739292945981e+00
-3.623604274039728068e+00
-3.584881410010776648e+00
-3.590867094284979633e+00
-3.439012351887301921e+00
-3.260600241013598577e+00
-2.788289072323334672e+00
-2.731791520346174007e+00
-3.380514376546663424e+00
-3.770472648814237271e+00
-4.158892397288801668e+00
-4.527376103846412647e+00
-4.078649903604524063e+00
-3.907946514104288394e+00
-3.663263747716985375e+00
-3.582987034788372327e+00
-3.696426698154327894e+00
-3.798584695298389047e+00
-3.231090630343348202e+00
-2.880954998857416793e+00
-2.752145835155245468e+00
-3.009003664802113232e+00
-3.097601771330158016e+00
-3.829314174696670126e+00
-3.524878221287167879e+00
-3.960225089228580408e+00
-4.345508885315908287e+00
-4.219223296421024116e+00
-3.197264230149584385e+00
-3.090550337379570411e+00
-4.787203643161349831e+00
-5.701632231208569657e+00
-6.159218498099814809e+00
-6.677350612832035459e+00
-6.824725043209496356e+00
-6.772344627965474650e+00
-6.994767631392195817e+00
-6.934056862572615110e+00
-6.760960575694365815e+00
-5.640574553141232350e+00
-4.871098195679103959e+00
-4.288953370853682223e+00
-4.051618759517070067e+00
-3.937530076446338345e+00
-4.120638100242930868e+00
-4.128184800888951678e+00
-4.607412434182064587e+00
-4.979999827871459672e+00
-4.831603791304218909e+00
-4.673463050045600475e+00
-4.358178430026011796e+00
-3.789754352642848545e+00
-3.313081512586778743e+00
-2.954080490765375266e+00
-2.612086756315675551e+00
-2.266890932524086910e+00
-1.520691052445332092e+00
-6.210766922761632447e-01
-4.204583594457718676e-01
4.100664936042752728e-01
1.681956050875937470e+00
2.799716310103055772e+00
3.725744204778280722e+00
4.229199924714222902e+00
4.650140783478999396e+00
5.460890030127579564e+00
5.619773771403093754e+00
5.765987734856672375e+00
6.288109969265911481e+00
7.327633589143378146e+00
8.315151832588897562e+00
8.915294823048309780e+00
9.395430713771601106e+00
1.048646937822824121e+01
1.124436752820422747e+01
1.235816952875837238e+01
1.239070334912040749e+01
1.213988292703338168e+01
1.051602905147095512e+01
7.031974993103835558e+00
6.168428267552908295e+00
5.959949104956771215e+00
5.619478573733368343e+00
4.557726393506097651e+00
3.354693969407123166e+00
2.392965125865568865e+00
1.434545815746520736e+00
1.125093251052150696e-02
-5.829246661036401322e-01
-1.176283706079215508e+00
-1.025231392556020804e+00
-9.621276112262306945e-01
-7.720020314331648148e-01
-6.792772354214144936e-01
-6.849764993135414315e-01
-6.957444717074355856e-01
-6.505775539084840409e-01
-6.390311329938476170e-01
-5.044370598753627338e-02
3.790806435410884467e-01
7.344720760884422273e-01
7.662303882485073103e-01
8.948344955989769867e-01
8.370378799522956159e-01
9.457522441555432646e-01
1.861873997076330722e+00
2.111567070051211026e+00
1.668081018475510158e+00
1.067626149451653905e+00
1.264205483234395189e+00
1.080187331032082643e+00
1.006824629917335789e+00
9.809857420146608220e-01
8.203703880087052092e-01
6.494971784720937613e-01
-7.978233096509321221e-02
-2.446166114417460680e-01
5.181360410044941883e-02
1.980725711532083655e-01
9.468604545004509487e-02
-6.258751999656825271e-02
-4.660877284841614676e-01
-1.962515668824921788e-01
-2.171246248859228234e-01
2.613585858787991281e-02
2.549570891481405810e-01
4.415613416232285204e-01
3.936251318027675916e-01
5.201530691549688390e-01
6.278591546948297797e-01
1.254941150027689911e+00
1.009156577827961421e+00
6.632752559762666866e-01
4.379738685517314822e-01
4.716617172866476859e-01
3.627971526167959593e-01
2.679150322986993960e-01
2.339960030383294864e-01
2.062652385919808151e-01
-1.214666149740327092e-02
-2.466014321148462252e-01
-3.281903200799827225e-01
-2.445385395101567771e-01
-3.332326366224605541e-01
-1.645541020554130429e-01
-3.391938135368604001e-01
-5.010033556426675139e-01
-1.041909839417533679e+00
-1.630138372914010203e+00
-6.918850100590292485e+00
-1.715944397691250600e+01
-2.687857264811419711e+01
-3.028042788620972203e+01
-3.404934807659675755e+01
-3.771149580013992164e+01
-2.087883513772910149e+01
-2.197100770301041450e+01
-2.295977346553879528e+01
-2.306275146765489481e+01
-2.324566568659173527e+01
-2.099661889529152248e+01
-2.601299453664143968e+01
-1.354632488121398559e+01
-9.358797149775202939e+00
-6.570888415895995927e+00
-2.818519746890190802e+00
-2.665655943437605035e+00
-2.588141241495268474e+00
-2.573616269911644494e+00
-2.576152653922973546e+00
-2.539365057710361917e+00
-2.461169617469162407e+00
-2.271570558874691947e+00
-1.530077551284356963e+00
-1.073989313655447697e+00
-9.216346409955454844e-01
-3.294236157149559308e-01
-7.180605438323066358e-02
-1.482014215149538572e-01
-1.773399990135633708e-01
-7.317057985657403618e-01
-1.205537104529090797e+00
-1.251107967548390709e+00
-6.585480709549093037e-01
3.125260394405954822e-01
4.557729538156345406e-01
2.295816322560210732e-01
1.186869852091211458e-01
-2.552866457646824072e-01
-1.689799127539373114e-01
-1.859776756302918277e-01
-2.810462083177226456e-01
-2.817607835770775671e-01
-2.725973401490124903e-01
-3.932001933486645173e-01
-4.865150393193969358e-01
-9.817268857463203879e-01
-1.098124417491915361e+00
-1.550442756908043007e+00
-2.032796009393892156e+00
-2.095774429004578554e+00
-2.073289383522284091e+00
-2.085549561796348872e+00
-2.074897852955303268e+00
-1.639145324730908015e+00
-1.693793070946217449e+00
-1.599853624470121805e+00
-1.627085929135462461e+00
-1.578512279662630968e+00
-1.608463456120286628e+00
-1.379852971297141906e+00
-1.524742681879382777e+00
-1.619541139762651794e+00
-1.930684803934218374e+00
-2.009119084954043011e+00
-2.058684384867869532e+00
-2.022274426252673951e+00
-2.054961535655941862e+00
-2.072854788322896713e+00
-2.271684253249875329e+00
-2.694599362061578240e+00
-2.971971963147689966e+00
-3.600973004793581289e+00
-3.576623297279302172e+00
-3.510989463022735624e+00
-3.049472599973447107e+00
-2.965275791162641728e+00
-2.958315633882931728e+00
-2.686839165374387939e+00
-2.855046981308820619e+00
-3.104893615718872013e+00
-3.101313810182871222e+00
-2.773710620298973861e+00
-2.558150879773973596e+00
-2.529793022279982040e+00
-2.524711834876129046e+00
-2.170219788083482815e+00
-2.122499659197475186e+00
-1.652752374465471519e+00
-1.207702239871031313e+00
-1.241627057077283824e+00
-1.318899249004945817e+00
-1.470023600620077087e+00
-1.333973090841948039e+00
-1.342281081266018639e+00
-1.133019791688888445e+00
-1.126184138266452583e+00
-1.042693585218992025e+00
-1.044599710934331238e+00
-7.614500148882678010e-01
-8.041811982292819405e-02
-3.430539313422024672e-01
-3.085470402463630010e-02
4.453291730142709681e-02
2.735642651612447268e-02
4.178118758454013038e-01
4.173375900473772493e-01
7.390444109475896584e-01
9.503123165081235335e-01
1.032128712913110702e+00
1.011775785978302977e+00
9.585311588084771683e-01
7.178877704549332384e-01
6.645032791238049130e-01
2.994771958936349732e-01
2.889893459924383068e-01
2.596256376098766694e-01
3.715485904196591527e-01
1.830468042801176864e-01
1.891015571113027482e-01
-2.749819822636402900e-01
-8.804256819919784594e-01
-2.566174731233400230e+00
-5.430204154768293989e+00
-8.468110597711563159e+00
-1.314560366499298283e+01
-3.454309717918983580e+01
-3.436348238238312547e+01
-1.730756827928427910e+01
-3.157037050781545062e+01
-2.753548208062585090e+01
-2.119385423925313461e+01
-1.581111523335163582e+01
-1.362372712400086527e+01
-8.065412039128133870e+00
-4.332176383210136983e+00
-2.648668556449441880e+00
-2.580846442236014671e+00
-2.514960674753476955e+00
-2.207484967386908359e+00
-1.839745461507999336e+00
4.732759949649516518e-01
4.870059383285427757e-01
3.216680856519477660e-01
1.008039860167238677e+00
1.642405143327478667e+00
8.377466681196503728e-01
8.920285921693356102e-01
1.058157762507061062e+00
5.763975752305263711e-01
5.046615266874741046e-01
3.073349799519946579e-01
3.534022797419155149e-01
-2.039714475357813986e-02
7.290423640592570420e-01
6.547993916717247398e-01
-4.588430594391469941e-01
2.424844276397626619e-01
-3.566195355609125262e-01
-7.650273283124213730e-01
-6.788425169726541863e-01
-7.352198579905958598e-01
-6.767827395277437041e-01
8.480817231558792843e-03
-4.113913567258166148e-01
-5.129285599376901539e-01
4.579227508289636095e-01
4.528743826886619805e-01
2.651674394762007503e-01
3.577568388023580903e-01
1.436984369550207974e-01
-1.210093588398593045e-01
-1.283422726758721467e-02
1.141334673728669480e-01
3.721937650366945460e-01
3.217732367437508567e-01
5.312477905467655193e-01
1.068002839043802749e-01
1.294892007008997814e-01
1.638684188835445310e-01
7.998622056176699080e-02
-3.036718360591136312e-01
-2.649372290689047116e-01
-6.346092634034308233e-01
-6.825077810538848766e-01
-7.187244832516174187e-01
-4.464585624128589170e-01
-3.107844480622524719e-01
-2.754896337293479824e-01
-5.056103938590198466e-01
-6.491081111130805326e-01
-5.503450150418144338e-01
-3.743191857086585195e-01
-2.397738397601636151e-01
-1.852209749601954336e-01
-2.817290217468986779e-01
-2.597327331646104298e-01
-2.911491853259615126e-01
-4.057911842948931924e-01
-6.584695918222136513e-01
-7.014095365229371382e-01
-8.179747417799789755e-01
-1.304120680845493707e+00
-1.374192622137589970e+00
-1.388344321992666552e+00
-1.361250753905500321e+00
-1.245058784713805711e+00
-1.032532418369754623e+00
-1.079731700207471112e+00
-1.097806558107439434e+00
-1.048090627473304615e+00
-1.278353579009155361e+00
-1.092989606845760964e+00
-5.249206528535079741e-01
3.950703241908631314e-01
1.121811864431264461e+00
1.479873848720672846e+00
1.547573168631009466e+00
1.614090745241196778e+00
1.571965181217720442e+00
1.479249832311328339e+00
1.539514211154855206e+00
1.462379105100240384e+00
1.153969148535323841e+00
6.724208332350560813e-01
1.508945364336494732e-01
3.622891432082905178e-02
-1.158029626295976611e-01
-1.394344374899766648e-01
-1.754342271844344103e-01
-3.279317436535392899e-02
-2.132911185417269151e-01
-1.504446315575864168e-01
4.334528244795478324e-02
-1.018318494373789684e-01
-8.417137126240786804e-02
-1.213333289413449506e-01
-2.155990059071092035e-01
-2.910680821053701073e-01
3.137757234642590820e-01
7.658048461806938878e-01
7.219090750236806242e-01
7.594363932067993428e-01
7.226801991567178840e-01
6.261050905138930700e-01
5.859483523115616155e-01
6.086072285435767393e-01
5.109315376006549059e-01
2.920188961808776185e-01
2.828419916399552703e-01
2.369970884488820928e-01
6.326112404972664138e-02
-8.068055201664248166e-02
-1.375221036508847139e-01
-1.482958024924351803e-01
9.855831489271012213e-02
1.246890230486922546e-01
1.489802166933142102e-01
1.013082315022818813e-01
5.615406099530734219e-02
-1.414178507742886448e-01
-4.382386101941360690e-01
-5.934331852284419062e-01
-2.741568968008424534e+00
-6.527128911480421181e+00
-1.263899111705713985e+01
-1.585871670430587166e+01
-2.356847768360448470e+01
-2.630136375121487546e+01
-3.075311803263064192e+01
-3.694104541593765845e+01
-4.183798368355539310e+01
-2.149341199035628946e+01
-1.910131059003248666e+01
-3.097424270082938591e+01
-2.510736216332390569e+01
-2.785306613171615808e+01
-2.350354288312323447e+01
-8.936172156964504509e+00
-6.854364702861649228e+00
-5.452492470158358806e+00
-3.582446310184173477e+00
-2.503430202941094418e+00
-1.577378084546090298e+00
-3.609560868022484992e-01
8.938196801950304415e-01
1.165836179349051704e+00
1.713882421965327474e+00
2.018801816952429551e+00
1.816602611516077825e+00
1.691152462647619537e+00
1.478314572519379810e+00
1.409664681658121976e+00
1.270980816759514909e+00
1.086074974445276897e+00
7.838971709256996601e-01
3.472426563932310972e-01
1.913789501676652349e-01
1.448526708074822367e-01
1.581445524479791198e-01
-1.045114324687369256e-01
-2.532622254816685459e-01
-1.709830071246067895e-01
-1.272067280157995472e-01
-1.134569360013909650e-01
6.403852536858043454e-01
7.487708512397553973e-01
6.236180663176945638e-01
2.956483882448031064e-01
3.643993390163952073e-02
6.233822253181738049e-02
5.087907805315968618e-02
1.363641020478763288e-01
2.268914432986975371e-01
2.679152174352423255e-01
2.385797684341701974e-01
1.393435684640795535e-01
-1.278844185259375710e-01
-2.922086117377616366e-01
-3.462957690284230727e-01
-4.464502076623865223e-01
-4.049708103595754394e-01
-3.050483596405191844e-01
2.520960989952120753e-03
-5.592097175168436740e-02
4.354378190508037191e-03
3.204033192207332292e-01
5.124588013774641349e-01
4.182602825177094141e-01
1.744084920983116904e-01
1.828881132769693829e-01
-1.375098637452379889e-03
-3.666929717674739710e-03
8.021408723122012627e-03
-3.192522297250204311e-01
-4.943488649107781185e-01
-3.433200238297783313e-01
2.674592803500903671e-01
2.069535692980342123e-01
-1.663875914311195303e-01
-7.402648646135820409e-02
-5.078761086977280348e-01
-6.126239172754834872e-01
-1.872494939873466380e-01
3.286620309387425221e-01
1.294916443720609545e-01
3.646390010752322830e-01
6.050465007888818081e-02
7.517344693049803073e-02
2.381240037574842705e-01
8.365208780946908895e-02
1.822019241890279750e-01
1.420942667620042343e-01
8.021439184975730219e-02
-1.155084654528432536e-01
-5.500435390494189114e-02
1.365932920824827757e-01
5.839592420454837729e-01
8.706689981217631269e-01
5.431722957031442922e-01
5.897063744218097314e-01
1.569570612015851685e+00
2.701347320110489392e+00
3.884941565379773198e+00
4.262412502020204386e+00
3.479026433946383445e+00
2.406818944414293782e+00
1.620150227883193184e+00
1.434417611442589946e-01
-1.311195710558670680e+00
-1.474016878429887489e+00
-2.026058064281241577e+00
-2.251155038793368757e+00
-2.456979615356553293e+00
-2.406670436542101665e+00
-1.523073315855188348e+00
-2.030556104442021503e+00
-2.563900402584529559e+00
-2.519844125607152208e+00
-2.428667085752846955e+00
-2.594483004236859625e+00
-2.516977277162081528e+00
-2.478707495349688816e+00
-2.001330793077646053e+00
-1.592453194636532787e+00
-1.647670674248041589e+00
-1.767368536926950062e+00
-1.655904778007714961e+00
-1.731324614120855809e+00
-7.964588976368238704e-01
1.058024335117490194e-01
7.840304238385600311e-01
9.362021424037649808e-01
9.956642651059888216e-01
1.137551272160109761e+00
1.139232181576786962e+00
1.153779770322877152e+00
1.068994639205389952e+00
6.040387023536205602e-01
2.822531937157518600e-01
-5.897537928029789045e-02
-6.722704683616927135e-02
-2.618472683943772750e-01
-7.954801145838924503e-01
-2.470532147926674416e+00
-3.889704720815410965e+00
-9.775880263690158500e+00
-7.381689327594612493e+00
-7.544317330069742589e+00
-7.701387660067551266e+00
-7.998919504252198109e+00
-7.949610433773647955e+00
-8.330665696851351498e+00
-7.974832835879823278e+00
-7.684466933223585094e+00
-7.401586969185145470e+00
-7.412992885652779584e+00
-6.912147415844880349e+00
-6.981287195865230721e+00
-6.160191212864074117e+00
-5.035869041260793821e+00
-4.318611674527399025e+00
-3.393399566386057220e+00
-1.520680340209867643e+00
1.520246066333620638e-01
5.092834257712830492e-01
-2.735203147709542870e-01
-1.701972560851629401e+00
-2.955796432137265839e+00
-4.341539439326015604e+00
-5.224483879070404235e+00
-6.650804447510940243e+00
-7.499864066630081538e+00
-7.718785377139150583e+00
-7.522373031188099191e+00
-6.413591077099265014e+00
-4.998195255722377439e+00
-5.406430067195006295e+00
-6.058515007763877414e+00
-6.168723031883729391e+00
-6.035345549369028006e+00
-5.545984603621985976e+00
-5.118089652929881161e+00
-5.394054710915450634e+00
-5.847409285922348765e+00
-5.261556266785711422e+00
-4.997501127338434657e+00
-5.131051503547971571e+00
-5.141341130753771971e+00
-5.199405913497258780e+00
-5.184668812375941904e+00
-4.913857223513034000e+00
-4.294781438573138210e+00
-4.407299528813696021e+00
-4.632908138415270827e+00
-5.216954280924969822e+00
-5.066574035798681486e+00
-5.086317867830948636e+00
-4.590429253327815928e+00
-4.030560108053633073e+00
-3.911195676248543140e+00
-4.014052289758162750e+00
-3.839314891493805337e+00
-3.607166343110504325e+00
-3.532541605163099341e+00
-3.421461447668877387e+00
-3.553713784903465012e+00
-3.620510283205589097e+00
-3.621181071508231764e+00
-3.699122836817178683e+00
-3.774853567271545529e+00
-3.878313629712645927e+00
-3.815027789989446916e+00
-3.598507842609321106e+00
-3.598773789053273386e+00
-3.450721677329871007e+00
-3.575380184664656458e+00
-3.630689608010547076e+00
-3.773276498386155531e+00
-3.931635079923182285e+00
-4.238374834059353446e+00
-4.527869117853001946e+00
-4.705550327626192519e+00
-4.902041516299561863e+00
-5.169297243467980252e+00
-5.317478537242552150e+00
-5.323696025515192609e+00
-5.378256222523467578e+00
-5.393806003358285750e+00
-4.682842690350612180e+00
-4.382291816039295185e+00
-3.776747004663482787e+00
-4.078796993355529032e+00
-4.660834936845349219e+00
-4.953942993864647093e+00
-5.220605535050964363e+00
-5.425162670485820016e+00
-5.575265641924283422e+00
-5.775824127943600672e+00
-5.677258567788196153e+00
-5.349343188664104964e+00
-4.968067127144997208e+00
-5.080676851147913453e+00
-5.261857230917186712e+00
-5.598038739342545256e+00
-5.662483783523587277e+00
-5.714334243536981717e+00
-5.409465320699982094e+00
-4.095660446293496015e+00
-3.026047341966291881e+00
-2.354933513126137079e+00
-1.866740808546183628e+00
-1.639112280560623081e+00
-1.529041282511296673e+00
-8.258627851322636326e-01
4.378203726313180111e-01
6.770395035898493230e-01
1.188830102679105050e+00
1.626151003676173268e+00
2.245794915625770383e+00
3.004245237103359667e+00
4.256043118562291561e+00
5.124652964215747453e+00
5.971718850558627167e+00
6.860638506717851470e+00
7.837325464199517810e+00
7.912561630616298025e+00
7.850560906408337480e+00
7.471604447464572196e+00
7.372320928704243492e+00
7.389843427726893843e+00
7.755494274953699474e+00
7.775533581601373534e+00
8.146990213417600657e+00
8.744974595737875944e+00
8.516594784887475456e+00
8.314419152200059671e+00
6.910146973091849887e+00
6.699871798823184399e+00
6.927813960019019390e+00
6.584376660160385697e+00
6.272027771599589130e+00
4.756117920242721731e+00
2.682912063044548212e+00
2.048731106430416560e+00
1.721184141038896165e+00
1.692386381742436496e+00
1.700194959505076708e+00
1.961534837021091660e+00
1.991608848927855391e+00
1.787538354262851348e+00
1.240106604849811722e+00
7.531796673942682263e-01
2.088009913466759571e-01
-4.698461593810919490e-02
-8.711136857540645664e-03
-2.452354103916686012e-02
-1.214776340742955152e-01
-1.971167015748959694e-01
-1.505874415853189763e-01
-3.048479996162521341e-02
-9.007946802890123839e-02
-1.334005474714250739e-01
-1.198767640543788038e-01
-6.294372765046237772e-01
-9.125769412659118229e-01
-9.156447361967116061e-01
-1.284684950827341687e+00
-1.801439331934638455e+00
-1.650804653904081265e+00
-1.352544418425485118e+00
-1.064150896976510330e+00
-1.100269867628062670e+00
-1.179845818607258456e+00
-9.718481729794123947e-01
-7.360806493013322127e-01
-2.923672780625439782e-01
-7.930988789001021388e-02
1.448213649063057606e-01
3.780758097969100229e-01
7.824697126796535951e-01
1.036331848876914208e+00
1.021785481223250969e+00
9.739643404491697964e-01
9.129193292894626222e-01
7.745562927392056762e-01
7.269434745147600463e-01
6.327674520169016548e-01
7.948634600772228609e-01
6.286966664812297934e-01
7.180650635569327811e-01
7.285435452893599395e-01
6.793968641158731891e-01
4.702424759027675760e-01
-1.235775355184055291e-01
-2.783439838141036349e-01
-2.639048936946693513e-01
-1.123523417146092412e-01
-1.584385648985544015e-01
-1.190097476296874540e-01
-3.900517267595386972e-01
-3.173168647869445191e+00
-4.565171180412576746e+00
-1.597567793261591085e+01
-2.340079369192544689e+01
-2.912223891265802322e+01
-3.444408918492320026e+01
-3.937474482732412895e+01
-4.048569090131935866e+01
-2.119462232830146320e+01
-2.132741007854595594e+01
-2.060658775919120345e+01
-3.432129399092513466e+01
-2.449349285445377333e+01
-1.520277253775364734e+01
-1.191873708363204543e+01
-9.370737391285784312e+00
-2.698285853782442789e+00
-2.166939724589109773e+00
-1.965145721318377836e+00
-2.015378874380164831e+00
-1.599860481960339476e+00
-8.615179739637941481e-01
-8.967140777527387030e-01
-7.307757489746576907e-01
-5.579025535359273258e-01
-3.581248295103452994e-01
-3.576880940994978109e-01
-3.538182765743089209e-01
-4.155628619813471203e-01
-3.040790565958260694e-01
-3.669812637687855372e-01
-4.429900820286904461e-01
-5.311919107815541441e-01
-4.359886380242998238e-01
-2.663361042774367235e-02
1.258198918018170187e-01
9.964380572016728888e-02
1.802173914330855720e-01
1.703392451858390666e-01
1.535837791053394075e-01
3.649843804903286221e-02
3.672725651261694174e-02
-2.254234461262744904e-01
-5.278132169896483372e-01
-7.520015881231271182e-01
-1.130939233851778081e+00
-1.550274909762849429e+00
-1.662596299784468989e+00
-1.875279695454114437e+00
-1.987927142638813205e+00
-2.023972196004871105e+00
-2.035159886145873287e+00
-2.080706240001831464e+00
-2.489766655564461750e+00
-2.714762867937328572e+00
-3.031664069930328775e+00
-3.141328992379118556e+00
-2.849843078710336375e+00
-2.913690054081276237e+00
-2.417908429641302703e+00
-2.699666337439129649e+00
-2.472496559667817007e+00
-2.473645142518854811e+00
-2.504485482910151273e+00
-2.537296745301271805e+00
-2.449701082767008931e+00
-2.545193448950863413e+00
-2.611822219109759313e+00
-2.792287488027799469e+00
-2.784128175665687710e+00
-2.773045493307349396e+00
-2.440620027533565661e+00
-2.154315212841294791e+00
-2.070061771533269646e+00
-1.816589827402260937e+00
-1.656807176357431688e+00
-1.645315615889659577e+00
-2.165477736712596801e+00
-2.504195264431820611e+00
-2.785019982083955181e+00
-3.080090279002762443e+00
-3.083981995856550640e+00
-2.658141158643644530e+00
-2.385555389021049688e+00
-1.651962659338800155e+00
-1.524584713384192547e+00
-1.162968376721714048e+00
-4.725488194697462507e-01
-3.409168116308682883e-01
7.720784853445596119e-02
6.162338883462076256e-02
3.967552475179764171e-02
-3.427636813325862231e-01
-9.667723251014895824e-01
-2.343244091030197152e-01
3.940952933789068635e-01
4.773401097828344208e-01
6.623815349474807546e-01
4.065302855093586021e-01
6.640399787804877052e-01
7.153585097522019431e-01
3.148127031112987750e-01
2.952266757179987655e-01
1.439206187322741026e-01
2.396589607403030453e-01
1.273121906899334910e-01
-2.259216549704280430e-01
-5.635881132201528976e-01
-9.648665766626854934e-01
-1.292029137988244480e+00
-1.713628901439167906e+00
-1.860575376141452741e+00
-1.757172826056272230e+00
-1.936089076379992058e+00
-2.202335914075384871e+00
-2.598208951028710079e+00
-2.581649461643693577e+00
-2.321803374024717925e+00
-1.864972459912105140e+00
-1.970272130654946885e+00
-1.878386564880360599e+00
-1.741307484451760201e+00
-1.447859128034539200e+00
-1.124393412585032781e+00
-1.408103238920741518e+00
-1.614030070595249278e+00
-1.746045388502566853e+00
-1.702687385108718310e+00
-1.916483547620746686e+00
-2.296532309905539471e+00
-2.379892206707764579e+00
-2.364540622735801012e+00
-2.451280116208988780e+00
-2.249254952360729032e+00
-1.781036391840869371e+00
-1.758985524238931286e-01
9.941513579968327408e-01
1.166811860817613011e+00
1.800815479012695342e+00
2.045017465828570913e+00
2.283170614265829901e+00
2.827266968511746636e+00
2.924747261778210206e+00
2.870350877788252042e+00
2.724282891895454473e+00
2.738893863610167845e+00
3.315219490133354263e+00
3.502735026689382192e+00
3.478585641071767931e+00
2.916565417392245507e+00
2.435742988324234748e+00
2.542439543930313572e+00
2.586886280557939788e+00
1.892515601820441207e+00
1.276893750189891374e+00
7.197278124921361320e-01
3.449097841963938982e-01
3.597621398188041719e-01
2.987265553041094646e-01
3.891583743078607660e-01
1.626264954524383743e-01
-3.405425299664266436e-01
-3.186099171698851817e-01
-1.029593418333347166e-01
4.408479061987450875e-01
2.958384068513306153e-01
3.375470817856311978e-01
2.498775939370269927e-01
3.084131726819650532e-01
3.934943706136219133e-01
3.073627275859456831e-01
1.159534684271329719e-01
-6.981985894003785165e-02
5.505757342676789040e-02
4.081251518904308040e-01
2.500307151568284536e-01
2.763747101349614543e-01
2.666298756220366606e-01
2.403828533333540185e-01
-1.538679467043147786e-01
-2.905090563737191545e-01
-7.586085563615281580e-02
2.542548923818543569e-02
-6.161098090111188919e-02
-9.759349781977308402e-02
-2.295259620442288151e-01
-5.245798379170052428e-01
-5.228631055132972882e-01
-5.466827207256037546e-01
-2.343869390003811004e-01
4.986081349110536576e-01
6.832231574335012603e-01
8.434054614094542712e-01
8.814754317068683731e-01
8.950597758329840170e-01
9.042419935557135524e-01
9.219468674660765695e-01
8.670995928150915244e-01
8.119580496389703361e-01
8.039732334038867112e-01
7.369608023352515191e-01
7.277584960597101027e-01
3.327313318551731736e-01
-6.955887552591488721e-01
-1.520044419479804843e+00
-2.042709083117907998e+00
-2.602338401823424352e+00
-2.942054484296137140e+00
-2.716609518814917301e+00
-2.550393656497820682e+00
-1.638517618514936602e+00
-6.658426840038857986e-01
4.947988770112966006e-01
6.308454115555930386e-01
7.398621214473556362e-01
9.760702904157637638e-01
1.044899198862218714e+00
1.135987779295844824e+00
1.113307437272566647e+00
9.152238891666609755e-01
6.080379993429287921e-01
2.475042628731443095e-01
1.812704339240704121e-01
1.075541658888313351e-01
-1.345348809484006480e+00
-3.339957860773325571e+00
-5.663346033876853980e+00
-8.729449197373892133e+00
-1.228622263891064570e+01
-1.529371094391920849e+01
-3.510876733455310728e+01
-3.410879005316673585e+01
-1.663998238758534498e+01
-3.046949825011025581e+01
-2.543897414975031168e+01
-1.771991733305328154e+01
-1.242254290372634884e+01
-1.051481555289506353e+01
-3.372619635814607886e+00
-3.318061226424053878e+00
-2.047459139627268332e+00
-1.876715951659975845e+00
-1.332534489984615655e+00
-1.100514518231029859e+00
-1.171438846277051082e+00
-5.524363209329740121e-01
-1.385341774003175930e+00
-1.669663564689436885e+00
-1.761277729684785909e+00
-1.729687222031609517e+00
-1.211566919324608804e+00
-3.995177074294896657e-01
-3.589622480851381026e-01
-3.798318344484618025e-01
-2.749612381257557012e-03
6.053856527559932088e-01
3.305317471023829778e-01
3.069139786787896118e-01
2.156852233879717473e-01
-1.354629408688679537e-01
-2.214140862334456061e-01
-7.816343659635791030e-02
-1.723676175817778489e-01
-4.263357379927455726e-02
-4.793009283805574894e-01
3.667572888863124270e-02
-3.009763707906003005e-01
1.196554937539727054e-01
3.502550340192953082e-01
4.813593355886497394e-01
2.867411246759541954e-01
4.863752158018176397e-01
3.415076824560613900e-01
-4.744566705579358196e-02
-4.354189219576578770e-03
-1.597511324341691907e-01
-7.219848743826885740e-02
-7.403180482847518395e-02
-1.533373520967324100e-01
-3.328087189403399759e-01
-3.580300112720989913e-01
-3.406143160623656407e-01
-2.897396443035039071e-01
-2.885984351797105663e-01
-3.823665152331010564e-01
-2.725690048554088030e-01
1.737644918705417985e-01
4.369291918615442749e-01
5.732970358797542243e-01
4.643942559134050518e-01
4.577304005510073326e-01
5.168538061950112006e-01
3.871147522949673903e-01
3.112448936973850611e-01
3.612048394663740503e-01
2.869431076037313733e-01
2.711283623893989136e-01
1.031333985955301125e-01
-3.770119069729240824e-01
-1.281874203920776223e+00
-2.974621392377072127e+00
-4.633073731145819885e+00
-6.088661523705134471e+00
-8.248052863854795191e+00
-8.963271731184139668e+00
-1.018407070006854021e+01
-1.185156288910096301e+01
-1.285773445061422571e+01
-1.322974151985547486e+01
-2.896226261066766128e+01
-3.203575591782841059e+01
-3.438600847227349533e+01
-3.499253490336306527e+01
-3.335674854846624271e+01
-2.848102132994551994e+01
-2.131292749371894857e+01
-9.078784570934182341e+00
-8.782228699372302216e+00
-7.930619963075201895e+00
-7.551568573836572540e+00
-6.567361123804707823e+00
-6.015987249152287220e+00
-5.548052729742857458e+00
-4.321590039010725803e+00
-3.843418045721450405e+00
-2.912621391909083979e+00
-2.394768012876570040e+00
-7.558490686771864864e-01
-8.296451187709356911e-02
-1.370532115976295096e-01
-1.563055769928227423e-01
-4.826703964511729894e-01
-8.464137853310866877e-01
-9.516585897960464502e-01
-7.793402052720462825e-01
-8.848359730753595220e-02
1.127813249330192336e-01
2.056099269892797121e-01
1.726046800550632976e-01
2.454897562791911458e-01
1.760341130199291892e-01
5.088673234779231280e-02
5.523719311222866774e-02
4.996663006634691900e-02
-3.666525397888296001e-03
1.031550797754206966e-02
4.584177251834538336e-02
-5.615728049588745302e-02
-1.764855782509609436e-02
-2.131506653391678288e-02
-4.584176417706132406e-02
-6.532708687692041771e-02
-2.890362833149048849e-01
-4.137405432514298376e-01
-2.734662707962951522e-01
1.359333490900781760e-01
9.443688013174629525e-02
1.790249872401972753e-01
5.569898225094772198e-02
1.052110433645214588e-01
-8.936797896150474804e-03
1.627352398521813431e-02
4.286272260625931252e-02
2.569474303528078152e-01
3.050807321458865462e-01
4.421344656050676392e-01
1.897775215412807748e-01
-9.166680859149259298e-04
6.188593872300371390e-02
3.841329351528435798e-01
4.395904233885165047e-01
4.081859219137373151e-01
3.430919300847455888e-01
1.927441917047416908e-01
9.465368998094632336e-02
1.420926855991854788e-02
1.489682029634620958e-02
1.145909524928196040e-03
-6.073398070544280825e-02
-1.776183179391146727e-01
-1.945786862032183318e-01
-1.524082217900844249e-01
-4.100194079104779732e-01
-7.946120893715113986e-01
-7.391785497532805671e-01
-3.011780745051652608e-01
-2.138554013609463567e-01
5.111221232307506385e-02
4.676208500626394954e-02
2.303546153287636122e-01
1.817630563908604890e-01
1.849679953576341962e-01
1.336263663322599660e-01
2.681811209677737590e-02
-5.409156426870854323e-02
-8.159719495529203781e-02
-6.195498569733839389e-01
-4.034208071980833199e-01
-4.570740714823033901e-01
-5.111918766461375219e-01
-4.433601584708714571e-01
-5.295798801108670961e-01
-5.220496394929469153e-01
-5.051170333825594216e-01
-6.379213127609865142e-01
-1.128778079325620798e+00
-1.428598180384039074e+00
-1.981626874857925547e+00
-2.337788540490150613e+00
-2.326453119999815744e+00
-2.323609063504663563e+00
-2.027257353959055930e+00
-1.718861916987797889e+00
-9.549686843350531085e-01
-5.552946627171387317e-02
3.553213740546168897e-01
6.966354903287055311e-01
9.715910303157769823e-01
1.238384163812446648e+00
1.659374779781957132e+00
1.605489828796704321e+00
3.078512164076022906e+00
2.526113633378282430e-02
-3.660524527257247307e+00
-1.049017244754937472e+01
-1.944903100748298641e+01
-2.460743480167288766e+01
-2.785217807594985828e+01
-3.125630990517869279e+01
-3.300781484295870882e+01
-3.473183081828894103e+01
-3.626702404379976485e+01
-3.523522840823174107e+01
-3.188658194654776068e+01
-2.727375039688493175e+01
-2.054023233264097570e+01
-8.869702329993549128e+00
-2.951695587721665515e+00
-2.555744802504325897e+00
-1.176981947443753285e+00
1.884560599265226455e-01
3.718539468426639294e-01
3.649636295484830484e-01
5.361870133478359168e-01
6.924901749972144360e-01
5.679935379869367473e-01
3.598527902116661625e-01
3.364690362566052917e-01
3.829897303705588341e-01
1.010738493018045608e-01
-7.907108186328308530e-02
-7.242750212249209063e-02
-3.552380371617586130e-02
-5.821654268365105550e-02
-2.550982335861811667e-01
-2.890231994499768420e-01
-4.380160964832006121e-01
-4.737819555566482599e-01
-3.674448872222841889e-01
8.711742645599557938e-03
7.220578748255362944e-02
1.421116035451483982e-02
-2.567302173399727550e-01
-5.827100605102411013e-01
-6.480825342988816296e-01
-5.348730706220828912e-01
-4.817035813328007232e-01
-3.913969578570746788e-01
-2.040738135812746323e-01
-4.219208514285528039e-02
6.543994592717760073e-01
5.674549592036935985e-01
3.732342040246733883e-01
4.213648758173806352e-01
4.704020076657147720e-01
3.869442904096453417e-01
4.871003569751330420e-01
3.749946073288673576e-01
4.756081813046837969e-01
4.304439958225986240e-01
3.779454129636923843e-01
3.055156447393861385e-01
-1.579153128112447679e-01
-2.729710466632778165e-01
-2.385955378649281811e-01
-1.544803049423518759e-01
-3.460968119978783536e-02
2.021552310421001475e-01
1.551677791837187403e-01
2.117775578984539830e-01
8.961526290238965020e-02
6.600827997789006363e-02
-4.585660547367316486e-03
-1.476003190384202468e-01
-3.942213103174804778e-02
-8.480271956002491396e-02
-1.780872741869014286e-01
-5.131812986215725791e-01
-5.732532764668556435e-01
-5.551649725495519938e-01
-5.276847415114953588e-01
-2.950283767638909316e-01
-2.347479149412939059e-01
3.092496666574897635e-01
3.926774110142745577e-01
3.935845411234032976e-01
3.374101182007036015e-01
2.629091016952334603e-01
5.072387015488822870e-01
5.503117709619653741e-01
5.965937493237628564e-01
4.499014815478644125e-01
1.608891160502625983e-01
-3.373654406404587025e-01
-6.185899474927359920e-01
-7.144144507735712413e-01
-4.850037466739992031e-01
2.569439228136288222e-01
-1.801555092977318584e-01
6.784430871969042431e-02
-1.109361978836387180e-01
4.102948007075456205e-02
-9.558271446601848687e-02
-2.929356356546402029e-01
-1.808499650913916179e-01
-5.345501057999889616e-01
-3.637921563717233520e-01
1.077404113897628274e-01
1.022364410271167229e-01
1.178270171926398546e-01
3.209159460345030745e-01
1.173598391028366911e-01
2.436606283858964161e-01
1.911656804238000273e-01
1.609063338924903719e-01
4.469601342544311101e-02
1.971447451732165693e-02
2.585445484910024461e-01
2.936125970665959817e-01
9.878451875531522874e-02
5.844856980497020044e-02
-5.707357857107895477e-02
8.640962297243384715e-02
1.297275473877760599e-01
2.461579858834195000e-01
1.815222418137230065e-01
9.878215323937762637e-02
2.951986070359366443e-01
4.194101875097114990e-02
2.349198685211640880e-01
-3.169684643771615296e-01
-3.596047215444053702e-01
-5.457179133602371168e-01
-3.119426292581848337e-01
-2.667942980670117703e-01
-2.489233095892705305e-01
-5.249056944264431923e-01
-6.019441109673756563e-01
-6.370585433148450161e-01
-7.281110879669207003e-01
-5.248053060665789360e-01
-2.559219083257093796e+00
-4.192998847784042304e+00
-3.399522702633163362e+00
-5.520244515098533533e-01
1.068335755392837427e+00
1.325224094063843561e+00
4.331936958900759471e+00
7.265102269448062700e+00
1.055794335679040330e+01
1.620338412725464039e+01
2.380376325854765440e+01
2.599350144928758510e+01
2.792517556007104318e+01
2.922835313306854488e+01
2.853248700956479311e+01
2.628715045170740439e+01
2.190943352224273610e+01
1.864717704542963972e+01
1.411119862288120785e+01
6.888212767908452605e+00
1.061538661890062851e+00
-1.864583462115982471e+00
-5.968838318108735663e-01
-1.714950035690805119e-01
1.607216078712938034e-01
2.467612775112754675e-01
2.882816438278891780e-01
3.098104035002081091e-01
3.549168927487301173e-01
2.642507077848902375e-01
1.652963513262238893e-01
2.460897462400075120e-01
1.796393590469242962e-01
3.803901386930443884e-01
3.317763936043526263e-01
3.387339010178670451e-01
3.076606490483803635e-01
2.784345980676896093e-01
1.616701492501069204e-01
1.502812979164931673e-01
2.633526140425620499e-01
5.330658867386402211e-02
-1.986672607391660739e-01
1.810338165131438470e-01
-2.685641416237486215e-02
5.176941112751878848e-02
-1.947985965496015423e-02
-2.634402899026756090e-02
-5.197254102219781707e-02
-3.190180540480141436e-01
-4.052431225064906384e-01
-3.270339537992918988e-01
-3.131055314530182265e-01
-1.522455289226869735e-01
1.476346527636969441e-01
4.191101346411221784e-01
5.858811526039210404e-01
4.302426523074254772e-01
2.103461187443499969e-01
-1.366410529310042310e-01
2.620095000125132190e-01
1.134773115109648511e-01
7.484859790249267508e-01
2.366659912911767361e+00
3.131343726739508782e+00
3.485243876926050532e+00
4.049034098794344061e+00
3.757497245642564820e+00
3.713337401942314653e+00
3.509731809134785774e+00
3.300596137457586288e+00
3.220405255165899483e+00
3.248646608066583674e+00
3.285060030871555181e+00
2.923746068458354053e+00
2.971192195085310406e+00
2.927470378450776511e+00
2.826173730778255955e+00
2.855650097107830021e+00
2.964205310460550358e+00
2.943663920868287320e+00
3.117365636252294792e+00
2.927347797705368126e+00
2.899729381199080080e+00
2.945221356321320538e+00
3.002884190372915540e+00
2.588704263923482962e+00
2.187654326571457197e+00
1.921683238773041813e+00
2.190401875840157331e+00
1.732303018052046895e+00
1.522873064986378200e+00
1.225080081936118059e+00
6.677867432203455911e-01
5.969104492678631857e-01
7.104616423488371302e-01
1.423795823561465834e+00
1.459557556982582938e+00
1.359766649873952682e+00
1.213953282486929020e+00
1.075706397475625353e+00
5.052376029072068730e-01
-9.162339295881943846e-02
1.414594624345606733e-01
3.053635274870239794e-02
-3.925691771442993416e-02
-2.493946506796837770e-01
-4.804631682171244811e-01
-3.780768742889408229e-01
-1.003887284651513029e-01
1.904258657234240149e-01
6.547751295430602470e-02
-7.396893283123505414e-02
-4.178516147321709728e-01
-6.047145677086064319e-01
-5.234637833760871217e-01
-5.194174198505381312e-01
-6.381177669612703163e-01
-3.961469377975385120e-01
-5.072768491319179507e-01
-5.151943833466355871e-01
-1.752717169712016687e-01
4.415552104255376920e-02
1.177742766526066048e-01
9.608437629606355612e-01
4.442402064141904638e+00
7.723334287415196897e+00
1.229968353191112485e+01
1.329581587368278406e+01
1.930473326956350988e+01
2.957730177403815475e+01
3.169431881189334277e+01
3.271316623965264370e+01
3.803721964797437494e+01
2.227937903528272301e+01
2.389198239721444850e+01
2.394933596630200157e+01
2.405512574351035582e+01
2.387880932230767428e+01
2.137789579372347148e+01
2.622051017805611650e+01
1.179013522894875621e+01
6.559425748091992858e+00
5.790604842482212078e+00
2.191499682369811186e+00
1.813270994027930794e+00
7.894747631769153395e-01
-6.817389599545203849e-01
-1.077088238836003908e+00
-1.128121361394690991e+00
-1.041896555812260150e+00
-1.024224367758036269e+00
-2.601228091183676039e-01
-1.608867020197022879e-01
-1.097785990888003327e-01
1.828882076651921484e-01
2.633313516014126332e-01
3.018342213084087011e-01
2.752497589095257990e-01
-4.716597757339758279e-01
-9.561535746769961319e-01
-8.981821742256803631e-01
-6.568639876848163528e-01
8.020992574922185606e-03
1.971106153136856567e-02
1.063470834060563502e-01
1.650042561310861161e-02
5.523715934308998099e-02
-2.589869239279178961e-02
-6.910284610492906099e-01
-8.304162182318208796e-01
-8.584285002519972396e-01
-7.438725382487795246e-01
-1.110063727275518497e+00
-8.742661987301543203e-01
-2.735540652635780612e-01
7.832666147104873078e-01
6.685624223234857277e-01
4.543912677336491845e-01
4.108089246323447519e-01
3.752635570912509211e-01
3.310118006385364686e-01
3.548376678379323579e-01
3.179246118439243984e-01
9.558283687724411504e-02
-4.669149404993433450e-01
-7.974895675646984650e-01
-7.725649660953609610e-01
-5.740739677775573702e-01
-4.388375353493826347e-01
-6.378993749581355344e-01
-4.884313203457190666e-01
-5.329611926204864680e-01
-4.784186470236863054e-01
-6.695414330000417635e-01
-5.689032623612206852e-01
-5.060972847211610004e-01
-7.842602657375402631e-01
-1.209246481043734223e+00
-1.341168587057239625e+00
-1.489339411124630086e+00
-1.832680710551775505e+00
-2.700272532189143870e+00
-2.845897020120946586e+00
-2.635176078525362620e+00
-5.088231630874771483e+00
-4.630311545800124051e+00
-2.484132624092339370e+00
1.672671630731773940e+00
6.429111865671400139e+00
9.076221989448672645e+00
1.264683759107750483e+01
1.870369924777689619e+01
2.577517106588848250e+01
3.067593101774757969e+01
3.105804717407328397e+01
3.088940526729135527e+01
2.942402063482411023e+01
2.954375928363652903e+01
3.046180504548629031e+01
3.060630709180127340e+01
2.800742203962341748e+01
2.424385516129475349e+01
2.204367952207144299e+01
1.550953557355472689e+01
6.374824065414805396e+00
6.113110355181057720e+00
4.291091008926964712e+00
1.241864835248821075e+00
4.322689035584129646e-01
3.738180354612511969e-01
4.127731294266212547e-01
1.489733849063581139e-01
1.196355040035065737e-01
-8.342386191389200567e-02
-1.730386578993796109e-01
-3.463066936391194228e-01
-4.593059242592761326e-01
-6.076087356905265358e-01
-5.991512240556875479e-01
-6.177465429653808959e-01
-5.561119319043384968e-01
-4.438081302951255580e-01
-1.519871961038147534e-01
-4.906406817038913570e-02
1.086675042727765078e-01
4.424165921711561283e-02
1.723950065857168257e-01
5.006518025445613196e-01
5.797129202782055346e-01
5.496576128718470011e-01
6.044187234040302448e-01
3.181299749906963958e-01
-9.259704671934182452e-02
-1.650274907708995306e-02
-6.876102654368075606e-02
-3.777244895220692733e-01
-4.524597516152662480e-01
-4.176322239002317471e-01
-2.984472193167461707e-01
-1.242383393579813700e-01
2.291388220862783029e-03
4.722062019455625093e-02
1.130060786790440391e-01
3.080754744848268611e-01
3.154000907599826542e-01
9.535365638008257150e-02
-1.657222246285241785e-01
-1.386747457444114928e-01
4.607473019658771263e-02
1.343170204603964524e-01
2.764292292635572856e-01
1.597604390233290095e-01
5.202906290894572516e-02
-2.865151280349769250e-02
-1.620486254673398629e-01
-2.372327810540228177e-01
-2.388443665499628554e-01
-1.739755035668523186e-01
-7.220574767165334473e-02
-8.435465793579134675e-02
5.707804035267352583e-02
2.154799061450549461e-02
-2.381653628487392649e-01
-4.579997068728955401e-01
-4.364760186373797812e-01
-5.394263697826656712e-01
-4.257412820580429025e-01
-4.977595513879106148e-01
-4.097372073073874965e-01
-4.950663215391526983e-01
-4.898288102446700654e-01
-4.738126317607029292e-01
-5.231646807322017922e-01
-5.048537245754916025e-01
-4.874703639327677696e-01
-4.180047859667012644e-01
-4.187235623841747412e-01
-3.345451173139087908e-01
-3.554429635618897021e-01
-1.661568648259637015e-01
-2.492234768427782632e-01
5.438584929805093116e-02
-1.285265306770119569e-02
1.769378599708859578e-01
-6.746745895734593268e-02
-1.822258365759816534e-01
-1.211787504514959951e-01
-1.280689006254367712e-01
-1.014481820095070042e-01
-1.099403133249779868e-01
-9.870211447291449280e-02
2.396360662851071965e-01
9.032996825730662538e-01
1.173845544051353995e+00
1.401558472338928718e+00
1.233595401919419299e+00
1.389964182123576864e+00
1.171500202944816493e+00
1.170214589102565039e+00
1.045657173179100008e+00
8.028782844250664796e-01
5.369937127557123935e-01
3.554703830723348612e-01
-3.181128442810067791e-01
-1.705222534503508358e+00
-3.308595823229072419e+00
-5.652908746448520816e+00
-8.129512636688103200e+00
-2.473031781020652176e+01
-3.200984797354693967e+01
-3.548769727883718161e+01
-3.877660069877361337e+01
-3.724846061937967079e+01
-4.206871358330537447e+01
-3.786368598741113090e+01
-3.058261235252730970e+01
-1.469846751496552351e+01
-1.234588503009707949e+01
-9.319766207172886396e+00
-6.881155435634997097e+00
-5.043418942062019461e+00
-3.487272536833007308e+00
-2.957192892060489520e+00
-2.956857970555115678e+00
-2.911871178493764312e+00
-2.255874571061499800e+00
-1.118943929132896864e+00
-1.769473466116494587e-01
-3.151636586519802052e-01
1.811043982470489713e-02
3.816295613087702376e-01
3.103444452019911703e-01
1.377483284158084187e-01
2.461580731255555987e-01
1.306440644183385624e-01
-1.331649265862791531e-01
-8.755273805001657916e-02
-1.769413809063147824e-01
-2.259942043820498681e-01
-2.700027049306787941e-01
-4.226624958122587872e-01
-1.815374785085832887e-01
1.590730461305435717e-01
-4.217531726814095772e-02
2.532809976312963007e-01
4.034201976921021615e-02
5.363312034316386478e-02
1.038323283502831096e-01
1.595278871218736294e-01
1.588372677429933655e-01
2.328691109389013358e-01
3.896382162725701287e-02
1.764830347816643552e-01
1.019928952755945750e-01
1.592903072824407851e-01
-1.015345438279514900e-01
-7.542948659115569221e-01
-6.101579357729495223e-01
-3.967757709947217770e-01
-1.393661837204931420e-01
-4.270478598769422152e-01
-2.957158126791563646e-01
-1.389168766083313522e-01
4.699128538330415300e-02
2.927372355805356041e-01
1.269924516215103494e-01
-1.728382060480700422e-01
3.990884534749467583e-01
4.889295479048793025e-01
4.907469087407258512e-01
4.222006822038823493e-01
2.534967801325527237e-01
-8.090964676239005560e-02
3.994952685346830346e-01
4.169045460618771015e-01
-2.486741950725106232e-01
-5.244047917540425319e-01
-8.627344303934900704e-01
-5.744216134152115849e-01
-6.290051098542248642e-01
-5.559122266350540187e-01
-7.065688552312461290e-01
-7.210762924986731104e-01
-7.823647185522960568e-01
2.210466633500607347e-01
7.160845850111107191e-01
4.143053884958914912e-01
2.714518611691725258e-01
2.567710827408234420e-01
1.253033589117134472e+00
9.297141032401555760e-01
-9.122523212468715281e-02
-2.078975261585200296e-01
-2.051516890886302957e-01
-1.185055930558523984e-01
1.352414914265382406e-01
2.222584864356485834e+00
7.178508294790514555e+00
1.850113386444584052e+01
1.439888357086519832e+01
1.726894460208758630e+01
1.848951330492001333e+01
1.846875172525455966e+01
1.911823104177577548e+01
1.976701791227969807e+01
1.989277765251353003e+01
1.978958181578651221e+01
2.010333274595542008e+01
1.968894752577422835e+01
1.877927063127441798e+01
1.867655010314134856e+01
1.769065728168293106e+01
1.677439614103280618e+01
1.563542305722318204e+01
1.508087770761824409e+01
1.309952018426171705e+01
1.043024895558040832e+01
8.058256811047975532e+00
3.888029435619040797e+00
3.079023757569700148e+00
2.765128632225180461e+00
2.250952321769912778e+00
1.740267274222546012e+00
6.277377459706660057e-01
3.325454766481863444e-01
1.874719243640531052e-01
-1.221547649792938672e-01
-1.606576042423890072e-01
-2.310171106919601536e-01
-2.257464372939090302e-01
-2.266639307791889490e-01
-4.574578450394328200e-01
-4.425661841572453015e-01
-3.818345539455478277e-01
-5.104256051445397180e-01
-3.295941367929002830e-01
2.520767673612646278e-03
1.375221238594870610e-01
1.333971742794108628e-01
1.771733193425264197e-01
1.519567764079077232e-01
1.895457407377928172e-01
2.385929534351069192e-01
-1.322457899127362224e-01
-3.098721660867013172e-01
-5.888200603955213719e-01
-4.650633293486893249e-01
-3.050882155152823683e-01
-2.560386637868093951e-01
-1.127769689140736692e-01
4.045747473535843408e-01
6.138281912330985080e-01
5.617790320533272430e-01
5.654287356251531671e-01
4.783229374950448975e-01
3.731185530791242266e-01
3.357570780353977824e-01
2.530199128296058975e-01
1.950360536607123607e-01
-5.917554587345835726e-01
-6.398929104269396317e-01
-6.777229123413003320e-01
-3.738229417113752562e-01
-2.929218986831313432e-01
6.532360863457901956e-02
2.200267593178117584e-02
6.830272588158939340e-02
9.099292087438859422e-02
1.686914172518629851e-01
1.916107733473059738e-01
2.862651808350070715e-01
1.977935082135626188e-01
1.308685650763608821e-01
6.806885940866935769e-02
-2.069585089779748810e-01
-2.227777153003804855e-01
-1.111597664420003323e-01
-7.150842494396661420e-02
-2.773201356359847672e-02
-1.182664656675151832e-01
-1.948191490510230439e-01
-1.512776152562641738e-02
1.762539429235412125e-01
6.853175629928012769e-02
1.006178808493268517e-01
3.781549953095546951e-02
7.517755141386602002e-02
-5.661232614390614842e-02
-4.153050775395526473e-01
-6.126651427191441845e-01
-5.407130893478200306e-01
-5.019989839176922652e-01
-4.946849080527742637e-01
-4.286706015312517076e-02
8.367195695637237585e-02
5.662469968065812764e-02
-4.951673252460432606e-02
-3.828446171823175759e-02
8.253624376596878018e-03
1.306633508423905854e-01
2.879157366206979152e-01
3.016594759642671209e-01
1.249258619497599088e-01
2.711663588219004328e-01
1.739717123611886629e-01
1.615938237928054022e-01
2.665718243906638474e-01
-5.303939113923390458e-01
-1.101881862746771024e+00
-9.988253114484682005e-01
-5.215790724192536088e-01
1.249520996121728095e-01
3.961687574580790572e-01
4.140331215634515116e-01
3.752685715424365354e-01
8.607640095394391011e-01
1.902417657033250720e+00
6.697495853935680366e+00
1.192571653704272805e+01
1.519390970236025495e+01
1.578260542633576691e+01
1.498640014551626187e+01
1.476607325485313460e+01
1.807066177919292826e+01
2.201091932856452260e+01
2.509552004599863650e+01
2.766467741201696739e+01
3.057554910197111653e+01
3.235860374238901471e+01
3.504241515024743592e+01
3.493341528564197773e+01
2.757828181865421513e+01
1.375552660019981666e+01
6.687970437616854724e+00
2.367085490005103487e+00
1.100954322636812588e+00
9.399301173506510038e-03
-1.760664310950479650e-01
3.668074379527231366e-01
4.433548435366576612e-01
3.645148290540676378e-02
1.542735733086466610e-01
2.056234468926284586e-01
4.149035146505280491e-01
3.635410512688384554e-01
2.521352274944913541e-01
3.747582938862235591e-01
1.547154990142816378e-01
4.927605249785596553e-02
-1.374973626990544200e-02
-4.102933163886846035e-02
2.567237215967550779e-02
-9.398755675383931030e-03
1.327096791395801223e-01
1.689205444172222625e-01
1.996343419198160218e-01
1.881705727116684546e-01
1.198681905281057392e-01
1.276601306402368186e-01
7.494818362347988039e-02
-8.549012806771330575e-02
-1.035947625711033659e-01
-2.090275193608711335e-01
-1.583761690763876295e-01
-2.163635438780200371e-01
-3.062164393536976892e-01
-1.260640686579548864e-01
-2.537321786139588031e-01
-1.501360475226368174e-01
1.634306199091845324e-01
5.270576550320420217e-03
-3.277742188458321326e-01
-5.203305071314429098e-01
-6.968663632346911996e-01
-1.001372865785384203e+00
-5.718014349885228720e-01
4.938518834911011512e-01
1.002524266734194702e+00
6.308569974234307098e-01
3.736313008859703383e-02
5.593237764109396798e-02
-1.107190892308948238e-01
-1.374826480548967155e-03
2.246461726731928052e-02
-3.919622414772848396e-02
5.569871667565682444e-02
3.232209804943313863e-02
-2.200634126698034973e-02
-6.555619887698083126e-02
-6.693556423740359973e-02
-2.819581650443501730e-01
-5.086864734280440725e-01
-1.107560871857178331e+00
-7.603239354917126214e-01
-3.531280788861346775e-01
-3.320470724864127421e-01
-1.563995808642459628e-01
1.267146312996872970e+00
2.043612587624266563e+00
3.396152723967138964e+00
7.667866301054020894e+00
1.199394277062686065e+01
1.728832059720221537e+01
2.241509493464619140e+01
2.530354842451864172e+01
2.632173189045181516e+01
2.731747652335238641e+01
2.905349362899333698e+01
2.997879659879101055e+01
1.411196680837167783e+01
2.067158732366115359e+01
7.570845271399968546e+00
6.251964857341141268e+00
5.927140681817799184e+00
4.438612606679122941e+00
3.140856610149832306e+00
1.465299689812501915e+00
9.958908657778833273e-01
8.347094520018691899e-01
6.309129505864883303e-01
1.367165161630037318e-01
1.251275292737805411e-01
3.979347422390246136e-02
-4.404024863617962415e-01
-3.077649472371888351e-01
-7.976056284826280596e-01
-1.128282051415932852e+00
-1.312052208527304753e+00
-1.129345089352718157e+00
-1.249183211672504346e+00
-1.096199336316448392e+00
-7.735241549369088476e-01
6.098376354829844470e-02
2.890337416099342249e-02
1.389819636769471234e-01
8.240530203431117862e-02
-6.805620072617669936e-02
-1.213528656716517939e-01
-2.727362924335028360e-01
-7.452331821924659261e-01
-6.550439335701973009e-01
-5.373878867674225512e-01
-7.082639149394152067e-01
-4.942623021960130258e-01
-6.093881352859530365e-01
-5.955772756614846619e-01
-5.067224090446160734e-01
-6.196224942544716896e-01
-4.357316326765438008e-01
-5.935441275796370375e-01
-2.980739482123730411e-01
-3.371432133166697431e-01
-3.250669082509766161e-01
-1.897132120405498334e-01
3.207676482621331093e-01
4.762999696941864758e-01
4.108590407271971445e-01
4.120714412182842068e-01
3.083997636346610394e-01
3.426299876214564111e-01
1.658760293015265619e-01
-3.106161573106381787e-02
5.987120329952247411e-02
9.093284703867055008e-02
2.286407170416463602e-02
-2.068861538131803735e-01
-4.584762629738980411e-01
-4.681403034553842657e-01
-5.602458601917499337e-01
-5.460260667421474867e-01
-4.719237289315086348e-01
2.004860781101154288e-01
1.841715286635704218e-01
1.690994859956525820e-01
1.884709604346191392e-01
1.854908106286535241e-01
6.275632108797633835e-02
1.557504051853478566e-01
-2.848488086879402692e-01
-4.378513152127531116e-01
-4.407553613691491678e-01
-4.419062826454139281e-01
-4.330166327252605862e-01
-4.184763033415775380e-01
-4.056945181470841821e-01
-8.826634226388364590e-01
-1.435646269155660404e+00
-1.838244040336666441e+00
-2.643042315513985052e+00
-2.251966876585765664e+00
-2.544384341540436800e+00
-2.473517716058953653e+00
-2.943515449411056029e+00
-2.797099563048109694e+00
-2.898788742615415970e+00
-2.823689782416329397e+00
-2.711881106742273673e+00
-2.739387312315335166e+00
-2.963370596837637816e+00
-3.016859044944852464e+00
-3.072055520335411849e+00
-3.046536908472486260e+00
-2.608320979010521956e+00
-1.515969300146785104e+00
-8.223175112788659591e-02
1.100209172196312757e+00
1.225213993272015411e+00
1.416320768309870637e+00
1.609908989227276654e+00
1.857059558278493894e+00
2.222965954184680015e+00
2.791851377996069861e+00
3.543827357450066717e+00
3.499253836272944618e+00
3.531647458212430646e+00
3.468457189189737111e+00
3.053828931109342282e+00
2.728282890322845766e+00
2.621304049320944962e+00
2.184944414793042800e+00
1.595367361858706312e+00
1.538699339533579957e+00
1.294802436727299888e+00
1.162443045095717720e+00
1.252632057790182385e+00
1.150542801373668045e+00
1.341999505868838538e+00
1.777263476498731398e+00
1.762179315498483057e+00
1.123768287013873879e+00
5.668524714050541258e-01
4.555933792719536468e-01
5.572644384867957434e-01
5.646216900026614915e-01
4.423108604010511091e-01
2.352433360478409230e-01
1.552916288068608430e-01
-8.982465417240866890e-01
-1.121992487887480072e+00
-7.459417133192586258e-01
-4.937686385347465068e-01
-6.075112379164069321e-01
-6.071524985309375566e-01
-5.607431980651946812e-01
-5.636679520843855817e-01
-4.261580344536560205e-01
-1.318041598383742075e-01
7.733344583842136077e-02
7.354804229034114793e-02
4.353950884121539078e-01
6.128881716539846813e-01
8.069405876809742084e-01
1.533157243648597623e+00
1.999730064504549487e+00
2.060349684625131683e+00
2.333180686041530283e+00
2.981529887852458760e+00
3.171689243645560374e+00
3.268251749398729977e+00
3.610648063505089045e+00
3.278104330116435428e+00
3.411414387440116158e+00
3.104983196363538589e+00
3.041384463700225194e+00
2.634210931908672393e+00
2.610534700482163295e+00
2.663528207148285087e+00
2.688545679530196963e+00
3.024018177625688697e+00
3.027941100893990711e+00
3.070646606547300372e+00
2.880952307931113676e+00
2.725418576309130092e+00
2.528393040861002472e+00
2.667470804292916498e+00
2.296871027607960691e+00
2.084763294788099852e+00
2.095698669281364612e+00
2.163816988419293708e+00
2.390041835096949452e+00
2.694562627398012555e+00
2.667907274106282145e+00
2.813733414139990785e+00
2.679057772643769209e+00
2.626260597321345092e+00
2.544754694628261316e+00
2.464796589390709336e+00
1.837381357166330442e+00
1.099215836367182897e+00
6.853454306266649754e-01
3.342325388621846249e-01
4.067834634195470755e-01
3.403761521111546284e-01
2.491659689366663988e-01
1.387002725721438734e-01
-3.306819691320038168e-01
-2.767435764624093242e-01
-3.955172384023454835e-01
-5.777422089284660611e-01
-5.569207778871461123e-01
-1.886445385584636092e-01
-2.309525355288134241e-01
-2.197024949174067043e-01
-4.787599570312562336e-01
-4.599871862911908971e-01
-3.115098475707424042e-01
-1.639472724211281096e-01
1.152045066743529467e-01
3.542762574320811875e-01
4.443607378658686602e-01
3.183468404966351972e-01
3.313905954795335340e-01
2.066069537139379741e-01
2.148520999031541534e-01
2.058711987752808170e-01
4.505395796514585771e-01
6.312517611473651424e-01
1.232522114732040874e+00
3.118538444941266086e+00
5.667904933792410560e+00
7.826422641150098336e+00
8.902129559710774132e+00
2.319584855297420489e+01
2.803164307103662978e+01
2.832859894803871370e+01
2.751522942135974859e+01
2.802314017316600925e+01
3.060106272570978447e+01
3.507436632843785418e+01
3.760620211997404994e+01
3.867151761455721015e+01
3.454974977270554604e+01
1.110183760350845894e+01
8.166390776234107918e+00
5.921765109511397007e+00
3.267204071320362946e+00
2.517906325314436700e+00
1.785537088434884012e+00
6.986482723282103624e-01
1.622778102720196514e-01
2.099528646265511056e-01
3.502188800079393260e-01
3.298149338147077225e-01
3.032239136848969285e-01
4.068127897249975145e-01
3.497411215115007188e-01
2.216231415633725110e-01
-3.815956159104283985e-01
-3.506592967312942011e-01
-2.995529286450224205e-01
1.003863664747151607e-01
-3.896308022790483383e-01
-2.656400266655952747e-01
-4.684884036355123627e-01
-4.540605372671775997e-01
-3.204413921781618657e-01
-3.426847149394374736e-01
-5.680270109308328541e-01
-5.875416118829930312e-01
-7.432492980681166816e-01
-8.841032409522164848e-01
-8.835153225815971512e-01
-6.898357387924886064e-01
-6.327917643204609144e-01
-1.044199197585194971e+00
-1.134121865591938949e+00
-1.186745254157765439e+00
-1.317038234423737242e+00
-1.269262885035280730e+00
-1.181951648751381256e+00
-1.238483430221906101e+00
-1.214156870996000226e+00
-1.157871098795822951e+00
-1.192669168835653215e+00
-7.304413906559131808e-01
5.318086279034906633e-02
1.616177184043390835e-01
7.851640513445655445e-02
2.083235120544540964e-01
3.461815391939651598e-01
2.665035983565035016e-01
3.214684928765746408e-01
5.683234040191290776e-02
1.474861161003669929e-01
-1.509306141354572472e-01
-9.714189550711881393e-01
-1.250246561891557473e+00
-1.814186396594084982e+00
-2.843978096934220545e+00
-3.143222334988803102e+00
-3.430975101064918764e+00
-3.649070850248822939e+00
-4.309488323381200914e+00
-4.650609147210952976e+00
-5.244687979335171057e+00
-5.321320352456031522e+00
-5.302020605668998243e+00
-5.053416710847985271e+00
-4.989473224656003403e+00
-5.118008006895895079e+00
-5.206649613907777585e+00
-5.886947954155433926e+00
-6.107730733027969983e+00
-7.095108524156805707e+00
-7.033458641578664405e+00
-7.151628735126047687e+00
-7.744024915808519260e+00
-7.803486524164698679e+00
-7.013797160450939927e+00
-5.434065016477955368e+00
-4.417181312695224626e+00
-3.122694405694019792e+00
-2.510750881004461199e+00
-1.870733282348639115e+00
-1.859437038142907062e-01
8.199054010230922840e-01
9.622789521549970360e-01
1.268995962164369828e+00
1.507262546656659374e+00
1.602800057316954963e+00
1.783319857809389619e+00
1.870416016761480948e+00
2.339908852807045747e+00
2.463205218972175370e+00
2.639800771169480420e+00
2.882582379327808919e+00
2.921039917174120593e+00
2.866259275462191614e+00
2.910790665183580650e+00
3.283865917564105619e+00
3.627006082135277421e+00
3.611282880548164265e+00
3.701575608868064471e+00
4.842979122651636992e+00
5.173606320957518712e+00
5.240487253474072737e+00
5.020881030148452773e+00
4.201040950752880754e+00
3.752071432833214981e+00
3.123963515476936958e+00
3.063403113157262769e+00
2.952652136842518704e+00
3.103657074078984390e+00
2.976873547920421359e+00
3.128831973170310921e+00
3.179301280684952768e+00
3.323248252740820696e+00
3.399481944320043247e+00
3.272311888112422018e+00
3.276614505453653514e+00
3.205379480874138487e+00
3.627088005580620056e+00
4.131437608673482309e+00
4.416548778372676232e+00
4.377710522657619840e+00
3.826617033142844182e+00
3.438987058683808939e+00
3.207188269029860539e+00
3.249509245299103011e+00
3.115088532028908119e+00
2.816421937940254416e+00
2.783859850039959838e+00
2.978934403249439811e+00
3.519233049066684771e+00
4.092598344091501694e+00
4.106086872606420357e+00
3.926357307284412457e+00
4.173885337684438035e+00
4.377814548757702262e+00
4.417611680839082844e+00
4.455845376537935998e+00
4.356602610043131207e+00
4.247540983489791699e+00
4.255178458506350125e+00
4.201332735929648621e+00
4.268869066619543240e+00
3.926878145293326128e+00
3.162850950727249533e+00
2.914838009657441109e+00
3.137601359685794122e+00
2.989057882244237963e+00
3.230961840334837465e+00
3.567164024416087820e+00
3.566275431461502166e+00
3.732567309819756485e+00
3.756009987720911880e+00
3.762263419715985879e+00
3.740282087534519295e+00
3.888934510115169996e+00
3.964629339168816546e+00
4.237652139834077403e+00
4.663884973976244019e+00
5.296239774153508328e+00
5.162361093650530641e+00
4.955804415871571500e+00
4.603118702983201693e+00
4.408095068868107091e+00
4.436075102007745130e+00
4.120756517604564628e+00
3.508497114009643258e+00
3.035222160835624905e+00
2.546451295101201939e+00
2.162185368614075731e+00
1.976368411666276748e+00
1.334091126488855750e+00
2.666548064409610119e-01
-3.044870854798154003e-01
-5.937252583143282081e-01
-1.179685875774890480e+00
-2.460471849542918754e+00
-3.338976497472131211e+00
-3.497765276253848032e+00
-3.794344813558221841e+00
-4.830294425579250372e+00
-5.521365963627318685e+00
-5.443783640764242371e+00
-5.554123778627803709e+00
-5.355246311720369690e+00
-5.313033550493233115e+00
-5.515240205019273922e+00
-5.939688658943394373e+00
-6.027198697222763357e+00
-6.185454593408240775e+00
-6.203894322392085492e+00
-6.483171122513311957e+00
-6.513887290418759690e+00
-6.414185372945174102e+00
-6.370865464365322417e+00
-5.801859327780503506e+00
-5.423917770220611168e+00
-4.242756781556944468e+00
-2.760666519286277598e+00
-2.492493221371397727e+00
-3.600405730709961727e+00
-4.544796133851630060e+00
-8.924022998546050189e+00
-7.164238040512000083e+00
-2.591292659901426543e+00
-4.263792275244420726e-01
1.124677075827652528e+00
-1.476394361327621751e-01
-7.574323626582347702e-01
-1.466922809282261708e-02
3.608234154194630006e-01
-1.027425566402598411e+00
-2.736235287540577765e+00
-5.587576777551920282e-01
7.941358707363906921e-01
6.250087350153672450e-01
2.979701287796536133e-02
-1.160853963328220884e+00
9.410553517512048050e-01
