8.207512207753863365e+00
8.088634290855617692e+00
6.254465230755798189e+00
6.861424861591762792e+00
7.356731954329329248e+00
7.854880262241512590e+00
8.290032727169654336e+00
8.722457016828807141e+00
9.221863665809360455e+00
9.524752974261788907e+00
9.684629042758064799e+00
9.722714177407770109e+00
9.756166789478543322e+00
9.897380193550496585e+00
1.001811834452287897e+01
1.011145528964095597e+01
1.029138680588538435e+01
1.049162743139937248e+01
1.075514013245449085e+01
1.106018671864982217e+01
1.136059532793177418e+01
1.169483669574657903e+01
1.198795305164548353e+01
6.057176735497058928e+00
6.172352341342854487e+00
6.183452389202213517e+00
6.153960967106090862e+00
6.107825936839207159e+00
1.211054593413929936e+01
1.203097030134417267e+01
1.183755201128776235e+01
1.130459568755129141e+01
1.012452941061715705e+01
8.935667217323935319e+00
7.635530390578447069e+00
6.142136448838100726e+00
6.430959761174461775e+00
7.304302970703634657e+00
6.753930011744170514e+00
6.984646352968963967e+00
8.969583909708063629e+00
7.062846507290804432e+00
7.873553146414602466e+00
1.322964509151308832e+01
9.696599311829086076e+00
1.040118057728608214e+01
1.119732202586796710e+01
1.189645968970350154e+01
1.256220032076867454e+01
6.494356885253795397e+00
6.623221883129043697e+00
6.746274929659548114e+00
6.850252117910320848e+00
7.025136176272862798e+00
7.141790568180460319e+00
7.278790683533522099e+00
7.419544160380329600e+00
7.536934343401287428e+00
7.674761945091571391e+00
7.778680481594595797e+00
7.880141784115291870e+00
8.032023699670677530e+00
8.061454826887350933e+00
8.053418118302641204e+00
8.089706506912758499e+00
8.146486127814275946e+00
8.205966055637414769e+00
8.306450464292295166e+00
8.406155122438686789e+00
8.430924248829207102e+00
8.449446954453749825e+00
8.466006212463987879e+00
8.533836532720481927e+00
8.536100999952942914e+00
8.571915098810416467e+00
8.506600755168484795e+00
8.489429263238744028e+00
8.444386672688953155e+00
8.444449453661912131e+00
8.387986833261654951e+00
8.374734085791949667e+00
8.403624027916590578e+00
8.418074059635502593e+00
8.416443837310675136e+00
8.478388175520132464e+00
8.484041363134020131e+00
8.514062661590537928e+00
8.583481743924739504e+00
8.621857895780156156e+00
8.675273937915129352e+00
8.643671983628282263e+00
8.678999719464709273e+00
8.735897247929871767e+00
8.783881491476538628e+00
8.758361225551798412e+00
8.791699482378993125e+00
8.769186689973009763e+00
8.676945177835364120e+00
8.660569563850133434e+00
8.571087022937060595e+00
8.556683519147345152e+00
8.517599961298413902e+00
8.551492185977899396e+00
8.537401821873507046e+00
8.560861572945977827e+00
8.578699377885948607e+00
8.600223068144114080e+00
8.581262539066806028e+00
8.644856758461326507e+00
8.632468758007590282e+00
8.667869403940832385e+00
8.692723185370079264e+00
8.721847322252676449e+00
8.726087790608916706e+00
8.746787280415540877e+00
8.757224660761613322e+00
8.794145799958512200e+00
8.765847120712104257e+00
8.773354641801580200e+00
8.679901289084208216e+00
8.678536683842276389e+00
8.649132745497359664e+00
8.665748008570878014e+00
8.634863859832929478e+00
8.694334336424946130e+00
8.731824769935936814e+00
8.771597223519494335e+00
8.715406196140788708e+00
8.758191406306849558e+00
8.727413530758697746e+00
8.618565491527210298e+00
8.592184464850088688e+00
8.519522684249530187e+00
8.421995905857578180e+00
8.385002780063146588e+00
8.270966796512567498e+00
8.230249565623479313e+00
8.227359471290787596e+00
8.174613109447609105e+00
8.159718507960205258e+00
8.161824650622570232e+00
8.123828907299751378e+00
8.094547338877886133e+00
8.049973216835001111e+00
8.015763468729566910e+00
8.001231415870767805e+00
8.008963108939120445e+00
7.988040879848613329e+00
7.938713308406209812e+00
7.861995894042476785e+00
7.806759958818880740e+00
7.729556441518334431e+00
7.651053901892852060e+00
7.576209521360693699e+00
7.539429539564184601e+00
7.489869984466422714e+00
7.447215559093248061e+00
7.408014987941884399e+00
7.401943013139612226e+00
7.374380364661926812e+00
7.383714136917784110e+00
7.405362658487796068e+00
7.395311218412120802e+00
7.447130936535436341e+00
7.461114521995649618e+00
7.495115449244570627e+00
7.545235082395945980e+00
7.570913913011540153e+00
7.690315525698809829e+00
7.671647472292285386e+00
7.793094485540605021e+00
7.802556890365177189e+00
7.886348457607675222e+00
7.957078659423973299e+00
8.010814338143434910e+00
8.039548936362429288e+00
8.021840749116240232e+00
8.106559770282549593e+00
8.145142028475035545e+00
8.215473090077299645e+00
8.321455080231698886e+00
8.361328223444681740e+00
8.433456399663663561e+00
8.457871931472123350e+00
8.484967574667820145e+00
8.550293518099742585e+00
8.599275870298059843e+00
8.632469966238005554e+00
8.648002754246736146e+00
8.744242578812075450e+00
8.755558940994589534e+00
8.796913765156363141e+00
8.866000519688373771e+00
8.912697096728008361e+00
8.911874017423357941e+00
8.969259306247737484e+00
9.103080544653204598e+00
9.045186331427577997e+00
9.106964928317870189e+00
9.205959863124519416e+00
9.176486911260953505e+00
9.164975460399880092e+00
9.082661049895925487e+00
8.977428464797014840e+00
8.914605640126261221e+00
8.849330885006262193e+00
8.789783564667219551e+00
8.762760018175441701e+00
8.764491593277066173e+00
8.762106289197356901e+00
8.826727656845621439e+00
8.743833766032818033e+00
8.828495789895368873e+00
8.802654757697261800e+00
8.777309104079906277e+00
8.676813694509393216e+00
8.618056453461345967e+00
8.556349116197621285e+00
8.479185432776132458e+00
8.374855171615804394e+00
8.268737027569647680e+00
8.241987263017563237e+00
8.127610554113122276e+00
8.082712786221028622e+00
8.076647365293153413e+00
7.954628238132717577e+00
7.899568431909337107e+00
7.820870521022255772e+00
7.715239481964954571e+00
7.637019198679374732e+00
7.542055427047475114e+00
7.464923454552142346e+00
7.391906500996094920e+00
7.205280979381195827e+00
6.943778742079383726e+00
6.697239655186804086e+00
6.447937211566697968e+00
6.265088852725080315e+00
6.048874678727487186e+00
1.136500986017376391e+01
1.052096654201478820e+01
9.950997531084540881e+00
9.580045585000974029e+00
9.408428346639105655e+00
9.380032412626244209e+00
4.673523953618829552e+00
4.700135194018288942e+00
4.681136033791986506e+00
4.751002679408280471e+00
4.804974710522215808e+00
4.863860723208390802e+00
1.010753126903374266e+01
1.059548790736145030e+01
1.118919938239083756e+01
1.175910452521315186e+01
6.090436043719092751e+00
6.243764389647448176e+00
6.415346586910800397e+00
6.543904047593668949e+00
6.684746000329509386e+00
6.831830744055303661e+00
6.989081968098517450e+00
7.105467561040990532e+00
7.241341570294263619e+00
7.388417860405400717e+00
7.499929992010113011e+00
7.642963476545343582e+00
7.736594477077440857e+00
7.885400450802556804e+00
7.885371935329866133e+00
7.887237694460935700e+00
7.883036251607520306e+00
7.917969147576480182e+00
7.979156670950910524e+00
8.032823086229143428e+00
8.104627145476166916e+00
8.174189480760905013e+00
8.247185507313860242e+00
8.322762823501353324e+00
8.391223882253568078e+00
8.488806957932641950e+00
8.514911402246401195e+00
8.568199166349804941e+00
8.636703206068366612e+00
8.696198732685813226e+00
8.765402530297885519e+00
8.859769192382739078e+00
8.863093752812458703e+00
8.962503445178727546e+00
9.017411255786205615e+00
9.092021591717598383e+00
9.172658411483842755e+00
9.231602286243800748e+00
9.275706665429082065e+00
9.356658108204070956e+00
9.317730994552208657e+00
9.273385127410094242e+00
9.193796905253778462e+00
9.101344072195015400e+00
9.078602510738875253e+00
9.048834718216525630e+00
9.067091193271201277e+00
9.109522138825852267e+00
9.242999238513798232e+00
9.210086972140736350e+00
9.341341957560842957e+00
9.449120534963210361e+00
9.504501843256690563e+00
9.601093212717071168e+00
9.731954808415489211e+00
9.758087395964922806e+00
9.845608475361750322e+00
9.923984377026563664e+00
1.001338852459982931e+01
1.010898653983413098e+01
1.014619864744607192e+01
1.022593370281104086e+01
1.030695609540373603e+01
1.036734324702801580e+01
1.047129839357130976e+01
1.052069209329446764e+01
1.057351680905114577e+01
1.048206803534211318e+01
1.043811527045159870e+01
1.031576485860861148e+01
1.027071020582749483e+01
1.025560534998200879e+01
1.022144240348327138e+01
1.017878277967426115e+01
1.018229826613508138e+01
1.020827460852463631e+01
1.020155618715624257e+01
1.023323128919797576e+01
1.014973008012773370e+01
1.017344692302460274e+01
1.011425661796166153e+01
1.007917269980689312e+01
9.954672365499746434e+00
9.908748684432110210e+00
9.847704698883434915e+00
9.744093799483351859e+00
9.696482691808130383e+00
9.603719858089579731e+00
9.536048189838657763e+00
9.482331333101516435e+00
9.430429054202219774e+00
9.373641077924411036e+00
9.224328903489841025e+00
9.170204584362748435e+00
9.093135110665436116e+00
9.025210450828158315e+00
8.940920447883968336e+00
8.877539865221946158e+00
8.755142479645288134e+00
8.696177197208108112e+00
8.498668850758146931e+00
8.241222797572786973e+00
7.934787058797659220e+00
7.648447511020246559e+00
7.330636057609902778e+00
7.027278278437482761e+00
6.759092630234924570e+00
6.483266711876473742e+00
6.190371235848363796e+00
5.926157850165890473e+00
5.746734937943767108e+00
1.133515980085623021e+01
1.115153510546111626e+01
5.476442379578886133e+00
1.075234959709724514e+01
1.061858451360453515e+01
1.045284494618774218e+01
1.035288429315808578e+01
1.024866458461360530e+01
1.020374102411413020e+01
1.012086948532269481e+01
9.969552799827358314e+00
9.844276333372148358e+00
9.772404286265418349e+00
9.695059417399606971e+00
9.790857370369579371e+00
1.008926025329267873e+01
1.051137574587735735e+01
1.098930071321740520e+01
1.147175578319155242e+01
1.181649116185676007e+01
5.855523811398802181e+00
5.961095599881839568e+00
1.200928680808279481e+01
6.029160560135778724e+00
6.071046581803765996e+00
6.051759048665470431e+00
1.186255243911300816e+01
5.817352748617281577e+00
1.152348327612557277e+01
1.153584047190134143e+01
1.155245283005505108e+01
5.704842363605061806e+00
5.824604974754961084e+00
1.141123819986510313e+01
1.119022492663286705e+01
1.094001596954279876e+01
1.090260968945633557e+01
1.099035211432103942e+01
1.138508823372543510e+01
1.182505337184788097e+01
1.227649502033353102e+01
6.302753147657471189e+00
6.369625529417465515e+00
6.476035811495100880e+00
6.548227043432298444e+00
6.672560367868569209e+00
6.752182828896631683e+00
6.872604826059520278e+00
6.984006769136201775e+00
7.077174854517751079e+00
7.174075746386062491e+00
7.241083112580651182e+00
7.304500523095946107e+00
7.360497117280258905e+00
7.348021054611366232e+00
7.475857824536970675e+00
7.494024850890042444e+00
7.653658098324398473e+00
7.652377004849152620e+00
7.692320392529216733e+00
7.786304830887527118e+00
7.865364273433161024e+00
7.924255666333295700e+00
7.979691609797436413e+00
8.039330919869641434e+00
8.123927740095545857e+00
8.083958866972668744e+00
8.043674462373749279e+00
8.001491774446126470e+00
7.994364949415027510e+00
7.945469470233248899e+00
7.964045407401405541e+00
7.922342480875117054e+00
7.984245844877777998e+00
7.938556210415042003e+00
7.901937859512147888e+00
7.931940667929342936e+00
7.927520779876013002e+00
7.921930722613030440e+00
7.895776870659199531e+00
7.845864988506529691e+00
7.774573472018924569e+00
7.681413152031854708e+00
7.616194734645758579e+00
7.625812102606345455e+00
7.584619992278573086e+00
7.550925247348225788e+00
7.556604795206053105e+00
7.555677412257743697e+00
7.552912367509311942e+00
7.554341308394928234e+00
7.542953328565554116e+00
7.589053601730873844e+00
7.644163886205179281e+00
7.657167046679318467e+00
7.713817070390442510e+00
7.756559921387113476e+00
7.758044003237136721e+00
7.786436887934304885e+00
7.828300295993691371e+00
7.865261944917551595e+00
7.935904922900478553e+00
7.950112081231719863e+00
7.974726160597216840e+00
7.969064921580989669e+00
7.959688203347270452e+00
8.113111535792528528e+00
8.113835037860585686e+00
8.132682182809711335e+00
8.142471224371805150e+00
8.270065537980768156e+00
8.248228900207573489e+00
8.356000579428652486e+00
8.445603802706180829e+00
8.452830729339575910e+00
8.526000650609828924e+00
8.535850061309519177e+00
8.637226010097792894e+00
8.623012761869906839e+00
8.697202375958649867e+00
8.742513915193175222e+00
8.715490386275286383e+00
8.647728269019665959e+00
8.556733267009589028e+00
8.539942786554423293e+00
8.490423379506479407e+00
8.416592692166057432e+00
8.362355135084706959e+00
8.247457121569468086e+00
8.042491238210955018e+00
7.832871044981299491e+00
7.548809940434700216e+00
7.242006765974307925e+00
6.954260394903934106e+00
6.651540346076049381e+00
6.358871389189403978e+00
6.056713920799430717e+00
1.134431317580033038e+01
1.097662486712677321e+01
1.052445294578304846e+01
1.014992317753564244e+01
9.697604700915650966e+00
9.236761653814678397e+00
9.035304787887524114e+00
8.910260107259100337e+00
9.091381562812401285e+00
4.742200585423344883e+00
4.822778829323004501e+00
1.002066456883595791e+01
1.056834223125425076e+01
1.127970395791389890e+01
1.192641454035445037e+01
6.179222126617245792e+00
6.393303090094763164e+00
6.564105925099238625e+00
6.723593551751284814e+00
6.886814677105282279e+00
7.043601593951037465e+00
7.182116409445193916e+00
7.309002782792860309e+00
7.437022129279855953e+00
7.594073740843805709e+00
7.603931386482779331e+00
7.650172819346416020e+00
7.633988831703145017e+00
7.499769883636686174e+00
7.461980166126171987e+00
7.406979832923664020e+00
7.403233094629940503e+00
7.392899574987604083e+00
7.421314384924025731e+00
7.370649683331069291e+00
7.381270329306087064e+00
7.383314268861178142e+00
7.361290691589926105e+00
7.358892507384899417e+00
7.284026881720557789e+00
7.271691474563602320e+00
7.262993874951398254e+00
7.234805970032690325e+00
7.240172832593149366e+00
7.287578497772657649e+00
7.358768909117730850e+00
7.368997255247244027e+00
7.356861365090892946e+00
7.342484562848114571e+00
7.301026675572238389e+00
7.222382338477408403e+00
7.131057040066404618e+00
7.114616671692122196e+00
6.992350083437703034e+00
6.894478294608655133e+00
6.885070691367793039e+00
6.758628421802745478e+00
6.852387052442625581e+00
6.532181971089526584e+00
6.592307305371006620e+00
6.528449672650965319e+00
6.574400618452004963e+00
6.604379166370113907e+00
6.637369939701531329e+00
6.684221598486570493e+00
6.760040264641883567e+00
6.895361754057448778e+00
7.004964697547402253e+00
7.118279834383166360e+00
7.169960664643512338e+00
7.276655869004677868e+00
7.333876931759669482e+00
7.382282480215533127e+00
7.432709635377251267e+00
7.479801773209675098e+00
7.456603708324680113e+00
7.510459260607417420e+00
7.511290742336854898e+00
7.521325436274497456e+00
7.520892279132435299e+00
7.411622794551069759e+00
7.359588019963182681e+00
7.335051604916506207e+00
7.315577082575955181e+00
7.290914202028698554e+00
7.297626089602959887e+00
7.309417548560658950e+00
7.355737609576974201e+00
7.360281304315271278e+00
7.425706900722596870e+00
7.459752394355133376e+00
7.491241485515590881e+00
7.498583702718838673e+00
7.494241412246342549e+00
7.471030634904159307e+00
7.478017558432347833e+00
7.489303359985932218e+00
7.457360405056095765e+00
7.440274413685358468e+00
7.496131169672905159e+00
7.550130229930125836e+00
7.590177516701706040e+00
7.620687918948483741e+00
7.690606567242543434e+00
7.778086092413611041e+00
7.814226008739848517e+00
7.837561157602340955e+00
7.874325151130536327e+00
7.981705264157509028e+00
8.036764242992388674e+00
8.112598044537318032e+00
8.207899359569875486e+00
8.292864662923495445e+00
8.361977598220015295e+00
8.427265082044128164e+00
8.494984398985799601e+00
8.532841426329307311e+00
8.506845778030832861e+00
8.565267662740929211e+00
8.493157475225153519e+00
8.398523455731435661e+00
8.372267043556618660e+00
8.252608772496866862e+00
8.217718047226499678e+00
8.173353447830793428e+00
8.117370543064259536e+00
8.029298823522763584e+00
7.980913025124188209e+00
7.839148925960527592e+00
7.686738726226577612e+00
7.353241702611147623e+00
7.100680811453941921e+00
6.859264924495312776e+00
6.680729234407142947e+00
6.598844976345866975e+00
6.514038714929315965e+00
6.386522699270745562e+00
6.286864380680752262e+00
6.190389960888253995e+00
6.116651630200855116e+00
6.070667446920911203e+00
6.061099121547253610e+00
6.078340093145651046e+00
1.221817874560904116e+01
6.150423732706903124e+00
6.152666920750128554e+00
6.183851528266201214e+00
6.209667108799224344e+00
6.322089715675577537e+00
6.576523252706670597e+00
6.262665739713683344e+00
6.526473001839273813e+00
6.581836305589171765e+00
6.768736937124660180e+00
6.665262628666206446e+00
6.781886561735398722e+00
6.671872207410499911e+00
6.641310124945235316e+00
6.635337321697691415e+00
6.655982392546882842e+00
6.673509628343324174e+00
6.710699945269253064e+00
6.727740951310758000e+00
6.708331098219399102e+00
6.769056330456150405e+00
6.851209432950521538e+00
6.953887204680593292e+00
7.023401381581815706e+00
7.159063999064710693e+00
7.234215710089173967e+00
7.365789622388928315e+00
7.394378904583670753e+00
7.532525773565282634e+00
7.589618038572947256e+00
7.758977125376452122e+00
7.819797932667145623e+00
7.987860945229307674e+00
8.039156073448049611e+00
8.075392341428855758e+00
8.162386652217895389e+00
8.223624006718582180e+00
8.197313457673564230e+00
8.313248622939459764e+00
8.359022754946801470e+00
8.352040473526777475e+00
8.387887431485188117e+00
8.380391318595812322e+00
8.403478866532598346e+00
8.312893197743186136e+00
8.253253061989527239e+00
8.131239772407619526e+00
8.119482888306110979e+00
8.026510998333375113e+00
8.014538449059738667e+00
7.966776857195263517e+00
8.018719474544962367e+00
8.021938334429655981e+00
8.087218696056488909e+00
8.104209828750301270e+00
8.112041417762341666e+00
8.191055040837772694e+00
8.213858702213535423e+00
8.353493172133310551e+00
8.402680566004312013e+00
8.495021358783640508e+00
8.565112759039015700e+00
8.620699844609482909e+00
8.680578692740994029e+00
8.759548560942276296e+00
8.755669262632419958e+00
8.864363324359587182e+00
8.919230246818463215e+00
8.991293051471124897e+00
9.020226457366788964e+00
9.089127754733111075e+00
9.202724800731736821e+00
9.265992091404593012e+00
9.293306694803590062e+00
9.268971411308399411e+00
9.372302015197575997e+00
9.391131687007678863e+00
9.406010823626704820e+00
9.364251788296943602e+00
9.388892465172933299e+00
9.376080585599261497e+00
9.361526931383631123e+00
9.297421237668615390e+00
9.271251216151108920e+00
9.218050109257582392e+00
9.234833257210947721e+00
9.251118922333565919e+00
9.244594080897536870e+00
9.275483911290809402e+00
9.284996068791166124e+00
9.277703617124258173e+00
9.282273673482718479e+00
9.299971656773173834e+00
9.277915042835994441e+00
9.274277325356688806e+00
9.308152222010390275e+00
9.264758313322042582e+00
9.207770178825082752e+00
9.039009680525021295e+00
8.993653557317212943e+00
8.879929533189178770e+00
8.758874444488789379e+00
8.636136355851077084e+00
8.523921611906686735e+00
8.412945797885445387e+00
8.321285447752504894e+00
8.307124255348060871e+00
8.219209526601297000e+00
8.114496138850675777e+00
8.077330234529318531e+00
8.082900813520820904e+00
7.936593596249507776e+00
7.942201065485835265e+00
7.923851418863325335e+00
7.886355625451734852e+00
7.861892886590915452e+00
7.810254438535361388e+00
7.782468922760132024e+00
7.765058291202119989e+00
7.754179838268271396e+00
7.778578368966726941e+00
7.774310455777944995e+00
7.806024904682851151e+00
7.819765790389510585e+00
7.832522110981719798e+00
7.836229535464737772e+00
7.919698613196010761e+00
7.962512101167695810e+00
8.057091718693556004e+00
8.104938160866554497e+00
8.164178507241999228e+00
8.177399510434019803e+00
8.234328816301703213e+00
8.267685613454689886e+00
8.298224007141229208e+00
8.412368704633031768e+00
8.441227090499443975e+00
8.495171760255866289e+00
8.507365017187236589e+00
8.529685784885323585e+00
8.596230772707430745e+00
8.638439127984273824e+00
8.655124370363845188e+00
8.680364941755541963e+00
8.727933170349455594e+00
8.768207997036759238e+00
8.766578569466263460e+00
8.855124257084604267e+00
8.881299622840316488e+00
8.942524600470873608e+00
8.926143535106595195e+00
8.998552346687180403e+00
9.058081151032752132e+00
9.072179821804926547e+00
9.109757185092506759e+00
9.198237440107336127e+00
9.243354640565543789e+00
9.276617564494941348e+00
9.291053392138433509e+00
9.381906351476576589e+00
9.401214171981459700e+00
9.482830218461055338e+00
9.462967096359360397e+00
9.490135763800903845e+00
9.514815631954883557e+00
9.549490690949479443e+00
9.579486616064851745e+00
9.658225222313690850e+00
9.699759768461902354e+00
9.671058472611969492e+00
9.721452869820300435e+00
9.724678596426945987e+00
9.626873378364036782e+00
9.668083091601856083e+00
9.595552254892778521e+00
9.561404869893138425e+00
9.502040211968470373e+00
9.407717487932762523e+00
9.323519471272080139e+00
9.289732854852900346e+00
9.226273616961307766e+00
9.128322467667203455e+00
8.935454636940988848e+00
8.686616284575288560e+00
8.444329229257860447e+00
8.268292244648209888e+00
8.189443750784013432e+00
8.050884596740200294e+00
7.924059978698597462e+00
7.719916491815560278e+00
7.490980496575986081e+00
7.156146272737556657e+00
6.855207648855769165e+00
6.518080903406911375e+00
1.210424957429431458e+01
5.684421709200067063e+00
1.095427260818253146e+01
1.038829731904086273e+01
9.503315569391793005e+00
8.940347376086435816e+00
8.609823074497551687e+00
8.419861691884690913e+00
4.217824098740239336e+00
4.273703526191735769e+00
4.364280564865892664e+00
9.111492412903842819e+00
9.721543220509710537e+00
1.041528332336359775e+01
1.107699123214650960e+01
1.183338217955768279e+01
6.173765787975879604e+00
6.373372900880725389e+00
6.553671689340788475e+00
6.721679562318471746e+00
6.887826709411270620e+00
7.068414429515607722e+00
7.250920485772406110e+00
7.355378094743205253e+00
7.542138125708351737e+00
7.702514726786975352e+00
7.852232740470770800e+00
8.033715316948368823e+00
8.182903152629235066e+00
8.301317817060397175e+00
8.455121425460616180e+00
8.557361971090919894e+00
8.700751051495661414e+00
8.834959001535521494e+00
8.958434334888483619e+00
9.082787280921778006e+00
9.171377045913917669e+00
9.319633471843552286e+00
9.377269798214655339e+00
9.479991254274219514e+00
9.536639628351768039e+00
9.599504139091591171e+00
9.674324406366956453e+00
9.767379422019658364e+00
9.838153575540523832e+00
9.881938106365938168e+00
1.000170207436183212e+01
1.006344797949475911e+01
1.008690063189411923e+01
1.018667064920758136e+01
1.025423472316642837e+01
1.028748511379146535e+01
1.033579282688137368e+01
1.040351677743872649e+01
1.041562591457334896e+01
1.035585207265962460e+01
1.026074804268919394e+01
1.021054725858779477e+01
1.012877565566390281e+01
1.011095216251821860e+01
1.016008658541242227e+01
1.019551988330178283e+01
1.021652932173330619e+01
1.023921905031448532e+01
1.025754098703531092e+01
1.032282304130905537e+01
1.035548621801398106e+01
1.036074138300613434e+01
1.036054480970617853e+01
1.039605894858902069e+01
1.045723074977983025e+01
1.039746168683791439e+01
1.046241782288469757e+01
1.047743607067591931e+01
1.051112589791222085e+01
1.056899328501028634e+01
1.060229837553163712e+01
1.068480063620173404e+01
1.073232938414567883e+01
1.074760199323228171e+01
1.078435060591578143e+01
1.083635110585219863e+01
1.116171288094501612e+01
1.067227253981844548e+01
1.098570856465410905e+01
1.095582463001556839e+01
1.107614382480033832e+01
1.096259918912645936e+01
1.107342124070654066e+01
1.102843798461434055e+01
1.097543222028438947e+01
1.094723009157279492e+01
1.078269792051405140e+01
1.073524261385892586e+01
1.068774409970083994e+01
1.062865560447362157e+01
1.060401146699185659e+01
1.059095198922310921e+01
1.057286216727777983e+01
1.055466076498342431e+01
1.052369607386171069e+01
1.050797554736232797e+01
1.047773265856596758e+01
1.050011701924576002e+01
1.046896154193318118e+01
1.043241010473661134e+01
1.042744366506161846e+01
1.038620771166775825e+01
1.037921053145049477e+01
1.035494034149481379e+01
1.034722032845473372e+01
1.033433530372085407e+01
1.031872656193070270e+01
1.029079414075842713e+01
1.033883149535253310e+01
1.032765448908307349e+01
1.032173211898555998e+01
1.028400456442162891e+01
1.016190517134254989e+01
1.011713388488895582e+01
1.009132997443157365e+01
9.932820760960504813e+00
9.967575469952311806e+00
9.989087525487818198e+00
1.000326628190617839e+01
9.986213574551245031e+00
1.001642716794063226e+01
1.003977176760731105e+01
1.005075323879401061e+01
1.006523673385534678e+01
1.003608240002035501e+01
1.009818332173285604e+01
1.013922823332552525e+01
1.015569006173173783e+01
1.024351372402419891e+01
1.031838411235976771e+01
1.029086010819578689e+01
1.041460208835827572e+01
1.041155224899971898e+01
1.047999463108716789e+01
1.050356599953971504e+01
1.055420290098289371e+01
1.056371507552456990e+01
1.063384654679873620e+01
1.072173855373827855e+01
1.076155274933642048e+01
1.084331545930180596e+01
1.087215037434190990e+01
1.092270551646753773e+01
1.098807856033876540e+01
1.101663349753519050e+01
1.109779695073421735e+01
1.107731018839233705e+01
1.116412633986809588e+01
1.120347412080169391e+01
1.129635796201841913e+01
1.136090525355300151e+01
1.136724760675313028e+01
1.142309936612407739e+01
1.144320015875542573e+01
1.145141721871381435e+01
1.152132314420480874e+01
1.160267955533059947e+01
1.162121585408057278e+01
1.167085328008456813e+01
1.172714773721122228e+01
1.174887803091657368e+01
1.181113426210562700e+01
1.173607305952516988e+01
1.175824235438556187e+01
1.179496311468786729e+01
1.191043738297266863e+01
1.161534310864852415e+01
1.177960852353593957e+01
1.175539609968157606e+01
1.173226380110077294e+01
1.174336277995280753e+01
1.170821069415458560e+01
1.169470727401998822e+01
1.173598744251451720e+01
1.172598362849529607e+01
1.172058374997787844e+01
1.167091858208748256e+01
1.161185659803228276e+01
1.151028744725474162e+01
1.148339734868626572e+01
1.138306523992545038e+01
1.135320345104293160e+01
1.131814839235983605e+01
1.128112014073469460e+01
1.120357254139459791e+01
1.109367302088994833e+01
1.102007173547910313e+01
1.099033703739997669e+01
1.084240197996537702e+01
1.073158202919276505e+01
1.071127083208810404e+01
1.060416876452227086e+01
1.056999744887459158e+01
1.044545253802023588e+01
1.036180774825285944e+01
1.029781851114015900e+01
1.019940349748806874e+01
1.010856403585000329e+01
9.982506374315530451e+00
9.913507367936185588e+00
9.841359451905551836e+00
9.797161495672597198e+00
9.677882118164401248e+00
9.579265330612924956e+00
9.496416396217853162e+00
9.398103303905021022e+00
9.253202962843612767e+00
9.046847163666933866e+00
8.851105660440305556e+00
8.695197848726635925e+00
8.635929751392536602e+00
8.523633928005104110e+00
8.402498700207443605e+00
8.276014730669285058e+00
8.155221296459277625e+00
7.950992171924375462e+00
7.664737629942403707e+00
7.350568717916341477e+00
7.006007133179875446e+00
6.691875447143583955e+00
6.468554637175645716e+00
6.304150880023452252e+00
6.203976997417258055e+00
6.108610140059546723e+00
1.196844101144419348e+01
1.192697315873144959e+01
5.906660403223712663e+00
1.154894428717309651e+01
1.143645410043679966e+01
1.145054281345120728e+01
1.153901631453553733e+01
1.206263961360490988e+01
5.732878621573811451e+00
6.059101361235764038e+00
6.101484888133613893e+00
6.203474890467281178e+00
6.230180145086161581e+00
6.350411984881652927e+00
6.360784565662906509e+00
6.459812289696101217e+00
6.459778122856391747e+00
6.546831017405856379e+00
6.580702262957051296e+00
6.680889842287170310e+00
6.722683926836892532e+00
6.785469100728318992e+00
6.888258378130719173e+00
6.893661867902880047e+00
6.967603974874823081e+00
7.093673190445002774e+00
7.122710408770520196e+00
7.202976653772746651e+00
7.261751798050601892e+00
7.330170939152908183e+00
7.362405574752972193e+00
7.428701463652603643e+00
7.495925689086576860e+00
7.550897356546472317e+00
7.612889428392879410e+00
7.649912773233768171e+00
7.760900576448946708e+00
7.787810725734129136e+00
7.841074570197993587e+00
7.903778824688918903e+00
7.962201026870291187e+00
7.994271561051665032e+00
8.100080504890820876e+00
8.188762936411078996e+00
8.268203324087934902e+00
8.245505724652794299e+00
8.321865681197143871e+00
8.345056656630948311e+00
8.367643146782111074e+00
8.415662216186312605e+00
8.465808357676298357e+00
8.506098344645639742e+00
8.590764080696420280e+00
8.566103009412126212e+00
8.536415655972501071e+00
8.627770876677271161e+00
8.506037503024700186e+00
8.426415359493036661e+00
8.351289213232588438e+00
8.356160023242452439e+00
8.258825376630918313e+00
8.224185902574976836e+00
8.231553348707970841e+00
8.161025708780039523e+00
8.097112917125688369e+00
7.968470651209416999e+00
7.905745284100164305e+00
7.832964530704448869e+00
7.712366712334439711e+00
7.553862156709103992e+00
7.308489677594383060e+00
7.182326099953307619e+00
6.952055726868072938e+00
6.810831279942268779e+00
6.667882360929957564e+00
6.505080377729179908e+00
6.314215339274824146e+00
6.127981465951340745e+00
5.935049163131725258e+00
1.132291127848459134e+01
1.098194405020156950e+01
1.080280085052809724e+01
1.089591821005723560e+01
1.098630936838306837e+01
1.128176056722268150e+01
1.177478037223371743e+01
6.080707104761660986e+00
6.246436679022857597e+00
6.382220283589981946e+00
6.520824787471591222e+00
6.590778874711039848e+00
6.708023792340175540e+00
6.861973035964067158e+00
6.954981799577746315e+00
7.104850299948114234e+00
7.253326666421168412e+00
7.324361331355335736e+00
7.503976978702467271e+00
7.624079264261196087e+00
7.706703680088675235e+00
7.870447671216965091e+00
8.014324664219129701e+00
8.013721405344977455e+00
8.176863368259899900e+00
8.259715303492326299e+00
8.410237243285527242e+00
8.450426526206218369e+00
8.502331631044420135e+00
8.640409968356873804e+00
8.711407016032680417e+00
8.829379298587827662e+00
8.886706076047646619e+00
8.904419334765014682e+00
8.951723881803751226e+00
9.033520873211831059e+00
9.057905844369452453e+00
9.085934831466902395e+00
9.147838217733513133e+00
9.101413340329486346e+00
9.033403029605734602e+00
8.968727133201063850e+00
8.885156916623397905e+00
8.768523586025043670e+00
8.707329857739162904e+00
8.624294070010131819e+00
8.507274798168545260e+00
8.416841570360299229e+00
8.329810483190858150e+00
8.254594654639220153e+00
8.171514194914601958e+00
8.074187799949216426e+00
8.048707647330775927e+00
8.052067776771925978e+00
7.988520351787499862e+00
7.979404225914366933e+00
7.956726624363681388e+00
7.931780021665304048e+00
7.930373570198371524e+00
7.882854512889938547e+00
7.909720676200072020e+00
7.930462743749146171e+00
7.914266117247615639e+00
7.886414834213891112e+00
7.891521226118988430e+00
7.875975452573915625e+00
7.911439182637566070e+00
7.961375641829224747e+00
7.978468961217476618e+00
8.043021636052095857e+00
8.110867377821014301e+00
8.161890516579337174e+00
8.220280801289842287e+00
8.298370477665439893e+00
8.330499494920148962e+00
8.494591228918281445e+00
8.521460924490547484e+00
8.594024850429105911e+00
8.671026925148247244e+00
8.647844223602653813e+00
8.742809408375221025e+00
8.787541688412515484e+00
8.882564356378800596e+00
8.909094919962317505e+00
8.980158278058747001e+00
8.957827704103547006e+00
9.001239546577826545e+00
9.020965946034896987e+00
8.927776819861117374e+00
8.842038740826964727e+00
8.794481171051163670e+00
8.687470057693278847e+00
8.597360410126727359e+00
8.508211881309591718e+00
8.418730168737802444e+00
8.352453366492468945e+00
8.238389757032781091e+00
8.153059089059597753e+00
8.052851596532811129e+00
7.965590452884532269e+00
7.551570777553003211e+00
7.506900707598091138e+00
7.385849234482684267e+00
7.300100559969914471e+00
7.153883000400035108e+00
6.975737051089731189e+00
6.801154863006517282e+00
6.545611677436744102e+00
6.384726437291080359e+00
6.124409523583812742e+00
6.039446087367363880e+00
5.983850737150953059e+00
1.160379000280229889e+01
1.083354666949050227e+01
9.719683945548348802e+00
9.115722599567373408e+00
8.600802699799677598e+00
8.165663012583955549e+00
7.861165380294876215e+00
7.691709718930471951e+00
7.656976110901760890e+00
7.885902904723346651e+00
8.294553282026884133e+00
8.804315330053601230e+00
9.478886837067511451e+00
1.026666154433204881e+01
1.105195049975022847e+01
1.186637981467515601e+01
6.211254498239656918e+00
6.379414278888326351e+00
6.565964579570811921e+00
6.755304066292493026e+00
6.941552465581379394e+00
7.113487228630954284e+00
7.212242818848737969e+00
7.373645019914230936e+00
7.501391833434037260e+00
7.621897596783925088e+00
7.786256330817392879e+00
7.941308409892258169e+00
8.107845040824459559e+00
8.219105420079577229e+00
8.281930626674324003e+00
8.328340368928055071e+00
8.433109714982935046e+00
8.465792944873692605e+00
8.547533545659794285e+00
8.611125837866687505e+00
8.645139948525436324e+00
8.683645732263459038e+00
8.720124321905336373e+00
8.778903168265406620e+00
8.795535485357429906e+00
8.836038446378459810e+00
8.907021483044159638e+00
8.950967527288558045e+00
9.027657929237847156e+00
9.085906687478134458e+00
9.144699537774629405e+00
9.225283635372489854e+00
9.272745329016329308e+00
9.338904234138166061e+00
9.377129099042253557e+00
9.407066490963075012e+00
9.573697533067758059e+00
9.553339155234297664e+00
9.626117125127647611e+00
9.705481784530704203e+00
9.750497713162724622e+00
9.803752616050822155e+00
9.846359230909092375e+00
9.905288073651764336e+00
9.977182744351072330e+00
9.990951848669622493e+00
9.903495053360906297e+00
9.798470250446484897e+00
9.997649863943779636e+00
9.365673809592157895e+00
9.548559143801792715e+00
9.479968370292404245e+00
9.379481151297625274e+00
9.279808808643156937e+00
9.253083984085739289e+00
9.132360381534828875e+00
9.156888386431063509e+00
8.871595008421737205e+00
8.920396506435997352e+00
8.804262640832055453e+00
8.742410989270396726e+00
8.672380300758632643e+00
8.597531779450271472e+00
8.518058461313950502e+00
8.441469906301040993e+00
8.364243483912035870e+00
8.314351907915916939e+00
8.280811641518722510e+00
8.248064429708060530e+00
8.220434291534703064e+00
8.191400824607825371e+00
8.214569596762000714e+00
8.133411657320127830e+00
8.175023379603574725e+00
8.172737727477853653e+00
8.148400429188097149e+00
8.156417590639387427e+00
8.210267936231058883e+00
8.174329263459481965e+00
8.276473001686692754e+00
8.136656018709517824e+00
8.255474521347041517e+00
8.257090151390594102e+00
8.301020062823083023e+00
8.293401750885427859e+00
8.278929203082372013e+00
8.214476908835916191e+00
8.213814826805277747e+00
8.248793999722362713e+00
8.236651309771810148e+00
8.149861803308585451e+00
8.008350634921251654e+00
7.919248649036738641e+00
7.831141074255081769e+00
7.801522598731630787e+00
7.646413301147470420e+00
7.646470632421626945e+00
7.560643930046200722e+00
7.456280600197301212e+00
7.419715694739261735e+00
7.196267041125802066e+00
7.191641759515092325e+00
7.114856699804623652e+00
7.044279584266399219e+00
6.994540156201049186e+00
6.878451791889371947e+00
6.898758131140436234e+00
6.808401825643609406e+00
6.756969621280639160e+00
6.676710564164222816e+00
6.495998728467720973e+00
6.246281411184699373e+00
1.163331458550713293e+01
1.042158133473915704e+01
9.312139653499773573e+00
8.192610720008000058e+00
7.122870809331303121e+00
6.366969836325266918e+00
6.179211294464458604e+00
6.089319211940169119e+00
6.127685873576325548e+00
6.250602026110672504e+00
6.414237442147533663e+00
6.717263980204609908e+00
7.051146262559148781e+00
7.450722889322910270e+00
7.869310544717372125e+00
8.422181741621837858e+00
8.919559201851626540e+00
9.486924932250854425e+00
9.944882018631560072e+00
9.949806458367490336e+00
9.744496542356110069e+00
9.500605224772902702e+00
9.282901801734263714e+00
8.899909345533252747e+00
8.699016997938665341e+00
8.489307491224717950e+00
8.347897629761993343e+00
8.382978796562138513e+00
8.692981403081256886e+00
9.085622037824192532e+00
9.584834873887297491e+00
1.010028282727270899e+01
1.069082403068733100e+01
1.131683591737604111e+01
5.912267769364259351e+00
6.003768834655396347e+00
6.153598819503515394e+00
6.298873412621350809e+00
6.426653908790227909e+00
6.573932716220289407e+00
6.700679719221768416e+00
6.848109769844067607e+00
6.989846635349477033e+00
7.100456387836990402e+00
7.300890109757995461e+00
7.379433160272157011e+00
7.592380181163266073e+00
7.731590066278854145e+00
7.826460309801327675e+00
8.019029002507437554e+00
8.134763683236110765e+00
8.334156101633945823e+00
8.419041645687823205e+00
8.574399514360347752e+00
8.728127489975305409e+00
8.827003626269922520e+00
8.987083737532149286e+00
9.060559305100703398e+00
9.216441779472299700e+00
9.347094531375143234e+00
9.442169591662723960e+00
9.582139995547469979e+00
9.684002792668559678e+00
9.827167329355749104e+00
9.916800213432557243e+00
9.957474890084899499e+00
1.008341433726476133e+01
1.016395683785401260e+01
1.008337374938881936e+01
1.016853769104297101e+01
1.022330655747047778e+01
1.030688410570179947e+01
1.031482536152069329e+01
1.048055437909047960e+01
1.036468279624945943e+01
1.040191083314239506e+01
1.041891988743079978e+01
1.045412077422149366e+01
1.053854580721924528e+01
1.055526406410847784e+01
1.060320854388777256e+01
1.067539958697614644e+01
1.068512073990132016e+01
1.072691533313204282e+01
1.078311139326840795e+01
1.078039497453221607e+01
1.068155723368173327e+01
1.070056711213853262e+01
1.050272203013277839e+01
1.048273288865255104e+01
1.049862541640132108e+01
1.049499718925707548e+01
1.050645473584039813e+01
1.055822468243173873e+01
1.061706197584576472e+01
1.062942237107108134e+01
1.073282761537288899e+01
1.076813749413954113e+01
1.078266349599565821e+01
1.094029649400771120e+01
1.078435415723330060e+01
1.093384474114354177e+01
1.100498371905334771e+01
1.109228645887197295e+01
1.112057799234669453e+01
1.105974742667745936e+01
1.110107966965627391e+01
1.112374485678718727e+01
1.111556723036940042e+01
1.107294700647339170e+01
1.095564892069446827e+01
1.090884403298624683e+01
1.083130489557485987e+01
1.061411419083293772e+01
1.059662575850543398e+01
1.052440771522919860e+01
1.038050671073858133e+01
1.036032959069927806e+01
1.022379803859857184e+01
1.002829537164379126e+01
9.781270707481093396e+00
9.509144535553785360e+00
9.229869416200303434e+00
8.972365637198146615e+00
8.689946294223327428e+00
8.471979260700292613e+00
8.228849099964643088e+00
8.017890680271127835e+00
7.825961354563399475e+00
7.695603704171192661e+00
7.530126841972331064e+00
7.307963330262973400e+00
7.015628499841685795e+00
6.738412347306187655e+00
6.435638591749476944e+00
6.164634197568917173e+00
1.149377414500465378e+01
1.051156037407980470e+01
1.014223517455783607e+01
9.993090301514893525e+00
9.867067463692800189e+00
9.795068752206629981e+00
9.763644995310352570e+00
9.863167850276880699e+00
9.877628032421071680e+00
9.792625095318097550e+00
4.864573285952632276e+00
4.845184123944345167e+00
4.850420771477375048e+00
4.931699481617942915e+00
4.951545025353933482e+00
5.073943502977477316e+00
1.045626589487682523e+01
1.100165279825642450e+01
1.158380761147136617e+01
1.216832755423057222e+01
6.287573944804925929e+00
6.433734291412033457e+00
6.581569211658301555e+00
6.703219001601571136e+00
6.854540666788080827e+00
6.977845627114828808e+00
7.099395619029179372e+00
7.218533647539762121e+00
7.349098786967861230e+00
7.472460534263499099e+00
7.594358340921049333e+00
7.684797110736306891e+00
7.817585307195518141e+00
7.981080148956557707e+00
8.018853425953414771e+00
8.177161450544591759e+00
8.302100306256694040e+00
8.511009560039809685e+00
8.595016977986668749e+00
8.678920823744290303e+00
8.774400233153180295e+00
8.884065799513781059e+00
8.941334710062664115e+00
8.958075408966800879e+00
9.019603868143605041e+00
9.102619350149002031e+00
9.128725773279880329e+00
9.151636632693833207e+00
9.148675171166889442e+00
9.211168836445290609e+00
9.267205282939317001e+00
9.270407890003435014e+00
9.284228454992268453e+00
9.388235651555886463e+00
9.397725278113554737e+00
9.535760336890749755e+00
9.332843372860413211e+00
9.505395852601132844e+00
9.519501700576727288e+00
9.566733287471274494e+00
9.561575697289462994e+00
9.569756369817138619e+00
9.606304207306875398e+00
9.607271814155799561e+00
9.565009669406851600e+00
9.513055361462837922e+00
9.447611600191240910e+00
9.378208877547653088e+00
9.277140433780617812e+00
9.229654612744658593e+00
9.172453521154681155e+00
9.009707968996776728e+00
8.739067487563161762e+00
8.487316101900166387e+00
8.164766175747468324e+00
7.864254165336284075e+00
7.526657959472475845e+00
7.193241261926684338e+00
6.877253346865587424e+00
6.544050875206507634e+00
6.305314715443693707e+00
1.166223806176016886e+01
1.109202061829330965e+01
1.072386407177127410e+01
1.023594548040354724e+01
9.645867229015243183e+00
9.166979693309455612e+00
8.740643620516065582e+00
8.482667070912127016e+00
8.421079389763383105e+00
8.482123875502356469e+00
8.742181581092738796e+00
8.971372748808180475e+00
9.302946974603868213e+00
9.593303132399688238e+00
9.874635642706964589e+00
1.018470139685953590e+01
1.054640027126251667e+01
1.091673051856253096e+01
1.133502865963319017e+01
1.189745071016930389e+01
6.170827353815743876e+00
6.325736686611479698e+00
6.451757840151112866e+00
6.566431379207147145e+00
6.712922992859761351e+00
6.864792322731825713e+00
6.983314422392782106e+00
7.126292449605291957e+00
7.290666031422047055e+00
7.420476182363946904e+00
7.573962002034136276e+00
7.681126641555267476e+00
7.811943178727252857e+00
7.891139901032913073e+00
8.019442155389718607e+00
8.173037635361065867e+00
8.390792597899030980e+00
8.521925955839313005e+00
8.657406081524889885e+00
8.772558172248958286e+00
8.883999725311271689e+00
8.966720908854318495e+00
9.111179564928866270e+00
9.150535734000563082e+00
9.222669418226447036e+00
9.272339229981625408e+00
9.277531756852589240e+00
9.288880701304684351e+00
9.314381259087280540e+00
9.448071117834542676e+00
9.434203367779876004e+00
9.474100207320763190e+00
9.475803056774292799e+00
9.557332345225518111e+00
9.570806088786731891e+00
9.614456210413361958e+00
9.711782940936904751e+00
9.700485806059653271e+00
9.710355462059675702e+00
9.755674358573145355e+00
9.785977306069710835e+00
9.827197320443554318e+00
9.795364299910522377e+00
9.787840928286277276e+00
9.734612823057519293e+00
9.682438384973737655e+00
9.608100094568332139e+00
9.562851936959994248e+00
9.540576754310793106e+00
9.534993781665887624e+00
9.577117002212860442e+00
9.532130640689812751e+00
9.549683412601464028e+00
9.679756763147537413e+00
9.594697424742006930e+00
9.624392315256786290e+00
9.670620641397004391e+00
9.699543213371752515e+00
9.752794678697746633e+00
9.806286812923728391e+00
9.820754892376236000e+00
9.904378506511893221e+00
9.901409596775772926e+00
1.001752069539993073e+01
9.991729885911214026e+00
1.006187084181074809e+01
1.007659968212744417e+01
1.007005774247831908e+01
1.004366785619275149e+01
1.002206066996634348e+01
9.953664334963093552e+00
9.919457763903006153e+00
9.906616751660662246e+00
9.851375305542836358e+00
9.875267674816647911e+00
9.714429568991521435e+00
9.750471056660121150e+00
9.651776140920086178e+00
9.581306593519226311e+00
9.560421314225960643e+00
9.479753374952766265e+00
9.438646348857732349e+00
9.375114379251353824e+00
9.333394886395604217e+00
9.276317889449435583e+00
9.199640576813024495e+00
9.165320759152310259e+00
9.121251034591463025e+00
9.039604328174050352e+00
8.969748355216200508e+00
8.872377787280870010e+00
8.805636071675666088e+00
8.690117913290396956e+00
8.505014756946565058e+00
8.299891058474937466e+00
8.061419628224388845e+00
7.824628684118319022e+00
7.466356634488669819e+00
7.293260322372697502e+00
7.028270983932456417e+00
6.800508965080547696e+00
6.397229473983974124e+00
6.105855720422360911e+00
5.774693979663458876e+00
1.096090874036216078e+01
1.057421960485691592e+01
1.030626912821822927e+01
1.017432184153825681e+01
1.027854182501934410e+01
1.062546838115671299e+01
1.109444842269163445e+01
1.165826848847208552e+01
6.008142088180417062e+00
6.125164582901244437e+00
6.296032056673381838e+00
6.452077091690574306e+00
6.584498372373380093e+00
6.742322453552872297e+00
6.904504766754276268e+00
7.058530708472647852e+00
7.179107405641015127e+00
7.320399996791461028e+00
7.452423064725166135e+00
7.619025694179946129e+00
7.766410859596920346e+00
7.863975342044030370e+00
8.025569929427506466e+00
8.142073883293926784e+00
8.240712246539764863e+00
8.432481395969865900e+00
8.462154446095080829e+00
8.600785347424334759e+00
8.680699555709601611e+00
8.808364398242265025e+00
8.918086249148407418e+00
8.985000355559838781e+00
9.075936852909462615e+00
9.192880273541693015e+00
9.216294068046670063e+00
9.148029940880704203e+00
9.084252204440462108e+00
9.049635761344800855e+00
8.917160087291698289e+00
8.866981085293325293e+00
8.781697212125255447e+00
8.739440322786574455e+00
8.704122072238465790e+00
8.636456428979938593e+00
8.615225637570349093e+00
8.560342840943320653e+00
8.493682720326711788e+00
8.460880955034111750e+00
8.434581274985912813e+00
8.336253405443434517e+00
8.257533475800309830e+00
8.143840950386056932e+00
8.112597095878916420e+00
7.994784726829372801e+00
7.951967107922808253e+00
7.836110886551929333e+00
7.743157289634893026e+00
7.635515780900820282e+00
7.506074698616156837e+00
7.396285991027845341e+00
7.177498457452273328e+00
6.988836066417214887e+00
6.796182808861396474e+00
6.553539085907290840e+00
6.285355974246470190e+00
6.049522525094043424e+00
1.130533760390584952e+01
1.020509848170493505e+01
9.292225372367060032e+00
8.674396071502831873e+00
7.800239836835351603e+00
7.014631791167787789e+00
6.295260347976305404e+00
8.018055101797795459e+00
6.086434030805547124e+00
6.070734882422616607e+00
5.997375243733800154e+00
6.425858358812873483e+00
6.944404204612982134e+00
5.928206315239698654e+00
5.779559491964705309e+00
6.439954448836777701e+00
8.297016668686287844e+00
8.696163723635057963e+00
6.992891159629023079e+00
8.011533973664526798e+00
8.969140325193178498e+00
9.766967452325591381e+00
1.057641945114186122e+01
1.127048623896682500e+01
1.183194593435121256e+01
6.040144084800518343e+00
6.108404217846227446e+00
6.144158183358031877e+00
6.177057570652728202e+00
6.124848947466304594e+00
6.148417837525194329e+00
6.174345028567895355e+00
6.197029577559781899e+00
6.267467296005979627e+00
6.280552241746686803e+00
6.325661921177006874e+00
6.470722351461943411e+00
6.575355396941517050e+00
6.684111159086790543e+00
6.845799014954445205e+00
6.924764488956387964e+00
7.022454473434085465e+00
7.139567626785170873e+00
7.287363036511512959e+00
7.451467035897225699e+00
7.560177306481743464e+00
7.712165759363920792e+00
7.861697278670725098e+00
8.031316452805596029e+00
8.156057922958014572e+00
8.306573945883151566e+00
8.440935035720967150e+00
8.563203670140831392e+00
8.632102603542161745e+00
8.755764791877057363e+00
8.873572271605731032e+00
9.000489920615994066e+00
9.119949086136550420e+00
9.199022986065154228e+00
9.351749712507681167e+00
9.341344060805916172e+00
9.392592522370305730e+00
9.412322008433230636e+00
9.441280958693344161e+00
9.499799223886848054e+00
9.573105580163845829e+00
9.582463420687707512e+00
9.641033504050437131e+00
9.652750235891215169e+00
9.730233605862460777e+00
9.711314603389190836e+00
9.765968235688538002e+00
9.797943265015403469e+00
9.804399315357843037e+00
9.772536590843127868e+00
9.801892168623075108e+00
9.816612616240746547e+00
9.730935546925202573e+00
9.691771909295930243e+00
9.608515575468153713e+00
9.492258525000275782e+00
9.446627562879706730e+00
9.337887470843559967e+00
9.121724595107901123e+00
8.884486754577457290e+00
8.671010741448368364e+00
8.456352873319989527e+00
8.402701557033104507e+00
8.313594122149899235e+00
8.220230638188112948e+00
8.152083293677197418e+00
8.149727062949724044e+00
8.122823793534424297e+00
8.155528838975728334e+00
8.188441157337093657e+00
8.170433573742672095e+00
8.233134383504955522e+00
8.297660311637677921e+00
8.317337194378422893e+00
8.405255128788001073e+00
8.458729080172409098e+00
8.504690849208827785e+00
8.578278446445128935e+00
8.635076413389661809e+00
8.755281031145962345e+00
8.657380029895929141e+00
8.807716220894217685e+00
8.866804260420666495e+00
8.971885645233937723e+00
8.949943621449694575e+00
9.016150970951979815e+00
9.061016840374765735e+00
9.055064360838541049e+00
9.113175872589712512e+00
9.137412374225991840e+00
9.181532844154414619e+00
9.175571947112793225e+00
9.139123022253260231e+00
9.044348825658634183e+00
8.938051582237637405e+00
8.942547214253877996e+00
8.807463661434848490e+00
8.784090665060990233e+00
8.667675645956938624e+00
8.618008714084103516e+00
8.495442506034367014e+00
8.368450793521027720e+00
8.329387905660128766e+00
8.236377892116468757e+00
8.169615339939090504e+00
8.088065315556669077e+00
7.995864586615969216e+00
7.937859929603444442e+00
7.882709461070278145e+00
7.821498679765656270e+00
7.664997380144937367e+00
7.458455446994834759e+00
7.198278171121232027e+00
6.977240913378765619e+00
6.726375640027940861e+00
6.475569472807992000e+00
6.202137664922701354e+00
5.951571378310458016e+00
1.125220777415044893e+01
1.036779535577900191e+01
9.398547385623636785e+00
8.475108716019882138e+00
7.473075074600576961e+00
6.694060885111605685e+00
6.691808264066773759e+00
7.083153715619428858e+00
7.467815236041788651e+00
7.872807542939955106e+00
8.229562650352407971e+00
8.546740414879371528e+00
8.926851154196254967e+00
9.296127063808770075e+00
9.662266324549666052e+00
1.009606155640927483e+01
1.042333057173017608e+01
1.080077861567920827e+01
1.110804657051298427e+01
1.145705473040100308e+01
1.187575486652844070e+01
6.109482824161709402e+00
6.248075365453270358e+00
6.400711930048902154e+00
6.537582130242928891e+00
6.627504212723121846e+00
6.790291645646642671e+00
6.914907891805305518e+00
7.013050845015705193e+00
7.135988374101967402e+00
7.245468067820102220e+00
7.363743671346218100e+00
7.479120977479746024e+00
7.557841589470204902e+00
7.628163869825822729e+00
7.779220517462169582e+00
7.844816533698702798e+00
7.956271136009025469e+00
8.053834933544793628e+00
8.147980155458148133e+00
8.278965594047944521e+00
8.343024734022337796e+00
8.439465323275117115e+00
8.587235458681513833e+00
8.581323520736589217e+00
8.712226907342378368e+00
8.747863870336081149e+00
8.737339758233764186e+00
8.685021759482294712e+00
8.644062548054517237e+00
8.533835644631230011e+00
8.629490872699411952e+00
8.575133440315310551e+00
8.584094225666929034e+00
8.542439499544958181e+00
8.603596841652386473e+00
8.579594137499888973e+00
8.568240813347212992e+00
8.587776930230344163e+00
8.576213434191760854e+00
8.549815644438215401e+00
8.548616133106881065e+00
8.449755874207978579e+00
8.336009690371687597e+00
8.281441320381990323e+00
8.184274306912298513e+00
8.129733741504967526e+00
8.060385440649291411e+00
7.849029334922368761e+00
7.691862124173818316e+00
7.220953095501834618e+00
7.012404816515676487e+00
6.722891781851282111e+00
6.395198205151999105e+00
6.092686415697425417e+00
1.161326597864809074e+01
1.084899919450868389e+01
9.897047367929072692e+00
9.140175928189707477e+00
8.493909282977178066e+00
7.824048129048911449e+00
7.109318952114580092e+00
6.586267368265030342e+00
6.445980765628624987e+00
6.657150233903583292e+00
7.150079132913794489e+00
7.689038340597006638e+00
8.185301933588165824e+00
8.838869067273435576e+00
9.570150633782034788e+00
1.035408919151763740e+01
1.109657195167934951e+01
5.859829869966255878e+00
1.230588533212685398e+01
6.488974975532942224e+00
6.714752354205085538e+00
6.924079901665875170e+00
7.102678875339154985e+00
7.310045680518673983e+00
7.559672594990678007e+00
7.682103891616337776e+00
7.895952696882995170e+00
8.070799687485626706e+00
8.260513533600155611e+00
8.416322480612755896e+00
8.593811707280675449e+00
8.748984510369650636e+00
8.918882267888410098e+00
9.085181632048207945e+00
9.249999823821081435e+00
9.415228383368782872e+00
9.567114109237861541e+00
9.677397861492810449e+00
9.790770023462075144e+00
9.804968217970204236e+00
9.958035404141947211e+00
1.006394432635165437e+01
1.015608132978337608e+01
1.024543395883551611e+01
1.030891120754340129e+01
1.024641199354682364e+01
1.019414617969546200e+01
1.021329868039075350e+01
1.023871750571453099e+01
1.028079650168285575e+01
1.036410912606712031e+01
1.037968315160076749e+01
1.055052373373027841e+01
1.058456874340079246e+01
1.066945960992801190e+01
1.076671001705534891e+01
1.084994151391867589e+01
1.090142850684092934e+01
1.098723520448085900e+01
1.107374164656209281e+01
1.111490574934079945e+01
1.116426450562193118e+01
1.121861459319240417e+01
1.128621526806996300e+01
1.134613493610982715e+01
1.133467907910039507e+01
1.131383790083186724e+01
1.130876877544940484e+01
1.128727826505778786e+01
1.130194413760853855e+01
1.133977597028921380e+01
1.143628536473778290e+01
1.144326567449358123e+01
1.160907827423801209e+01
1.165967577288898660e+01
1.176372250303640854e+01
1.168280005324952064e+01
1.172018291286654090e+01
1.164583161918260679e+01
1.169705165130699065e+01
1.163073693435507217e+01
1.161111896341113692e+01
1.147017408631446855e+01
1.146495122699696445e+01
1.145401169817202991e+01
1.139998349671031619e+01
1.136783968695044322e+01
1.140033624794547329e+01
1.140994563070899481e+01
1.134805065720211203e+01
1.131874450415268463e+01
1.133194297968256592e+01
1.132681702985220618e+01
1.132798185532741719e+01
1.127375660965377691e+01
1.124945227030707251e+01
1.122952974031326434e+01
1.110655449126651817e+01
1.100106182580287495e+01
1.094681345860883503e+01
1.090847005581849771e+01
1.085746898909484237e+01
1.086392188757446320e+01
1.084984488402443858e+01
1.086571595385696831e+01
1.088666525420833509e+01
1.084007435082462223e+01
1.086757642856314554e+01
1.085936679510361991e+01
1.085548262052226498e+01
1.083084935020535688e+01
1.081042028521775045e+01
1.079811744785448724e+01
1.080013110571194623e+01
1.078334206571192944e+01
1.077236118171979129e+01
1.079123356110833676e+01
1.075152493819227040e+01
1.077979586731989592e+01
1.081807246181337234e+01
1.082544806592573394e+01
1.093711627061057001e+01
1.085111941590985474e+01
1.094729106543090325e+01
1.098649115189431669e+01
1.098213276235428282e+01
1.098610328825857074e+01
1.103173237608337764e+01
1.094669945694317548e+01
1.098305983976599443e+01
1.101819110424691139e+01
1.098243267804923384e+01
1.106200025758460015e+01
1.100602389309451645e+01
1.103688363348798873e+01
1.103697034102249397e+01
1.112989478564243306e+01
1.119255320611431870e+01
1.119623841228061600e+01
1.132569863423569068e+01
1.128198819148004439e+01
1.141837736208600340e+01
1.141064227544612564e+01
1.150820511391416190e+01
1.160758691565048117e+01
1.159973456358734190e+01
1.166888753726841088e+01
1.170303775317682948e+01
1.170504482313594785e+01
1.166282629298777529e+01
1.161239638662984142e+01
1.148722840750523844e+01
1.141792866307449650e+01
1.131313358334558572e+01
1.121430151281861143e+01
1.112148459808305212e+01
1.104271519916150801e+01
1.099443018392270055e+01
1.095576182757565142e+01
1.093963500569953240e+01
1.094647070913645770e+01
1.090932943106050246e+01
1.089070412802361432e+01
1.087324254994648598e+01
1.089436731112781054e+01
1.084640884028756957e+01
1.088708339048977969e+01
1.084917588473377670e+01
1.089480504381668702e+01
1.083978348960257598e+01
1.090004258100536028e+01
1.091331265034911624e+01
1.087230013211623536e+01
1.090255260992419295e+01
1.091554598119967245e+01
1.090606425228005349e+01
1.096111562887180746e+01
1.093092143137940297e+01
1.090827773258696531e+01
1.093774194603776273e+01
1.095533873909323930e+01
1.093618906141428759e+01
1.096806560670357733e+01
1.095076287773290957e+01
1.095626497478502870e+01
1.100955740513616377e+01
1.093920544648693927e+01
1.095141280104139803e+01
1.095101682513069719e+01
1.099591657141489343e+01
1.089412287747405372e+01
1.085382425082086932e+01
1.071379163284052716e+01
1.065141649819699943e+01
1.056885168941205855e+01
1.045912529579772965e+01
1.039109883229890130e+01
1.038830708166052474e+01
1.035019506402716871e+01
1.029806896945985351e+01
1.027959368898581438e+01
1.023439041553665696e+01
1.020522335321223650e+01
1.012670956665278155e+01
1.011383892073794577e+01
1.005241249904340961e+01
1.001998870964174060e+01
9.918237959533994896e+00
9.835119866286856194e+00
9.725369388052255815e+00
9.655652050529850428e+00
9.583196802707519169e+00
9.399646274189244366e+00
9.382033398807600122e+00
9.256147568328673358e+00
9.069939463814625569e+00
8.853761664404720122e+00
8.562711317595233851e+00
8.307727299938585830e+00
7.957751070963158924e+00
7.642357773322153491e+00
7.328238562330551709e+00
7.044420337645107999e+00
6.768641071332092807e+00
6.650542734797691757e+00
6.443987060140759837e+00
6.255656537089625324e+00
6.159916258839571057e+00
6.070358383454733442e+00
5.845452618665495592e+00
1.127909178665142065e+01
1.085877277462596702e+01
1.064740955964848368e+01
1.043163161873427747e+01
1.049997130618968733e+01
1.052628557394083231e+01
1.057291140731157242e+01
1.084320926506020477e+01
1.121758211309596831e+01
1.176497173443262234e+01
6.134357343716317246e+00
6.256753492272149053e+00
6.439082937078191904e+00
6.541065261800540931e+00
6.710283769263048370e+00
6.815118225344331648e+00
6.961515735225916934e+00
7.094341914803925953e+00
7.220579970759475330e+00
7.336508196869758081e+00
7.453741402210441791e+00
7.599013135809697062e+00
7.698748055058872275e+00
7.819193393767820410e+00
7.960982738967377514e+00
8.068748490596391321e+00
8.199883639162596438e+00
8.308902130168522859e+00
8.418612561538971306e+00
8.593547995047098098e+00
8.661850979141467732e+00
8.773730783616962015e+00
8.855974304510864314e+00
8.909157776789131233e+00
8.971257673910674413e+00
9.093300776254112705e+00
9.146703733736368136e+00
9.238255979868359447e+00
9.270230902012324137e+00
9.306986899919198919e+00
9.377038710981699055e+00
9.401807253520159335e+00
9.488737613377590918e+00
9.562412663571681293e+00
9.629113924151418757e+00
9.632907502156665913e+00
9.731093165073204432e+00
9.727869350448301589e+00
9.804347780260421530e+00
9.813534969881031245e+00
9.830166264718958047e+00
9.836734212973256675e+00
9.814274446785420380e+00
9.766282556761959555e+00
9.776403811530993693e+00
9.709790352490200505e+00
9.660696493379216321e+00
9.580852614963562885e+00
9.515966999811729110e+00
9.508490015198924894e+00
9.395791641183173226e+00
9.365828604546400982e+00
9.304006285751695415e+00
9.217241214790437454e+00
9.181131941113623185e+00
9.117208894276087605e+00
9.063480211840492018e+00
9.017584092067460588e+00
8.954656829286925301e+00
8.841345466475651449e+00
8.781113998700922352e+00
8.693369212423014858e+00
8.563278052064061896e+00
8.498539742469723990e+00
8.381079611029290888e+00
8.310234431045527614e+00
8.261235301053021729e+00
8.224192848327380290e+00
8.238343854224339680e+00
8.186080406462291847e+00
8.193942567027685087e+00
8.239030884032802149e+00
8.254547898169589004e+00
8.327243598938331104e+00
8.349331315301283141e+00
8.421979388646912312e+00
8.494305715283241298e+00
8.554322076159852628e+00
8.612000921891898031e+00
8.697683950601460268e+00
8.777924642020666468e+00
8.857377753894811079e+00
8.824477928132251847e+00
8.941886397031042932e+00
8.965785068872463626e+00
9.068818606657833570e+00
9.046559742084133049e+00
9.149650067086279037e+00
9.219053869227716191e+00
9.234866478424935465e+00
9.312584544070828585e+00
9.339968354452521382e+00
9.322723833139146876e+00
9.262478236854333247e+00
9.198004651339539706e+00
9.183341266768383804e+00
9.131136975797549127e+00
9.094321373378750906e+00
9.012420103515106362e+00
9.025520981866327119e+00
8.958251797231515212e+00
8.960360230763656730e+00
8.916627657923109851e+00
8.949176371390432649e+00
8.923277153753655710e+00
8.912671372747547949e+00
8.897866993939942404e+00
8.923329158530439287e+00
8.941692818216310457e+00
8.951350320777647696e+00
8.942398008576994073e+00
8.987661819101138150e+00
9.009345922064968093e+00
9.055960998450807153e+00
9.039578468782739407e+00
8.984162168922136260e+00
8.895498522803270802e+00
8.807062149522549177e+00
8.779331276835021569e+00
8.752575535450295874e+00
8.690630476729849008e+00
8.661438300367723997e+00
8.643270046168725074e+00
8.593775628652462473e+00
8.570438157773089927e+00
8.563449016590396923e+00
8.526912563091569197e+00
8.540214257499348705e+00
8.519269065690545872e+00
8.555224937737790469e+00
8.596116867335618750e+00
8.627393685982646332e+00
8.679081252544360581e+00
8.725770423026185441e+00
8.742129138218576401e+00
8.809067492201577920e+00
8.870303598243175713e+00
8.907159982418866306e+00
8.959528266011984599e+00
8.979627886608673393e+00
9.109289120058386757e+00
9.151471523319692380e+00
9.195714416796551660e+00
9.272385473799610978e+00
9.331767043690074814e+00
9.409587135070371033e+00
9.407691828331845585e+00
9.480892870360023039e+00
9.498968344378939221e+00
9.597879734933924212e+00
9.560697442067898066e+00
9.451335522664818356e+00
9.491354729308893567e+00
9.441846318192679277e+00
9.431452406401191979e+00
9.422209788588446600e+00
9.414243927482736751e+00
9.412494616368743294e+00
9.383935840361690595e+00
9.360859518629652598e+00
9.409266672205188087e+00
9.344367636341765149e+00
9.287270637807031548e+00
9.329406330492250987e+00
9.263660103475684693e+00
9.254491122765639233e+00
9.176943728051844218e+00
9.090120640255795692e+00
9.039119255825390553e+00
8.943578173826930211e+00
8.881084499217870132e+00
8.788168782468998685e+00
8.740275429756552583e+00
8.662836222975514033e+00
8.579776183665662970e+00
8.499183124866418026e+00
8.466444769843137763e+00
8.408471975984257440e+00
8.332804157359138486e+00
8.326019107480952641e+00
8.214645422030734778e+00
8.158543983796924692e+00
8.127618994313488443e+00
8.031208435829656267e+00
8.040563248767824689e+00
7.973867475481522860e+00
7.919077157722895777e+00
7.866888910982584804e+00
7.808363533272599355e+00
7.705352123037148893e+00
7.658768275116933921e+00
7.511084690583667012e+00
7.481364554768121344e+00
7.438699228590063939e+00
7.391876438705265784e+00
7.314295900982665799e+00
7.203195244481775283e+00
6.998120410910584788e+00
6.773887040612752486e+00
6.517184672926635614e+00
6.274798275341305853e+00
6.062436094931008768e+00
5.930767360274553646e+00
1.131219654016429743e+01
1.052455899480523982e+01
9.642126778689689814e+00
8.649539387440766447e+00
7.673500438661199574e+00
7.007430294225147627e+00
6.843533542269379488e+00
6.717881496337901659e+00
6.609421038024298589e+00
6.541254856743389468e+00
6.476126796550772724e+00
6.380503849355973145e+00
6.326283365092801425e+00
6.116903204665325333e+00
8.654940382746799443e+00
7.662564153178551329e+00
6.278031093041602340e+00
