-2.104682370255296142e+00
-4.345180698096349658e+00
-4.791146342688134219e+00
-6.686568839650575136e-02
9.455764886195586749e-01
1.745167783078591217e+00
-4.609909775459907877e+00
1.396813315613786965e+00
-8.039783014417580809e-01
1.137959469615970498e+00
3.082452361640037886e+00
-2.245991831286004992e-01
-1.731054764478084262e+00
-2.735746721144059812e+00
1.110840004701927342e-01
2.650600116175301224e-01
2.402381245007561006e-01
-4.381862610247919676e-01
-6.307545034110115800e-01
-2.705730193230975189e-01
-2.175380137513034384e-01
-2.653734085994017278e-01
7.193320627040309390e-01
3.737339271321600265e-01
1.578121495791520612e+00
1.511495017439004052e-01
1.384057596574588267e-01
-2.127384738872373227e-02
-1.266314318345461709e+00
6.290556419726831550e-01
-1.151274298169288279e+00
-1.442101990124294630e+00
2.068406424282965617e+00
-8.694975240451348064e-01
1.110545182029496480e-01
3.324640898027353408e-01
5.010378221139224486e-01
4.838354216498599314e-01
2.652245576724599374e+00
-1.676194392024483504e+00
-1.775205156646356919e+00
1.811351392475839539e-01
1.767580199665470531e-01
3.774949261760500718e-01
-5.768403635549868014e-02
1.812571300129952157e+00
2.389499591371118559e+00
5.221028201034982885e-03
1.102187969899810494e-01
8.433099976320268532e-02
2.297502590802475986e-01
-1.422660237150076057e+00
-1.444192155631928709e-01
2.511542079376716807e-01
-3.505813507601803769e-01
-1.527175704281517610e-01
-7.772926156437238721e-01
-2.421640800905482838e+00
9.011416637325919687e-01
-1.073889736935309980e+00
1.004586627111044184e+00
-5.420882230431733895e-01
-3.859303602435519842e-01
-1.715995594061729967e-01
-9.326221493166286791e-01
1.359314647461484782e-02
2.555794461086779990e-02
5.554657097968154211e-01
1.235676363468671823e+00
2.541310775107619158e-01
-6.097151824516773289e-01
-2.062225772203882812e+00
5.410399522080728829e-01
1.260713480175831958e+00
-3.219701455246808397e+00
3.459152810984383652e+00
-1.263356343886910427e+00
6.852765747978599720e-01
-2.249644323598443130e-01
1.911017833503572128e-01
-6.832309910715643753e-01
-1.328610518410873631e+00
-1.894628365225994315e-01
2.307328194220881201e-01
5.810870320099432718e-01
-2.369245642865980273e-01
2.499763313266596398e-01
3.139009658713627360e-01
5.143322136839296732e-01
-3.138687431257786820e+00
2.606850331740145243e+00
9.756238612991343651e-01
6.512066601561286028e-01
-1.935790665887191508e-01
1.163577903546529679e+00
-6.252041636207468223e-01
1.834434565726734689e-01
-1.914408019496689484e-01
-9.774488353153536480e-01
-1.448546140012996197e-01
-2.861071798272170064e-01
-7.085663951196807808e-01
1.005943611137631866e+00
-2.767926883972051666e+00
3.648725829611427773e+00
-2.050181118465560726e+00
2.327332301663265213e-02
4.677087114305269466e-01
-4.413162930307823473e-02
-1.151966503718995227e-01
2.108569195313139133e-01
2.080358414085802465e+00
-3.776823546046736979e-01
-3.292694034046781404e-01
-2.741977092754410705e-01
4.363135821705852457e-01
4.473042752015801149e-01
-1.313403815880582748e-01
8.083943135876703323e-02
1.631776111745484314e-01
2.892803711009568346e-01
-5.352477125357704146e-01
-5.605696697277244844e-01
-1.623922430518121018e-04
-4.920444540604700379e-01
1.235302981988817272e-01
-1.184666673469473075e+00
-8.325529860335620924e-01
-1.868728901228123185e+00
-2.389198591267938099e-02
2.406776260301909609e+00
-6.340158310409114151e-01
-7.722247227386880297e-02
2.203429533216828329e+00
1.468522088336919884e+00
7.814803362373961004e-01
4.329149382033202542e+00
6.547482772052489075e+00
6.871161379028967175e+00
5.210268925148520225e+01
6.216300198300230306e+01
3.436781293325083197e+01
-6.421914784532877718e+01
9.459053957302614890e+00
9.939027909524540405e+00
1.100320880684031977e+01
7.197273697100001755e-01
3.039983994138140133e+00
1.284197324251437067e+00
-8.841975602190544237e+00
-1.028797959292926123e+01
-2.555291370705431575e+01
-3.612464774946066370e+01
-1.963490142341036915e+00
-3.138463019850237501e+01
-1.830491494098345839e+01
-8.366228779225089340e+00
1.886594833693826523e+00
2.490614157705481890e+00
-1.655830632618411069e-01
2.079118640557297559e-01
5.778324975334753200e-01
2.161331521908995690e-01
2.970607310681743218e-01
-2.733083777841338602e-01
4.780943636046197653e-02
7.887769842679381860e-02
-1.095295978567447204e+00
-2.531118146527894464e+00
1.980979637860422748e-01
1.022810755944571603e+00
1.429810290000093076e+00
2.024319866669164192e-01
-5.870447303190975408e-01
-8.219745067285344486e-03
-4.988924389388150749e-01
-5.976034949716768629e-02
1.014064706102122182e+00
3.745671325747379488e-01
-1.232536843074442112e-01
1.222606074625768313e-01
-4.655377148546954169e-01
1.710628185062703643e-01
1.641377396613734607e+00
-1.084786575046091439e+00
1.479972838033902782e-01
-4.579556874692741530e+00
8.868920899491903320e-01
3.363147366626146884e-01
9.155386832977967515e-01
4.095881693212217733e-01
1.739379170345423775e+00
-4.889383812468461876e-01
-3.137514591924198126e-02
-9.478132592963560421e-02
2.062485151165814323e-01
-2.799513718672365647e-01
1.289799020232522409e-01
5.725961951610345491e-01
-5.505197601779197036e-01
3.332327668898192874e-01
-2.863402919701045768e-01
4.491800644767790507e-01
7.621627368208860887e-01
1.157828076327205302e-01
7.703026978116866985e-02
-1.785195664908598712e+00
4.294526887400278881e+00
-2.499133754878994473e+00
5.046817331152311237e-01
-2.191433667480500169e+00
-1.030747324423878064e+00
9.912332743522238587e-01
2.344845462610424258e-01
1.535574207897395793e-01
-1.406907145523896563e-01
-1.346303449059074397e+00
2.308292425713968754e+00
-2.499607543133842924e+00
1.637447104546763121e-02
-1.097015358738067103e-01
-8.595169491023091357e-01
-1.598493404426115649e+00
-7.336184740855880015e-01
1.428486514327848234e+00
1.326510218920067530e+01
5.476401007492351880e+01
1.759483587965523554e+01
3.004291389261602774e+01
5.813035060026948031e+00
-1.993755636176601342e+00
-7.126188357712081256e+00
-1.109349655291691761e+01
-1.530138563714029942e+01
-3.959781338605111500e+00
-3.792441011835379072e+00
-3.999050417917288769e+01
7.762389578712500793e-01
-9.469033820765559994e-02
1.445719324822206886e+00
-4.599960131952919085e+00
-5.400678566986741203e+00
-5.545664101836756288e+00
-7.150585302609426819e+00
-9.331449087459724012e+00
-2.299968875531676282e+00
-7.942927082214656931e-01
-2.893736560137370351e+00
1.386184693285784642e+00
4.817843727639326001e-02
-1.492413806485487937e+00
-9.557370567917522486e-01
-3.824785972407824808e-01
-2.582659577794821359e-02
1.196960091081727073e+00
1.100571359518910164e+00
1.370383868761715362e-01
-4.123044027694230951e-01
9.276069471662709010e-01
1.023290344868736268e+00
-8.259766928050612522e-01
-3.968222814965138290e-01
-6.479212324116107036e-01
-1.540747588890095665e-01
-1.773509775678264289e+00
-1.435553275916664262e+00
-6.007768613676045533e-02
-1.235120254751880253e+00
-1.692694383493718924e+00
-1.049837203786275985e+00
-1.928182152427382334e-01
-7.852545725083688311e-01
-9.650403153023425773e-01
2.548487961309024996e-01
1.318467543126489616e+00
8.775007303574433593e-02
-1.388006581769150927e+00
-1.400165948589433995e+00
1.329924684759866693e-01
-1.305425289461824789e+00
-1.608249038102329109e+00
-6.451401717044280559e-01
4.189051051146837068e-01
8.671364888199484255e-02
5.885184979975619513e-01
8.562822614477099137e-01
8.920097253028362871e-01
7.963001014468513716e-01
1.520536705463761962e-01
3.423213398452240597e-02
1.018313735732068182e-01
5.509785296036895375e-02
-7.791443076905366638e-01
-2.346327396786929143e+00
4.085566016368531450e-01
4.040375236474886833e-01
1.664814667947567273e-02
5.462800386996846669e-02
2.727225034526075120e+00
1.226528536222696530e+00
-6.097217511967425452e-01
-5.001078995818293293e-01
-6.934605195641019293e-02
-1.439790086739302311e+00
-1.166003076353705481e+00
-2.343791297971787202e+00
-1.191908667086192253e-01
3.305797650529989085e-01
2.858021054550375695e+00
2.565873911271246754e+00
9.923148262582346391e-01
1.885971847887294217e+00
9.040992473908202598e-01
-6.060941273749289593e-01
-4.397257165871970130e+00
2.317596276362283270e+00
-3.139632872999937874e-01
-3.788250957827955290e+00
-3.003057453507462782e-01
-3.416266618582543657e+00
7.824764686205920583e-01
4.867094253248952285e+00
2.126945103662789549e+00
1.882492752366451860e+00
1.854976325135627491e+00
1.685664611266135537e-01
1.664296787888104756e+00
1.474496101742657217e+00
-3.244030451622379463e-01
-1.457707613582084338e-01
-3.729343930945343999e+00
1.094390807659575415e-01
9.094032024186162744e-01
5.484962474288983536e-01
-1.219064747470720800e+00
-4.000751424486019836e+00
-3.685199386922329623e+00
-8.299135074218959573e-01
-1.231945394478461964e-01
-2.560953543078916539e-01
-1.728274487488654643e-01
-2.086963036825757456e-01
7.082618013133910040e-01
-2.354758161962777763e-02
8.994235743550103024e-01
2.033971810873678621e+00
1.151917549464437585e+00
-4.792262768747157509e-01
-2.341671962198153878e+00
-4.047070645066295214e-01
1.625031151703936416e+00
-7.220796984522124262e-01
-1.699011777019995506e+00
8.868348093265172594e-01
-7.289530722327253187e-01
-4.046062610739031840e-01
-1.330076899599047735e+00
-8.818665344473455292e-01
3.979286820329086538e-01
-1.197907945423484222e-01
-1.315690727975377783e+00
-1.040516107171587379e+00
-2.333395207561856921e-01
-2.722265904051042185e+00
3.216927075980393624e-01
1.306327554953654158e+00
5.063066864531364786e-01
3.351126539132296855e+00
6.470441522287089242e-01
-5.598782408396179022e-01
1.780206818355551945e+00
5.056364478078572589e+00
2.690986305471404272e+00
5.252960791046044520e+00
8.786101752921626762e-01
1.031055585252271367e+00
7.752949767293797478e-01
3.368698963924765533e+00
4.208708513467803947e+00
7.633860142529117709e+00
6.695886217118296457e+00
7.868053164506321195e-01
-4.120093890057567876e-01
8.420296009303136486e-01
1.877600506614093945e+00
3.030530098477296264e+00
5.904240693404254614e+00
1.015885585176626194e+00
2.898646062714540506e+00
5.448462915201908174e+00
7.363756562513898984e+00
5.422648177242457734e+00
1.437274284883784503e+00
-5.438228268115622654e+00
-6.371188827172005631e+00
-1.034670605728095438e+00
4.831783158755321494e+00
7.730270305580688728e+00
-2.500792941021011018e+00
5.743947798664095217e-01
-5.793324924876564808e+00
3.558713717186712699e+00
5.054112077778682988e-01
1.917444210035057495e-01
4.260573511703071858e-01
-1.578967919765659644e+00
-5.573807680124637898e+00
-6.531633893593109974e+00
-1.200328859426880257e+01
-1.478417680304683302e+01
-7.599224700180691627e+00
-4.563780925561122359e+00
-3.184457441662185140e-01
-1.448385662161995935e+00
-3.480762875138263546e-01
-7.339838038097976636e-01
-2.354758697019737834e+00
-4.030952777699252643e-01
2.053666289033160286e+00
-2.808526628992848995e-01
1.817833458075348574e+00
3.507850752566342489e+00
4.433623938504700490e+00
2.313585657556886943e+00
1.501269067885591113e-01
-9.824691450477089916e-01
-2.386726513259944227e+00
-2.268183109974672540e+00
-4.686526837897048381e+00
-5.711531789920709645e-01
-3.167850740702347068e+00
-4.308007706136331993e-01
-1.465891500223648780e+00
1.011356286015541173e-02
3.169620077047143880e-01
6.341922822346419686e-01
2.724378055667480147e-01
3.754859017349767569e-01
-1.372236833880352336e+00
-3.414594718042884836e-01
7.514595988842476260e-02
1.672036383880661781e+00
3.328249012072352908e-01
7.085440537052447585e-01
6.343472387351922759e-01
5.710270691571545099e-02
-2.823372260874257300e-03
-2.928154509150772689e-01
-7.387504746333095618e-03
-7.187811554808098968e-02
2.264992233449512615e-01
1.533390850950516970e+00
8.083100565542866711e-02
-5.681174841662400832e-01
-3.094899082922203171e+00
6.146565776642267664e-01
7.025698192432099365e-01
1.721746763681925252e+00
8.981361004426001715e-01
1.129379174220819237e-01
-2.671759723477942217e-01
-9.946497343734425067e-01
-6.002337458506237233e-01
7.531161343993508783e-01
1.534784973337320890e+00
3.244317390827984315e-01
1.423922600889284240e+00
-2.340435181335656534e+00
-9.224619638671361699e+00
-6.507736472323021815e+01
-6.723797116874553126e+01
5.332229760135875551e+01
-4.583838215106680991e+00
-6.665694563286237440e+00
8.700180243330635221e-01
-4.524869399135241110e+00
-4.538486788128182070e-02
1.708782987222818406e+00
1.272060647856662285e+00
6.288649747887433250e+00
8.610097790889156499e+00
-4.095406778096752021e+01
5.914786813334974624e+01
9.774378947891108282e+00
2.347777444299035210e+01
2.179650026946907815e+01
4.725831715752890183e+00
8.800799551907228846e+00
1.128769625301545787e+00
-2.489054816067715059e-01
-1.628864981942471868e+00
-5.483160845877543821e-02
-9.344417711630583767e-01
-1.973035766872364150e-01
5.474327743390516865e-03
-1.244402697454603857e+00
-5.157513424978377170e-01
2.845128159808261170e-01
4.412234131638044232e-01
1.244211643847382420e-01
5.904567895064732896e-01
-5.683815250227621796e-01
2.182862494552137156e-01
-8.839144160895653912e-02
1.225064231285604155e-01
-1.869976590903645319e-01
2.007727115675496110e-01
-2.311490948635932796e-01
-7.744238141774432982e-02
2.423639587700402442e-01
4.419588610960795694e-01
6.141816705088661843e-01
-3.960692546868550545e-01
4.132975284070261601e-02
1.742828541578222978e-02
-5.496904340122301669e-01
-6.139289861005969851e-01
-2.108123193823802088e-01
-8.397672684418101552e-01
-9.108196193414579422e-01
1.187600882626604903e+00
-6.789374776021177560e-01
-4.176841032936411402e-01
-1.794196075627829678e+00
1.597386915921479300e-01
3.101139888075699069e-01
8.190876981874382068e-01
3.320063492399553340e+00
-5.222810490165057384e-01
-2.777954546900415211e-01
1.079168692043702693e-01
9.415131079122693314e-02
-1.587402450696842049e-01
-6.182538518602075372e-01
8.886587538001314845e-01
6.312135046720803722e-01
6.152089822819338805e-01
1.119466771409848072e+00
1.734274754753148962e-01
-5.243830016810138162e-01
-1.894863424588923984e-01
1.727564056613797305e-01
-4.592850267215580207e-01
3.587743241815426476e-01
1.835296930993487674e+00
-8.279063015879049026e-01
-3.034622672295298251e+00
-4.864152691843880161e-02
3.157670108996728064e+00
1.168546047577257596e+01
1.373143434222081005e+01
9.927914888134836247e+00
1.541668430255231925e+01
8.767857662622617454e+01
3.785822325935251342e+01
-8.645214319992471985e+01
3.853361800785407354e+00
7.511204567029210466e-01
-3.377216335507256417e+00
-1.563580871594319888e+01
-1.519955470580573120e+01
-1.970227510104604818e+01
-8.599553585984111237e+00
-8.352598498741954813e+00
-9.441408604687186568e+00
-5.834026531607113597e+00
-4.440820140821005957e+00
-4.538836743342884006e+00
-2.538516420468976964e+00
-5.923880185317730307e-01
3.790439840513566971e-01
1.628306642822097805e+00
-6.228778812284474498e-02
-5.669707920083157937e-01
4.395196719758402981e-01
-1.305270106265456143e+00
5.289719787488436076e-01
1.385318650541871532e+00
-1.277810516433350196e+00
-1.653124833883423128e-01
4.415726275524687883e-01
-2.187383647656148122e-01
-9.870212593820787417e-01
-3.984755625704921034e-01
8.414443307405206074e-02
1.602186737967974839e+00
-1.344075760785483853e+00
-2.441492534239806944e-01
-8.432176559700637064e-01
4.977913015110668749e-01
8.026329296781747891e-01
9.388147692983627168e-01
-1.027889764629316360e+00
2.487072303148453178e-01
1.641041393671395232e-01
2.051512280867117954e-01
-1.099315960662705927e-01
4.763879074593767582e-01
-5.174352770164789561e-01
-7.837388880171079764e-02
1.567477046203519242e-01
1.936994848771901867e-01
2.299915703271722123e+00
2.431394772765233192e+00
7.974026452821059152e-01
4.026392960780651897e+00
6.219044193139859900e+00
5.353520729566586311e+00
4.861609867309631738e+00
1.956259555175407172e+00
3.400168744175786628e+00
3.123957979700357157e+00
-7.956319379520877533e-01
-2.076476986738114761e+00
-3.194017074208943541e+00
-7.511182643555208927e+00
-1.040396318264368070e+01
-8.031905150251434478e+00
-4.224741822750068820e+00
-5.998149401695052063e-02
-2.154450171659443303e-01
3.070340831018389949e-01
3.403798403710923681e-01
7.220954700405025628e-01
6.367588196247205845e-01
1.012544918055541254e-02
1.158698253171560610e-01
-3.422064869766829887e-01
6.337861656607379768e-01
1.574684366059213581e+00
5.564897266976052137e+00
6.881748957314084869e+00
9.266766152040581517e+00
3.332095057666599303e+00
3.468489538220325130e+00
3.413047156357425393e+00
-2.347421635094519843e-01
1.820357589308329693e+00
-5.892918087765281143e+00
-7.391458428736342512e+00
-2.738535619162416168e+00
5.522207881892029491e-01
6.152526060185508072e-01
4.342939763904698935e+00
4.408483742097971003e+00
1.419390281473980053e+00
1.510776990192049141e+00
5.357678914449337526e-02
1.038573190284346026e+00
-7.721440862056425658e-01
-6.200800620334661062e-01
-4.651648320539809589e+00
-5.392491096126597938e+00
-1.315809064305927478e+00
-1.632329160985399596e+00
2.527725555253539369e-01
3.169972164755996857e+00
3.046830636410170712e+00
4.737687895330843446e+00
8.741772444764315253e-01
-5.194957456533728646e-01
4.982124651097663559e-02
2.650913456025236314e+00
-1.507408381687938004e-01
-1.024579284537637136e+00
-3.796349160015225266e+00
-7.614809814658109133e+00
-4.802419429932889727e+00
-1.964898687398836330e+00
4.348688595536014390e-01
2.848461273912947789e+00
1.351225548575420987e+00
2.169428592658491084e-01
-4.868272523072931790e-01
2.707992372751871102e+00
4.093597123234758328e+00
2.266521143732749266e+00
3.194561221332676837e-01
5.924500226095439359e-01
2.908792986513379475e+00
1.650551524859295682e+00
-1.759656704901139790e+00
-5.584157825001486941e+00
1.523651469149882587e-01
1.217001381043541386e+00
-3.161917384093918315e+00
-7.229365130605440726e+00
-3.197674131751115922e+00
-2.263803566617763607e-01
-5.478022819447065928e-01
-1.243752746894433159e+00
-6.406770175391773847e-01
-2.670235926325137399e-01
6.345603625638318590e-01
3.601252509666267088e+00
1.907276898815348787e+00
4.107477523934743857e+00
1.414542014941187631e+01
1.044459978171826720e+01
9.505993920834661992e+00
3.193966072355685526e+00
2.586488947637505476e+00
-1.294554599859714017e+01
-8.272913964381743313e+00
-4.754514508447812204e+00
-5.026020471955515490e+00
-9.253623533906367271e+00
-6.754528670977512306e+00
-2.415407922252446937e+00
-1.485218948277481132e+00
1.092125709145877366e+00
-1.064597564108673566e+00
2.760011627932534850e-01
3.532052713312371139e+00
4.106004684156721041e+00
1.034200268978441528e+00
3.900556352409694227e-01
3.888844525657578544e+00
2.958724191107318546e+00
1.822320840241221873e+00
-3.119878959822816711e+00
2.067476015641034337e+00
2.555378869799699970e+00
8.899501399562282700e+00
3.254468704435048210e+00
8.115927251052347913e+00
6.972246325399041211e+00
4.824267634739818789e+00
7.510731943493951235e-01
-9.267418222442458386e-01
-4.701306159223193504e+00
-7.060056230530264543e+00
-1.157884920907604709e+01
-1.280948491351545115e+01
-1.398315497999301904e+01
-6.253905770503733308e+00
-4.762066387986622296e+00
-2.076135204223057418e+00
-9.172618289330589647e-01
-1.133772549779834105e+00
-1.308823411868654141e+00
6.907968514934914595e-03
-2.082789920030615249e+00
-6.330708562135886730e+00
-8.116322270185797549e+00
-1.479249933119423943e+01
-1.440661806692648383e+01
-1.344391849958690699e+01
-1.099561071003654433e+01
-1.081624337258205060e+01
-8.534581521318230557e+00
-6.472489620786348041e-02
-5.445226980368104819e+00
-3.832310021186188465e+00
-1.856362844572188919e+00
1.184007276312215140e+00
4.928703942377367753e+00
1.060666145984866660e+01
1.688549317292724083e+01
1.385346342138574016e+01
9.916415187040222179e+00
1.324553992850078288e+01
1.190114024840174167e+01
5.908868453338598670e+00
1.380327461045741444e+00
4.640529150914606049e+00
6.991016743459586458e+00
5.994446609391951952e+00
-1.342648036451866256e+00
-4.987633384039408924e+00
-6.628800426821497283e-01
-1.397818568171693698e-02
1.242629677116344311e+00
4.106204481111646487e+00
2.750690776582080055e+00
-5.412748009625518719e-01
5.129034898285755872e-03
-7.883987642682011021e-01
-5.662900038210552101e-01
-2.676904086344441325e+00
-5.122535887541282307e+00
3.291294592164315969e+00
-3.938048015082706854e-02
-1.159711523049763855e+02
1.642829863929756584e+01
-2.859500144368868746e+01
-2.091471805163862996e+01
-7.555488403994104374e+00
7.774994219598875134e+01
-1.268290059509922685e+00
-1.660639393945871234e+00
5.242453615242368414e-01
-1.789015842859967620e+00
3.492549879214479347e+00
-3.850486848382581684e+01
8.038705673112593786e+01
3.410109171379685478e+01
1.103660646341720053e+01
4.477338365773388951e+00
-1.929574485794791627e-01
5.054108049164938166e-01
8.632603388368842445e-01
1.931441045948927737e+00
3.483752854505285157e+00
3.431958281626792839e+00
4.322944412424892136e+00
-9.953619244335669691e-01
1.496594927703576161e+00
3.516393441215441840e+00
6.912222374870289343e-01
1.375621149840913660e+00
6.017982630322293858e-02
-4.836343759250741670e+00
-3.207425668342356317e+00
-1.905288848973896165e-01
1.375354477705176492e+00
4.530151985105817403e+00
-6.760173692139304080e-02
1.568815068688778069e-02
-6.673456972244800056e-01
-1.084565306550530295e+00
1.009027142376730524e-01
4.014857105151108385e-01
9.935451247792173035e-01
-3.035720879063934063e+00
-2.105336340516529958e+00
-2.526302334832386975e+00
3.589758432541657385e+00
-1.335854122776865438e+00
4.539570328152926493e-01
-1.273093313451404640e+00
-2.458079393031837867e-01
1.303208004927398633e-01
2.949779560611247575e-01
1.548118972131774740e+00
5.007703003301315903e+00
-4.522870682001176590e-01
-4.201699917448209476e+00
3.307763283252072029e-01
-2.936848534671554489e-02
-2.694385105476406750e-01
-8.535654831121703978e-01
2.244291018058280684e+00
9.884911023008982056e-01
9.675066239975826932e-01
1.977392899938255511e+00
8.353324212873580734e-01
7.305896983804522904e-01
-1.187871041486523893e+00
1.267302820004584163e+00
1.965978143226948305e+00
-6.225447499707001953e-01
-3.937784197787443929e+00
-5.154708961814939983e-01
1.108322184059318261e-01
-2.557962153711191178e+00
-3.700733973060611248e+00
-5.018548720914347783e+00
-4.457294727768900344e+00
-4.967048968808932763e+00
-1.101206236984723752e+00
-1.268074600398036988e+00
-2.480409557026974632e+00
-4.742634710467309667e+00
-8.434211406289007229e-01
2.953773342078890085e+00
1.239227826573380264e+00
-1.630964110484618423e-01
1.095993043705709713e+00
2.870014294145653899e+00
2.529881497345625174e+00
4.010816076586172230e-01
-6.511603251114337354e-01
-6.181221865705071039e+00
-1.964845574200137612e+00
3.036122212045588853e-01
1.068711098696072614e+00
3.329114984861381021e-01
8.042456514959103187e-01
2.283247153131517937e-01
2.033429962249845846e-01
1.527974648701354021e-01
5.956699478220289778e-01
2.658654321693582290e+00
-2.033056007988838232e-01
-1.667417745556593500e+00
-1.120413063625976591e+00
1.995390638764873437e-01
7.219490695603518748e-01
2.079001885226036794e+00
-1.232684265353467312e+00
-4.032362201809215563e+00
9.661330528018050590e-01
5.894113626567798470e-01
1.617828829563172088e-01
-6.257756353494270396e-02
7.544420611186203329e-02
1.259233568526876013e-01
3.410370181335603545e-02
-6.904808725419570026e-02
2.943210042446094410e-01
-2.069238209873257017e-01
1.628420923693107703e-01
-1.343680230013626908e-01
1.923037643674450625e-01
7.062670356915653480e-01
-1.545438293015195530e-01
4.598294977871530964e-02
-4.295274536846146463e-01
1.279084073846931346e+00
-4.627112982412358022e-01
8.107506550790690714e-01
-7.089328335978084539e-01
-1.924688419721042987e+00
-1.612561711455660074e+00
-9.797677579886836519e-01
-4.573416216055528061e-01
-1.088153501460220607e+00
7.443711095064431404e-01
3.749356218240507133e-01
1.080331608138522359e+00
2.123289903511828225e+00
4.164105266646062065e-01
-9.518647525605060666e-01
9.261427646257478496e-01
9.942808447247019066e-01
8.504284482987093385e-01
-6.941863203662812509e-02
-1.857205595314606050e+00
7.645921199122400758e-01
-5.417445456016386496e-01
-6.990985326815820633e-01
4.041076036457846854e-02
7.600304808565079284e-01
1.713993088060693781e-01
-1.786967132571293249e-01
-3.320342595819234660e-02
4.615646526537437455e-01
1.072182037235245744e+00
5.735003735934620650e-01
-1.214937859893552741e+00
-1.956751763797211163e+00
6.997494063659774888e-01
1.243225958448960444e+00
-5.810177151816597885e-02
-1.988612604903017278e-01
5.693216974859782731e-02
3.912489003350928529e-01
-6.757629040713503121e-01
1.618112142721293445e+00
7.099709064635972844e-01
-2.862000298387175512e+00
7.702174246812248937e-01
3.154833638129567186e-01
-1.016571161683005986e+00
7.938886146536288102e-01
4.019685952950644570e-01
2.590215215399149784e-03
4.716363850519342815e-01
1.415761137530479941e+00
1.793292365690037471e+00
1.093211618376259686e+00
5.072240210787875014e-01
1.283330840511935911e+00
4.152699745419403676e+00
6.810746082462790341e+00
6.421573725509613695e+00
4.393005389890394241e+00
5.392581439636394691e-01
-3.051806286107137112e-01
-2.227607903572739190e-01
9.312906470338049303e-01
9.558565013900590657e-01
7.003700876507181761e-01
-3.475278694640476118e+00
-5.009427452437542172e+00
-5.517497852723849405e-01
-4.411196519193609333e+00
-1.271667191969903854e+00
-3.324157665251457061e+00
-4.013451313244500440e+00
-1.177438435961784435e+00
-3.756704475301440027e-01
-4.166104290060221871e-01
-3.360806031030262986e+00
-6.633867852823267519e+00
-3.469846818000652533e-01
1.356218452209030367e-01
3.277310371132231559e-01
-1.553659946805143743e-01
-1.582618173596548328e-01
-2.008275483552665275e+00
-3.805749478698113641e+00
-2.339257648999468309e+00
-4.351186024889262427e+00
-6.077394564397625487e+00
-8.849363682255351193e-01
-1.126627115214546393e+00
-1.501200547964565146e-01
-1.152017125168981693e+00
-7.475047095979299172e-01
9.000492896557368283e-01
2.427040185631128111e+00
2.454222923711608217e+00
1.153307534157267611e+00
-8.729307837351392152e-01
2.597067888181179285e-01
1.605232484454891306e+00
4.080010220745400318e-01
4.044331684708735608e+00
4.015597616763928457e+00
-5.484363442848410486e+00
1.176826626143973265e+01
4.765892589932892065e+01
5.080104447889496555e+01
2.214331623527141346e+01
2.543838580930025728e+01
2.861590829372610756e+01
-7.658759155462800550e+01
2.556497505043623164e+00
8.803495359701685175e-01
2.690693021511108896e+00
-6.940042556879632230e+00
-1.246083025699293501e+01
2.858599699422428841e+01
-6.419125360065469010e+01
-3.129585318564050311e+01
-3.794701277481690838e+00
-2.278293054684423780e+00
-3.280152111526569492e+00
-4.021444321161542490e+00
-1.543248040176522506e+00
-4.405650543138297515e-01
-5.515829182512946849e-01
-3.926825634414168320e-01
-5.884954186063173776e-02
-1.005229441188282280e+00
-5.484366724732634424e-01
-1.706055108086927952e-01
-3.285542636918492576e-03
8.030960874000607763e-01
6.541884135790794197e-01
1.463241545459655901e-01
8.639945542439964044e-02
-2.356287345790586407e-01
2.788692004549350179e-01
-3.685139531528713874e-02
2.393635034483623247e-01
1.042366605410497193e+00
1.319153065729643082e+00
-2.056685490806215988e-01
-2.422659190536253782e-01
-8.578565268679538836e-01
-1.068145262198793022e-01
-2.732316911246327473e-01
-4.645517583279079599e-03
2.060853024231998343e-01
-3.340626605360618728e-01
1.556133267236025075e-01
1.709872475310408313e-01
-2.409522659785833243e-01
-2.079890238926127011e-01
-2.200135025278880316e-02
3.200523820533663355e-01
-9.561981217699316860e-02
-1.750992386107916299e-02
2.207789497560272429e-02
-4.626456075921681066e-01
6.521343301919324542e-01
-3.431199660215116798e-01
1.820207586656580334e+00
4.744454355986649219e-02
-2.485500171458603358e-01
1.835845615222200244e-01
1.478450901245189852e+00
-2.348449841881234512e+00
2.287604214092919364e+00
-3.579133983313109724e-03
1.014925028547100982e+00
2.588218915748928595e+00
4.405847193404461848e-01
1.240401844271339371e+00
-2.620730317905834994e-01
1.944398879280484493e-01
-1.574200053279152023e+00
-2.139956277283161512e-02
-9.984510666770862741e-02
-6.349205897062404347e-01
1.382225790898026219e-01
-1.934106714885495570e+00
-2.553211975795068867e-01
-2.239431301288010712e+00
-1.608858674277498180e+00
-2.925799504284380403e-01
-5.265552121075793846e-01
-1.668737241008648731e-01
-1.024552235202671024e+00
-2.337369146411785170e-01
1.719667052088536430e+00
1.622427162505766685e+00
-9.074147325571546574e-02
-2.104461932084178422e-02
-5.314106912449911846e-02
-5.558419981856767000e-01
-1.494959747141794137e-01
1.495285512565102115e-01
-2.748318239358804593e-02
-1.220113543007137480e-01
2.238697907911255669e-01
-6.697426232180153649e-01
-1.820095133068685644e+00
-5.566539706213664562e-01
-1.851023350691827218e-01
1.771243034184212917e+00
-1.298663984921873737e+00
1.697910804579183530e-01
2.935451922389371582e-01
1.909279068034803295e+00
1.665415879166907809e+00
1.378623788082320445e+00
-1.140689963860967104e+00
-4.201965500489146521e-02
-5.695150782897351327e-01
-2.027406941592504452e+00
-1.007699826439079072e-02
-4.394252247755200402e-01
-9.629301767662745704e-02
6.972609895055459361e-02
3.857568560379331934e-02
8.276900826566957470e-03
-2.477234378300622097e+00
1.294276980301009905e+00
1.099680632232671318e+00
4.557715509847218294e-01
1.249001764578400619e+00
-6.365851493279395257e-03
8.006624988934784026e-01
-4.456906447549711103e-01
3.027446656740258035e-01
-4.227782356102318673e-01
5.907821580125469652e-01
3.110976499664268591e-01
-9.435746821491153291e-02
-7.183978884902852968e-03
-5.210164748211874031e-01
-5.587589087291425782e-01
-4.450317811135358070e-01
-4.037788140120507352e-02
-1.495649727198239409e-01
4.735036438173990114e-01
-2.405148491049910575e+00
-3.438431639227831127e+00
1.856672450436154254e+00
-1.238612805176073639e+00
-7.659462441025377544e-01
1.043227018084739832e+00
6.729887276352908287e-02
4.293236964770206221e-01
7.243852656004818868e-01
3.016744672554287909e-01
-2.557429947583793606e-01
4.281139507752986795e-01
-8.619445756790788948e-02
-2.338292243617714483e-01
-3.631401341938036431e-01
2.400595741410542772e-01
-7.309640719227243899e-01
-1.406938315037242759e-02
8.214251386333160099e-02
1.169792712046477945e-01
4.132617544099814744e-01
9.867256336040073350e-01
9.448056222172234175e-01
2.164692714036533516e-01
-9.543304622748560728e-01
8.449480383780123560e-01
-3.107607230980123258e+00
-7.575052914734676790e-01
1.782823798423860850e+00
-6.234333639885552003e-01
3.316128933124868894e-01
2.931374079469293292e-01
5.185485877184858872e-01
6.263564134347201495e-01
8.473839303184123040e-01
-1.840021193761107732e-01
-5.188956517391687395e-01
-2.036377704321810089e-01
7.415389700861707567e-02
2.976619435326086638e-01
1.235756257686239756e+00
1.587330934216343081e+00
2.649325515439855394e-01
-1.088596174233934288e+00
-1.176673063787919471e+00
3.204649354283639617e-02
4.780856826105917001e-02
8.216781404281130463e-01
-1.149539058125103319e-01
3.580490674183340327e-01
-6.792480370886324614e-01
-1.600763421609674886e+00
2.703203401118814408e-01
-6.229083786170306336e-01
-8.536861494480909585e-01
1.693477257808764014e+00
-2.951872663571695199e-01
-1.580995182240385599e-01
-2.290775769883333091e-01
4.788666453191785521e-01
-3.472390973880372655e-01
1.461785426214796679e-01
4.291092049057954050e-02
-7.844338189722963595e-01
-8.010238379214413840e-01
-3.500961460585765295e-01
8.852535495918623099e-02
-6.351081444517490127e-01
-5.466052992523264820e-01
-5.861292428205366889e-02
1.550354555891529262e+00
-2.354888539919642643e+00
1.646019381018835048e+00
-1.147925853410267649e-01
-1.096043223224096863e+00
1.472755752321925460e+00
3.817241600945857627e-01
3.482958218519662807e-01
-8.255557608421781879e-02
5.964559925215513481e-01
3.262116362981114293e+00
2.403286965909539497e+00
6.734420585832414652e-01
-3.734648096280746010e-01
3.517512145941719126e-01
-3.511111697652030017e+00
-4.732433993945692308e+00
8.657587287963561806e-01
-7.065918821486931733e-01
-3.310965003644873228e+00
1.868303006997833471e+00
1.384164315257833344e+00
7.808321922257910330e-01
-4.383347137677384708e-01
8.218132051533859617e-01
1.254412147353947127e-01
2.719676354971980459e-01
-9.179704768331586884e-01
5.204760944928876754e-01
3.027021854930214140e-01
1.145313526230567813e+00
3.739838284458836259e-01
2.652523497144396725e-01
-1.047261695594809972e-01
-3.911052870556570582e-01
1.472568691363064231e+00
-1.574206942008624432e+00
6.034317630733128102e-01
-1.985631410090374027e+00
-7.092873006837754346e-01
9.624214365303211949e-01
-3.524728794593086079e-01
-1.424961954277530918e+00
3.316639417696789494e-01
1.074091982122054034e-01
3.761651771281004919e-01
3.413670057489208709e-01
1.741189938307643459e-01
-5.856606275059768052e-01
6.698654652072302262e-01
-1.798250370925202901e-01
-8.909695690924124278e-02
1.329316967475167033e-01
-2.031368876783683497e-01
-4.316218006999612555e-01
4.344764846351445442e-02
1.213440681791730924e-01
2.311764606265538369e-01
7.890658463760980013e-02
7.449542031026394895e-01
1.412893135195780303e+00
9.835746551274443528e-01
-6.591562470398190099e-01
-1.876570117038782737e-01
-3.025120652564528889e+00
2.125434465922229066e-01
2.112016999548816276e+00
6.070706339653808570e-01
1.261803064903036731e+00
-5.507592460894605857e-01
-1.677167986040955849e+00
-2.238918545135640592e+00
1.095338385329281294e+00
-4.246627156689894989e-01
-8.850712559336315621e-02
5.613790611275084608e-01
2.139836331964834581e+00
4.189559823062080746e+00
4.198584345556268360e+00
1.757776975349803195e+01
2.219433573844658625e+01
2.978514245325148835e+01
3.272079324482288598e+01
3.298935086855551901e+01
2.655452316977184068e+01
-7.726502089392377570e+01
8.538191472258674253e+00
5.762165229722072013e+00
5.641519337879856266e+00
3.998326500711812059e+00
1.766602224278557287e+00
-2.460290271953141428e+00
-5.546854066331107447e+00
-1.858119959616618644e+01
-2.982632702137431835e+01
1.674698737125260806e+01
-3.512136584917427484e+01
-3.217916656376129225e+01
-2.107724730592435591e+00
-5.276276069460168472e-01
-2.737012430357672166e+00
-2.244948233562718443e+00
-8.531202196028842000e-01
-1.588091982317726192e+00
-2.282017049411187326e+00
-6.998516234352427645e-01
-1.735315416847148740e+00
-1.077150914187629205e+00
2.438783731847671277e-02
-1.155973088259516501e-01
1.316592117157911801e+00
1.331677094377894832e+00
1.342096600242192794e+00
2.895839244627307352e-01
2.236770860074607015e+00
-2.210201139941984083e-01
5.862106119157441952e-01
-1.409256626185915184e-01
4.673808890333774890e-02
-2.398164307901784476e-02
-7.351170964031177313e-01
-1.347738882941994287e+00
-8.539602663893699486e-01
-2.166063261572184206e-01
2.520631845154474693e+00
3.029626028435072893e-02
9.846028103890461791e-01
-3.181136051182866353e+00
4.258676481923611146e-01
5.724331019057489200e-01
8.200120597524073185e-01
-1.747924850010558750e-01
2.402024191565530487e+00
-1.105437366352571171e+00
-1.060589357543402222e-01
-1.454628038548928970e+00
-1.968733554754079074e-01
-2.306968795026054231e-02
5.613136330885333258e-01
-7.361879891136526022e-02
-2.502404208560418675e-01
2.656465270401714429e-02
-8.549126980824089950e-02
2.981283023920913156e-01
7.131173645023985985e-01
5.801367617816066691e-02
-3.644407502565075729e-01
-4.950014571886895420e-01
1.528168798636921677e+00
-1.686367563024211202e+00
-1.429966183807300562e+00
4.203902098846556967e-01
2.547254909178056081e-01
1.269110964084825932e+00
-3.708328070362917339e-01
-3.359142528590404631e+00
2.835180901198441905e+00
3.165264989704073884e+00
1.613446475633883992e-01
3.333187683032138082e+00
4.750717237064320919e+00
8.586021130629235998e+00
3.240260779731301000e-01
1.224707368065954682e+01
1.329310838574025766e+01
1.174971384894289628e+01
3.992085531193076520e+00
5.348990650988000084e+00
-3.922120797023040950e-01
5.720760680981896940e+00
-6.182839966162589462e+00
1.528234303875876776e+00
-1.000307817057956328e+01
-2.858810064086931391e+00
-8.205871042136934079e-01
-2.954054098037296683e+00
-5.134375519603885607e+00
-3.952514661308136112e+00
-3.726243252404373152e-01
1.062146237845226437e+00
1.951731666225136053e+00
2.307466639639770278e-01
-1.687961505766033099e+00
-7.017802642897862597e+00
-1.451792851479797974e+01
-7.640138033333093048e+00
-2.974900711162948852e+00
-2.310796062276723184e+00
-3.600800890441938407e+00
-4.859396844227248380e-02
-1.867444849873866719e+00
-4.315629711310589478e+00
-2.585605297705184658e-01
-2.232626171851324060e-01
2.722137267290105633e-01
5.223086756065713487e-01
2.404437903042115909e-01
2.584726682475231296e-01
-5.547989712705247989e-02
-1.872480340512352459e-01
1.137788117895543571e+00
-7.457141596550034834e-02
-4.637509962064344515e-01
2.005470174709030884e-01
-5.752713773822826226e-02
-1.072780961470876093e-02
-6.101352369755541627e-01
1.763843869608228143e-01
-2.114658790218664208e+00
-3.781004708574108086e+00
-5.597697813751283391e-01
-2.001876130491686112e+00
-2.309913533143893360e+00
-1.722438284443938983e-02
-9.751099027683451936e-02
1.558180645087139382e+00
1.419416206481640685e+00
-2.551672628549482624e+00
-8.365578879592057149e-01
-8.943377561348810900e-01
5.435132299686351587e-01
6.423905385873371898e-01
2.856568226336495542e-01
-1.859799026874000560e-01
5.570487894947007135e-02
-2.031859566137033113e-01
-1.144923670504734758e+00
8.115324017525669120e-01
1.143999896907342162e+00
3.016105266319048184e+00
1.823445401483302142e+00
-2.462827252713643666e+00
-2.378618635279870830e+00
3.214890323684205242e-01
-2.580341908991616862e-01
1.191896921690037914e+00
2.603028579372718809e+00
1.140847019377915217e-01
-1.074073236264167619e+00
-1.180432916254579467e+00
2.565747431172020754e-01
-6.807460332844836870e-01
-4.778623171203124187e+00
-1.496424990063109917e+00
-2.027999318931609452e+00
1.173425753659262938e+00
-6.100122508568261992e-02
8.253168564259709683e-01
1.238378420466281327e+00
3.428252838546402614e+00
3.125221584231194782e+00
2.147294562573577537e+00
1.142591566620199117e-01
-1.553982597923280196e-01
2.320852583540800040e-01
1.137703873999870829e+00
-1.340846981781206537e+00
8.439072658382187342e-01
-2.391860292188590087e+00
-3.513703452405453120e+00
-1.334019380751707118e+00
-1.507450309811870781e+00
9.241251132604055840e-02
1.281872128432924640e+00
2.504775488952358131e+00
7.468929913870569592e+00
4.107640979894496169e+00
1.960538498855051159e+00
-5.661995560723838139e-01
-2.658756197978604519e-01
4.721291693583720139e-01
-2.204990338105635495e+00
-5.177993179399903667e+00
-4.557373349142685548e+00
1.227552145550847129e+00
-6.522957210137985129e-01
-9.311995415222451555e-01
-1.858222185243654678e+00
1.363417441871105140e+00
1.220292198635307912e+00
-8.237721782581495233e-01
-9.138950692862213288e-01
-2.770586535570664921e-01
-1.125823608580910573e+00
-3.743790454017990044e-01
-4.044378561850638931e-01
-1.180122655079198779e-01
-1.638708053614310600e+00
9.809448485401404128e-01
3.090340307664757091e+00
-2.026142595931617052e-01
-7.330503730191360034e-01
-1.886945413895446677e+00
1.042462978994381118e+00
1.467855340395372465e+00
-1.524562429448019785e+00
-1.487704138203973514e+00
4.470484543848179726e+00
2.132326285915083552e+00
3.330548723041539816e-01
-1.454216738697907019e+00
-6.433718181775667233e-01
-1.984803668400207499e+00
-1.759298568353830916e+00
-1.649757551877524264e-01
-2.237280421178219569e+00
-1.911217484258804333e+00
-6.404941804866677302e+00
-7.948772839617816999e-01
2.112299833079532618e+00
2.713644997957374017e-01
-1.065414956552718451e+00
5.609714615825041051e-01
4.752823807181020044e+00
3.833665401223299796e+00
5.138912666668785434e+00
3.161550100314871159e+00
1.554348788896925626e+00
3.851812432886921211e+00
2.588824562023923193e+00
1.331159117158568161e+00
2.787725263122380781e+00
-1.949964860871231664e-01
2.113566163486675364e-01
5.875655144405609320e-01
3.746041464898994811e+00
7.727621741600220417e+00
2.945685552179892142e+00
6.129942700307076109e-01
-1.240053027701129906e+00
1.806195445029725732e+00
2.072686344955901205e+00
5.433505757059720054e+00
1.023772324752445684e+01
3.207961975836234103e+00
4.553633380253586438e+00
-2.576607015412903934e+00
-1.499807735664084873e+00
3.869379927644800432e-01
-3.247923154404396939e+00
1.725129074661680306e+00
3.625218282266757797e+00
2.122549494903992695e+00
2.131840084668553459e+00
4.743200700001750647e+00
-3.566173785146844466e-01
2.409875247107727603e+00
1.275687934444839300e+00
2.500234138535631701e+00
1.115443280459699338e+01
-3.335579523202099494e+00
5.675837429598686867e-01
-6.941712126170259012e+00
-1.373257341105961871e+01
-9.464686413860633252e+00
-1.010312219622409557e+01
-1.310269728472252027e+01
-8.825729347473806996e+00
-5.183141606358431019e+00
-7.726282351455167063e-01
-6.581390272065883451e-01
-2.165616411872893998e+00
7.507277653155048913e-01
1.880012576200691621e+00
7.078704202545704760e-01
-9.921722950775151428e-01
-3.401318417266885774e+00
-3.337521871112185678e-01
1.649334057608953241e+00
4.291837788979264712e-01
2.257643902526297597e-01
-2.588773310181569087e-01
-1.637185373016624812e+00
4.916634231610461647e-01
4.385772462808714689e-01
1.764807176247861875e+00
-9.224941826655586041e-01
7.952422099450680015e-01
1.901627727484031194e+00
1.512454294359284468e-01
-9.998311999982685272e-01
-9.089956246265232798e-01
-3.876821860523900765e-01
1.721355742724485771e-01
-7.632423491786314296e-01
-1.076309299922683316e+00
-2.381807179040381417e+00
2.617907129543056044e+00
2.558951051442786895e+00
-3.464452866019231969e-01
-2.614785382595366858e+00
-2.839570707996319499e-01
3.977136391449598296e-01
8.871887017515859286e-01
2.614773791030098771e+00
1.140844204540991669e-02
-1.330724408824348615e-01
-2.340749603458203154e-03
-8.683194676071157581e-01
-6.979220502668879167e-01
8.899800772061192689e-01
-9.820234510226563129e-01
-6.534373961565306255e-01
4.646579626939123520e-03
2.456734352086427653e-01
-2.365416900416839052e-01
7.453179105730295406e-02
3.884261209437062101e-01
9.671701497635156741e-01
5.583359336859277100e-01
-2.048511743409497932e-02
5.377109505809305467e-01
-3.682345053152675796e-01
-4.170221353658232211e-02
-9.122748016371093893e-01
-1.680624440410735776e+00
-3.779168938228394392e-01
-6.410905691202599677e-01
-3.562033800782977710e-01
2.379153109295393254e-01
1.450278304738188417e-01
1.533962729651157098e-01
3.384710790720555362e-01
3.441092808245238555e-01
1.361166409106476793e-01
-4.299248700045771310e-01
1.158628366242608898e-01
-2.753625963110452268e+00
2.799170891659703564e+00
-6.191875007571094880e-01
4.990555093051973756e-01
1.710161676893807936e+00
-8.745109877814102317e-01
5.172177753336318351e-02
5.490422102068805987e-01
1.716364527418752228e+00
7.823021480872838218e-01
-4.491342845085593005e-01
6.630508567452912949e-01
-4.343135103881503589e-01
-2.714764869655327928e+00
-4.702625895600747175e-01
3.560618785648920759e-01
-2.328087744035389761e-01
7.087922954825770505e-02
-2.705708259240260372e-01
6.432301714149319949e-01
-3.919968683799318065e-01
1.048265913501068014e-01
1.647575418986466422e+00
1.603607792430651546e+00
8.753083201350042586e-02
-1.330607246720903580e+00
-2.054764916631265148e+00
-7.523245322763902898e-01
1.065851026097812682e-01
4.074508883151595207e-01
-4.535855628719653865e-01
-5.485243154347090311e-01
1.765621466431264164e+00
6.984258131642007150e-01
-3.800460034932692799e-01
6.402569624730543030e-01
-4.241236293588517281e-01
2.178860406288549711e-01
-2.207780510011542185e-01
-1.527171942479589317e-01
6.524602244477972768e-02
-8.092722205406710501e-02
7.628543923557928874e-02
2.481917413058465360e-02
-8.099835054540505119e-02
-4.073065828836694990e-01
-4.248142408621056187e-01
1.085594371881052345e-01
4.385239811254444398e-01
-1.500630759540459769e+00
4.468199111888152553e-01
-7.395310660238977318e-01
1.032791343691196628e+00
-3.201286016230533438e-01
1.019235376076769395e+00
-1.591884660473175672e-01
-5.068765677201921838e-01
3.228692661868462488e-01
3.776059559044246672e-02
8.159663152996013968e-01
1.854927017967456404e+00
-2.662822696169735437e-01
3.019835838793687444e-01
4.259621599625669219e-01
1.302061476499541737e+00
1.306473846718288812e+00
1.678809223942887563e+00
2.530408159396320578e+00
4.946934578034186458e+00
1.799143015064291973e+00
2.353174703714675076e+00
4.447607239536566226e-01
1.297965764338115946e+00
3.000494073980526366e-01
7.613271727296044844e-01
-1.016114679171728596e+00
8.005876453170266416e-01
-6.490353562340942517e-01
3.570071051412988083e+00
3.635605963155750686e+00
8.116530931253436165e-01
4.251190516229286231e-02
-8.286414776195805132e-01
-4.925618986200340998e+00
4.436788843350925049e-02
3.489534463158431521e+00
1.473427561710700218e+00
-1.217345780549667467e+00
-1.581633351949545130e+00
-1.632163567565214635e-02
7.091111143467507816e-01
4.487508410127247771e-01
2.103681730827808849e+00
-4.773975187216947802e-01
-1.272640948532458793e+00
2.411800624092503398e+00
-8.731532742425542892e-01
-3.913822048712468415e+00
-5.725071297915743429e+00
-1.175240562516677301e-02
5.720983005826099088e-01
1.068543564438918736e+00
9.684407729213262428e-02
1.037062967006967540e-01
3.240063952908183609e+00
7.985892168242791911e-01
2.936597644517071615e-01
7.347695485490248757e-01
2.166297479713417573e+00
7.222199230647383672e-01
6.621416878950370233e-01
-4.274945335994182471e-01
-1.107179935907783630e+00
5.831237238389448407e-01
-1.089873777211010974e+00
4.500409434564716094e-01
-5.215413744412202846e-01
-1.798396527240946341e+00
-2.232594768377218486e-01
3.700942809878107198e-01
4.223519365153904914e-02
1.321986336842755350e-01
-2.736351154159279986e+00
-6.130180787338126436e+00
-5.904322388517133646e+00
-1.796581686399497002e+00
-6.514466834969635300e+00
-2.216239175312639809e-01
-3.586311499892858023e-01
7.266523017698856002e-01
-1.506723322501944073e+00
-1.192357015683443544e+00
2.971370260860081158e-01
-1.472367622301828105e-01
-1.793631363327499451e-01
-4.194786724000140743e-01
-3.984688591622703724e-01
-6.175002505606987935e-01
9.569654768327752192e-01
1.610321605960155278e+00
5.932809557915494914e-01
2.554904598738818589e-01
-3.112929383024405361e-01
-4.967490368932119260e-01
-1.476941731844758188e+00
-5.481413046007354017e-01
-1.392728897402722987e+00
3.381736017751051371e-01
8.830366293095059937e-01
1.479445704051624899e+00
-5.750137138418107696e-01
-9.021633225427849734e-02
-1.508910482585825719e-01
2.024319114064423164e-01
2.135500051850586778e-01
1.114170027196495383e+00
9.462800501742840709e-02
-1.141204144259237996e-01
-1.428740796175445027e+00
-1.369590494245506163e-01
1.875854942115562640e-01
9.319134449139283571e-01
9.653348808777029166e-02
-1.686138170139365400e+00
5.702181885886548063e-02
3.301773942683691176e-01
1.085620935097771356e-01
-1.877393185853296065e-01
-4.048639212533224896e-01
-3.903307677230259953e-01
6.302852942529697522e-01
5.982438392571244323e-01
9.581193867860605673e-01
1.941407081117359379e+00
-1.076881625372160034e+00
3.298522006703050291e+00
3.405030528068888884e+01
4.279724083626812359e+01
1.696584914256068544e+01
1.228427775389893384e+01
9.295848839208474601e+00
2.697414404967372548e+01
-5.999263124848543782e+01
-1.660368214698465295e+00
8.503654798040017226e+00
3.398205105180579721e+00
-4.304673512418020209e-01
-5.832098936097040109e+00
-1.613981553041335815e+01
2.279168532899349486e+01
-3.083301545347451622e+01
-3.497914218494844363e+01
-2.435107907757827661e+01
-3.237644649339076253e+00
-2.902100110976047365e+00
-2.256401822423925729e-01
-2.770400197027123035e-02
-1.575099508494615108e-02
-8.022037994478026235e-02
-4.109622520606366347e-01
-1.435811541611079711e+00
-1.553845393968130706e-01
4.301605730828449436e-01
-4.357139743477637106e-01
5.120005442604632639e-01
-3.033192169955806206e-01
-1.974310664007244753e+00
4.189389391789166694e-02
5.741568591503654062e-02
8.312669307496258764e-01
7.249131316531641778e-01
2.106513708110353544e-01
5.374892055768928367e-01
-4.804685310122648878e-01
4.214613657837773530e-01
-6.523904904990011910e-02
1.267124221084777957e+00
1.176944615513151327e-01
6.237201612429466024e-03
-5.527136579204450229e-02
1.856820054248251584e-01
2.517745978776186888e-03
-4.277007051469944310e-01
-3.421317636543115270e-01
6.433282508318483028e-02
9.372262390318919500e-02
-3.958448496181365961e-02
-2.997321900526314087e-01
-3.714485174037736592e-01
-6.839780119517239187e-01
1.084188766682389060e-01
6.890345526181634872e-02
-5.655057544584241036e-01
5.875831112892380137e-01
-2.410267880513352057e-01
3.026184957960211253e-01
2.847452356960544773e-02
1.553343174795046577e-02
5.526860028455710117e-02
-6.257858223308909729e-02
5.592549352826717834e-01
-1.099248230328445430e+00
4.581532396027589438e-01
-5.281934227027957895e-01
6.421608167366213982e-01
-1.251593222326128352e-01
4.434607962209639043e-01
-5.069541448640505488e-01
1.776142506038538849e-01
-3.672593012654772893e-01
-7.610055898630073701e-01
-5.876102756981274045e-01
-2.295709039354143499e-01
5.390566800701992456e-01
2.263260584188953040e-01
5.929293844855250128e-01
1.237014751870831208e+00
2.946388662808224757e-02
9.942974338941490409e-02
-7.330368264054852867e-01
8.508925004879988041e-01
-7.155234200014283230e-01
6.179186605886162198e-01
1.582018818608686317e+00
1.067327023129615693e+00
-4.739108731798928886e-01
-2.597312437519875505e+00
-2.066967749146288114e+00
2.075559311292529685e-02
1.817054939196382612e+00
2.274617661934608570e+00
5.859898273102016830e+00
9.048503843755451470e+00
1.377812786585783300e+01
1.562132191595617670e+01
1.305401584629903766e+01
1.429190670219729498e+01
5.858617137370316641e+00
5.642672389534880040e+00
1.438376969488047052e+00
-2.233607735448572384e+00
5.500926688051535507e+00
-1.053386138121013005e+00
3.117531698287905328e-01
-9.569723016147406724e-01
2.937320395374854343e+00
-8.658362142013359630e+00
2.471821981244858080e+00
-9.520125134434550773e+00
-7.629218166994121475e+00
-2.260331126633715826e+01
-1.876124230979059249e+01
-8.760452268375505724e+00
-5.613360323108985028e+00
-1.512282249645778620e+00
-3.882955264515061344e+00
-2.676263009238314616e+00
-3.112920637812627955e+00
3.188616544793819729e-01
-1.419287939794700693e+00
2.896070139602419102e-01
4.530847365406802663e-01
-2.858820256492556333e-01
-4.182089052683586328e-01
-1.544032564686786124e-01
-2.390198804983851844e+00
-1.234785959995137183e+00
-3.434603647684868033e+00
-1.267809174629128677e-01
-3.992640064155248858e+00
-5.635968453257712341e+00
-7.769640429249520253e+00
-7.528936264241597343e+00
-1.231644812014098278e+01
-1.245519599653247411e+01
-9.268057631631417337e+01
5.788800679817852313e+01
-5.221393930199766942e+00
-8.954377640449735054e+00
-6.117286008603542768e+00
-7.530484525993998091e+00
-7.718516744517685879e+00
2.986283794126322277e+00
-2.937198204664028367e+00
8.750843554843044103e-01
1.878984625164406452e+00
1.079767672977246207e+01
1.038029427200412158e+01
1.626150344643404821e+01
8.513931080779727267e+00
-3.414859997022008997e+01
6.144252990516608293e+01
1.851670330800883590e+01
2.047752935209530278e+01
1.563009152340793406e+00
7.058579119889429876e-02
8.786830325240071460e-01
3.904081701748225441e-01
1.985159569979727756e+00
1.125348936397907451e-01
4.893009552874319823e+00
-2.579999618280567564e+00
1.135548617437202701e+00
2.489290942414439378e+00
1.370019016153899205e+00
2.010657130911845503e+00
2.875106312247070584e+00
9.200859552523299456e-01
2.992487975384090504e+00
4.938603927108838221e+00
5.181730462830429929e+00
5.699677043364733464e+00
8.559404176556984822e+00
4.441514709408394879e+00
2.189313448053930244e+00
1.241903481185225644e+00
-1.567413236705881729e+00
3.131455797176265321e+00
2.238340745527622744e-01
1.305510319356919524e+00
8.210109373526108811e-01
2.818601567842115685e+00
-3.854566583597751617e+00
1.770505816060719440e+00
-1.181347934246829823e+00
-5.539346425849771549e+00
-1.323935905936989244e+01
-8.710859990415507070e+00
-6.824488819217494395e+00
-1.060436771412994972e+00
-1.953713337056566246e+00
-4.954192567359561039e-01
-1.886596563744265431e+00
-6.503585356209831581e+00
-1.774760052454122050e+00
-9.070941817927926643e-01
7.489933912313047060e-01
5.464309555791313500e-01
5.798274445363320595e-01
1.620100315243210298e+00
-2.543111916908007419e-01
5.838053731424891479e-01
1.101469069146499447e+00
-4.338349622147678053e-01
1.041681889054242305e-01
3.949824917514258016e-01
5.254016042138665021e-02
-2.790394821213798005e-01
-3.886817029321079087e-01
5.728536672272347419e-01
7.927053974538662562e-01
6.111037855058516488e-01
1.535304459559538870e-02
1.801787495621542945e-02
-3.397828330652770124e-01
-1.489728829096147900e+00
-2.259946566690584024e+00
3.391424344465778784e-01
-2.645928407555164785e-01
7.252270600089130159e-01
1.231758376419493706e+00
8.582807454369646427e-01
3.230213678420400525e-01
6.765914662123974077e-01
-2.865892381695247515e-01
-1.971513204217834936e+00
-2.651749533916121226e-01
-1.371942865846361714e-01
3.451006789324180257e-01
-4.336611401256482701e-01
8.128921013181633626e-03
3.859030467040214241e-02
1.002549058495417755e-01
2.476612144398007143e-01
-9.213059055519712270e-02
9.304335859876400328e-02
6.069673282391975233e-01
4.671289067175874443e-01
1.150537984646209377e+00
2.799905602158374585e+00
6.041850555646210985e+00
4.691111552253966366e+00
8.209580919087125395e+00
9.902515792898466174e+00
4.683362375913091569e+00
1.432441396897189634e+00
6.451817576358571671e+00
1.950983213987186105e+00
-3.361286209535442993e+00
-5.725541912763787877e+00
-4.747688815229459181e+00
-6.137291206460719906e+00
-8.137722101681521991e+00
-6.989505581644669618e+00
-5.384093661728472036e+00
-4.964164375985921751e+00
-3.512958338140264036e+00
-1.349908448760321900e-01
8.920276562844799972e-01
2.321815340927924964e+00
1.325814249564680969e+00
2.014674714924833410e-01
2.672444452061434106e+00
1.712655731494448474e+01
1.443215962850171508e+01
1.043878378049747369e+00
-1.212416506872351363e+00
-2.045993022256731209e+01
-4.975896545969789031e+01
-4.185268433526616860e+01
-4.247263045661445346e+01
7.272262222350605043e+00
-2.558736782351792272e+01
-1.909391190566032037e+01
-1.125584777620252908e+01
8.378438256078634083e+01
-6.833088912975431128e+01
2.876334250393725256e+01
4.383857383399299579e+01
4.003011288195982331e+01
1.777470652576181820e+01
8.859428962990097745e+00
1.092090321387091478e+01
1.035722898147792392e+01
8.425435960135949642e-01
-5.387926502306224386e+00
-4.898142407224970185e-02
-2.924990167132399677e-01
9.154945614088205730e-02
1.588015568822953583e-02
-5.849821373218411225e-02
2.165453621427717579e-01
-1.855068827986539048e-02
2.202241322753817343e-01
-2.391303679167181784e+00
6.623443602079390757e-01
7.937245176655167711e-01
-2.645745967635394269e+00
2.175347435651599159e+00
2.254485435063529941e+00
-6.248340487765062790e-01
-1.459008622350160600e+00
2.006604749116838171e+00
1.178878764274080559e+00
1.629785686779651854e+00
1.103335083683315787e+00
9.444444107177822900e-01
1.212091186847974456e-01
2.477763874708127645e-01
-3.721673838278949376e-01
-9.998885450156862476e-01
-1.625557728747063280e+00
9.127555255400032763e-02
2.222533489238607274e-01
2.959820081070709819e-01
-1.828839570198486086e-01
-1.087446718106228616e-01
-1.132464556781478393e-01
9.165516849369055308e-01
1.565395550607647124e+00
2.162158983770231302e+00
-5.047980700071192928e-01
5.549252985626829116e-02
2.623753593598774358e-01
4.797889003154054421e-01
-2.367382668342230545e-01
-4.223259029051263269e+00
-2.148328895049917975e-01
-6.294795493098117589e-01
-1.786426486042837602e+00
-1.587152566984010527e+00
9.004565479536008610e-02
7.805048533888809814e-01
1.682467209945333053e+00
-2.472428015031535864e-02
-6.808151058806979350e-01
-6.360946884960672065e-01
-1.540749315777269146e+00
-1.602949439091300388e+00
-1.638287565504171983e+00
-2.213395429158608874e-01
-1.108409600406331741e+00
3.569903443996351178e-01
-6.055060808664127769e-01
-9.178516969923437019e-01
-1.198009988958279592e+00
-2.538307295258457330e-02
-2.432119073464846792e-01
-3.949759814051212459e-03
8.782217143739923237e-01
-3.801495118825144459e-01
1.132290207952038497e+00
6.780009950469300106e-01
-3.452803305729447714e-01
1.393240373329758253e+00
-6.406675970769398765e-01
9.051458893273930384e-01
-1.636470671010995304e+00
-2.872303445359710161e-01
-6.263935672294815848e-01
1.909472476387708006e-02
-1.048405067738421570e+00
-2.756827647421210781e+00
-9.381998935604835665e+00
-1.324191692657124086e+01
-4.935082816945957518e+00
-6.876199897538135986e+00
-1.870663948867353099e+01
-2.767869140705433750e+01
-2.783683525842744189e+01
-5.505636214973606002e+00
-1.235912661017050596e+01
-1.864870962703548685e+00
3.634930014858014147e+00
2.978451587023295133e+01
6.502523099925279837e+01
-2.621090301762760788e+01
3.430915589743214866e+01
2.717149334788416581e+00
2.646143656438294300e+00
4.951898291244521744e+00
1.430999763034275851e+01
5.474991746664869652e+00
-8.237561318601905214e+00
-5.267895860118478879e-01
5.817418985225932815e-01
6.260560320665471856e+00
3.889917993778038152e+00
4.814787577494930915e+00
-3.812068695506614091e-01
-6.672215527853332162e+00
-5.568199940612787557e+00
5.728066962563294062e-01
-2.125767134180156503e-01
-2.902241405703574362e+00
2.215964012736518551e+00
6.788387390386492193e-01
3.722137726329857177e-01
-1.691464864897028297e+00
1.004744139800513469e+00
6.201496758525425257e+00
-1.033195852398340442e+00
-2.298076637180621606e+00
-2.728517094015022515e+00
1.353143166482192239e+00
-7.272115019476685926e-01
3.201260964184271529e-01
3.670975403174355556e+00
1.504953430345703502e-01
-2.417988447991308743e+00
-1.352846277348535853e-01
1.599883279849998230e+00
2.136230096675590051e+00
-7.898258505261406270e-01
-5.026055083762336118e+00
6.029031208333213154e-01
1.669170368930554815e+00
1.802033931586010107e-01
-3.338024134740154469e+00
9.515557341246463352e-01
1.355043365486088724e+00
1.085617088676720243e-01
4.938381303786694154e+00
2.062778022739402140e+00
-2.249402861759867811e+00
-1.740854231722549716e+00
1.484694102322912101e-01
2.476364355691442753e-01
-2.721241897381267094e+00
-2.553237569230756510e+00
-2.274642181681252318e-01
-1.016488497387011414e+00
2.539422925747141235e+00
1.271490555930453681e+00
-1.425257706565540960e+00
1.056480620775686941e+00
-1.211167375081085851e+00
4.203431809463009650e-02
-6.594724077449720667e+00
-2.957430189823328703e+01
-5.698706306348935158e+01
-1.965552890896759664e+00
-1.832120008130171129e+01
-1.993958078567204950e+01
-1.071176623363001568e+01
-1.147473688196166108e+01
7.559899219656836067e+01
-1.549967160631595675e+00
-2.701906510384787907e+00
-4.581008036683726914e-01
-3.445567081790557040e-02
-4.685002074804603467e+01
5.970801020873146570e+01
1.212050730279455735e+01
2.967441057697671525e+01
-1.021065151102686031e+00
2.050354637002055114e+00
1.117475416729994819e+01
2.133200724193002884e+00
3.121393287323385834e+00
7.787529482983792661e-01
4.754209862656644248e-02
2.474055512830615200e+00
2.364528253989341522e+00
2.148374158630111275e+00
1.770130042687922511e+00
2.007556721459280435e+00
3.395256433720483358e+00
2.252139097041497617e+00
-7.857981834702636448e-01
1.778936642515542843e-01
2.730007728857644089e-01
-3.808269921685019099e-01
-1.444477277100474799e+00
-6.224726183814200953e-01
1.977140901614641011e-01
-9.016108353380763996e-02
3.423875720599504624e-01
8.059925017580760187e-02
8.636337150508008875e-01
2.821011281220309641e+00
6.912947316081119453e-01
-2.759658416926678015e-01
-1.662554490973704446e-01
2.844081152612201180e-01
-2.982209631535930328e-01
3.317022479031015436e-01
-2.533242541059506081e-01
5.475632144257502887e-02
-7.064509364998317054e-01
-1.772897446578673097e+00
-3.836805795181212897e-01
8.841250516805598814e-02
-3.762400233114295833e-01
-3.679378771795092096e-01
-2.049721459262530132e+00
4.490543246188606341e-01
2.926831341773589390e+00
-1.133206150664497924e+00
1.186989306916810039e+00
4.321240863350865880e-01
-1.655712858220614869e-01
-3.169580478157603132e-01
-2.393020331374233756e-01
4.606481955745471701e-01
-1.100832825779312074e-01
-9.071238944629067547e-02
-6.774595066003730182e-01
6.165928002679645914e-01
-1.079232539853780537e+00
1.372082885827554666e-01
2.498977867902986816e+00
2.503574608418097647e+00
-2.043511967437049215e+00
6.971962134115274878e-01
8.106152753874305006e-01
-7.179747032374024229e-01
-1.806531399690489703e+00
-1.329676382144258540e+00
-6.673606957489635061e-01
-2.759587545028316935e-01
2.943487474653530001e-01
7.055612218728519736e-01
4.742327633387719565e-01
6.438953775466216278e-01
-2.063489158045053173e-01
5.757802771078841531e-01
-7.230288723433537790e-01
2.547753495621826847e+00
8.868570379181264229e-01
-5.048493087679046809e-01
-1.525198280051593969e+00
-4.120136946106880416e-01
3.386094221998305898e-01
-1.793337868095036924e+00
1.668184938055539135e-02
7.324807533679948968e-01
-4.586773443051379573e-01
-1.984997620659592066e-01
2.628568515606648504e-01
-1.106132781978632629e+00
-3.644674483982224267e-02
7.089956100908345604e-03
5.205084437966567279e-02
1.310062086033102036e+00
2.254695061319513805e-01
1.912163313060792902e-01
-2.385720350896371578e+00
-1.839551451772519108e+00
2.062315249968479147e+00
1.056523638766933004e-01
1.014809963527789849e+00
1.649438605265221014e-01
-7.339769428159126363e-02
-1.702808703565746651e+00
-4.865511099024432129e-01
-3.900151280366671025e-01
5.941247437399771458e-01
-1.214823375586471910e+00
-4.267140426429796296e-01
3.199808751864678946e-01
4.432347544713729492e-01
9.400597017985669046e-01
2.316689886443177304e-01
7.861360873463614229e-01
1.559455313920057318e-01
3.196373600882769228e-01
4.204847467997119281e-01
2.006581719644069395e-01
1.245889681722541109e+00
-2.067447012417782837e+00
4.724520438256802457e+00
-1.134198392135292721e+00
-8.484416284717424261e-01
-3.068790798155113908e+00
-1.462485350825186270e+00
-3.045883028763755607e-01
6.412172903342484853e-03
-4.788851812453547296e-01
-1.706687622553977324e-01
1.678467463432569140e-01
-3.146632447521702236e-01
1.127743309674487104e-01
1.596791092559095571e-01
3.045855787636602696e-01
3.835892655885998481e-01
6.882143633093706914e-01
5.311656103227150316e-01
3.663897343829214392e-02
-1.545952274545437488e+00
1.636709519348170883e+00
-1.384698795601635446e-02
-4.605966014585638479e-01
8.640283434919451278e-01
-9.136296965736520059e-01
2.181845088416174860e+00
4.864263326984680447e+00
6.320840493895092393e-01
9.543416353415636877e-01
6.838543187398080647e-01
-2.307502633704903161e-01
-1.377107158850133573e+00
-1.250710816214059662e+00
-3.112267620713061511e+00
-3.526857962352797138e+00
-8.579684316012404777e-01
-4.753759756860325147e-01
-2.155863167068010622e-01
2.688666564473010112e-01
3.477898700306812918e-01
-2.500207308903493963e+00
-9.619584433772683241e-01
1.463454346734722744e+00
5.183696800172905572e-01
2.298531119327625216e+00
-9.159662806205171037e-04
1.963160072801597433e-01
2.057538412464960942e+00
4.457863725433991675e+00
9.537494331240994327e-01
6.314182524355214099e-01
-8.244234608852192281e-01
-7.560216963582110594e+00
-5.548148940875789137e+00
-1.009450034872878099e+00
3.072109962036693176e-01
2.027461078722669896e-02
-8.644270503925275406e-01
3.541719903829854132e-01
7.553186798763329435e-01
1.074731236226304176e+00
2.696283334390635389e+00
1.970592204084203658e+00
6.281332465646514152e-01
-2.374756787291830706e-01
-1.348094840293601049e-01
-3.200231858805668850e-01
-1.347858638890034877e-01
-1.504122102754711920e-01
1.182900867540454121e-01
8.346574211814536404e-02
-2.796994364817521062e-01
4.741240999330733064e-01
-5.273243686554831555e-01
-2.264992003071867877e-01
2.898036397080872018e-01
-2.301888273336116231e-01
-7.409467399354263684e-01
5.584817989334732724e-01
1.917435795890909844e+00
-9.531055744052552292e-02
8.190117793695061987e-01
1.211745220344795371e+00
1.150970535691007157e-01
-7.845457897481722398e-02
-2.729343720133790008e-01
-2.013879683625209527e+00
-1.728799381776546795e+00
-2.320727078202936555e-01
2.440584831548509026e-01
-4.614798479741101245e-01
-3.091308321701646822e-01
3.174857559702284338e-01
2.083497978187555333e+00
2.144286446599016571e+00
-7.649197498911806115e-01
1.145780402236437734e+00
-5.933104265705071434e-01
-2.506840170407862001e+00
-1.176806624815594837e+00
-3.313985153928513672e-01
-6.570701471243860503e-01
-1.463626910951349336e+00
-4.295942948441528131e+00
-2.566465412209109509e+00
-6.214362784788605154e-01
-1.706975528409509835e+00
-2.638122213600802013e-02
5.774994720100856682e-01
-1.900990167895493244e-01
6.649906711082209654e-01
1.696658063575341657e+00
2.777349845249164062e+00
9.572532964907471964e-01
2.295423551584288013e+00
1.985693014878186169e+00
-2.725410325301755865e-01
3.143433197351233055e-01
-4.143087021090534616e-01
2.784729925983060461e-01
8.524394502427878884e-02
-1.391866705579691832e-01
-4.074453878334616252e-01
-5.029214817695558892e+00
-3.062463170308135751e+00
-1.140680438551102682e+00
-7.005731558897210220e-02
-5.988743113542742691e-01
4.910936352536783289e-01
5.510340262423447655e-01
1.370205641287807197e+00
1.572838471473680499e+00
2.505792915505759666e+00
1.409599790820903920e+00
3.924122924462270845e+00
2.752632617109684876e+00
7.112847514355642886e+00
8.384181413728738264e+00
2.839744300344133165e+00
-2.013732425060368314e+00
-4.365585151296821564e+00
-2.654407725310450772e+00
-1.955402896602462803e+00
-1.888923679212242135e+00
-3.019752076639549365e+00
3.296432367060678992e+00
-2.677341685301453111e-01
-1.212517026286035460e+01
-6.233170397887863601e+01
-8.111640191109117382e+01
4.645545160858590350e+01
-1.539204336059802358e+01
-1.856488776862074985e+01
-9.590714855997475752e+00
-4.505435719271559947e+00
2.886385941548752498e+00
-1.748730063218800979e+00
-1.172137914169013584e+00
-3.150329325255881940e+00
1.457553864833897705e+00
2.528249362964345437e-01
3.386283131032826077e+00
1.696760918059737833e+00
1.648364007058177094e+00
-1.093209616915487459e+00
2.010489690086549786e+01
1.020396743148282326e+01
1.960710006532420380e+01
1.512663161993640415e+01
-2.364514260544912361e+01
6.317038712077159346e+01
4.052209577145806918e+01
6.627173940175993927e+00
6.192971902949642171e-01
-3.800280010066574565e+00
-5.356709902335073714e+00
4.722263262511281479e-01
3.068481189861573810e-01
-3.503500346409031962e-01
-1.859639345857546644e-01
-4.663682397631001564e-01
-3.829907344074143793e-01
3.899260585402997137e-02
3.075267066461462306e-02
9.068562164315563390e-01
7.747830969888688246e-01
2.752184460509047303e-01
-2.201068881377680198e-01
1.099129585712907975e+00
-8.482177564243953416e-02
5.627042478397442649e-02
-6.121850039155907197e-01
-1.076480480130865280e-01
3.810399792635861260e-01
-1.352855269120630255e-01
-2.300682886525243220e-01
1.103866599467165366e-01
-1.159469703842903598e-01
4.712573234598503857e-01
-2.752182368650155642e-01
-1.012564042790716767e-01
2.779570383749158657e-01
-7.909601481828743008e-02
2.085716804375108424e+00
1.495703104786367810e-01
-5.292840874583371047e-02
-1.182386430299951163e+00
-1.933714128405817689e+00
2.096623185934454181e-01
-1.905092598654900549e-03
1.196167000582938345e+00
1.093976891763468462e-01
-3.063490456776755133e-01
3.422832236177962839e-01
1.507374029746819666e-01
9.169938775889228122e-01
8.260532872014136885e-02
-3.104902181750190948e-03
-1.684642266065603522e-01
2.948845824288486295e-01
-8.302414561571769269e-02
-4.854831156854340080e-01
6.312027270599864792e-01
-2.180724255406010226e-01
1.216071385015778272e+00
-2.549338530300935268e+00
1.757901669401099820e+00
1.127352657525532820e+00
-9.729025412867540190e-01
4.195678207263409121e-02
7.292995925295135962e-01
-6.767933403862120834e-01
2.115601204848679195e+00
1.587011929452124548e-01
1.284554524391978703e-01
5.082160640644772798e-01
-9.888736408480269802e-02
1.039100758905834532e+00
3.515012037511926479e-01
-1.505966555658471151e-01
-2.648697005159652562e-01
1.051051747702454797e+00
-1.107701824504877308e+00
6.355723722587747204e-01
-5.736526319468193691e-01
-3.961312618696254617e+00
-3.294381442591852505e+00
5.238773176934512499e-01
-1.330050954419061959e-01
2.146401769414377214e-01
-1.430491694402267755e-01
3.026526719099831286e-02
-1.128172737054875530e-01
-4.585996502278096854e-01
5.393805639359985360e-01
-1.898717174425011978e-01
3.091321971476955754e-01
2.155275002882340307e-01
8.584732144653055563e-01
2.210538175403566896e-01
-1.357242421993765102e-01
3.487745592221380697e-02
1.832406057119095877e-02
-1.737692900004883523e-02
-2.586485767570303462e-01
-8.732857962271989294e-01
-1.190602602766656304e+00
3.761413973709746283e-01
4.935069364229939248e-01
-3.942902283914384576e-02
9.135072511483220969e-01
-1.494032773504335276e+00
1.796665865908455562e+00
7.522053595622979483e-02
1.554593652869065812e+00
-9.709728179805021675e-02
1.347777364124581156e+00
-1.138209840010865559e+00
1.635594042554595617e-01
-6.494351275453904559e-01
-1.831535539475136920e+00
-9.038414527285800748e-01
3.101997956107570564e-01
-1.724635228143613919e-01
1.835721135221679567e-02
1.551338146705055765e-01
1.972331296276660373e-01
5.605555693695812858e-01
-2.935605632023410849e-01
-2.330304531883968244e-01
5.320874773638439859e-01
-5.898694454783171004e-01
4.957129113712588353e-02
1.458307417820223217e-01
-4.072601622774839059e-01
2.275310974009999709e-01
-1.449474886559140030e-01
1.504446791139224526e-01
1.000207752938632733e-01
-1.339216505225800380e-01
-1.549952302841738350e-01
4.587176133062798034e-02
1.016217904258028826e+00
7.429351140551583299e-01
-1.714880233478458527e-01
-1.091227194553269220e-01
5.311357907691525160e-01
-7.973828583531061831e-02
1.317461724862348804e+00
-1.437504000893155442e+00
-4.033919735163832954e+00
-3.454410890602139794e-01
-1.709138200226653748e+00
4.216521017467114163e-01
5.763274144641234997e-01
6.267652276900737007e-02
-2.041850198997483545e-01
-2.748443359976526779e-01
5.978226693904140632e-01
2.255341146409639563e-01
2.282317725122933183e-01
5.493389082703892257e-02
-6.430602031865140233e-02
2.308962119126047874e-01
6.490764156170891752e-02
1.520149353595106057e-01
6.261294936832686453e-01
1.087522130526167974e+00
7.052049645408862144e-01
3.759951034164488726e-01
-3.090486075055205450e-01
2.384365047078548516e-01
-1.852615737633376003e-01
-1.256513683451986330e+00
-7.989725641431559833e-01
-7.574899263365963975e-03
-1.748913106058597844e+00
-3.036197167420988663e-01
3.202283034626081104e-01
-1.216572262396487858e+00
-2.194503363840061283e-01
-7.375941144518272097e-02
2.622797942231676060e-01
3.529948625025802755e-02
9.212696009124696772e-01
8.909286022018290119e-01
1.231071155145850859e-01
2.129785057703050377e+00
1.194164348447144475e+00
3.517434614077175059e-01
3.048523644784768005e-01
-2.016852454920947668e-01
-2.823559317648383082e-03
2.918177447464683216e-01
-2.181153827048952776e-01
-1.133756626847216009e-01
1.731326934525377337e-01
-6.531900214780195224e-02
5.145806732604235600e-02
-2.614403822816293577e-01
1.132082189539452832e-01
2.880832965817264335e-01
-2.255031111262521537e-01
-4.415521640153674543e-02
2.981276995602720192e-01
-2.356281540470243074e-01
-4.426260361112965280e-01
5.815648234139906281e-01
-8.990310821338647340e-01
-2.396547253032548230e+00
-8.257325650888787116e-01
-5.421156827235655840e-01
6.017918495010161628e-01
-2.152206512580026043e-01
7.204986834378912519e-02
1.331296375674630994e-01
7.129793274238234169e-01
3.839451570780094691e-01
8.165589931433872017e-01
8.255167199273559797e-01
-9.045354570782176973e-01
-1.582575725175449310e+00
1.379959944170323638e-01
-3.334806660017934909e-01
-3.426541965470120132e-02
-9.968111652000555267e-01
-1.623786466820931196e+00
2.752811629447272868e+00
-2.250162050053754470e-01
1.075411507993737636e-01
6.734127277007733170e-01
2.365814377592201367e-02
2.701987485827022084e-01
-5.053232847984023834e-02
-2.053541053605192346e-01
-1.570003003745044090e-01
-3.058496959472778443e-01
1.714926589062319984e-01
-2.476405013137190636e-01
4.405532714514071024e-01
-6.132210838862750535e-01
3.753908353014066002e-01
-5.867073909104312257e-01
-4.314648699376832930e-01
-8.708874038279059704e-01
-1.325564397647885251e+00
1.620077568514459720e+00
2.181343698186566371e-03
-7.972772742576150762e-02
1.282349766294519355e-01
3.361917574294626121e-02
2.142003216870171478e+00
-3.862620437056514255e-01
8.450960608061701684e-01
3.503786842541964930e-01
7.431148611652786951e-01
3.334496373316598650e+00
2.947604617091195145e-01
2.251688398977149674e-01
-1.053061106935700098e+00
-2.788842219654299903e+00
-1.362974576155749684e+00
-2.254042483631051308e+00
-3.304943416934253975e-01
-7.274345907201418271e-02
-5.520258010661054371e-01
3.088405537757527242e+00
5.283858561519307884e-01
-2.838953926047340204e+00
-4.854731079873895183e-01
3.947537020625304649e-01
-3.313028445558616752e-01
1.945963314012981726e-01
1.604401718063561688e-01
1.411733391869613996e-01
-9.582148989727556909e-02
3.994924561035695376e-01
-3.201442144838191339e-01
1.847407860956451486e-01
5.410234482984019877e-01
1.286278371262176368e+00
1.054184154518013727e+00
1.039812884895130241e+00
1.706798021091575857e+00
7.274879995418077172e+00
4.597498380648813310e+01
6.942371797167727721e+01
6.011927134426575492e+01
-6.907406130862472082e+01
4.176076887115144132e+00
-3.273638919183383678e-01
1.086390429900504273e+00
-1.153220668414135730e+00
9.309851888335600734e-01
6.782274045887390912e-01
-7.869975263424052514e+00
-1.672448366641589246e+01
-2.217899579476413408e+01
2.518662410327434031e+01
-4.229135012413003381e+01
-2.090724514930668221e+01
-2.325530372422640824e+00
-1.209559431296284160e+01
-7.041199151189971417e+00
-8.072514290896553035e+00
-8.605064604708868359e+00
-5.027338926723128765e+00
7.204768301831787625e-02
1.541140885101503599e+00
-8.143930963183043659e-01
7.228602266939150311e-01
8.958794297645846783e-01
-4.259884676066389986e-01
2.041181731370537378e+00
6.651861998477257565e-01
1.153799382240844329e+00
3.489120266947456361e-01
-1.716479579523540355e+00
-3.752388672013178272e-01
7.909606467579810563e-01
3.451151411981595363e+00
1.548802611968348675e+00
-5.163059096946749360e-01
-4.930183246899888516e-01
4.568048935198583127e-01
8.104760542647047039e-01
2.430922386196661122e-01
-7.346450400046167672e+00
-1.045307403343594999e+01
1.182529417293075369e+01
1.635749002227946391e+01
-3.024638181717870822e+01
-8.657771349493700086e+01
-2.527234839893129958e+01
-3.337963027964221396e+01
7.482820556748997376e+01
-5.835744179747550220e+00
-6.633804808281212217e+00
-3.759492130215051020e+00
1.104402581981673848e-01
2.385885459653110274e+00
4.142171002626639620e+00
2.418705312304766153e+00
1.122934224729608843e+01
-3.700907335898283179e+01
4.862229044712971415e+01
6.059042906646719473e+01
