5.569634214894856206e-04
2.628595803667882307e-03
6.348631621139802766e-04
8.738945484419992317e-04
8.925463924104903347e-05
8.062700974226384362e-03
9.080622241423597909e-04
8.865758041401444398e-03
3.884585696207337057e-05
6.069522926730455334e-03
3.595604009618201709e-03
8.457606279160292647e-04
1.803879624011921765e-03
2.688110512485241809e-03
1.812270345651287046e-04
4.356007213814974688e-04
4.548745595653236784e-04
2.378722887753335468e-03
3.657740404109199699e-04
1.005746415187844679e-03
4.172040129084554801e-03
1.449043090220113834e-04
4.229910818516865100e-04
5.568869393368252631e-04
9.778127960145759187e-05
2.857972681557354247e-03
7.204926750768420691e-04
3.989055280187876187e-04
2.137842445116561868e-04
5.492939113400542714e-04
3.440434820060951030e-03
3.637708065797973754e-03
5.692340652797544046e-03
1.854257988183398605e-03
1.732342782257918073e-02
8.316840460278205130e-04
1.991021543647932164e-03
1.298680507104079188e-03
2.437529245859203241e-04
7.537152466707272092e-05
7.526816028257895904e-06
2.553186882335668761e-03
1.894859768170006811e-03
1.000887042763780012e-04
4.370223773752491777e-04
4.017438985054469329e-03
6.248194379315502448e-05
6.310645607773904264e-04
5.922313805027595380e-04
1.074653287644707599e-03
3.427114332647202086e-04
2.489135803479700267e-03
3.432118489710962814e-04
2.608160363782827422e-04
1.480761876892025498e-03
1.759575249876485915e-04
1.668392005177287730e-03
2.858783606341959438e-03
1.491812694369113075e-02
8.469381864553154546e-03
5.544512386478033308e-03
1.986684940688593706e-03
4.715606327973091184e-04
6.437910815088996761e-04
3.338046368542863657e-03
3.073693488374210168e-04
2.151904011638441461e-04
2.940050780368804666e-04
9.594604226621232697e-04
7.596271614365114264e-04
3.412532881845410735e-03
1.750812937574890366e-03
1.677105112124439423e-03
6.761196142330172954e-04
4.309321648809508794e-04
1.919345291391598169e-03
1.093638231634832484e-03
3.232629660514540083e-03
5.361341574674032689e-03
3.996020559315390311e-03
4.567250570247079829e-04
6.251418640633440516e-04
2.253920945448134681e-03
7.312761623087224265e-03
7.342015077958669598e-04
1.776258589016345966e-04
1.855405449195374331e-03
1.078920872151929565e-04
1.509537468606855391e-03
2.827357756978524962e-03
8.658934132366775602e-03
8.642033231085268245e-04
5.608609803075034934e-03
6.763450439685582492e-04
9.389802528324557758e-05
3.906928431880118957e-03
3.775693442136020283e-04
1.396921418316315801e-03
9.751138802294924413e-03
1.082807985386325571e-03
1.647830753630539569e-03
7.778597674234483507e-04
2.036085905277584211e-03
2.393455309123644712e-03
6.044418763942106809e-03
9.456613519083242967e-04
9.773307179814835072e-04
8.015211278719377823e-04
3.513285653966592410e-05
1.432308593564862384e-03
4.726481190873091246e-04
2.449285763128345502e-03
2.242682851977465322e-03
1.426938470236734200e-05
4.938708458160199002e-03
3.903892461426700133e-05
2.294417089058670145e-03
4.255507940171590273e-03
8.367722237698219578e-04
4.983536594764017549e-04
1.446028376565392610e-03
1.362611530264652942e-04
1.569159361503526858e-03
5.532905695026184680e-05
8.264598159661405360e-03
9.189959011304553362e-04
3.720880900642000409e-03
3.756725848635068723e-03
3.667771966681845474e-03
4.570221896210398607e-03
7.511914495546426554e-03
4.718804348822910714e-03
8.811941389621798584e-03
7.295369232130194739e-03
2.347068561734517739e-03
1.979322990753988338e-04
1.873547462998150382e-03
2.388950511778494511e-03
5.670321553063576575e-03
7.834870559502799198e-04
1.082762886067495378e-02
9.239978130249631993e-02
7.740016377652696178e-02
2.627567990177488710e-02
3.353466759003524700e-02
2.772002899116343330e-02
7.897032766240467960e-02
2.846512388084460055e-02
7.281417391785360849e-02
5.918985274312889289e-02
8.253608757649559535e-02
4.624012831260542605e-02
6.121688539918990202e-02
8.268678395056133779e-02
1.884813614834978876e-02
2.685643210281448215e-02
1.787136534839372029e-02
8.909421824819296681e-04
2.928059700485818873e-03
3.803194697058972801e-04
2.778720648917955760e-04
4.420749330292394856e-03
1.684493044295918293e-03
3.505063179194661815e-03
1.222116409389895336e-03
3.335394520781054771e-03
1.734544600424261064e-04
4.038442913085324090e-04
2.345135824082831362e-04
7.828260791996567367e-04
2.756958465156875582e-03
7.500189608153221346e-04
3.195657962900307200e-04
7.290897186226139720e-03
1.990575044036488935e-03
4.621189032439408195e-04
3.701139196503999695e-03
4.912773779105854537e-04
3.229366192417719932e-06
2.754981739779885884e-04
5.491535335319088981e-03
1.608809695406936569e-03
1.585826219660282617e-04
1.192066804834562496e-02
6.329017270940730504e-04
3.146406544469194152e-03
8.626610070053756900e-04
1.776916790331982063e-03
1.422292297366133801e-03
5.224456449801280142e-03
3.405855873422866317e-03
5.185231721356336337e-02
2.024720972863200408e-02
1.654435944772613548e-03
5.620791465985788132e-03
3.661196105273979012e-03
4.501724138458267337e-04
7.978896385164960551e-05
4.338405780841212041e-03
2.066525074322908117e-03
2.308483317502861738e-03
1.166494212874711039e-03
6.505689859914973693e-03
3.809409544824571238e-04
7.316794570410438446e-04
6.857196620637393339e-03
3.112106960585445288e-03
1.801940269147461401e-02
6.869071818685716473e-03
4.311665064944414545e-03
5.892878102819373290e-04
6.411210842741328630e-03
1.905109421023842191e-03
3.546479062899693651e-03
9.047302668288481533e-04
8.929903425900057728e-03
5.575252675521482010e-04
7.271274118607973236e-02
6.673231568627582475e-03
1.953172958159795844e-03
9.417877151223265093e-04
2.833827999101477899e-03
9.470966589637313734e-03
2.228713572494360300e-03
2.121137640693285687e-03
1.974865431697924280e-04
9.222835635369936325e-04
8.953908286512187245e-03
1.625825268224601397e-02
2.331716626209968946e-02
2.771011322480763754e-03
4.020265156865446970e-02
7.517842101993850445e-02
4.302930231819551005e-02
1.856483055736920726e-02
3.564930858846180467e-02
1.697084359171589785e-02
2.222895674009003029e-03
5.752260714703936149e-03
1.820388444994287336e-03
1.032048090791454556e-02
5.767687753506009832e-03
4.019517056917306166e-03
9.545572688116007315e-03
3.901599526971748959e-04
2.120080373541183977e-03
1.759284672707903336e-03
3.376264287453092927e-03
7.010972220473576759e-03
3.004138517683830646e-03
3.961883274618790626e-03
1.461380676541391456e-03
3.059498216860899369e-03
1.484483181935633209e-03
3.146632345139583481e-03
4.747759504470927267e-05
1.596511431891337474e-04
6.189468115459073995e-04
1.855136547738868544e-04
2.564369554839477251e-03
3.049623161787176108e-03
2.498328325468415420e-03
5.549323154209127558e-04
2.234955867915033954e-03
5.526826442866020206e-04
1.406732763288724708e-03
1.288676326720725228e-03
6.814077018175694438e-03
2.424060313581586495e-03
1.202225860470817337e-03
1.030505534782568842e-03
4.870659311008419812e-03
2.605517066234536313e-04
3.096892320548559879e-03
4.651858506165478489e-03
1.175331149870692191e-02
2.775272545743922778e-03
4.487941180039920755e-04
1.957586973226307144e-03
2.092650699449333240e-03
6.821918270286790945e-03
1.801655995422706165e-03
1.014306489068701527e-03
9.384496782603141780e-04
1.196809350317717610e-03
3.879240111800310166e-04
6.625168087099535773e-03
5.213465819496623799e-03
5.117458708408724119e-03
2.717653083541323052e-04
2.524039509719650659e-03
2.379436197007655379e-03
4.246097662378022983e-03
9.624711420874507541e-04
9.921056239428063458e-03
1.212718000071364571e-03
5.013158089726114756e-03
5.185942877394234332e-03
7.234147423423393152e-04
3.482565412544763074e-03
3.357695349982063246e-03
2.578738893549321356e-04
4.699870758223980219e-03
9.441546533617929671e-03
9.999900906895392919e-04
6.247687817372613419e-04
4.339642912632822071e-03
1.330172397011618150e-03
5.977396080908349736e-03
5.546707861941407684e-03
1.944752074192109383e-03
2.980514539877978340e-03
6.793719358302930007e-03
8.982182709590928347e-04
2.255037615158703591e-03
1.132697419189142816e-02
8.888811586518581900e-03
1.622437089963311117e-03
2.915477064263204826e-02
7.241801517144845143e-03
2.536597610186705661e-03
5.125187042057113666e-03
9.923275142189285150e-03
2.528842884582445383e-03
3.093793701809499468e-03
2.616803812036704383e-03
8.364133991670484169e-04
1.737882588743527943e-03
3.509720256180056362e-03
1.598414535430167042e-03
1.286070639530206405e-03
6.282143997781788326e-06
4.910134111177217849e-04
1.626961903920557068e-04
1.527087721839928648e-03
1.569907360609987127e-03
4.566835953759219489e-04
2.685903093274973584e-03
1.634153809347052273e-04
4.513663320288086207e-03
1.406605699213186837e-02
1.515108966025539156e-02
7.977166268692984039e-04
4.232749963715863248e-03
5.444442733276310190e-03
2.264551502507443706e-03
9.653415275147230780e-04
3.765048461492655619e-04
4.940165131690858573e-03
5.493097552279216887e-03
6.089285187861292982e-04
6.132598870394687270e-03
5.537933170577571257e-03
3.594160344616201350e-03
5.091469384546474033e-03
6.230854752079829917e-03
5.345058219183214951e-05
4.220074557810924061e-04
2.416345019483210482e-03
4.925489273064597969e-04
1.764875626685245488e-02
1.065058817935356228e-02
7.659849630274533777e-03
7.414731396315311224e-03
9.504950417977909086e-03
1.122480600944215055e-02
8.590701253280312588e-03
3.319544573792665085e-03
6.918706029963330589e-03
2.132495834607281600e-03
1.295363076383676017e-02
3.207892203022273854e-03
4.033700998626043449e-02
6.579542553310794607e-03
9.421711692612253723e-04
6.942697080142355703e-03
1.099812077683112385e-02
4.297384026189051591e-04
2.242695096141894475e-04
1.079169101269130716e-02
1.695801159397588263e-03
1.358840707344084395e-03
3.094755345249606496e-03
1.865598241195723372e-02
2.769902543922038787e-03
8.997567883040761758e-03
3.264930036372236475e-03
2.873866835470281419e-02
2.472297837625765660e-03
1.100260946713953192e-02
4.242848716498466045e-03
1.091618160653117040e-03
6.383400926902853961e-03
2.253593088397847638e-02
2.907379576464048584e-02
4.875555936180667876e-03
4.334623717408632622e-03
1.361540465954275483e-02
5.722811617524773027e-03
1.284342448603045979e-02
4.093758290379461567e-02
9.178320122709169443e-03
1.262796346766304530e-03
7.792240414356895774e-03
9.427765377470989638e-03
1.382371774263611852e-03
5.023800546173531889e-03
8.375114603781609254e-03
7.879757197025711105e-03
8.143158365171335178e-03
1.733683091816101782e-03
3.449207720979120297e-03
2.809785142566175418e-03
6.320554464645704654e-04
2.734430946558352032e-04
5.924227365173394136e-04
1.107806459815282663e-03
1.371732153099671685e-03
6.619679031045952976e-04
9.079140463385444032e-03
5.836374703271952034e-03
8.525725657426045734e-04
2.125249099357187036e-03
1.487790113465602701e-03
4.233144081916040240e-03
5.234619766281452605e-03
4.784528721846561389e-03
1.017757812454585806e-03
9.735469575026662855e-04
3.181742673653883968e-03
2.998207999539485163e-03
2.273424872653306567e-04
4.173307226287684135e-03
1.281760345224443060e-03
2.393524417481256768e-03
1.815551390320958598e-03
5.837186579462772104e-04
2.414266018174953277e-03
3.829810508368972034e-04
3.971272317823590879e-04
3.372876844821009502e-03
1.980323677933793283e-03
5.689150996618729840e-03
5.083153075886632025e-03
4.538370250352704617e-03
1.743253390371646196e-03
1.062439436865770864e-03
4.138513916806928900e-03
2.266013948787788668e-03
4.075255240736421099e-03
3.840407446441991991e-03
4.128708862119041985e-03
3.294932485999812859e-03
1.897508740574151273e-03
9.886626089415620662e-04
3.719847166858940811e-03
8.189576989947699830e-04
2.317991158377664430e-03
4.403681069797788644e-03
3.722228235091070044e-04
2.287877775772461687e-03
4.422475088263871077e-04
3.507564341690893803e-03
1.274205103871193807e-03
2.472751046019294741e-03
1.097202466996881082e-03
7.574524065132761177e-03
3.726758230428608206e-03
6.579034658019624129e-03
8.533980532718182105e-03
2.117499965326574002e-02
9.895267349103169241e-02
2.519174928346137529e-02
3.571708126521850463e-02
2.034823150615699267e-02
2.040066191237325036e-02
4.297797555668722569e-02
2.095885852169273103e-02
3.231494726441767884e-02
1.424372805358781711e-02
2.422688755021606272e-02
2.268282006619761620e-02
4.816398134858340674e-02
7.687913265467703761e-02
1.748448767655380251e-02
1.662673520332689711e-02
1.111932685018610567e-03
3.473106276687755499e-04
6.958274486524357663e-03
4.507660729802039253e-03
5.007149794882554544e-03
2.177603018744530411e-03
3.112376463821762062e-04
1.921638582652521752e-03
3.116231589459210298e-03
8.644870841648034281e-04
4.769029858407689759e-06
5.948553060310117664e-04
2.238396004142219689e-03
2.357132295975005690e-04
4.139915054552350138e-04
1.088471089361312981e-03
5.536851929620934020e-04
7.040355090353554160e-04
6.969852720674846527e-04
5.674787052361148984e-04
6.312061785040196582e-04
4.943880360278592005e-04
2.020279144889534223e-03
5.995342888345632374e-05
5.149635576954619993e-03
1.721141817335964351e-03
3.070465355011906244e-03
3.188920820474527330e-03
6.323191325119256745e-03
9.487418806482563469e-05
5.306669158684633111e-03
6.101989609009325979e-03
3.111690016883289760e-04
1.375760820254352248e-03
1.086960522980007487e-03
6.495237167221280285e-03
4.605832637734720743e-03
1.750353466837997144e-03
1.393853648913286948e-04
2.971750532771700020e-03
1.130375582971579300e-03
3.231368457541457934e-03
2.095393198074762403e-03
4.852875862824929760e-04
5.363317792343303206e-03
2.926185088513014176e-03
4.397075601351212930e-04
4.123119112889400912e-04
4.312656667078947417e-03
5.953964772411981556e-03
9.585901847207146855e-04
2.019265745511132117e-03
5.392534823391974437e-03
3.727978635690809518e-04
6.021173303999985882e-04
7.231747820911607963e-03
5.819082533862454838e-03
4.369845343106327877e-03
5.605727001149614711e-03
3.541664349840922647e-03
1.903574753104973457e-03
3.249006792797395768e-05
1.581152013409393986e-03
5.356422648696419070e-03
2.489933019879987663e-02
5.748667837423242569e-03
8.946774723364292730e-04
1.675414525681423461e-02
4.656520011005632100e-03
7.548173059169767385e-02
6.064673929386518725e-02
2.885949829430486252e-02
2.058339840224611417e-02
2.131744079409327378e-02
3.766447001846573439e-02
1.064401917622329226e-03
1.764152375437665933e-03
1.042619003021385930e-03
1.585429119873381148e-03
4.068490599841129152e-03
5.369121978219322956e-04
6.759479917223420141e-03
2.680639953799510145e-03
3.293694212618274338e-04
6.897134930836337123e-04
1.387443961889323323e-03
1.630461101521073815e-03
1.344316375613605887e-03
1.437230987790852213e-03
3.225964318958213142e-03
2.082277665983882191e-03
1.845587660981624564e-03
5.324301410169202456e-03
1.450707030135506802e-03
9.478098189757657626e-04
9.884417063250072223e-04
8.530110930739230894e-05
4.768075171448553362e-03
6.836481400700445635e-04
3.437396146014636694e-03
1.721576852834447212e-03
2.681190647557675413e-03
3.814652688723027801e-03
9.915866993582284766e-04
2.247620616526169179e-03
3.101226979185537237e-03
4.582145702833104357e-03
1.477129821937266715e-04
1.901468837362612114e-05
2.476681750333632574e-03
6.177367991503990470e-03
4.851030196814970670e-03
3.500207799916531205e-04
1.105308744922982311e-02
2.547039965027586214e-02
6.126858912407991825e-03
9.106026104791423506e-03
1.420880991448590343e-03
9.090971417980964718e-04
5.817042734650528478e-04
5.210730068267741509e-03
1.696297616143731604e-02
1.350847884015300487e-03
4.929227817038548797e-04
4.680766014501803671e-03
4.378527675735477236e-03
1.404017266136302344e-02
6.640229735163715591e-03
1.345624289481124961e-03
4.919120832681719499e-03
1.566205311217420959e-03
2.172780054731457237e-03
2.551464531824846563e-03
2.924086993671388881e-03
2.219515649445928489e-03
3.779281512217453134e-03
8.912955571322203271e-03
3.462484128025107924e-03
1.345356990375920492e-02
1.467853752255087298e-03
2.218472253922461161e-03
1.032133591514877713e-02
3.981562603404698183e-04
2.653489021409932615e-03
1.739707556646349212e-02
8.306811052616070237e-03
1.442339090026382130e-02
3.874142059996211248e-03
2.776529794516009210e-03
1.617141070967664362e-03
1.586187249277566658e-02
1.971175859441346735e-04
1.455282699677211758e-02
3.609853991703250008e-03
7.840598190693734513e-04
5.468869311480428590e-03
3.303834219507904759e-03
1.841607878459466940e-02
1.050085561419494959e-03
3.026442731677722597e-02
9.162237933586159710e-04
6.930409147838951373e-03
1.046364099129269525e-02
3.779216712190478639e-03
1.170892819994234085e-02
1.134877652677362264e-02
5.742312973176949033e-04
2.754113493849473775e-03
1.714824005792440738e-03
1.433617133649552414e-02
1.684292708435605529e-03
7.705390985668823800e-03
1.648310988972568605e-03
7.132116156583110170e-03
1.143051835145329157e-03
1.447813440177588180e-02
5.102190400631983688e-03
3.731039064561868235e-03
4.720958976666446427e-03
1.402795577318565259e-02
7.301084039715887482e-04
7.558354434551901174e-03
1.613457898105050831e-02
7.601320706774605807e-03
3.430506483808296210e-03
1.871932589407277608e-02
1.405138336746382518e-03
3.898184112770953016e-03
1.511297282234036476e-03
1.957458925275532436e-03
1.436602995647892405e-03
7.929797036649618817e-04
6.660997183397777098e-03
1.166931990693027832e-02
5.266064556477474332e-03
2.781626620548668591e-03
3.079752758114158093e-03
1.474753537384653618e-02
7.742526559095785736e-03
9.546867147081042337e-03
2.364498024108006424e-03
4.246399691613610659e-03
2.715715377773316157e-03
2.384219446030035744e-03
2.286567259211309735e-03
2.580287271359961530e-04
3.669723633482131504e-03
2.804247970824790947e-03
1.000067768996271839e-02
3.922478250706186789e-03
1.791760863201583356e-02
2.075922296991952742e-03
1.257235079127674501e-02
4.652572158761127293e-03
1.478873855041141876e-02
7.173491972151350461e-03
3.807685464806302017e-02
9.593208394010486334e-03
4.300314057244375432e-02
3.996260684545048861e-03
1.643119301204853944e-02
2.253656684677130678e-02
4.565702964941640955e-03
5.459025298954164537e-03
5.212204210924098295e-03
2.347075907114005294e-02
1.455350848620154186e-03
3.482989493717320202e-03
7.817035148094914759e-03
2.152202772371964237e-02
9.195235437251141064e-03
1.236820513377530611e-03
1.190708478979213725e-05
5.968929652817242526e-03
2.960412737170242323e-03
1.605215261183637549e-03
2.146364906280200796e-02
6.700655840744139044e-03
6.794673746214801961e-03
1.265740028149007698e-02
1.028591971518376304e-03
3.641801469690503570e-03
1.572660945458937906e-02
1.412605892983601931e-02
3.676937065225285156e-03
3.613799943175917580e-03
9.382929464261230076e-03
3.960786085482705977e-03
1.184034095543655928e-02
3.214516662570218036e-03
2.782486523926082020e-03
2.945556375791597709e-03
1.281259925533920641e-03
3.260385103876663865e-04
1.233297755681675824e-03
3.601878749602237684e-03
2.867499694422115213e-03
4.814802646254360760e-03
8.505967064860991272e-03
7.140120547373723404e-03
2.274730054912126737e-02
4.029349056088184222e-03
1.456990159458573797e-02
1.684053794425955167e-02
1.887572776089204568e-02
1.413980989545764871e-02
5.673822694788015208e-02
1.660237208787885069e-02
3.735832523486701945e-02
3.944624749279752873e-02
5.610246063095084001e-02
3.144649731626091016e-02
3.387367073468536965e-02
2.803066890507088099e-02
1.880147857110084711e-02
1.525547131353505864e-02
1.132924513146023326e-02
4.091492769591253964e-03
8.830352452023817328e-03
2.129439372603753305e-03
1.763385459875823963e-03
7.275437245700846871e-04
1.783554993953832997e-03
7.439187801076710491e-04
9.025259703108603343e-03
2.329726856308758122e-03
6.407914103441447046e-03
6.079173139680096047e-04
3.551922494171195176e-03
5.913964824840658302e-03
1.501955650804963002e-03
7.182791986997258231e-03
8.076454304996996680e-03
3.049356589285618594e-03
6.309069874831276480e-03
5.349675571509904942e-02
7.789888750950425995e-03
2.226896601402525433e-02
4.265911172455578992e-02
1.510798615668537334e-02
4.752810388592731278e-02
6.692761709197680986e-02
5.879405478974248506e-02
1.715349154630083084e-02
2.248812939530106178e-02
4.218727347330882699e-02
1.502948648477750448e-02
2.053195965762108152e-02
3.057531240390391064e-02
2.838863918819318002e-02
6.719082235050241603e-02
7.713155513411394312e-03
8.508557091592349950e-03
9.312557181095115419e-03
2.399204884492456974e-03
3.230592319598897164e-04
2.806199540093646128e-03
1.114781040737207116e-02
7.043821446780408266e-03
3.145851199434264098e-03
2.647671913960726424e-03
5.678791761141705093e-03
1.167607911394819616e-03
2.597296785378366314e-03
8.898827801062898085e-03
1.954217090672535732e-03
3.057592142181363506e-03
6.554883997642418393e-03
5.633231768874020703e-03
2.244099076026502201e-03
3.817880119038204699e-04
1.830165148834262973e-03
1.220065529793003299e-03
1.865690515755377352e-03
2.126158926920539410e-03
1.124046373829109234e-03
1.627790922342249938e-02
1.673655834988680563e-02
1.093162463736361417e-02
1.409446695194187336e-03
2.037931961009176521e-03
5.221155690549881059e-03
1.457040362114807655e-02
1.012731689655254567e-03
6.074943107931653381e-03
2.976687344738974342e-03
2.205719431179779810e-02
7.955102509535093075e-04
1.244151352854886219e-02
6.765745275649234433e-03
4.123579680295710870e-03
1.870034814700327456e-04
1.202461913818588662e-02
1.279797636198165209e-02
3.246836457838206923e-03
1.957944635624914859e-02
2.968253008526854694e-03
5.110441036248852299e-03
2.490036685140814467e-03
5.529204739401360688e-03
2.231032812930277762e-03
3.201782363875792584e-03
6.289121602178627223e-03
3.601849436230662553e-03
1.126824685873210018e-02
2.350754980113796476e-04
8.862142211534228004e-04
1.056071852232825332e-03
1.151532098913609324e-02
1.557851143758706616e-03
2.348004697229891333e-03
5.499117723471254673e-03
1.839078118183533122e-03
7.133229057229893179e-03
3.915548259931372031e-03
8.990910307981135998e-04
8.668139502977824373e-04
4.231447832623674811e-04
4.273182442115545064e-03
1.616502313872221258e-04
3.761286334712322932e-03
1.109483500675689360e-03
5.914551586981453991e-04
3.785593519939915090e-04
5.775633272498727211e-03
2.389097091301607516e-03
1.921168883454378237e-03
2.114197235660468304e-04
8.785406840753459852e-04
1.646097497152013145e-03
6.696517837330967504e-03
4.456299981207284197e-03
2.202185874579164031e-03
2.126697241013185847e-03
2.053836419620192182e-03
8.107636611353791797e-05
3.821307044129359696e-04
2.005918049096019548e-03
2.801785099510612637e-03
1.792294736734502500e-04
4.239269688249639725e-04
3.329333263260771981e-03
2.121074198138644083e-03
7.266390436167041679e-04
1.922980133469056468e-03
8.093345356332506957e-03
1.635100617211861923e-03
8.107170039477195082e-04
3.106585775408318099e-03
5.504488042629884548e-05
3.122027859769087831e-03
5.391759226350355651e-04
3.961664975005808886e-03
7.998058077920679187e-03
8.613606756263231939e-03
2.921277092808209803e-03
1.220521138726489430e-02
6.718864362033061255e-03
4.855786294693506858e-04
1.693397451365161090e-03
2.054245899945664113e-03
1.737152753249361485e-04
6.819987406305791540e-03
1.151065884594224854e-02
1.678600029826933862e-02
1.130611478405487867e-03
1.671003097948117180e-03
1.937027575859163759e-03
8.151743438071739180e-04
6.893614348063676570e-04
7.650338635306249411e-05
2.593786784383384698e-05
5.251508114311959421e-04
8.942811088162932413e-04
3.056259522420816215e-03
1.911872212608914693e-04
9.316250649012532831e-03
1.898386076778289626e-04
1.927511589752601325e-04
1.904838465088100688e-03
4.923582979247268041e-04
1.887471615988164583e-02
2.180275300712469777e-02
7.374116562411141751e-04
8.201716205496886389e-03
3.542412517576571003e-03
1.960972703518838733e-03
1.451229802321493591e-03
2.916477521576825676e-04
2.404240999726440283e-04
3.200798378552075461e-04
4.151730218312175698e-04
2.805289725082316002e-04
7.190127194166425709e-04
2.575485106825812706e-03
7.804699534620735605e-05
1.622492558347473192e-04
3.955537704483886121e-04
2.869201476771268775e-03
1.587579412645792956e-03
3.442810700723841939e-03
4.937527967209965479e-04
2.073367236607825785e-03
2.500540565546778126e-03
4.670621393536947838e-04
2.189861476725832312e-02
4.860345270218347641e-02
1.145236839755445386e-02
4.513183854994051725e-03
7.479001578352407185e-05
1.141339100623243140e-03
4.925423613859497855e-05
5.189424685957354493e-04
5.934780966151054736e-03
3.165830322977023284e-05
3.957103353820339356e-03
3.499419644844301795e-03
2.401830983636788971e-04
9.325141134166019122e-04
9.169587953425221462e-04
8.406974459664179333e-04
7.235975552214549654e-03
4.369278702543816402e-03
1.132147813688616327e-02
1.355403957918568936e-03
1.749419952427153525e-03
6.514144600761738457e-03
5.160316404014162698e-04
5.125435477278008148e-03
5.045604309346599092e-03
2.658186871318957839e-04
4.854350544437486528e-04
3.331945947259878828e-03
1.165752292102549201e-02
5.172184830878990419e-03
1.216612346341417296e-03
5.066736408720038136e-04
6.051178112753017799e-03
1.851616109406520241e-03
1.568299157566630745e-03
2.473075119635359271e-03
4.621573319997282492e-03
3.252122358584692190e-06
5.258888796197817069e-04
4.311817113577677552e-03
3.331976804742079346e-04
4.142436805607845399e-03
1.038770028543772872e-03
3.471659231747800840e-03
4.039286049076684561e-04
2.836057003945163975e-03
4.586005883444895133e-03
1.686611385393757198e-02
5.998001854472814753e-03
6.790926964561195753e-03
7.389883119094552665e-03
2.157880827168328665e-03
1.549960704143557404e-02
7.620480699737512730e-04
7.629742149593788866e-03
1.505428308173668069e-03
4.060743394167209627e-03
1.732312654417112689e-03
1.272260867745026542e-04
4.621768363332374660e-03
9.349458350183774066e-03
1.615341909160780340e-02
3.596635734272435759e-03
2.547998975406763622e-02
1.461790615005786192e-02
2.842171198346762906e-02
6.358048991826470431e-02
7.609198482751963755e-02
3.680522167575241838e-02
3.123979168128910786e-02
2.655290414785819661e-02
3.666445067151386655e-02
3.806979102512992458e-02
4.604919230381524647e-02
1.218302515336101566e-01
3.697670886390757358e-03
2.059756106567710212e-03
2.366355885349248449e-03
4.048995008127329216e-03
1.362002130878060954e-03
6.101713518908183061e-04
2.728508402920473610e-04
1.125597238836988697e-03
7.024315752715663830e-03
5.160681421373380928e-03
9.128262648733771831e-04
6.694908977684035792e-04
3.863271154852978141e-04
8.359490549972416803e-04
2.579692648043280787e-04
6.731458086642976273e-04
4.013282955414661951e-04
3.443251012945583878e-04
6.305228538629782664e-04
2.701269339382215105e-03
1.055026947061398846e-03
6.345503461016869162e-04
2.347044241335851864e-03
3.308100817264428024e-03
6.674004254595999105e-04
1.400486366277429117e-04
1.207961451641487681e-03
2.933526793720214547e-04
1.656441492849234113e-03
2.111681060713578822e-04
2.717921568631850686e-04
8.759580940232599669e-05
7.432702178468029650e-04
4.096148333342238337e-03
4.755092193908563836e-05
2.636284820138061653e-03
1.075930773642125087e-03
7.076323529692739572e-04
1.549698628157348580e-03
1.205525596653809952e-04
4.137655648473268638e-04
6.600967642697881796e-04
1.988730627195593823e-03
2.507066020326074768e-04
5.651124470660002065e-04
1.671289682531725213e-04
6.266472653675564126e-04
1.842308798758095657e-03
2.461478986052746632e-04
2.088141024883099876e-03
4.289610811656161676e-03
4.408943734237116547e-04
2.451833353880303584e-03
7.527267971788077772e-04
5.651206763208402491e-03
7.676375171960929963e-05
3.320306458300046866e-04
1.077468013164261989e-04
1.028911367425057748e-04
5.375555464008941473e-04
5.150510559547124200e-04
2.435461376178902140e-03
8.369382111667031171e-04
7.426347077980202725e-05
5.150203737853753039e-04
8.097890556731164591e-03
2.858213828131235534e-03
1.670553506629819012e-03
2.433358112035628599e-04
2.380208753376465247e-04
1.305219055354535883e-03
5.688717497983921930e-04
3.174904504080623691e-03
1.800160769158125297e-03
2.616400448859345154e-03
5.744723185446002278e-04
2.262677376475433558e-04
3.100866119402848585e-03
8.964430911587383227e-05
2.443426244218919671e-03
1.008311085540403770e-03
1.300818439714591370e-03
5.682162481846590556e-03
8.598804284743627804e-03
3.130608275751027916e-03
3.274596759629164536e-03
1.082500878480557958e-03
1.796562691456667126e-03
1.231982417577123790e-02
6.086703592622384057e-03
2.659102610390160978e-02
3.811901742864581832e-02
1.131793868731714725e-02
7.160173415279798325e-04
2.119944468143494451e-02
4.355202331767178692e-03
3.520318759252479609e-03
3.134935784723227523e-03
1.652026908044280625e-03
5.331295935839538242e-04
5.898500317431507392e-03
5.170520560127049407e-04
5.155419040201434690e-04
4.198705968110499377e-03
1.590219113916184132e-03
4.794475118212092324e-03
7.179643545531386867e-03
2.590587446799469482e-03
5.877962677706857460e-04
3.688269494103663462e-04
1.020260089375455651e-03
9.433800992524649272e-04
1.650794619359127486e-03
1.251029197725539140e-03
2.374869453740794875e-03
1.244893753785038682e-03
3.600068599520776010e-03
7.353726281019431566e-04
5.248194151043616279e-03
1.079256013621737210e-03
1.055596886712013068e-04
1.092498739507445291e-02
6.941986768149908623e-05
2.078313463227451224e-03
3.906314391068456404e-03
4.066828357189272714e-03
1.603618370585307290e-02
1.229275497420236930e-02
2.955307287731212887e-02
1.492860687367782851e-03
2.836468774148837892e-03
2.306355672797681666e-03
1.153405029249491643e-03
4.638153903538026843e-04
2.369862611474373310e-05
4.461480014428038823e-04
5.547994760085167001e-04
2.668214831499621893e-04
1.108600422637774988e-03
4.069046848310887347e-04
2.838804360963087764e-04
8.379519360663938588e-04
2.335209867546943934e-04
3.519480588060816366e-03
1.607862032539502176e-03
1.014953511902931364e-03
1.753237460060436841e-04
1.309263955821800794e-03
5.416101624867949473e-04
2.228601856677015977e-03
2.025803163828987768e-03
1.476595846194368299e-03
1.415493047170472696e-03
1.601599354848718326e-03
1.403834550536503870e-02
1.133344941565325812e-03
3.597884992384285403e-03
2.145841132636377470e-03
1.069160732944032929e-03
1.703534274456921203e-03
2.903883983787642394e-03
3.224943183615965395e-03
4.293591228107909762e-04
1.927140883838795917e-03
9.487165079598090366e-04
1.060309642193010821e-04
8.933744806288079678e-04
1.025724048040745312e-04
1.343239589765056756e-04
1.633454082130694556e-04
8.263506898098498671e-04
3.625086325655610679e-04
1.414198798157596576e-04
9.946798577638339689e-04
2.236048332302932026e-05
2.641308694136079542e-03
2.209460061635045054e-03
6.062208744749485959e-04
2.148488864937209142e-03
1.023607526148236427e-02
7.723798519885980655e-04
1.340810555920559158e-02
1.611146832467223039e-02
7.328899345036827932e-04
4.755659854516877585e-04
9.237410942197708244e-04
1.687896474237613950e-03
3.432835272896267182e-03
1.803099716054800804e-03
1.011706387206164938e-02
2.218979694516341294e-04
2.486990119004081450e-03
2.034960513829551978e-03
3.904998847838392177e-03
6.416221541183550177e-04
8.535207654361116024e-04
2.600211202856029125e-03
1.332359563154143951e-03
6.488626621444434917e-04
4.282420530472372949e-03
4.102344455814099962e-03
1.558866687428735144e-04
5.114382369254569195e-04
4.436799140769795186e-05
8.235505539394200915e-04
3.879723959925500485e-04
1.850786402773819169e-03
6.004748688337525940e-04
1.311818401439309063e-03
4.148444633180858025e-05
1.168292662950837484e-03
1.310210420713336585e-04
2.860693039678484546e-03
1.060562632941589468e-03
7.213154386864587507e-03
3.017557416480932952e-02
2.150690943679295537e-03
4.598288985122961359e-03
3.909652281541416488e-03
7.049515918502696332e-04
2.145534549229301084e-03
4.098404549216467380e-03
4.645719092532837706e-03
9.341451702444182213e-04
5.789439254518758890e-03
6.665437458205848882e-03
4.454215851977610073e-04
4.786823123492408411e-04
1.300501079846008625e-03
1.093584107401048217e-03
9.661810337173901923e-04
2.114857814783922992e-03
1.106043336704849722e-02
1.691162664947309241e-02
7.338879002303224861e-03
9.245532466008848363e-04
8.493192924724531209e-04
7.606720746813655162e-03
1.316300080593137047e-03
9.141258473266543772e-04
2.131249737122355441e-04
7.109754733563076849e-04
2.108329234842971824e-03
3.867401404197310516e-03
7.170792820007941592e-04
2.639539362873601140e-05
1.929850914018661203e-03
3.149902863528440591e-03
1.453446458049975284e-04
5.240964009420794956e-04
6.839373428623769660e-04
2.298061852914440144e-04
1.155055064539046652e-05
1.171109089738488814e-03
3.829767021548029400e-03
7.205046439767706298e-04
2.844682738617031973e-03
2.289163180635179866e-03
6.905760063677161137e-03
8.212693689362373685e-04
1.388942416465804549e-03
6.263930491608859542e-03
2.469800385629718990e-03
2.177530241722710103e-04
1.550698578692878866e-03
1.314478648833405624e-03
3.759489704655111231e-02
1.048774524119287441e-02
1.146591950617013855e-02
8.305511514255084276e-04
9.121439292340995444e-03
2.251071267782185636e-04
1.858749065735446201e-03
2.774224230957324060e-03
2.940869106991669899e-03
2.669827383439716227e-03
1.511448019283407468e-02
6.339747076272470028e-02
2.863239686088466310e-02
8.795828931324503608e-02
2.440066199199845964e-02
3.853703814485078677e-02
2.122671755327057777e-02
2.648142615922807058e-02
3.598086254772438902e-02
4.259872048735157540e-02
5.025131824975571232e-02
5.218756733976044615e-02
6.874169248071385074e-02
5.069858641721355225e-02
2.733249659207198645e-02
1.127772063811906603e-02
2.517031754637127585e-05
2.626241543169682922e-03
2.128682219497043384e-04
1.716103822865881409e-03
1.662303607465292869e-04
5.520436077200130930e-04
3.219640610041925788e-04
8.687966502261751161e-04
8.718406075618391916e-04
5.235439816534041921e-04
2.993629383539482113e-04
1.081805106627773370e-03
5.622873431367054971e-05
2.146467888333506574e-03
4.690379565024556927e-04
1.137166613561213339e-03
1.274114440303724652e-04
3.836442487532214056e-03
1.981302975844301088e-03
3.569444103840351207e-04
2.321403796594082025e-03
2.945826461616841453e-03
5.970199567212591384e-04
4.639354292044959444e-03
1.916919761558030615e-03
4.216170592756995385e-03
4.544445222032660633e-04
1.108403447836256352e-03
1.405820211493916084e-04
3.547150854787553022e-03
1.018976135774764908e-03
1.163618682450197426e-03
7.229223141021610087e-03
4.676049727323266549e-03
1.365095913720381846e-02
2.792907054748970837e-03
1.164792011383581738e-04
1.777171496123655528e-03
4.424609113090302234e-03
4.440709503740652639e-03
1.280885110034994136e-04
4.793921945416206672e-05
8.983587709468309314e-05
4.517601227160006620e-04
4.458944810450423193e-03
9.969482501536739219e-04
1.905522795460334309e-04
3.946816872768012067e-03
7.950590984183372387e-03
1.218800320017917119e-02
1.784641397308610322e-02
1.876943712140911186e-03
6.635185566132447386e-04
5.723433666364862588e-03
2.182663002229895139e-03
7.863312501697162019e-03
8.102300960047452774e-04
2.150371402035178466e-03
3.851469406274839018e-03
1.919647917227467609e-03
5.293486823316752255e-04
8.051053238676867622e-04
1.313108504694286910e-03
4.448845500268473231e-03
1.193678852738445440e-04
6.069787626968535781e-04
4.577256339337731558e-03
1.411407101590103630e-02
4.418635316429248006e-04
1.289583989137645104e-02
2.336987469391955952e-02
1.524393963836643412e-02
3.705811273014121554e-02
1.404657429070335292e-02
4.030070620196238990e-02
6.036952846977937381e-03
5.882036698755315970e-03
4.117899850241290953e-03
8.513988452830432985e-03
2.269937035027723427e-02
1.606060628381737743e-02
4.356025475485900676e-04
1.464189527517764135e-02
1.160850946516703633e-02
3.336545974718196569e-03
6.712845771048032116e-03
1.415940666923631332e-02
6.535030656339633516e-03
1.021045167982726279e-02
1.038474280081294436e-02
2.311142137524812689e-03
3.862769500616252717e-03
6.357868704264763721e-03
2.523900050500491737e-03
1.996665630204090200e-03
4.436217356880588561e-03
1.061244406110250496e-03
2.711824228634947178e-03
1.271457844656883276e-05
3.542510413085113875e-03
2.112689076722032867e-03
1.285720359049546783e-03
6.937389711678484559e-04
2.321023593034715268e-03
1.046119745503156688e-04
3.015031396587030082e-04
7.374766075626587505e-04
2.078466340435323057e-04
3.447665518055170091e-04
1.066311377392818293e-03
3.586038653794330113e-05
8.481556051963680225e-04
4.221762398051409865e-04
1.016432424606314357e-03
9.186761954145626760e-04
4.927014938748334669e-03
4.382256580375025988e-03
6.436720583784992728e-04
2.060729733255579812e-03
5.165066206594497861e-03
1.072351470536102953e-03
2.939076898130695784e-03
8.372669895469821459e-04
9.863602047538805317e-03
6.065932665280669754e-04
2.886018626060780218e-03
3.229416467991614139e-04
1.151800719810510592e-03
1.273512968911984797e-03
4.174489738292617991e-03
2.721423846264415473e-03
6.208160040260686172e-03
6.525813906855378217e-03
8.940113586458891398e-04
3.891466453942700812e-03
4.270691198768637037e-03
2.764629017368381691e-03
3.636232838761878187e-03
1.273339741998823563e-03
2.999810604920906225e-03
4.113010266127198680e-03
8.721051735647605179e-04
8.854882392827969489e-04
8.330974220781448784e-04
3.072093371345345665e-03
1.108179994616479824e-03
1.841622770804242056e-03
1.647442973696577190e-03
2.123513340963449798e-03
4.336982780920192737e-03
4.340748659939589263e-03
3.195636942296990832e-03
2.933166331220224930e-03
6.670203856412690313e-03
9.332167643939308713e-03
5.918268889020714650e-04
8.294971664733792474e-04
9.738723291579679203e-05
7.634001797039106224e-04
1.473096863779246174e-02
3.706982478701189090e-03
3.899244832495753210e-02
2.804925873614533272e-02
1.840830106920684703e-02
5.811200564311872277e-03
3.868188426705787292e-03
1.004284399116479919e-03
5.606336729337441961e-03
6.323620155806819985e-03
5.815218744361159986e-03
1.529550186786344818e-03
3.113469252387802283e-03
5.207825079690542053e-04
4.755532501942579329e-03
1.228406186922590716e-03
2.990256164707339620e-04
1.635944859884651617e-03
2.142242156816804156e-04
3.756207229655173039e-03
1.470636117783084493e-03
2.125542637179848393e-04
1.875938835091568984e-03
2.190872588103180913e-04
1.751111316582820146e-03
6.880846694056487120e-03
4.177456656827847718e-03
7.204360620224401282e-03
2.044872093758629699e-04
9.690504836168668769e-04
9.884582828602408739e-04
4.479172670988913751e-03
6.205925808442880288e-04
1.438769521687119184e-03
2.528141680890800581e-03
2.038743003499945972e-02
2.234270701757868605e-05
2.441023989394467027e-03
5.709795503857637185e-03
1.465765203971187546e-03
8.398684285330360044e-04
1.351627641443848248e-02
1.320236912298600727e-04
7.167407274421530626e-04
1.568585173188544830e-04
4.153547866993044903e-04
4.526091590040087417e-03
2.740738183921051724e-04
5.884699160966024543e-03
1.946365387437373057e-02
2.327093935385240585e-04
2.255900831747753230e-02
1.368176599049104403e-03
2.625945883345180178e-03
3.458167871227724351e-03
2.098577097330855956e-03
2.422642134429678351e-02
2.504084047381492130e-03
8.534264781658223997e-03
9.373160987838375507e-03
2.688373827302844091e-02
6.686691398986261380e-03
6.989832339670473682e-04
2.089695834153119328e-03
2.715456954106858396e-03
2.170044876034917230e-03
1.892607407469567562e-03
1.155257616653627062e-03
3.538722656993854290e-04
5.986044663815741351e-03
1.052408331785357554e-03
3.092616579211031422e-03
1.212075464779245430e-03
2.915573115471296450e-03
6.295417642937502049e-03
1.380824392417928778e-03
4.041086051192474896e-03
6.551331826055896293e-04
2.792283316831033202e-02
8.135819700935719920e-03
8.901736355410068066e-03
1.250737904984402377e-02
1.075586557506430854e-02
6.764664657085495483e-03
2.815495109927136728e-03
3.691431737822872816e-02
7.697514530547291782e-03
1.432672628347689790e-02
5.397885399563612067e-03
8.403671820147671709e-03
1.522234637163718748e-02
1.531841315265602445e-02
1.410563289969063785e-02
7.219913746129416610e-03
2.519853684917745112e-02
1.359574462020589000e-02
9.182526638267312150e-03
1.201419652667685533e-03
1.958409383687743227e-02
2.766007069579158421e-03
2.961245843008050997e-04
5.506542338341337273e-04
2.821420700821775877e-03
5.215929599955253237e-03
5.043897642898824115e-04
1.702864698872397133e-03
4.113905684425601429e-04
5.835808691962608577e-04
1.018009181574954566e-03
6.030689410332461253e-04
2.780762449272462973e-03
2.488541151133762553e-03
2.680027058395250197e-03
3.105578533970038656e-03
3.936891786336023727e-03
4.487285535890461058e-03
1.116806894400699038e-02
1.727851849802550677e-03
5.172144366424627450e-04
1.471896857691674346e-04
2.223556597996550512e-03
1.430314595295877284e-03
9.845189687911518831e-04
2.126448829432539436e-04
4.385150630548139729e-04
3.475160324997091880e-03
5.019764352695088756e-03
3.035757057493261059e-03
8.304057171555649566e-04
4.922256505133697311e-04
3.480565201950652516e-03
7.819456768396746207e-03
1.023698134400017473e-02
7.039323411780840437e-04
5.717584842574681333e-05
1.319059890210095339e-03
6.464353913957786345e-04
2.830108995136135404e-03
4.502754489809896073e-03
1.311832902399520965e-03
2.615125401686685153e-04
1.053885973826220769e-02
5.349847555469632553e-03
2.207560234663329037e-03
4.137266022963564547e-04
1.432193990740604148e-03
3.138251487446619306e-04
7.844395451827110982e-03
8.479686642127177553e-04
4.434034488085939613e-03
3.856280436110505472e-03
2.370549948638678468e-03
1.155835495132598138e-03
5.223449243503569973e-04
7.450807429761515917e-04
1.812004077481936754e-03
2.332555159604766948e-03
7.178774179183762191e-03
5.292458561824325662e-03
4.634793358017576421e-04
6.455847133083956850e-04
1.201442690452744723e-03
1.587827021971913860e-03
2.364485488553437660e-03
1.110769281863972432e-03
8.024976216170463545e-05
3.911691576641638645e-04
2.207348358911485203e-03
1.403434376713149885e-03
1.091960251977745853e-03
8.310719612290573544e-04
1.063699819368098959e-03
7.132810274264206676e-03
7.070475523043487538e-03
6.053964388612872788e-04
4.031808667783727193e-03
8.503474331908212084e-04
3.457167108923662330e-03
6.897595383218598202e-04
8.931618940933253731e-04
5.496378908316657409e-05
3.120296976927340940e-03
5.967898277950633122e-04
1.546594972790986747e-03
4.261697593499484313e-04
1.140913016711538963e-03
2.444885639391520572e-03
1.276051637962430331e-03
2.996591816348534508e-04
1.664130755362280313e-03
2.813956348292161874e-03
1.232738996099137134e-04
2.256502302284402878e-03
3.201920086651736160e-03
1.018967185442154130e-02
7.951231466485542479e-03
1.001428493662695485e-02
5.352771950265193014e-03
1.590967251272321298e-03
6.142234782382735743e-03
2.729558233235147759e-03
4.313746219527401712e-03
1.882191852839413312e-03
9.088610693047941740e-04
8.651793231586150934e-03
3.577060626665669405e-03
2.200967368065964713e-03
1.051615135320224529e-03
8.270443462183325184e-03
1.351023383390090662e-02
5.341652463860238967e-03
2.058389849418531051e-03
1.004073748765771899e-03
2.186125597305843896e-02
1.345753519752121376e-04
2.539650843397418811e-03
6.248876890374086956e-04
3.354856350979058995e-03
7.192269183544789442e-04
2.861753321567231910e-03
3.631418673209987728e-03
6.786930761680878138e-03
4.143772531744699481e-04
1.054659171847613028e-02
9.412011495619208509e-03
4.392868284627843289e-03
6.740041471751364102e-04
4.311667631151747115e-03
1.454566664522350360e-03
5.627992840814624587e-04
5.521305070319127263e-04
3.631005086882176883e-03
4.947007759026661629e-04
1.627003788022290346e-03
1.989479540026771291e-03
1.049150888422399662e-03
8.247552185605683608e-03
3.838946925432729345e-03
1.088765822971342334e-02
1.342911986388715603e-02
1.610549045307175511e-03
4.387793047931051564e-03
6.888719278038708121e-03
1.592436805367748211e-03
3.159888183676272155e-05
3.757606649979650972e-03
3.682298146832029256e-05
9.812118245953467544e-03
3.439407818286040989e-05
4.502951909440593842e-03
5.925207870095761326e-04
7.128352372588559957e-04
1.138583436997919925e-02
2.786759312270138764e-03
6.293742648235002958e-04
2.518997051833182094e-03
3.124404039180607093e-02
1.897364302635084436e-03
5.361929856211102539e-03
1.321470850391571117e-03
1.086613669668675709e-03
4.493500502253658033e-03
3.936786235658466110e-03
1.492996206343474711e-04
3.716130475154972440e-03
2.746532286878246298e-03
1.388259860849343219e-02
7.055173859823878416e-03
1.825573041226255175e-02
1.032878821403039951e-02
5.027819946098306680e-03
1.696528268927143023e-03
9.839343827850578848e-04
5.392465616135965964e-03
1.189845890140248628e-02
7.119262635092558520e-04
8.986524237667404061e-03
3.649063864475072388e-03
1.362950679320040033e-03
3.329838171553405057e-03
4.199230534762268298e-03
8.676479822165695729e-03
5.084596770209220441e-03
9.451249612994016116e-04
5.128871626911244179e-04
1.485642009848258359e-02
4.410305179576099431e-03
1.616609456348879067e-04
1.949465170648950101e-04
6.003455264138276778e-03
3.156310807143855070e-03
1.145677748455655419e-03
8.331935237786637985e-03
8.154881339584840988e-05
2.844398148472285833e-03
1.276339025715491401e-03
1.063174427754100867e-03
5.056809298656469998e-03
6.417643995743509133e-03
9.887462115301600156e-05
8.626796360882636435e-04
2.044682102564163303e-04
9.562075358470232623e-04
2.086845525438351182e-04
3.050346430763019876e-04
4.955815810834153859e-03
2.101320463319283384e-03
1.788805692390148987e-03
8.403757083806227997e-04
4.085452077790339542e-04
6.562045444770741795e-03
2.246954876912166804e-03
2.270008278803065604e-04
1.725080993895154800e-04
9.591546393376468825e-04
2.099099647607762659e-03
3.259475760213958800e-04
2.300567375465804171e-03
3.700492012815938085e-03
2.815000424673757651e-04
1.354251316376995674e-03
7.962464633660621197e-04
6.130250250868570774e-05
1.171703246738210226e-03
2.018973420610207549e-03
2.386551210114871459e-03
4.721207009876922898e-03
3.750126062759279871e-04
1.681340002207948802e-03
5.167404745345960957e-04
2.784779705505257327e-03
1.754365323409602185e-03
2.434901072904422249e-03
2.278745386561886657e-03
2.354440625221604702e-03
2.633616380356667251e-03
8.049877410538686801e-03
6.117207777173304004e-05
7.660291432493789325e-04
1.324693147427557409e-03
2.588170278091481580e-03
7.811335563887918977e-03
5.431450113633046542e-03
7.328998266787787805e-03
4.498637925843566382e-05
9.561937220010830255e-03
2.446227873526379132e-02
1.849269033761232264e-05
5.902561062966166228e-02
3.331689953485731520e-02
3.508770958384670874e-02
3.081825351404712809e-02
6.236551449823792698e-02
3.360557204473110793e-02
2.869328854932454154e-02
3.653821451717238072e-02
2.457128053420937555e-02
3.915120021781792053e-02
3.963933379803569190e-02
6.059033012568042220e-02
8.340998250645619005e-02
5.065218108923188849e-03
9.075553044881749451e-03
1.091397620196525760e-02
8.742274883457384904e-03
4.293131871786051712e-03
3.451135030302510532e-04
6.749546064578669600e-04
8.747918288711911726e-04
1.475507147985489782e-03
9.757079500137301464e-04
1.061735221518377058e-04
7.848384321608969623e-04
1.017276436983872816e-03
3.889068845825546729e-04
1.911080073979271390e-03
3.782730426266311518e-03
1.731704076163583178e-03
5.108667432830331367e-03
5.744414667996740808e-05
1.708733572178274852e-03
7.839180652577832113e-04
1.461081295333800743e-03
3.062331117647372697e-04
2.442197939924940948e-03
3.053432956710907999e-03
3.317267618592359239e-03
1.453672036772729430e-03
3.581874541069338721e-03
1.087310863037461777e-03
2.235744808425323333e-04
2.720571270929452996e-04
1.563926167669496493e-04
8.383474793964946440e-04
1.466260395711519587e-03
3.635583616619998725e-04
4.233939350138549054e-04
8.722659064646376154e-04
3.413813664254136421e-04
1.416559322177447441e-03
5.231510977531856656e-04
8.538708272391613765e-05
4.180064690031495313e-03
5.002120806124003144e-04
8.999180969903912896e-04
3.070303696861949577e-03
2.024454057001767206e-03
1.646776949485185106e-03
3.116866885952812669e-03
2.805612737558860285e-06
6.690803098485344821e-04
4.579754819029326031e-04
4.806123237921694318e-03
9.806555685275430046e-05
2.098528767925992439e-03
5.733160428066060629e-04
2.471254438321184022e-03
2.200416800412566699e-03
1.044060175935051550e-03
4.119754325782215218e-03
1.232380294200567054e-03
3.740045857412901530e-04
6.368574308820191751e-03
2.546732092322134215e-03
2.557666956882276646e-04
6.386920702952874652e-03
5.835854196273178827e-04
7.364966282738651202e-04
1.206027884922227650e-02
1.696415667087982021e-03
9.071657378369090877e-07
1.084339809717784625e-02
3.707639953678081371e-03
2.616673943121971494e-03
1.650765357945198439e-03
4.224231741797076188e-03
1.509738189316071335e-03
2.762436768964985929e-03
6.941936972148780860e-03
5.811789379033522164e-04
5.740761394895377290e-03
5.127371321291441944e-04
8.700998359065562592e-04
6.554895466293548731e-03
3.393796391243051333e-04
1.081193852096907528e-02
6.134184026196296859e-03
2.694730836431800947e-02
3.152919182766381057e-02
3.676561048415156324e-02
9.805806351177413782e-03
4.329508873589735934e-02
5.038707968998376238e-03
3.081654247424727225e-02
1.244120654169237825e-02
3.562732227239270161e-02
1.584920802012494689e-02
1.060002787173000734e-02
1.668676113608949171e-02
2.473477915758677190e-02
3.957831447138614525e-03
1.863198565326256925e-02
4.248779579975396972e-03
2.564162717005857937e-03
8.671623723935217160e-03
2.039078961581385855e-03
2.350469477653078544e-03
1.326131111088476233e-03
7.490613527652228249e-04
5.455262863985081180e-03
5.964429785970194785e-04
5.905204837028761242e-04
2.490439522745855824e-04
9.993134701086752326e-04
1.052439223065239089e-03
4.179893564352176599e-03
1.335509684590018269e-03
5.877623546087706527e-03
2.482408952311496771e-04
1.082212891281402779e-03
5.135868541688573367e-03
4.142071605624610998e-03
3.503936491634575094e-03
2.072857888570520113e-03
2.451920836617185913e-03
3.995825260620354882e-03
6.717583527243661812e-02
3.436155916398568599e-02
4.324816259517442335e-02
2.973763196168056899e-02
3.004592287295944353e-02
4.840842301278398818e-02
4.135825554649156383e-02
9.062344529793704695e-02
7.495695912841704445e-02
2.822931223460627137e-02
5.622147197962693022e-02
9.230654416934468143e-02
2.607931351029851158e-02
3.783115706857714117e-02
3.330540018681448639e-02
9.837357858479607586e-02
1.164214405853563131e-02
1.278900148389419851e-02
1.715926911214312551e-03
4.476099458072752349e-03
5.080923082420233175e-03
5.359570844946409847e-04
5.637442195007655310e-03
1.648725619405550262e-03
1.164541817610707276e-03
1.746573381454266660e-02
1.166976767431966190e-02
2.217988663203776870e-02
1.433945409022254619e-02
1.110549087062308923e-03
3.054819316873296116e-03
4.805866832972184068e-03
3.158950656530748924e-04
1.459824934732480194e-03
2.983847467830480060e-03
3.203882148975790382e-03
2.782438239041045563e-03
1.468684101047321871e-04
1.122158232680666584e-02
5.963553468280606909e-03
8.442851055867997209e-03
3.546858341260426990e-03
1.353747524145403405e-02
2.153842198601636782e-02
2.009191572026877703e-02
1.025756601671556217e-02
2.935205759931464042e-02
7.044917524948826365e-05
2.126374426249490017e-03
1.478466458045041634e-02
3.906656079172734879e-03
1.276796212826098505e-03
1.954082066015032631e-03
5.828547633641037971e-03
1.266106846667977180e-03
8.908829138101830372e-03
4.329137315981931855e-03
7.782050894881480975e-03
3.712402275439103012e-03
1.051996638248734427e-02
8.758878981769451649e-03
8.181042892001557385e-04
3.055711016755102531e-03
5.083381710451563562e-03
5.506263881667656374e-03
8.058189448233012229e-04
1.083088051978196983e-03
3.797225136935765671e-03
4.498574521863109776e-04
2.416735090014297815e-03
1.873272330805526788e-04
3.330897971383784371e-03
3.348238291214961668e-04
3.007192546434963795e-03
1.500466823328190993e-03
1.120077687445798125e-03
3.740091425792762560e-04
2.037269429019981839e-03
1.398339638552307564e-03
8.182170983513837757e-04
2.084784091126332291e-03
6.560295070407506923e-03
6.033231711221520924e-03
1.681578864112938951e-03
5.742930854742373491e-03
6.324809681040670720e-03
1.591731146958742739e-04
7.549188842357210973e-03
1.329535685429255286e-02
1.061275482040440615e-02
5.487208428810602841e-03
2.141350097316791542e-03
7.860510628830601546e-03
2.755526968979776087e-03
3.589568141370035482e-03
4.149413345524854838e-04
3.603873986143697468e-04
1.612923526571872091e-03
1.593717017511478299e-03
1.325963287271980174e-03
3.296311465549196643e-04
2.527595638382243437e-03
4.937340429412643270e-05
5.581480047817305229e-04
7.558297711149223989e-03
7.024229403440784738e-05
5.291636693210581555e-03
1.880684813582143855e-04
7.426341422646655886e-03
9.460802346348461123e-03
1.295024740930938827e-02
1.777637589985560720e-03
8.975149345618108759e-03
1.989444347224898768e-02
2.610926872437489398e-03
8.208920877406595054e-03
1.160239593328514854e-02
5.667597951540809600e-03
3.840243439861658944e-03
1.412936511362689442e-03
4.413509338404067277e-03
3.004262349979783600e-03
1.760717983494012109e-04
2.479279358464639513e-03
3.218130317731140045e-03
6.308144818157955351e-03
8.359811867855152304e-03
1.136304184508538095e-02
2.306837110286096178e-03
1.461661452621169921e-02
3.311127609414912104e-02
8.321429969586702571e-03
3.191646487132610011e-02
4.062693529966625305e-02
4.331825510849898059e-02
2.923889882431594464e-02
2.557753992621186745e-02
3.944152331633486025e-02
8.361292742806453182e-02
4.769333868584801212e-02
1.441867559182495248e-02
5.381006987702458000e-02
1.164903486321574866e-01
5.322449846248847836e-03
1.698455374597879902e-02
1.650381712202025897e-02
2.352810657397791036e-03
5.764244920406325773e-03
7.184086484623175908e-03
1.167388800298468574e-02
3.488692569624163645e-03
6.016220676583503924e-04
5.416732551724053437e-04
3.565788198057493440e-03
4.017159131135226990e-03
1.155834207588568845e-03
1.623824467633218447e-03
3.892270983886884916e-04
1.226768410702263473e-03
9.279683339512619783e-04
2.655854116041593462e-03
5.377325642259330428e-03
1.783001190613381836e-03
2.993027495527611232e-03
2.464077775056677973e-03
3.917222122010189864e-03
3.525482728409521423e-03
4.226732087243174028e-03
1.406594995777501848e-03
1.799800391188019965e-03
8.828362488957767693e-03
1.417702580305016348e-03
3.591252596310523168e-03
2.578978690875241998e-03
7.407790462143895235e-04
5.556852728119156259e-04
1.897589119334612215e-04
6.789505297419755423e-04
6.097967641421127728e-05
4.256776397217394703e-03
3.396597313593951051e-04
1.514396323087154354e-03
2.700983667828289639e-04
4.048183239969521370e-04
2.929851016123290446e-03
1.859379846478923610e-04
9.268270925902541164e-04
1.933732883336108054e-04
5.627465897975037325e-04
1.565981041912532833e-03
6.530598422042676937e-04
2.868057896275393124e-03
6.274836404241288662e-03
2.240050108451905816e-03
3.674583145089289037e-03
1.014032188498082809e-03
4.376254067229729672e-05
1.575076477523647213e-04
3.358786687266841851e-03
2.735349564851459901e-05
4.282294897056016132e-04
4.933762762668764687e-04
5.452798898874469669e-03
4.697907469877300670e-04
2.507316993303620881e-04
4.127760639699332526e-04
8.889150218955113331e-04
4.994300535539498292e-04
2.931790335741660367e-04
2.035724234719025994e-04
1.331283469629143082e-04
3.371421037077442341e-04
1.106527572051986888e-03
8.441709065780969579e-03
1.090277573772657814e-03
3.057355808221398977e-03
7.679923290569332442e-03
1.410991605740036584e-03
4.037377859390500583e-03
1.100437552574221956e-03
2.215755776598102907e-03
5.819463911502519016e-02
2.951731091083316383e-02
1.199180579809095565e-02
1.315262065540863737e-03
1.963724718160013687e-03
2.127676124606363642e-03
2.625669590272624362e-03
3.885975087686905326e-03
1.390505711322981850e-03
9.662351828052547983e-03
3.987404611116875802e-03
4.423249961795090376e-03
6.670949398480272886e-03
4.276218805482046026e-02
1.767025665755555044e-02
5.505474861520490149e-02
6.347613398385398842e-02
4.417608687922332245e-02
2.871387722978806234e-02
1.896265700468099252e-02
5.356367019251109113e-02
6.443390260848575607e-03
2.761474671352574751e-04
8.397014949922404145e-03
5.238561518954172255e-03
2.619884693843801049e-04
3.282594847272064147e-04
7.802333774536247477e-04
3.286339798224742373e-04
1.976925587254976802e-02
4.840046290582411190e-03
4.083061912101715145e-03
7.830230942104584660e-06
6.924671784066924532e-03
7.033394638737919540e-06
3.772152607434246536e-03
1.310878661427280698e-02
4.686451808794678958e-02
1.245244479090918364e-02
2.501296035308718697e-03
6.073013680070538448e-03
2.070212257084938501e-03
2.710234414595839598e-03
1.665710750310900367e-03
2.602204718841251603e-03
7.561302397133429654e-04
1.466104685586503342e-03
1.356707922748577599e-03
7.409092440349729705e-03
1.227961352232934990e-02
6.025898911252739083e-03
3.376138954555891244e-03
8.732312120127795401e-04
7.650428956874632559e-05
1.076350658800565729e-04
2.964776033229428887e-03
1.019339112004738566e-03
3.084129092995991674e-03
7.880516445690565570e-04
2.391192715567285430e-03
3.342208435151244623e-03
1.933740574613682355e-03
4.282601652665435181e-03
7.836129457158367423e-04
2.374571237482958879e-03
3.903905900459246170e-04
5.134669352719369896e-03
5.744836805678704000e-03
9.469223251292150853e-03
1.085907992280733120e-02
1.127017204456474010e-03
2.593534480750626578e-03
4.497248700002383880e-03
8.218087634656496849e-04
4.153402648855017074e-03
3.598890546817319278e-03
4.639864877112159433e-03
1.272723640279181147e-03
1.291106731248953601e-02
2.453981664335943072e-02
4.617515691281722824e-03
9.584463460187082548e-03
2.929889895283758995e-04
4.999871217944401591e-03
2.544134111909820278e-02
1.682431830365620565e-02
3.990744040736155657e-02
5.242065017895698037e-02
8.391691021584066212e-02
4.498033145714841474e-02
1.808076344658963996e-02
1.639522360153575220e-02
2.396270862422594100e-02
1.255857623481912086e-02
2.912548976889050775e-02
3.516975309211853307e-02
4.357371056585962465e-02
1.361444723993644398e-02
3.552208793062163958e-03
5.516535357703101008e-04
3.897086017877813939e-04
6.362018452465553406e-03
2.089296414104254828e-04
8.057986351247564292e-04
3.433215952402836595e-03
8.237522689754525032e-05
2.805363859715627635e-03
2.110028372498822815e-04
2.445935609421298791e-03
5.430686192734305619e-03
2.760315149492408374e-02
7.148009831308915242e-03
4.129191476507755587e-02
4.634959997716266503e-03
2.670777977498136409e-04
2.535193499490034225e-03
8.957586182069012231e-04
7.380627729579302147e-05
4.099946184963457782e-05
5.164008283778556523e-04
1.015856401995674689e-03
5.769695388956761281e-05
1.117225235040135911e-03
3.913766057772297309e-03
4.996382090432516243e-03
4.492829774904340398e-04
6.408805672746549064e-04
4.215262267968207521e-03
4.582382079206322352e-04
1.266560049069008530e-03
1.124367538551476449e-03
1.099522521366772150e-03
4.661529156730560147e-03
7.053855082722308863e-05
8.016728417526617322e-04
1.411948207841141108e-03
1.602917457090798949e-04
1.436345550796454132e-03
4.222318304244529604e-04
7.941460921820970209e-05
1.105532029452882623e-03
2.404370662083920099e-03
2.439903288695267122e-03
1.061126585938760311e-03
2.758752792507001704e-04
3.218311131438513894e-03
4.043578956878969219e-03
1.913635432022827787e-03
1.016494238776887099e-03
1.869887963540113726e-04
2.442471495426468825e-04
3.477432505815899501e-03
8.174853735860123424e-04
7.215331212275322495e-04
2.089563748001031676e-04
2.148749784496147442e-03
5.717975322390850268e-03
1.256779940495265403e-03
3.723978821127608800e-04
4.269432412928028664e-03
3.584488783148168534e-04
2.506133791547527842e-03
5.273770140248193808e-03
1.872593549006132743e-03
2.221894507545879214e-04
1.485495867452646897e-05
4.028914208365232813e-03
2.856752466067942649e-03
3.098164614365596196e-04
4.639320521402866791e-04
3.529592695463432735e-04
3.129386773056335802e-04
2.726332389914017454e-04
2.633037104831597360e-03
2.875542072554850177e-03
1.935367512925932100e-03
1.147077767070759854e-02
9.654126888863676093e-03
1.040121658796122660e-03
1.225806827858611165e-03
1.823776513415928304e-03
3.963273640781364397e-03
2.278713482440989854e-03
2.537895266539853638e-03
3.355482403096807578e-03
1.981040198111842408e-04
1.763668346853593727e-03
2.160098026320319241e-03
2.554917557836796586e-03
7.053801085533657582e-04
4.629488772558106209e-03
1.566726982153957828e-03
2.707600963656423693e-02
9.705505821939448916e-04
4.892433616986479120e-03
6.161659629794914023e-03
1.575452982409903183e-03
6.913162679099880102e-03
1.678425605263490468e-03
4.160483056314355499e-03
1.052915909071309086e-03
1.197141953161914071e-03
1.061033009167108984e-03
1.596928812738926569e-03
8.756875006901198915e-04
7.497925110785408093e-04
3.131537847226116295e-03
3.242488173160572437e-04
2.851098256410135139e-03
1.067467986166098330e-03
5.661227361801213784e-04
6.558024479841732834e-05
1.402018403040012056e-03
4.767094398543413047e-03
1.606792441816744244e-02
1.034531728449613556e-03
5.769648967681512879e-04
8.895723535890666226e-05
5.021846458556924152e-04
3.814991130735920352e-04
1.347676706051269008e-03
7.099833980067646127e-05
7.514041909468159803e-04
9.701279931833971682e-04
8.911132064108304217e-05
2.991307871204626576e-03
4.152559960010947585e-04
4.667396794535695571e-04
8.754476630580423999e-04
3.394072094119237725e-03
1.759861883564084028e-03
6.826780611838959879e-04
2.365999193163786755e-03
4.180544710909805256e-02
8.122228340840892402e-03
7.100144530315644770e-03
1.589955864317974324e-02
7.077624128378678589e-04
6.359822478035245504e-04
2.601480726776454755e-03
2.453111962838294344e-03
6.211251255524214733e-04
2.596187308252695738e-03
4.081494376322706251e-03
1.612533526840564425e-03
1.015221120973578773e-03
4.579020924437292609e-04
3.532647436139118723e-04
5.017586974864171904e-04
1.734819946514524818e-03
1.653248548030626913e-03
2.619581453678552010e-02
7.271895065561551422e-03
2.799996058020234142e-04
5.531479966389723948e-05
7.806691537279196111e-04
7.950566553446732077e-04
1.819340805841326630e-03
3.011615895273110459e-03
1.106710686419639560e-03
3.056276243244136336e-03
4.545816906660836952e-03
8.055838942899191946e-03
9.150702350664929527e-03
3.278461732158103985e-03
2.021837931441208304e-03
1.846984820861322573e-03
8.011748990564466349e-03
5.655491968153361637e-03
2.252233602010285558e-03
1.710349090962233519e-03
2.771853522686986478e-03
4.131096021565223357e-04
1.119539571787100864e-03
3.420595806264711911e-04
8.360163905356548944e-04
2.996696300627540305e-03
1.723015773075014211e-03
1.372327733707753416e-04
5.272947842328428196e-05
6.648056369889252318e-04
2.791928099164820397e-03
2.136852516055058506e-04
7.834847416270500635e-05
2.504687951389643081e-03
1.356216895771153203e-04
1.309279850692437065e-03
1.869050292189724160e-03
6.428098943923640351e-04
3.569408810275205048e-05
6.546609632631867140e-04
3.190022120210282523e-03
1.221984590564699046e-04
2.914446379919515343e-03
9.766197110364300063e-04
1.140137799802987996e-03
3.201280472403018537e-03
1.017174068285034557e-03
9.077776206107660310e-04
1.827976091142846779e-03
2.820360012685871505e-03
2.518905270503970888e-04
8.952818718719339659e-04
1.604802880735770130e-03
2.595263701075346645e-03
4.214076339368982328e-03
5.094225622746168837e-04
2.433764286908904773e-03
3.543656439341527631e-03
6.739867310288547540e-05
2.435967254500876790e-03
5.567076137448198939e-05
2.641429233207779302e-03
3.274302062293660233e-04
3.332910203669205433e-04
1.440111228311588814e-03
1.855964814905945118e-03
8.225112907058419395e-04
2.049134678294317613e-03
2.042850158126740569e-03
4.420068537815207386e-03
1.207011788880313092e-03
4.597316974233564861e-04
4.032412067778125752e-04
2.682584090855101664e-03
2.898056571952500968e-03
6.117712887528317526e-04
7.668966488062830969e-04
3.843695754947851900e-03
7.972318037126747796e-05
5.422814984223865145e-04
9.793201931999791221e-04
1.124486582125263853e-03
8.457661096462062511e-04
1.408095088764945530e-03
1.790383166909244772e-05
1.114608721321197981e-04
3.149443728238981088e-04
1.311281737874850058e-03
5.664210803875199406e-05
7.897424997872727268e-04
1.742511088804125268e-03
1.157341079752193663e-03
1.626941581789530852e-03
1.294390362366464389e-03
8.341217184055817191e-04
3.311746538806501980e-03
4.563477922892678973e-04
4.799439807964650225e-04
1.021083779818051816e-03
5.030613441087959312e-03
3.513162756992645446e-03
2.812700445868097660e-03
2.074842096713133514e-03
5.516034405943079019e-04
6.589722017851334349e-05
2.000491511731248163e-03
3.031448687628789367e-03
2.033320317607485370e-03
3.359215832835394863e-03
4.587705619558087207e-03
9.316611346010784077e-04
4.691322115575061874e-02
3.892115097670731383e-02
2.859226253158318742e-02
3.662152666657660094e-02
3.985206634568427830e-02
4.507119623608921155e-02
7.432258772187930185e-02
1.154754130495095343e-01
4.167318715266365298e-02
9.565760589605332154e-02
3.415520014770470625e-02
5.271946555498557146e-02
7.957872876011753971e-02
7.138400039894410298e-02
6.272844277170620819e-02
6.546327983644564807e-02
3.755646209719428613e-02
2.936576361948038671e-02
6.135769616648786839e-02
1.583269125116257975e-02
5.313063610174446894e-02
5.231996815563697695e-02
2.319062789617756457e-02
1.654969172429816837e-02
5.946608193941442695e-03
2.188119232790489881e-04
1.444428556501282544e-03
8.673471961667295364e-04
7.604718497714814569e-04
6.919403934616057909e-04
2.012825933889907451e-03
2.859315464496799499e-04
1.014334626706120575e-03
1.332713340986911143e-03
1.877480757735871717e-04
9.721559005796553835e-05
6.178839935852911431e-04
1.725788138083131753e-03
4.945181964831497565e-03
1.230479014220763273e-03
5.120310149068886887e-04
2.107551472481911765e-04
1.450763138689981687e-03
1.151570213266562160e-05
1.253741682273403521e-04
2.008729261969345744e-04
8.531404441147191287e-04
1.891650212944468628e-03
7.664025754201054565e-04
1.654460508043129334e-04
7.777874966360310725e-04
2.684326073339431216e-03
8.804871233333186028e-04
6.364536960241191314e-04
7.190074560269323848e-04
3.127324520689513652e-04
5.380649114731233564e-03
2.258077493164920187e-03
1.602801921442777817e-03
6.584220913852720496e-04
1.091212009932543761e-03
2.386147813202164002e-04
1.312391170461338396e-03
1.322328069554032457e-03
5.190568580926176309e-04
3.676894953432622128e-04
6.751651961230389020e-05
4.128774991790919668e-05
3.253649078438627506e-03
4.636232065697467437e-04
4.019082721367412845e-04
1.734523696021852100e-03
1.726341836074487147e-03
4.381789621002831273e-04
8.562508535034074044e-04
3.767236308889598557e-03
4.510114720864370763e-03
3.468197293777661606e-03
8.497401769751825344e-04
4.439804758086202639e-03
4.900990223410193157e-03
2.372660668813670205e-03
3.027646831825557376e-03
3.697565923628508299e-04
8.699937209525369312e-04
2.081381585053504381e-05
2.232765415110628433e-03
3.171780823425462276e-03
5.373246020764669301e-06
3.776756526573723789e-04
1.601760071802555904e-03
1.343078441357643945e-04
6.187707334357837180e-04
2.825701408578031124e-03
2.523419426535456503e-05
5.054919436710922798e-04
1.202745681477257293e-03
2.701455522427031498e-03
5.770749999662532588e-04
5.567031707386174005e-03
8.068198531320879929e-05
3.932210775081496057e-04
1.082147447204952857e-03
7.319090373644824817e-04
5.581987957285559042e-03
2.718614801169149092e-03
1.650972102692100166e-03
2.960654942533370751e-04
3.537713038760830538e-04
2.383002885395392803e-03
1.314719026134447905e-03
7.338166531055275815e-06
4.062025038149141972e-04
2.305348140508141613e-03
5.277642133247277718e-03
4.615816164832284773e-04
2.158933882292863530e-04
6.361773197720585818e-04
4.457029855679265284e-05
2.939834971051893953e-03
1.177746003532953575e-03
5.482149267671440097e-03
3.742832730935041416e-03
4.208888072712217016e-02
5.596232708473998681e-03
1.975416383944425883e-02
8.922788850814728639e-03
9.242451893202436979e-04
1.691017305525251970e-03
6.555880699052820879e-03
2.072959056963066728e-03
8.500866851250368089e-03
3.088765467332160210e-03
2.236873034648584682e-03
7.174370032052347656e-05
1.449403700204417601e-03
1.383964096415098892e-03
3.415963255609345481e-03
3.029129791168065286e-03
1.909434132683693677e-03
1.449239258541446234e-03
2.280806550965412422e-03
7.226972961216303728e-04
2.480137862874699957e-03
5.602805304365750250e-03
1.651877211220573530e-03
7.505727826095621395e-04
4.481031218812988465e-03
4.190977434879331141e-04
7.069519818503678158e-05
1.001098458320361225e-03
4.278460883337599670e-03
2.062061360726729319e-03
1.048486645602179007e-04
4.166204291530735924e-03
1.712548089632481710e-03
2.102860699204228169e-03
1.933880156568369615e-03
1.715804312896863394e-03
3.761624609362833500e-03
7.606409286470001974e-03
5.127680001949370264e-03
2.981612940429680808e-02
6.575188470700907110e-03
3.672399929660467334e-03
1.931144824217696353e-03
6.486427299730451734e-03
1.226594708608029364e-03
1.427181548818521738e-04
7.583065914307136890e-04
4.154346279951412479e-04
3.413485601279723884e-03
5.446552866860184666e-04
2.197348671820447807e-05
5.813876608426962614e-04
6.896703604657128498e-06
2.304911083437386973e-03
2.021437393764253035e-03
3.364880967310577339e-03
8.998502508501564010e-04
2.244082379204283967e-03
2.509964071853153580e-03
5.722762004176585237e-04
3.256220802862646094e-05
1.086019435456014588e-04
1.478891755907187078e-03
5.885365795128579122e-04
6.464654545376573996e-03
1.100064963504911696e-02
8.125202554884145348e-03
1.516967260998388148e-02
5.799608195915312986e-03
1.177774866841097522e-03
6.387136427387565298e-03
1.662415065374567291e-03
8.924880142600773690e-04
1.630219543318392039e-03
2.564266018917379215e-04
5.816368558440687501e-04
2.539319902695178106e-03
3.855920919185178993e-05
7.176288432689129169e-04
2.571222300477005868e-03
6.721659584177858485e-04
2.757368589386964314e-04
5.419294035236908291e-04
5.467128982484553050e-04
6.454266914568190447e-05
2.501752731597807066e-04
5.132950657336948384e-05
4.208014674070385277e-04
1.830897378410032209e-03
5.449474739239234329e-05
6.949610295975830812e-03
7.282724816569918205e-04
1.302042483810237966e-03
3.592755708485990138e-05
1.711855718710258707e-04
3.462628689367155954e-02
1.272629447689486992e-03
2.524854182747813744e-02
1.187986932753181540e-02
6.258254308432135288e-04
4.250079027389319251e-04
1.227713311893459044e-03
2.332821209280443783e-03
3.197880436795142107e-04
2.021824887328302171e-03
1.171855900775542990e-03
2.336799865252614213e-04
5.645031646084653666e-04
1.585682002781667083e-04
3.025198148343988779e-03
2.185124273090899381e-03
2.861854328351661446e-03
8.578502690385506144e-04
1.250090498087311772e-03
4.671187785301680710e-03
1.980840103005773387e-03
2.620345766021482843e-03
6.553469880731806196e-03
3.386747846768980736e-03
4.379065536828427758e-03
4.295584724021598612e-03
5.560002425537368233e-04
8.453647854468767341e-04
2.014722673643718918e-04
1.064686741317580771e-04
1.838064853422511627e-03
3.041569605264300610e-05
2.338641302399697107e-04
1.836641756288086175e-05
5.931902281565595673e-04
5.944660890074631669e-04
2.204085232786130808e-03
2.363437423781970369e-03
6.518414531128183254e-03
1.228001235559108770e-02
1.120705409821347309e-02
5.873666750360386282e-03
4.592368827293183062e-03
3.023204063817102466e-03
1.749056303805740032e-03
4.200742763570131100e-03
3.202350443182627824e-03
3.398470873446107115e-04
3.256668527845163301e-03
9.366831655064056759e-04
9.688248212640106910e-03
3.586424857620489764e-03
2.942600490093395631e-03
2.450120954603175120e-04
6.414755571754618760e-03
1.859364573727830287e-03
6.611094895229301799e-03
1.483281033627680857e-02
4.502432574528386351e-04
3.756807505195389944e-05
1.459229883704269088e-03
1.915473072205979750e-04
5.681357909522495456e-04
3.652985534644748265e-03
3.614128594395818678e-04
2.797295362941801602e-03
2.001045603342554969e-04
4.514789998942645571e-03
1.670098149582536964e-03
1.330739743540315092e-03
7.966296855891515094e-03
2.241678113904882041e-03
1.178831927907636338e-03
1.404327322257519634e-03
7.250928598417976864e-04
2.812596950817763605e-03
2.303606320811529720e-04
6.154092166394711273e-03
1.064454958297800583e-02
7.940904047028424229e-02
1.321786083183112449e-02
1.395507341585614514e-01
4.647997480591369024e-02
5.118615490441583149e-02
3.487709992881826704e-02
2.994983218854849888e-02
3.900024923142469957e-02
4.060013276486248296e-02
3.198799562117781575e-02
5.266436515951879171e-02
5.717477445820751125e-02
4.122398179789256434e-02
5.453733244709919534e-03
6.706675930719263427e-03
4.618534532780518907e-04
8.449105285444652447e-03
8.510910580543126595e-04
3.567138537028616534e-03
2.306206795605284226e-03
3.704219211652181156e-04
4.991764989278215867e-03
1.244509511610374097e-02
6.791454716455055593e-04
4.202832734934667906e-03
3.102386355434355938e-03
3.038564945033813466e-03
4.599998216967690016e-04
1.624796063848638148e-03
3.117267355082959138e-05
7.148076934975386128e-04
1.944161510592772729e-03
5.879535186883901986e-04
3.018627822820011200e-03
1.782260914543787897e-04
3.597958177598230885e-03
1.159537030549764956e-03
6.597377531343510612e-03
9.063192273475387381e-04
3.455213536033942875e-03
2.453278700626211162e-04
8.681262197630121389e-04
2.410442793091840084e-03
2.928172974736287064e-03
4.657485251130209780e-02
9.850683171705263558e-03
2.781345787042855539e-03
1.839246559654154206e-02
2.909612285832726547e-02
5.900380969239504836e-02
1.584715322796693276e-02
3.530381740384540973e-02
1.477419849238459024e-02
4.622049079518190939e-02
4.178060580915575473e-02
2.443147463076576070e-02
2.925096915296588815e-02
3.238235403012393321e-02
1.429948163520664874e-02
9.101230090530029737e-02
6.240245152327123651e-02
7.230877224134090115e-04
