5.110339229972214736e-02
2.670186695086737561e-02
-5.388719150373005168e-02
1.146958808009015604e-02
2.080951709278085204e-02
4.969291230615997812e-02
2.699655213757954503e-02
-6.103964301476750426e-02
1.506041706543218284e-01
-1.575917467017725893e-01
4.440956126955307448e-02
1.425676954349553993e-01
4.985480345728451196e-02
-8.824642754470385375e-02
-8.257365767717390892e-02
1.162931564452100892e-02
1.609927354795423135e-02
-3.191414103834853966e-02
-1.736070113158585948e-02
-5.270969707251083568e-03
-1.489731825137134875e-02
2.572911168982277771e-02
-7.942944429385463689e-02
4.859622599192303660e-02
-6.133086728768846752e-03
4.998778551542965715e-02
-3.096090436873604260e-03
6.940619105991083400e-03
3.303081786595272323e-02
-1.268408546421759264e-01
4.438231073317253084e-02
-1.529265814702189530e-01
9.479461987837065062e-02
4.785094840854921955e-02
-1.007476952445864604e-01
-1.628002572548855470e-02
9.321922711761661609e-03
5.943793515341517023e-03
-1.172379222693820501e-03
1.061817542950595217e-01
-2.603673363418455844e-02
-1.134725928832503311e-01
3.990747303906887894e-02
-3.250693696960898962e-03
-2.795111830138037167e-03
-1.423935768934914137e-02
1.109015615944457592e-02
1.458264500314291057e-01
-3.659660297374071197e-02
-2.651246036287517593e-02
3.543457179983266342e-02
3.191786570369558457e-02
-3.755148505232164258e-02
7.646363478191799297e-03
1.466465885300883426e-02
3.639513439824097057e-02
1.722458440115221673e-03
-7.514557356662514287e-02
-2.241380315561298242e-01
1.199664626452616734e-01
2.143040868704203326e-03
6.240298493810145924e-02
-1.164673806224546249e-02
-1.494242773641471164e-02
-7.583506733532791207e-03
6.981026558530616273e-03
-7.200492472284528503e-03
-1.431761756405966436e-03
9.404699641089725448e-03
8.560011192736177721e-02
-1.572016649825371676e-02
-5.703188112905108187e-02
-5.550195938755183439e-02
-1.998023242152998855e-03
3.877269126209308830e-02
-8.340688140141840068e-02
5.073718739096140518e-02
-2.577192345992727375e-04
-2.729428959426224641e-02
-3.046947421283216495e-02
-1.063452264020773100e-02
-3.247243191307602750e-02
-5.155719362260195032e-02
-3.042461667259874214e-02
3.631949807997102847e-02
-6.417580490814692173e-02
6.779391535117315626e-02
-4.240252155398262918e-02
-1.109330200271142416e-02
2.699608921752328847e-02
-1.217277885543162075e-01
3.588238933465012770e-02
1.134135521484045256e-01
3.735435115016592228e-02
3.273583860325263856e-02
2.671196745973860188e-03
-2.968017301752044410e-02
4.605403254758141246e-02
-8.810515313893726649e-03
-6.589882893928099283e-02
3.744658095944482928e-03
-3.308654610346180996e-02
3.149727474996612958e-02
3.232372855259702752e-03
-1.380252215009679928e-01
1.551120185100242632e-01
-3.171839714811496014e-02
6.336364750803982759e-02
-6.415812163027112547e-02
4.134304442351618286e-02
-1.876760427830422712e-02
1.116526265720366000e-02
9.198670322237631480e-02
-1.728160390966131457e-02
-2.402165696986971119e-02
1.960152616590040472e-03
5.654911353220436893e-02
-1.007433404893735840e-02
-1.074538296388733404e-02
1.898612722169454661e-02
-3.051539201048820982e-02
2.279061574458596251e-02
-4.062911391935764699e-02
-3.432977865625343877e-02
2.278398074745517296e-02
-4.851268432542248099e-02
1.773461439887152142e-03
-4.821499082077684850e-02
1.121662345923218895e-02
-1.304019065057159532e-01
-1.513870380244552137e-02
2.365039451364592954e-02
5.346025669316727125e-02
-1.329829191034792024e-01
2.350484119043888542e-02
-3.528603685734423706e-02
4.462808253162890010e-02
1.309188492486986211e-01
1.173113366481338959e-01
2.623036560248735993e-01
6.986998164955414703e-01
9.089775521813677761e-01
6.903626408127114811e-01
4.928684855967257472e-01
3.263295373822630019e-01
4.431399810016455332e-01
3.693281437586532490e-01
2.976001980127283841e-02
1.336007163365199035e-01
-2.815445696503350928e-02
-2.786848465881482384e-01
-4.342743584118093358e-01
-1.084571007767173523e+00
-1.530597512584504605e+00
-6.525347147153218730e-01
4.162614516710474305e-02
-6.189222730997100408e-01
-8.117032681418086260e-02
2.111151616184460678e-01
1.771890975254172829e-01
-9.222250467326553736e-02
2.938161650208576114e-02
7.946259657780953625e-03
7.727729775840232185e-02
5.066006116922528585e-02
-4.868562671645823570e-02
-4.418500658503234785e-02
7.230549230428363894e-02
-3.493974622012770842e-02
-1.615302593966140565e-01
2.655658529220042419e-02
3.939624571520194095e-03
7.462690719800028905e-02
1.139109134422931248e-02
-9.606815023732392239e-03
4.162917888186382087e-02
1.275139545860897068e-02
-3.151828465948046387e-02
3.565290963757828530e-02
-4.482025596466443669e-03
1.220031906464503005e-02
3.611452019089596288e-02
-9.083232689611012503e-03
1.270905194571019144e-02
2.507563966161755961e-02
-2.678837318928432853e-02
2.725467830008968320e-02
-1.249017770281610762e-01
3.826380823358039446e-02
1.256268369827668319e-01
-7.884785505183587728e-03
1.318109777266423394e-02
1.922441331631279463e-02
3.372287040379992606e-02
1.779092282507048050e-03
-1.852911161618298747e-02
6.106563425015504309e-02
1.041076570958779368e-02
-4.742277332102052406e-02
1.196516056188958732e-01
7.891573142432768695e-02
-5.066572198141792299e-02
7.367108759389789929e-02
-3.818362017589081291e-03
-3.520218098864760087e-02
5.698781363007900808e-02
8.977240349051127111e-02
-8.843881418194132760e-02
2.673185220579773480e-01
-1.351557082764597018e-01
-7.248074357281489299e-02
-2.259642485309545923e-02
-5.251668846714155348e-02
3.594307693015302840e-02
5.871115549585233934e-02
-6.794450784543023050e-03
-4.066327386271019473e-02
-7.204209457038888119e-03
2.141665916560592936e-02
-3.963588655617356071e-02
-6.391153853486630787e-02
-1.070015633512779452e-01
-4.022962464587560155e-02
2.708751864640642285e-02
-1.256521359704910745e-01
8.079652907282819374e-02
4.684247592130245247e-02
7.353974350710279495e-01
5.816881664108212169e-01
4.865469498070079668e-01
-8.715649050111146101e-02
-2.477298635386725734e-01
2.196541953125212554e-01
-1.792188222840732093e-01
-1.984335843536542132e-01
2.463123746311543169e-02
-1.534610251094441769e-01
-6.452794921331080069e-02
7.165329837925431267e-02
1.140946507312814995e-02
6.138121398453885713e-02
-2.685145430936816124e-01
-1.495887297828960849e-01
-1.844071395522870749e-01
-3.066368249180526084e-01
-2.463855305080522307e-01
-5.669349931403176029e-02
-6.042109933211432110e-02
-1.353373636662040247e-01
-1.516271585563036539e-02
-5.667314572784925425e-02
-5.244731884474294024e-03
-9.986994997101583671e-02
5.553690338840877594e-02
-5.115450003792123418e-02
9.151518740766693971e-02
3.776768876525493038e-03
7.430194551213900741e-05
-5.808207391160048749e-02
5.103890928963622509e-02
6.252907704770134523e-02
-1.075712048815673054e-02
1.057615503021599318e-02
-2.253488966419403550e-02
1.785345078364796584e-02
-1.385084558281595990e-01
7.797263286064605187e-04
6.250771479231660710e-02
-8.106679263459781737e-02
-6.119565674059959659e-02
-5.257439523909288037e-02
5.108743579238238935e-02
-3.469552856712223438e-02
-7.134671519048997601e-02
-9.461047207667540315e-02
1.479758069171342727e-01
-6.917931056777890976e-03
2.065407872863274027e-02
-1.150946244338615226e-01
3.470823386064070259e-02
-3.036765695280835287e-02
6.653741822127506866e-02
-6.106073553183645475e-02
-7.375282052513820047e-03
-1.686889389973439402e-03
-5.130616056898530328e-03
8.269864207212629381e-02
1.049462500222039518e-01
2.219637793223997596e-02
2.164844604549729171e-02
9.244941011804894138e-02
-1.553023183079593229e-02
7.700484088383363623e-02
-6.540024791563404938e-02
-3.767613198591800855e-02
-4.485023145056837510e-03
2.267519701641543955e-02
-2.308271867919562195e-02
3.568713429673957965e-02
1.182701180198773572e-01
5.368663827034892561e-02
-9.627884217939583489e-02
8.752224493247532516e-03
2.536230780438876800e-02
-1.059248054730294875e-01
-1.251908919162881585e-02
-7.795356833147550069e-02
8.399934664405452056e-03
-4.377510438015466687e-02
1.410856360873403437e-01
-7.402142462235865479e-03
8.694100402370842640e-02
1.175864176920923126e-02
6.398082934070885297e-02
-7.291077640070277310e-02
-2.973889476332071125e-01
5.277178816621435481e-02
2.355866206896848614e-01
-1.647730130631311074e-01
-2.607314910108007866e-02
-4.002152161717487111e-02
5.487825506610093801e-02
1.940840618054111566e-01
7.144470552618688297e-02
9.973882459644079629e-03
7.007640597344466649e-02
5.168025028941159588e-02
7.487107910237002749e-03
3.925643106184865255e-02
3.637102386285566424e-02
-7.057745042773684585e-03
3.272601348704807633e-03
3.439042756137911105e-02
-9.773372437590878425e-02
-3.047139200691578037e-02
5.182365328284780498e-02
-1.604056188250967407e-01
-6.759574887748856509e-02
1.125747228093544779e-03
1.445840863326082644e-02
-3.818051561353382611e-02
-3.498653145032577100e-02
2.117975412731560453e-02
1.192285547214324420e-01
1.336782427633376458e-01
-1.512878684602196599e-02
1.865208580100610920e-03
7.600376355997429112e-02
3.891368600117238452e-02
-7.260330885106387744e-02
1.232124514790420011e-01
1.066712297041153695e-01
-6.320932169496555619e-02
9.997447853385935113e-02
-1.687386821179411023e-02
-2.889494397788380797e-02
9.381909535289145599e-04
1.052842758278137170e-02
-4.456747829915855275e-03
-4.504656850845459998e-02
-2.332130677909585378e-02
-1.183528805560724734e-01
-3.295664597295713122e-02
-2.130985552569796271e-01
-1.120277607357098165e-01
-3.671948662147972442e-02
2.058786419083648636e-02
-1.441422791694597916e-01
1.776837066858587555e-01
-1.995179814624412767e-02
-2.972594833292662928e-02
7.741664354850948115e-02
2.790875697288729418e-01
1.617809186136651145e-01
1.324516492751302288e-01
-1.425674476259530532e-01
-8.272531358347065197e-03
4.180929590847937832e-02
1.912967700868354326e-01
1.476247541359823057e-01
2.811951281699636152e-01
3.112488273952885298e-01
-1.058746843726224574e-01
1.441042071024869198e-01
-7.834351077131154750e-02
-4.647062949786074509e-02
1.810702901356769645e-01
3.424027809257079724e-01
-3.462456648263060460e-02
1.298832528190714715e-02
1.357526883770811266e-01
3.978841627930083669e-01
1.916687602682334846e-01
-1.030081621455686131e-01
-3.588774541573970245e-01
-2.693417677986688075e-01
7.390451193262966012e-02
2.290842940773920311e-01
2.512697118677573171e-01
-1.942592127021451343e-01
-3.394241842732882014e-02
-3.765964824715064552e-01
3.186887900469758672e-01
1.879473047919499179e-02
-3.888212181062693923e-02
2.984425718163540367e-02
-2.124892575973184039e-01
-2.435024770304901609e-01
-3.158290195304845338e-01
-5.135584233453466263e-01
-6.390017514346573169e-01
-1.424530374454898440e-01
-1.369744542645748020e-01
-6.903121071090777272e-02
2.916019194997195724e-02
3.912275488996734552e-02
-3.109858809028510224e-02
-1.585644599679231770e-01
-6.363353776854283050e-02
1.536466381920516960e-02
5.970330930688158566e-02
-8.690777273097043121e-02
5.800572905000029450e-02
1.221879650643991483e-01
1.861220361430070969e-01
-1.627222720966582103e-01
-8.471211744815804190e-02
5.806864299755772757e-02
-8.998107926622711528e-02
-2.021437345711769307e-01
-8.913782328391582632e-02
-1.103285641341830575e-01
-9.315743408682124194e-03
-2.859276696598267789e-02
-4.055225475755534770e-02
-3.895378313179923523e-03
7.543189629164863061e-03
3.884006863378520764e-03
1.478233542484375107e-01
-9.939356633014646836e-02
-4.847327611056312380e-02
-3.425005819025664366e-02
7.518469230732885422e-02
-2.161250345427032094e-02
2.969837959266862296e-02
8.021359604658315212e-03
-3.192320840750235283e-02
-6.537844553012291116e-02
-2.844171540727521985e-02
-6.546050527634654503e-02
1.092181154073857546e-02
1.588051936308850290e-02
6.579147274625174457e-02
1.594837399315515367e-02
-6.122203578486640901e-02
-1.776941594184710260e-01
-3.266572459454006316e-02
1.196210191954974467e-01
-6.738390420884195035e-03
4.181056831949762909e-02
-4.102251414914223626e-02
-6.490559222553832913e-03
4.351935767850118042e-02
1.411686969975298016e-02
2.100863418883254508e-02
1.093479861324267582e-01
5.739008346339993100e-02
2.970503844737911944e-02
-4.799873199334438872e-02
-3.432850271798303932e-01
-1.774677609367536935e+00
-7.919174797239549868e-01
-3.145000729989062549e-01
-1.383687681837472427e-01
-2.335544475904329509e-01
7.357381154137881962e-02
-1.466936909725400640e-01
-4.130414804664180040e-02
7.396199151123292181e-02
1.070359343983707939e-01
2.429734646333928383e-01
2.508004221417211577e-01
9.267322043916935703e-01
6.386345601429808116e-01
2.400444080660196766e-01
4.902557316264213871e-01
2.358853169056330523e-01
1.631635916557306332e-01
2.619632244144534106e-01
1.854728586583100358e-01
-3.179328008276389311e-02
1.129739585087234238e-01
2.847436073804682569e-02
-4.791264974012834910e-02
6.315173503564633362e-02
-1.508433137075713840e-03
4.093784609876256753e-02
-6.573464767952458265e-02
3.149628277319620195e-02
2.651199341446202132e-02
1.150560211866887006e-02
9.087250975707233946e-02
-2.255445724689220111e-02
6.180196334952368920e-02
-4.970459178230531017e-02
3.959523790263311943e-02
6.996666305087849425e-02
2.613407260918121713e-02
-2.531309351648294067e-03
-1.385248323602692551e-03
2.843745914777556436e-02
8.212622278418786614e-02
6.607675568304645364e-02
-3.986958503612185456e-02
6.473783862261615896e-02
6.024554624369170969e-02
2.272041532969211117e-02
-7.246667154301889881e-03
-7.577109344798493851e-02
6.318002329791199204e-03
-4.535306585208089686e-02
1.186765100897870517e-01
-4.029587027899370760e-02
-4.652704475959714564e-02
-4.639700069029244200e-02
-7.264228937439574929e-02
-8.028416543914550577e-03
-8.045236247519537516e-04
6.655056931813145560e-02
-2.646045380855916937e-02
-2.311980967820892810e-02
-4.761901154925628904e-02
-3.487583591932309074e-02
4.634711693855277093e-02
-5.086521277568636923e-02
3.090245232601429581e-02
-5.559714740537894523e-02
-3.902663789031678154e-02
6.099372971244384350e-02
5.307120680263600898e-02
-8.326887477770313073e-02
4.784473948496262979e-02
8.645781098721008751e-02
-1.929256126563857476e-01
1.268733890039930035e-01
-4.937794811628355013e-02
-1.006982265883385741e-01
-4.552635346743372224e-02
9.031206560925625348e-03
9.884577757330932635e-02
3.748429268911172563e-01
3.950389115849781696e-01
2.123606421755458440e-01
5.548873047650080270e-01
8.080912868151443051e-01
8.116616030501048185e-01
-2.794028403938442207e-01
1.394800081427951810e-01
8.620972306053960310e-02
-2.583579922235293980e-01
-5.536471366597264243e-01
-5.533281744975616645e-01
-5.559629837514822315e-01
-2.448746423771903935e-01
-2.340309549615087192e-01
-2.469633226413011085e-01
-1.539575544652622141e-01
-1.259389157452096841e-01
-1.319514271593188737e-01
-1.744502063386375590e-01
-2.058391899284246415e-02
4.560333531815830704e-02
7.978911543231201331e-03
-2.028923503282996366e-02
-4.658881957834362306e-03
4.286989113332204809e-02
-7.719258506172495260e-02
2.549238079315151867e-02
6.476635681701407854e-02
-4.098513202086911944e-02
-6.242962853861424612e-03
-3.729786918573373827e-02
6.133412927599439513e-02
-5.156706074194204042e-02
-6.040922377200783067e-02
8.117474881903821715e-02
1.955736663367182299e-02
-2.890696932199966415e-02
-8.232474825930298501e-02
2.110831822874717142e-02
-2.088469855708722719e-02
-2.271171938869289060e-04
9.046889452205043869e-02
-1.247051203062513186e-01
6.391173703703895148e-02
5.192156681022247477e-02
-9.116113688306053120e-02
4.232851561367958343e-02
1.308774439081680785e-01
9.360371119092204123e-03
-6.552307497800115288e-02
7.696041085225541201e-02
-8.552061167548887649e-03
1.515111273838372630e-01
5.889332940251755522e-02
-4.978677388260381240e-03
2.064283423162381059e-01
3.871675084222437890e-01
9.572380521099846384e-02
1.851532778701231730e-01
6.939852078569201665e-02
2.114077145579882078e-01
9.234739978709073649e-02
-8.853540031223994244e-02
-2.174010017698428388e-01
-8.320446958234864465e-02
-1.841548485927922418e-01
-1.664389285364715476e-01
-3.521567362522780020e-01
7.136813484627904311e-03
-1.130683901143021003e-01
2.510217641691214197e-01
-1.054600815384338919e-01
-1.095945661385702152e-01
8.619896621601051689e-02
-4.531688476454418663e-02
4.601166133429283531e-03
8.809264283799619899e-02
5.727891927721996679e-02
-8.592318893314772332e-02
-1.347990225410154730e-01
3.958388759564576698e-01
4.517048162450333360e-01
3.291390335066782247e-01
-1.569992609435570396e-01
2.256664024740178409e-01
1.055981846610405672e-01
-1.861663667760138641e-01
1.652867535373771235e-01
-7.778365579998060275e-02
-3.972133042538177894e-01
-6.187997422867081397e-03
1.614084139933492923e-02
6.727461154374600460e-02
3.970131798442072535e-02
1.348009378258249180e-01
1.794786075877556342e-01
-1.582056463648257028e-01
-1.321301409373999529e-02
1.186124474923087348e-02
-1.127891989715269945e-02
3.225844667566033636e-02
-2.611104381073653391e-01
-2.386442643586506596e-01
-1.134360560238489440e-01
-3.981989874951286784e-02
-4.812220718361933519e-02
-9.705348949691246230e-02
6.312113897132072028e-03
3.600619376115942183e-01
1.508821981065845141e-01
-1.001703024412019805e-01
-2.746417720570243012e-02
5.476936322254881417e-02
2.607253801982225769e-03
-9.798454477909966653e-02
-1.928878904259478111e-01
-4.976902644061012015e-01
-1.346889760527594515e-01
1.663143457627420385e-01
1.213709626475540093e-01
2.002238096228373121e-01
-1.545276133653386286e-01
-2.412738348850002601e-01
5.393867402621595891e-02
1.636781579943094866e-01
5.900653900181672407e-02
5.704041132714123691e-02
-5.239613439554464958e-02
-3.035776154109335809e-02
1.789451004828376823e-01
1.245470447428440319e-01
-1.315003169996346866e-01
-4.152828666169739447e-01
2.287860485243609077e-02
1.111731986436534925e-01
-1.243819826875739859e-01
-3.962071163239863636e-01
-1.508267060715592564e-02
1.768689401934979422e-01
-8.470873535689579792e-03
6.860602863837977905e-02
-7.758053194130003216e-02
-4.063619149688090654e-02
-4.304906573450069385e-02
1.200937667147273374e-01
2.141761097694267202e-01
4.481475232691596866e-01
3.157672172883794204e-01
4.087244193674521298e-01
5.939497286892634342e-01
2.797820590314271660e-01
2.473105391380842344e-01
-7.792814459342730649e-01
-5.426570433359781953e-01
-1.192662395368019740e-01
-1.395212052550697246e-01
-3.617057211297062813e-01
-3.801552158616949284e-01
-2.485207035095225447e-01
-3.809869235324827436e-02
-3.657479080604628813e-02
-9.421412133848278136e-02
2.518546599394748675e-01
2.070111840984808493e-01
3.096240262316985944e-02
-2.992579330487006237e-03
6.684634089422064607e-02
3.041824680494494837e-01
9.394914734443594873e-02
1.215827142337719546e-01
-1.540269638797223950e-01
1.362534742347149552e-01
3.180110872216403844e-02
3.758068103996888287e-01
2.050205128202252924e-01
1.630263701027967749e-01
3.158223551866659040e-01
2.137340284973555382e-01
1.464512225195840379e-02
-1.040476761467417355e-01
-9.147082183829213786e-02
-1.958108576850418892e-01
-1.164117067498303959e-01
-4.964081156755241198e-01
-3.414948412277080125e-01
-3.257314888818592657e-01
-1.085827786401756256e-01
-1.760348850178937163e-01
-2.553402691788432717e-03
-1.014041760143296195e-01
1.625677280775210225e-03
-1.113751106100678845e-01
-6.428330275724748744e-02
-1.047307059865161954e-01
-3.180998219874240363e-01
-3.333269549296137835e-01
-4.268758019104099133e-01
-5.544732789766572134e-01
-2.964764884689633506e-01
-5.510030685463598310e-01
-2.520111304828567822e-01
-1.582161033255671811e-01
-1.288659090118956518e-01
-2.937184867247655262e-01
-6.124432751628104687e-02
7.071327711644513625e-02
1.212046193391182469e-01
3.036631263074220377e-01
6.680960152155571707e-01
3.722114171704687391e-01
4.138863255438055000e-01
3.594052784101380293e-01
4.681259691435361581e-01
3.530029968948100727e-01
5.364741568794303278e-02
2.190198923890240845e-01
2.507793210902715675e-01
2.077581037045594659e-01
-1.527357151959865822e-01
-1.646776474042094263e-01
-2.218738378822733559e-02
4.399180906877488834e-02
9.350705714284000825e-02
3.677833585693499052e-02
1.185551555917663119e-01
-1.489226601376663142e-02
1.474799424489054572e-02
-2.921494296074350627e-02
2.209277869632458174e-02
-1.425059961211320447e-01
-3.554153606318868376e-03
6.630965568739412286e-02
9.622307309232266959e-02
-1.631209875029925316e+00
-5.239015478302330164e-01
-5.220186223895569855e-01
-2.531726472065698452e-01
-1.573537067935165124e-01
1.461815881597712530e-02
-7.620002904512272746e-02
-1.744729554997684340e-01
4.475641393304846845e-03
-6.263927332405946902e-02
1.250255349551224748e-01
1.214821692501873773e+00
7.895965816781345126e-01
5.603205338061413299e-01
3.685880170915889487e-01
2.482020980781558805e-01
-3.165992606110796821e-03
-1.688079200224891887e-03
4.783222562943970774e-02
1.366464555023097771e-01
1.223685531460322468e-01
6.519517614885626811e-02
2.930359165222931606e-01
-4.220656980700290134e-02
7.185768808006191832e-02
2.896148266149730643e-01
1.070581463468680931e-02
4.329221699330250417e-02
-6.605154393627660214e-02
-5.361970575889371537e-02
-3.565666814181293887e-02
-1.417564077782867797e-02
3.934739369363794703e-02
6.866876979473182652e-02
1.516009933951082689e-01
5.932485703116503750e-02
1.443491298547979612e-02
-4.569121852557168906e-02
3.060942613870522994e-02
1.106219244927904299e-01
6.590817247078814556e-02
-1.021989075238672467e-01
-5.232328133971887035e-02
-4.881922476114047837e-03
2.039093093357769448e-01
-7.249348338997291252e-02
1.765407471009140111e-02
5.665302811401980859e-02
4.298745581508692411e-03
-1.242479303601950504e-02
1.308267390779266348e-01
9.717516742583993256e-03
2.401338099319540731e-01
-6.613429287023945072e-03
-3.405397011298103016e-01
8.048073437317833367e-02
1.764777535784142759e-02
6.881202112404574689e-02
-6.859061138229761989e-02
7.971546941018563259e-02
1.107262552804505473e-02
-2.093390572064799879e-02
-7.667021085940400188e-03
7.979094559715113610e-02
-5.683590290746400042e-02
7.491093540161788966e-02
-5.569719337468539283e-02
6.102171120137174498e-02
-9.334692485240658755e-02
-2.027992137321346644e-01
-8.229283047606689161e-02
2.622276412275891325e-02
-6.403071868253271126e-02
-1.350843160889764472e-01
-2.391903941085807839e-01
-1.386710665225972527e-01
-1.140242617670782915e-01
-4.798168197439902499e-02
-1.352559659343965937e-01
-9.565898097399064270e-02
-1.703510266422788855e-01
-1.187377724355990517e-02
2.482227496902470257e-02
1.946914331621972874e-02
1.884768777152474872e-02
4.065490125523135712e-02
6.507367226611632249e-02
8.574710391767720319e-02
1.972482876391055268e-02
-8.116051540017699129e-02
-2.379090805534622433e-01
-2.564163778466098040e-02
3.122305638842761549e-02
6.333468448544290336e-03
-1.863293868697430550e-02
2.554239479945456456e-02
4.407664526789525916e-02
-1.104899952184599903e-02
-4.677925097419287359e-02
2.261149465679607520e-02
1.485653775907682106e-01
5.262810840603322077e-02
-1.533894412891260162e-01
-1.246399218976423917e-01
1.701520061953647189e-02
6.799913630388136621e-02
1.160293684698105038e-01
-1.072011854415896442e-01
-1.953043036854043013e-01
5.888484633029333892e-02
5.633625264185907269e-03
-1.241415424483750633e-02
1.148678553821956029e-02
1.925629093227038471e-02
5.115071835193935046e-02
1.437429879065088394e-02
-1.098177090712987476e-02
5.892042700328253141e-02
-2.322459722582959421e-02
9.428752489013689231e-02
-5.980953785748931856e-03
-1.454574140510042808e-02
3.718992947233459856e-02
-6.266952517847218518e-02
-2.563703313533279363e-02
9.420282300114231344e-02
6.147366664352016787e-04
-1.433361613802662249e-01
8.377038103865595831e-02
-4.849637889494207849e-02
-9.381210933528660867e-02
-9.963392448126526246e-02
-7.818461872369625310e-02
7.393165203853727455e-03
-4.259158684428420577e-02
2.877098177267458853e-02
4.167768366116786707e-03
1.451302953560199005e-01
1.082589965132820381e-01
-9.275831825796254301e-03
-4.348272988462682787e-02
5.230257591108725818e-02
3.449767218634858246e-02
1.083845706992132146e-01
-1.327628118509227850e-01
-1.917640611495322611e-01
1.506017108129941717e-01
-4.605958324480616956e-02
-8.433721270881487653e-02
-6.692903382840518882e-03
3.557520847374165407e-02
-6.734790391762650319e-02
4.098576524585602343e-02
-4.530153747025802979e-02
6.522698965982717811e-02
3.009849725593787950e-03
3.288376818614732050e-02
-1.284740511290760889e-01
-6.111730380039618465e-02
2.438529284742362024e-02
5.484599521294083319e-02
5.881407216185095821e-02
-5.066942748765623783e-02
2.589509535457026543e-02
-4.577298142405803599e-02
7.571513632857057325e-04
-6.234869257722629871e-02
1.064541290989605080e-02
-6.967880195453900194e-02
2.607366058756139127e-03
2.381916237250084403e-02
-1.350526534152769742e-01
4.346596933034130306e-02
2.538333762944866220e-02
-7.575003760480514270e-02
9.019064466150819581e-02
2.495391229821481913e-02
2.774112016024279578e-02
9.827205048372260332e-02
4.546564522403314518e-02
-4.771189475625049747e-02
2.159496735808464907e-01
1.736208748631468402e-01
2.951170572713271989e-01
3.098742245786685959e-02
3.058675635179321228e-02
-8.561262741202299575e-02
-6.402487091087623317e-02
1.017747108265881079e-01
3.068159384539927148e-02
-2.225367510919122604e-02
-1.052444764668168525e-01
-2.757051622300730753e-01
-1.009512282360821309e-03
-8.594183542317712643e-02
-1.578882694250850066e-02
-1.001115372847388579e-01
-1.945566133533239150e-01
7.203740673132762173e-02
-5.541443794054519249e-03
2.031845843565073875e-02
-1.223407594089134104e-01
-1.811627485639366597e-01
-2.386808443990988751e-02
1.062123309344444461e-01
1.111969795815601625e-01
2.818466204229098243e-02
4.027224055990735740e-02
-3.505385031189544448e-02
-1.498969082292569421e-01
4.567744870400828119e-03
-8.905797057468377298e-02
-1.488067246172744273e-01
-4.907855998245340585e-03
-5.293850161220312392e-03
-9.421136168917802756e-02
-2.298610983966336337e-03
-1.731593520447639867e-02
1.055485555972404503e-02
5.629665819859149684e-02
1.005506755967945087e-01
-2.572711838628744668e-02
6.641243155514463953e-03
-6.560575982541426432e-02
3.766477635019969267e-02
7.338867375451061520e-03
1.038969763579845884e-01
1.691815306920284034e-01
-1.258233490238040431e-01
2.360726865299419275e-01
8.608529337115374824e-01
7.394875621016886447e-01
3.082441942933680790e-01
5.831302458148370782e-01
5.174956004687435440e-01
1.177900582385916495e-01
1.820857608460650368e-01
4.449179160417216644e-02
1.232010113221708447e-01
-2.702590508737794384e-01
-4.957598278007549486e-01
-1.406305925066139162e+00
-6.411797513474764010e-01
1.210539771451186498e-02
-1.016584469266915841e-01
-7.623104866643545807e-02
-1.253833747235635065e-01
-2.069859361697135580e-01
2.345290980171745726e-02
-4.143032088481766323e-02
-4.136444162103552341e-02
7.290368997454339806e-03
1.907168480272361868e-02
-4.651047946960765178e-02
-6.015172269637109742e-02
4.192019334581572471e-02
-5.535713880388973968e-02
2.871918932317836168e-02
7.231593026008286372e-03
4.962248880058562489e-02
-3.124838022046850378e-02
-1.300982235066714364e-02
1.114753220361340731e-02
5.676989027950661570e-02
-2.209808720903251242e-02
4.041197568229182302e-03
7.636265029264088788e-02
4.855845641385644201e-02
-2.489435454642347639e-02
3.854161852336919838e-03
-5.951509663496411945e-02
1.116280823619826036e-02
1.828562767110525344e-02
1.920873355831586096e-02
4.248940396414067899e-03
-1.258521531948991745e-02
4.950384036782966984e-02
-4.363701535315329949e-02
2.355273248319890000e-03
1.179069978807762743e-02
-1.241881016597838963e-02
1.443149433627515660e-02
4.482217173942790005e-03
-8.907321912612639267e-03
-1.089646753099352515e-03
5.172162981322761012e-03
1.356554177462631489e-02
7.737718764635821700e-02
-1.696265260113072326e-02
-2.971487906094313902e-02
-1.493659468122027212e-02
1.174110398221806795e-01
-6.014240939918305551e-02
-4.491218489497997290e-02
3.954995051304018017e-02
1.313104668736295721e-01
4.181357490402519417e-02
-1.935159765859639780e-02
4.545317061987243917e-02
-1.599575728025381949e-02
-2.250526774832957780e-02
-1.772298411028445583e-02
-3.925246781444745314e-02
1.140622796362603282e-02
7.059479110174646764e-03
-4.416393935938736637e-02
2.024445117310020442e-02
1.737766478523317722e-03
-3.128939683215362089e-02
-9.717124167022020420e-02
4.351303687582146196e-02
1.077512580725696958e-02
-5.113483605651347741e-02
-8.008553443712894404e-02
-1.237521050329991323e-02
4.333390152423989561e-02
1.506986639977260234e-01
-5.227309052072001694e-02
5.990579701039112914e-02
-1.714190005614143249e-03
-4.190383436786471877e-02
-2.780350005687817760e-02
-1.611030540157293300e-02
3.698347131194051202e-02
-4.827569611789349346e-02
-1.800399685728780799e-02
-4.851132234412880440e-02
-2.121233586156205317e-02
-4.746365950859089688e-02
-3.467501524685050879e-02
1.223960708472826425e-01
-1.156739651634211691e-01
3.038723765690471215e-02
5.434149312086913181e-02
7.015247928787078646e-02
4.665731980536896861e-02
1.135009919536715678e-01
-1.316979213624671838e-02
1.033255593969605382e-02
3.435158237896103472e-02
-9.092985126453043132e-02
1.800190855565975134e-02
-5.452523406655923610e-02
-5.507129998076202779e-03
-1.038021782412064387e-02
-5.390461116150086981e-03
-8.857208189247298136e-02
-8.821569375794388601e-02
5.807291462237698654e-02
4.384932002359415160e-02
3.501972112421746636e-02
-7.577306518177294448e-02
-1.158047767336180256e-02
1.038071797381572153e-01
-2.505102344208693516e-02
-6.219833909766334101e-02
-6.421208442349853052e-02
2.154998188970199194e-02
1.237797378753489885e-02
-4.670461587480165093e-04
6.686113035006578664e-02
3.245854529788037846e-02
-4.782918720202289364e-02
-1.560216313000671422e-02
6.027807012905921774e-02
1.717176211095706995e-04
8.023803310066042471e-02
-7.100466826427308253e-02
-5.619452100550362261e-02
3.142105291949390256e-02
-8.769220209301325716e-03
-1.129047637082451205e-01
1.391539580315553082e-01
-3.615838794080566965e-02
1.982627844195932257e-02
-2.750567929375236260e-03
-1.277679950322714413e-02
1.839203775734199117e-02
9.740221502463776828e-04
-3.300281283406601013e-02
-1.421064619425495626e-02
-6.234338324935966014e-02
6.755420614995791273e-02
-7.931553688892416243e-02
-5.113058489355942066e-02
8.979595417802033186e-02
-3.996361961023800480e-02
4.058179980470326756e-03
2.355183386803848256e-02
3.279297213533069466e-02
1.817572983570990564e-02
1.846190505838330928e-02
6.279917959336255018e-02
-1.926150201872756373e-01
7.815942829840669126e-02
8.216915126711499262e-02
-1.315131624296662638e-01
2.868107163482247132e-02
1.898367764250227796e-02
3.899287640182790698e-02
1.771401837672580961e-03
3.648228520129057073e-02
-1.143420202513603656e-02
-5.259678670569542525e-02
4.415804152464148681e-03
-1.605402722612677205e-02
4.771936810216710623e-02
2.686005426462695703e-02
5.665104871422365490e-02
-2.163098767460553892e-02
-2.303006561197992394e-03
-5.031272677483888262e-02
1.436968775000836782e-03
1.524050152323407244e-02
6.240378197742085797e-02
-6.166177795162455788e-02
2.117447063093970058e-02
-3.756142681593516164e-02
-7.974452245793130223e-02
-7.814181143712639610e-02
-2.283039512903010937e-02
-7.564067784062551703e-02
3.903689901133626516e-02
-2.525755144508720716e-03
-6.086689685380192172e-02
6.952417779259615835e-03
5.868099497925555706e-03
-5.965880564187040630e-02
2.193679442426341511e-02
-1.293414186133931727e-02
5.709042734966106314e-03
-1.314014558684543921e-02
-9.534692851867745608e-03
-2.952468551159768625e-02
-5.039959210702021908e-02
6.383302546392502844e-03
-3.750466143491462678e-03
3.432513957871893839e-02
-1.337824176258343711e-01
1.316562610521608556e-01
-3.217023327742760119e-02
-9.611658334957615818e-03
1.164897918214491401e-02
7.457688389125101402e-02
4.915552789821457658e-02
6.185552749941665429e-02
-1.996199178962368773e-02
1.751288184930435143e-01
1.014585119031696236e-01
8.223663460741628684e-02
-6.326547433902017514e-02
5.999494769346898349e-02
-1.309670656141202205e-01
-7.806927921538592274e-02
-2.912025482496983023e-02
4.420243195374516654e-02
-8.055239468685256032e-02
6.240535908895160355e-02
5.211290319058321102e-02
-3.030119487849395124e-02
6.476864959336160570e-03
5.148138228263209742e-02
6.800795840337418852e-02
1.819170499584804243e-02
-8.776332200782353821e-02
6.363424096772506144e-02
9.157559675979407010e-03
8.582322667755977463e-02
-5.201377229410867470e-02
-1.028162348281977910e-03
7.392921953448985950e-02
-4.406473084098753989e-02
6.574519779468090963e-02
-3.385070778465724267e-02
4.405558523581173946e-02
-8.216958562517620579e-02
7.344533868678541737e-03
1.402967797358679186e-02
-1.326696283465128856e-01
-1.699142880887030043e-03
-2.659835177262738926e-03
9.758933961643291924e-03
-1.848839025273955883e-02
-1.266584007978196688e-02
-2.406500842242112470e-02
-4.153028011932106273e-02
-2.583280480741190644e-03
-5.500382835732463109e-03
-3.395066488944187971e-02
2.274545594088835110e-02
-4.830149124805326738e-02
-1.958506544167241611e-02
-3.692791352943258082e-02
1.852852533423316253e-02
-2.644678168179976849e-02
-2.870011193602397745e-02
7.269731688700729888e-04
4.939100288265616673e-02
1.116694608929258564e-01
4.135446558261831468e-02
-2.903772145938097321e-02
-8.896008654007597771e-02
1.287920756597632152e-02
1.187964356329150595e-01
3.666141288792595238e-02
-3.969816583127848235e-03
3.374443182598482749e-02
-2.678381617986585680e-02
-2.221142713922325885e-04
-2.972646434757083428e-02
8.567036748109838062e-02
-7.496658717431230190e-02
2.241752430600731094e-02
-6.076509673705148690e-02
8.543852960380665662e-02
6.107098522660710932e-02
2.995353656715720736e-01
2.451163044588766660e-01
5.485393056192399142e-01
4.762995760799261236e-01
5.096152670754368064e-01
5.690563203356200361e-01
1.303914475218499180e-01
3.140129731071185648e-01
1.391166831090612788e-01
2.282867685143226133e-01
1.378126880788572983e-01
4.869486783254805412e-02
-1.329244019025915997e-02
-3.672329436864910646e-01
-9.331163550792671568e-01
-1.356147747255008307e+00
-1.854873031116955895e-01
-7.072587214817660506e-01
-1.498195870616015890e-01
2.170898668417849814e-02
2.914903394596995989e-02
-5.803498146767673699e-02
-7.951906737108478673e-02
2.031480097505280330e-02
-1.847199639845785099e-02
-1.072299658501683628e-01
-1.884832212586982914e-02
-1.176682708557683435e-02
-3.808404344950572229e-02
-3.203511881812654699e-02
9.484155614934149103e-02
5.568792242847878798e-02
2.462770718782329726e-02
4.042033126378016122e-02
1.896519374107743031e-02
8.899875098887002900e-02
4.987608204743333024e-02
-3.745749228920791651e-02
4.445565102941088920e-02
-8.812619740750945660e-03
7.860486052463105944e-02
-5.923445787678074947e-02
-1.868040357658187767e-02
-9.948378872947039042e-02
9.048262751124118430e-02
5.384438946357834876e-02
-4.395719129521865470e-02
6.083765702811447934e-02
-7.372292723835043027e-02
3.107705204408361607e-02
1.071177152202470659e-02
5.978399150194017853e-02
6.560413182747433514e-02
1.439744033671418733e-01
-1.149456497374290037e-01
1.946911732811760359e-02
-1.679158148026985500e-02
5.425407251384980686e-03
2.158933697642769628e-02
7.848418419848524064e-02
-3.043929054225175818e-02
-3.503027660335222143e-02
3.832925057740673574e-02
2.079073684114312454e-02
3.067796405968568549e-02
-3.127961376791570103e-02
-7.844758046113987915e-02
6.667803794688674512e-02
3.510765442939427217e-02
1.044325527519956998e-01
-1.537267243475998191e-01
-6.358215367517557060e-02
-2.211403444455535550e-02
3.795066432368229131e-02
2.197896851548398686e-02
-9.753267235318072680e-04
-1.891605018518569825e-01
6.586497349442013705e-02
8.323471391193772162e-02
-7.942426867064421303e-02
4.928545286080366489e-02
1.024519294455271956e-01
3.771336020265148026e-01
-8.802047361616084642e-02
3.950615031788720644e-01
4.250671825106936974e-01
3.724523227700470285e-01
1.402922128008006197e-01
1.733959545160909110e-01
4.620932860541502457e-02
1.696496255659404317e-01
-3.465464584467968789e-01
2.558579877400577463e-01
-2.468590018064646119e-01
-1.750423368012878622e-01
3.482843252828587283e-02
-1.372850664825208677e-01
-1.592316385037834681e-01
-1.337479991044523420e-01
2.548439130409552514e-02
2.303339184380074900e-01
6.592402862574457678e-02
-1.186230602635899856e-01
-1.962425785960008467e-02
-3.252369128963484846e-01
-5.009061608689507894e-01
-3.879936422590762324e-01
1.302690565567737324e-01
-1.169778218956032539e-01
-1.699768766109435447e-01
-3.396481200352813312e-02
-9.546427076963183433e-02
-1.650442959124157061e-01
5.333315294063505768e-02
-6.568498573244198335e-02
-3.925667595757494771e-02
-3.691066512044919277e-04
-2.939955740235599552e-02
4.814218634669902713e-02
-5.680595337078994146e-03
-4.641365215329257971e-02
2.438959191109518060e-02
1.380108888382698164e-02
2.680415636580571817e-02
6.769343452722625942e-02
-3.870905731734729932e-02
2.679195412662875586e-02
-5.975451109594205612e-02
2.769668241848933024e-02
-4.776115498281184590e-02
-1.267806472695076625e-01
-3.050345758028432178e-02
-5.073013942236706542e-02
-6.738478671622653848e-02
1.935920827602202743e-02
-3.654546146066857230e-03
8.846081291713905892e-02
-4.435987346752250093e-02
-8.966564547725502932e-02
3.805972368031815267e-02
-3.346974131627711985e-02
5.313448047409178449e-02
6.640764406752220836e-03
4.439488348479672664e-02
-9.048456390433076701e-02
7.976161703349365917e-02
-4.256499687558698564e-02
1.399453548522507952e-02
-3.088297346469953339e-02
1.849498075978337625e-02
7.055328813491008877e-02
7.351142973420946025e-02
-5.355593864531697779e-02
-2.977322760982061001e-02
1.221401160262423555e-02
5.456342910400228952e-02
4.634903580845906035e-02
1.311080744081269955e-01
2.523780772785758075e-02
-7.276410118301315788e-02
-2.239522361525287872e-02
9.486442950182610856e-02
-2.100225028591538867e-02
-1.463585388094342243e-01
-2.845219377198879643e-02
-1.948072069095120248e-02
3.208158406215350089e-02
-3.437664951348398928e-03
-4.212712463584650929e-02
7.832340661105267887e-02
5.761727552876517999e-02
1.830006635729876652e-01
6.755909370683535475e-02
5.190511834661090326e-04
-2.732957072770041476e-02
-5.476569405908863347e-02
7.931165105583035807e-03
-1.060907155674069291e-01
-3.760466208015497691e-02
-1.910833107474680173e-02
-9.246529652539083391e-03
-1.525751899572787007e-01
-4.067938438613662167e-02
8.795222951220045549e-02
1.905886890059384220e-02
1.154988177231802693e-01
3.064485059421151458e-01
1.513354697794256909e-01
9.329268420487439595e-02
-1.261899418695248444e-02
7.269018189620776726e-02
3.416008643749886969e-02
-1.024204261951779660e-01
-7.912493116084289013e-02
-1.507436400575256907e-01
-2.778531320586303047e-03
-1.140978784649600425e-01
8.886862385706205403e-03
-5.802921560818166680e-02
2.840023036018256633e-02
1.594715688436529610e-01
7.820687601629526791e-04
-7.076740147581907225e-02
1.909156409902179607e-02
-5.269685936338199678e-02
-5.344661179642800491e-02
2.344089038974245948e-02
2.989970212020238646e-02
-7.715530119673408294e-03
-1.927585458963271270e-02
1.091117634702268302e-02
5.202169982253383035e-02
-7.307955486115148662e-03
-8.000249347380525289e-02
3.254649259705191117e-02
1.265983576779271536e-01
-6.896222407136722368e-03
5.844174487259380657e-02
1.681165635119097612e-01
5.056316774606094133e-02
7.857500194418890610e-03
-9.600356925167342903e-02
3.049905551840624736e-03
-5.752327740756837948e-02
-2.887012766925828658e-02
-6.758388012074753592e-02
2.593636825832826287e-02
-9.543583061801619305e-02
-3.380027272449946940e-01
-4.357466989088600029e-02
1.490188041401586394e-01
-1.153381466856069903e-01
-6.499457794266269572e-02
2.924690808959876792e-02
5.032225636796978929e-02
2.211796868080976586e-01
2.506590745772393700e-02
2.879368058958912679e-01
8.832022918399424355e-03
1.904177943711320431e-01
2.164431405592859292e-02
8.405421170375798612e-02
-1.073891291978934168e-02
1.702911048489680057e-01
-7.319477061179667510e-02
7.408324556903726765e-02
1.380462814106124814e-01
2.184322252417665589e-01
1.773203954821144651e-02
2.569728705796747378e-02
-2.242033609284151963e-01
-5.452643883726359525e-02
1.436683640946535001e-01
3.633637028803174962e-01
3.857715280687797899e-01
7.718719044445267186e-02
3.773035083090513914e-02
-8.029468198962469438e-02
-2.767270792486938857e-01
1.049753438603477640e-01
-2.003874526463206851e-01
1.518863834069055230e-01
1.198628946406228440e-01
-3.155762732965345513e-02
7.468927019931895228e-02
1.587027397069898926e-01
-1.177983434335446167e-01
5.750259398759847290e-02
-1.593432511197362400e-02
3.267237186068045474e-01
5.564220672721663374e-02
-7.881806976837578416e-02
9.637329038873178322e-02
-3.035920069858030201e-01
-5.463469079437640596e-01
-3.437110275558853956e-01
-3.396891709298400230e-01
-5.542532734922999138e-01
-4.063684276072599966e-01
-1.448203188567584176e-01
3.205138446652059520e-02
-1.007311469277819976e-01
-1.329420180975147969e-01
-7.428519077863164448e-03
5.208323424383304312e-02
6.595339055289269059e-02
-5.360651232042976111e-02
-1.734755693401012211e-01
-3.866186574913395985e-02
4.528467708478010195e-02
-1.110615157340599877e-03
-9.311268453335666551e-02
-1.002732453179846182e-02
-1.337441448821679313e-01
3.577711778365046807e-02
-4.937692205974211768e-02
7.099208097192268030e-02
-5.753298497546040224e-02
5.578712082873182702e-03
1.136720006383996062e-01
4.929257474481126000e-02
-6.848147274979173027e-02
3.043309231738228551e-03
1.210119396710614137e-02
-4.025744115845708571e-02
-2.070342259368241136e-02
1.554626307212361551e-02
-1.489380371987147900e-01
1.320458859974505961e-01
6.514931265214204958e-02
-4.694659952236351214e-02
-9.899646085232541304e-02
-3.578847757990211154e-02
-3.346596886408986782e-02
6.764761540848758525e-02
1.262340674891756775e-01
5.017889014136162756e-02
-3.763714949122440312e-02
-6.193682141017731874e-02
4.663697109285172560e-02
2.606547409490122397e-02
1.203815308757070178e-02
-6.409529319005774668e-03
3.894653252716714226e-02
-2.369125301082393963e-03
-9.882904564079751306e-03
5.215049374717917532e-03
-2.730318841782384751e-02
7.633166272427603649e-02
-4.619370151447390466e-02
8.030765900112077360e-02
3.358047354011920588e-02
4.111498319981363864e-02
-1.365052025570894639e-02
1.052979865309934190e-02
-7.101626842302191092e-04
-1.164816850086813071e-01
-4.012817550718614061e-03
2.030274091066172626e-02
9.032563818226363797e-03
2.696793641734417449e-02
7.621201015584642274e-03
5.267990838150954369e-02
1.494988519814928300e-02
3.244054873724789428e-02
-5.149424578835990092e-03
1.593770663543009683e-02
-4.938278187273972136e-02
-1.133691629002206297e-01
2.405717155926413720e-01
-4.102954843750321323e-02
2.595553329183303455e-03
9.153265377768407540e-02
-7.420114450223568026e-02
4.615159476235870112e-02
-6.030231133173353381e-02
4.059026013730975685e-02
1.087708268655279975e-01
-3.168873830926737661e-02
3.067117869285639065e-02
-1.638541766083473003e-02
-3.409213840143474061e-02
2.177310098563907045e-02
6.142512278272034901e-03
-3.180389317735455440e-02
-2.145478715096104522e-02
-6.514358120061567066e-03
-1.817163431341458149e-02
-2.375775789483037040e-02
3.782201226714996395e-02
7.288701402259317730e-02
8.555291964613041811e-02
1.958887714089355483e-02
-6.003089528434881611e-02
-7.528491086108467234e-02
-4.766212064981133895e-02
-1.496820609003115046e-02
-6.874650770979885694e-02
1.777808317148863587e-02
-1.224182851919609072e-01
1.725417063806118367e-01
5.606574082957527932e-02
3.266467957401093108e-02
-7.359572397691126200e-02
4.093914766817570439e-02
-2.405415605218159947e-02
3.225092765916429821e-02
8.144136054003894842e-02
-5.061444241461502541e-02
3.401360081122211786e-03
-7.110229262025565336e-03
-1.009842033832786083e-02
-1.081305461131105592e-03
-6.266498957048667606e-02
1.714119742200660582e-03
5.887694980052961963e-02
4.142596158034922427e-02
-7.264364595138711467e-02
5.214843160918573167e-02
-1.205827266908206519e-01
6.652202347936625459e-02
-1.564322094530953833e-01
1.771645053523576707e-01
-6.998934020909426679e-02
-1.789013334612697681e-02
-4.798700028805603229e-02
1.951066903955487935e-03
2.008329897736714498e-02
9.930110839315522964e-02
-8.581604489953661985e-02
7.197756588091282735e-03
1.381164951350521281e-02
6.480895329923081448e-03
1.521944772129198153e-01
4.770060008631733101e-02
1.805344141516974643e-01
7.489536859755706322e-02
8.454336960448041727e-02
6.441011476437569216e-02
-5.497088918195049134e-02
2.372006460086661384e-01
-4.469822262765937512e-03
-2.322540616652920414e-02
-2.148360589080854782e-02
3.328239031958205724e-02
2.560881000277652128e-02
1.893574608198238252e-01
2.494849791392849542e-02
1.075744435952883521e-01
3.189774507161050824e-04
1.244224647241470999e-01
-1.898470378357034194e-01
8.664527246575115527e-02
4.351932235137601773e-02
1.318307047309253410e-01
1.799132956291671706e-02
-4.643076251952520106e-02
3.238690482421986011e-02
7.495569366751553275e-02
5.286807955197048853e-02
6.556973189107115352e-02
7.592545374193993002e-02
-1.215516734798662568e-01
2.395520724032517701e-01
-1.173127258344958262e-01
-1.292656877543646443e-01
-1.920953919490986650e-01
1.216998444469635926e-01
1.383775301055488738e-01
-7.006171641739085409e-02
6.337720197685955958e-02
9.307858724856973853e-02
1.047670764191662579e-01
3.803632342274444050e-02
4.065410171587328925e-02
-4.275886683810400934e-02
-1.510351455719289443e-02
-2.075082944867408588e-02
4.518120270770668162e-02
-5.552497527646622997e-04
-1.497865582356111280e-01
1.955843813875202813e-02
2.730556821704552273e-02
2.879511491862370848e-02
-1.048364761231472819e-01
-9.368271724122829991e-02
-1.269953936342352839e-02
2.425300255436290547e-02
-1.774376511861100458e-02
-4.218485816710531439e-02
-8.892803105697416610e-02
-1.400987836247418461e-01
-2.384477694577215312e-01
-1.145696157484094452e-01
-1.882741094041087693e-01
-2.586256846672879001e-02
-2.912276353765867049e-02
7.622310272225697736e-02
-1.087665526197009319e-01
-1.085867679543661701e-01
-1.944202858627628802e-02
1.592553744311847944e-02
-6.429239186776068704e-02
2.737857891123780460e-02
-3.099468642097032156e-02
-4.922315988838760203e-02
5.268773906165078597e-02
4.419920281282706254e-03
-2.985296934083543630e-02
-1.701996832559375325e-02
6.006720147455985037e-02
-5.702655009322367408e-02
-2.149745003999372489e-02
2.908663622791977585e-02
-6.513449203634968931e-02
-7.199091898525922240e-02
7.307575172815779230e-02
7.855262133129889413e-02
3.910750784485065440e-02
-6.613865785833004593e-03
-8.344905930675590444e-02
8.455332008179904102e-03
2.892981888288381417e-02
-1.242367744527271382e-02
3.863619895740789262e-02
1.236166566932465037e-02
-5.405268428939438707e-02
-1.718645731885596814e-02
1.091950409047797582e-01
-6.618608081332497117e-02
4.737219953647747728e-02
-8.853978499905239274e-02
6.956438057624594884e-03
3.599549315014445583e-02
7.651212014358273368e-03
8.854926489322194685e-03
1.801008862031650351e-02
-2.921521867047422241e-02
2.410543263607826947e-02
1.083370871458742557e-01
4.170609876411462275e-02
-1.123355398584494208e-01
1.213332099884889131e-01
-8.592249798803494598e-02
1.103355293446605101e+00
4.728618142625397591e-01
1.482060044137753496e-01
1.652889365895524598e-01
2.431708426138220469e-01
7.249759374205931861e-01
3.168317284975334935e-01
-2.204915089709362230e-01
3.988036180682774101e-01
2.808592394186702479e-01
1.041744957581664487e-02
-3.997385149766407575e-01
-8.084987025341681122e-01
-1.291159111921730274e+00
1.149709481837057207e-01
-1.044183787307995770e+00
1.950602947633595652e-01
-4.431623563234156349e-02
-2.413374373797807781e-01
-5.085918685392811639e-02
4.458044877031283604e-02
1.934351337040572660e-02
-5.416973057853416429e-02
1.705044772450732549e-02
-5.544416898718779185e-02
-7.768410733486101616e-02
1.023014289365871410e-02
-6.883373802728849633e-02
4.212023977109782130e-02
-5.562417988459320700e-02
-6.442624609950878267e-02
-3.587178021734446082e-02
3.492682931651712366e-03
5.968157024829683771e-02
3.179878563580965101e-02
5.890206345477537464e-02
-3.111377575376687507e-02
-7.454206072061886346e-02
5.633556877967801392e-03
-4.359449181896989101e-02
5.711264963985431681e-02
-2.070282775123493887e-02
-3.018573008212199413e-02
4.197646069195506285e-02
3.581934277239672004e-02
-2.478841842968711184e-03
1.442682430806053843e-02
-1.218571350968226073e-02
3.155170228414724137e-02
3.177573903465840538e-02
-1.327985396217017805e-02
1.489687562765365297e-03
3.252726759201673284e-02
-4.321002177835134295e-02
-9.642599444505507711e-02
4.648381253999533252e-02
-5.086067482775369353e-02
1.316119502001438998e-02
-2.684554393419564741e-02
-3.569123224859070687e-02
-3.453987015401791677e-02
6.804253426122310044e-02
-4.270473372741012685e-02
5.287775797375434544e-02
-3.517717728467600197e-02
-3.823183643210621013e-02
-3.541021927337099917e-02
-6.641429340004754989e-02
2.706924198605535625e-02
-6.025266668521707392e-02
4.506926308503049483e-02
-5.686484644763827728e-02
2.236409967947665563e-03
-1.853331265464430375e-02
-6.695265488017064504e-02
-1.770967724089683448e-01
7.751953020009412498e-02
-9.652595273733713399e-02
-1.343819228295169664e-03
-3.404541965817919902e-02
4.050830030333509718e-02
1.928684692298290870e-02
3.242338133785148749e-03
-7.023750498290013897e-03
1.750757284124489568e-02
7.355746922861520522e-03
-6.764113603329677434e-03
1.775615546465085168e-02
1.449121612921123181e-01
5.924166701850593075e-02
-2.052154738272044809e-01
-7.107860536009089070e-02
-3.603193273998486768e-02
5.414272954080533162e-02
1.119155515914981858e-01
2.230110330881208414e-01
4.094109258654318184e-01
6.851530092488068435e-01
6.235007734117925526e-01
3.940362730861315388e-01
4.449530080570378576e-01
6.060366550491831650e-02
2.095980047507110811e-01
6.959897184592377106e-02
-5.208401441840938839e-02
2.144939413859316135e-01
2.319284083630554754e-03
-5.246778834785065931e-02
-4.941684136757962947e-02
1.022173392232091499e-01
-2.063525488350325121e-01
-4.000292815606037305e-02
-4.566303538053697597e-01
-3.686287076502962612e-01
-7.084701651170275394e-01
-5.580980716086730853e-01
-3.882689885171402566e-01
-1.568110150870863084e-01
-8.595921741991811860e-02
-1.035483458433641424e-01
-8.809589262893971484e-02
-7.676875155353908575e-02
1.100127752043881038e-02
-6.753572691139579642e-02
6.209066105313557418e-03
-1.519862963462245177e-02
5.409723479686210507e-02
-6.951957692435325152e-03
-3.761744680133285307e-02
-2.650892745012310356e-02
-2.806242401511264972e-02
-1.233686184861971236e-01
3.619422726254679923e-02
-7.987140825318157777e-02
-2.376162094936995206e-01
-1.000959344248759653e-01
-2.292764112329880033e-01
-4.322327838576071612e-01
-4.762261340147136424e-01
-7.462747022952668230e-01
-3.843167400029293690e-01
-2.467617286700997670e-01
-3.898509217121824411e-01
-2.556392982884554410e-01
-2.951961639965042239e-01
-2.169386244332600078e-01
-2.959164575018814053e-02
2.470991628504906612e-02
-2.125001017439261813e-02
1.811991133893448361e-02
3.270300785903190177e-01
1.859365541692177548e-01
6.110821371574116645e-01
3.818986120713454002e-01
1.127559451085148989e+00
7.266407071321447919e-01
2.493851335662630453e-01
1.267649437433996662e-01
8.886973811665546674e-03
2.027107673685606820e-02
-1.422468758027921852e-02
-3.277715055207433559e-02
2.902621702109419721e-01
-1.213929363537404882e-01
1.691240219672454914e-01
2.503728385838773635e-02
-1.009564814679620032e-01
1.339119832582920909e-02
4.898351307976653302e-02
1.350053784998881123e-01
1.011867429938071300e-01
-9.919491395011283130e-03
1.519050664082743918e-01
2.513613585834362230e-01
1.509105021158818893e-01
2.611654779493313705e-01
3.893219567709712003e-01
9.482392591000590731e-02
-2.321919979539126266e-02
3.811913833390292300e-02
-7.416632957599560150e-02
2.218546366202496511e-01
4.468999019257406669e-02
1.912333512023960680e-01
-1.442845578470145808e-02
-1.146022309026922814e-02
-3.143963627732139776e-01
1.081816183490837968e-01
8.972390016253346812e-02
-3.098837323281563028e-01
-4.822811137935162362e-01
-3.562383019604254408e-01
-7.947449327860722779e-02
9.459974983609119314e-02
-1.191970998280041799e-01
4.861276715880363808e-02
-1.152509441426069481e-01
-1.570490101489612489e-01
2.725049038944767077e-02
-2.174222458920389567e-01
-9.081476956526461988e-03
-1.722542379030265330e-02
5.483164634784863656e-02
3.318963346341954196e-02
1.040568871121705374e-02
7.967268003066206583e-03
-5.215306556471593219e-02
4.196303466653883256e-03
-5.284847970567706915e-02
4.085554862282627514e-02
-1.033118364820225232e-01
-2.108696930113306695e-02
-4.612183016987247974e-02
7.103646233106508667e-02
6.911632944531184708e-02
-2.493661846014463227e-03
-1.519982747592133442e-02
-3.012053249375643612e-03
8.667472162448676409e-02
-1.183188331595400461e-01
-1.200964106411312737e-01
7.700300927878842017e-02
4.361898104383511721e-02
1.159640747537803683e-02
2.114401044024557391e-02
-6.929988940287910848e-02
7.875958606167440812e-02
3.101739776356725667e-02
5.156580509521029032e-02
-1.352231448157524552e-01
6.411738415814892660e-04
2.081054233077439530e-02
-3.510749304058023712e-02
1.000319416364539062e-02
2.793565535866201349e-02
-4.082967521981225451e-02
3.870758485953680605e-02
4.148736587191134001e-02
-5.971838762126237266e-03
9.219295352393402920e-02
-4.673870841519557379e-04
-2.351330754137513634e-02
8.233594312265758719e-02
1.688602683666416415e-01
3.429173832107059172e-01
-2.887139962382429328e-02
2.691804863693822991e-01
3.704617547654334708e-01
2.035561321247228161e-01
4.484457923655268963e-02
2.415864088563711154e-01
5.603056152004107573e-03
1.894638833560298181e-03
-3.061907780120013967e-01
-1.106336788259677101e-01
-3.131890380901028448e-01
-1.951178339959355190e-01
-3.060468368337690981e-01
-1.683409897089053475e-01
-5.028603204033857410e-02
-1.495643265796395838e-01
5.852255856135699097e-02
7.071265243521591970e-02
1.427628462344076310e-01
-9.026131642614332318e-02
1.728389162192414674e-02
1.213394371235813340e-01
3.902301037360657587e-01
1.635077318376508271e-01
-4.673347745818465931e-02
2.414977605634574809e-01
-1.042136201915202287e+00
-7.411072671107721277e-02
3.287776702676009632e-02
-1.293238802389350628e+00
-5.160196264400459532e-01
-3.048623106948959438e-01
-3.219759110378013212e-01
-2.134860907397053698e-01
9.803760802535377294e-02
3.272897886361886277e-01
8.643668995435545011e-01
5.413097000302871109e-01
5.094006050090857940e-01
3.182675481099569437e-01
1.853141028030281801e-01
4.317227896723007663e-01
-8.976243090878734121e-02
1.037533216488704946e-01
-7.038223482894113980e-02
4.207543106219784751e-02
-4.245657307309710915e-02
-2.015608417832263563e-02
4.694853984643002770e-02
-7.175645821055096768e-03
2.139429897692153928e-02
-1.943564179770540523e-02
3.997103821355432740e-02
-7.279918939466067940e-02
2.522540402658560166e-02
4.404983601754924871e-02
-3.982719557259214310e-02
1.929425586721746771e-02
1.145828394920447302e-01
5.551083423282616308e-02
-4.813247034867933205e-02
1.097668420240531933e-01
1.179055648935921179e-02
6.882533925699113597e-02
-7.100180867844352317e-02
4.153629766250161587e-02
5.640464921619779692e-02
-1.048957889295269591e-01
-4.109424443752263817e-02
-5.058927080937021363e-03
-9.474015152256017036e-02
1.299330352824073533e-02
6.719692808715131693e-02
1.200873205157642048e-03
-2.511011297753538139e-04
4.624158699579625914e-02
-9.685698173825925406e-03
1.087687915401205560e-02
6.652126693259002854e-02
6.320455556556543730e-02
-3.168624101249773589e-02
-5.706980530201138935e-02
-6.538636040170610342e-02
5.858796993463721847e-02
-3.271560236868037430e-02
-1.875206872731415841e-01
7.962854221955081857e-02
9.407204294006717149e-03
-1.380470507314919826e-01
-2.623939641721513213e-03
-3.752542735959248175e-03
3.306927764183550250e-02
9.473902080469612241e-02
1.514527942772377067e-02
-2.385911539655161465e-02
-4.354172337262464387e-02
-6.513856553905875320e-03
-4.236537109121866346e-02
-5.331026167582813419e-02
-7.563000391321708649e-02
1.339301030216750836e-02
-1.468432499566330995e-04
-2.528324595885356879e-02
-7.511057609734590745e-02
-2.760354666824137160e-02
-1.392180890247995614e-02
-2.056027301454424472e-02
-2.795717270362480314e-02
9.045021103680531138e-02
-6.364019841440276236e-03
7.527510119798112853e-02
5.525806523334241688e-02
-5.299150745269258500e-02
3.031769810000161866e-02
-3.347647719319529758e-02
1.005963554663382026e-01
-6.640287369348850388e-02
3.723199450137852640e-02
1.645751591757947663e-02
-1.849655469652783935e-01
7.417654014153426956e-02
3.557558493203647615e-02
-2.327991633690014439e-01
-1.432539661242173135e-01
5.778786549096042585e-02
-3.610677221848299090e-01
-4.177101878778679556e-01
-5.643566906886561263e-01
-3.593282946635817376e-01
-1.093543928621932143e-01
-9.200927419280875708e-02
-7.544862903432465739e-02
2.245058993704959066e-02
6.040028595908082387e-01
3.964499707423784769e-01
1.724438637595981649e-01
9.196952622024939794e-02
9.111191383708659719e-02
3.570453727232320018e-02
1.267691698557871227e-01
4.666955189408857341e-01
3.314246986553427005e-02
-1.880409566593283788e-01
-3.029229186613601257e-02
9.138728316043681632e-02
7.060985785526073533e-02
3.899918500244461354e-04
8.766906508034638668e-02
-4.715810623128154772e-02
-1.270296027212048373e-01
-9.221934191036126882e-02
9.586293029714047786e-02
-4.735401610380570586e-02
-1.265305040817024385e-01
1.063703511995831540e-02
-2.593843033921728464e-02
4.868915601896176698e-03
2.140352906210516923e-02
7.128614792397842959e-02
1.292532342961165697e-04
-3.496216484619092679e-02
-8.134009344168396938e-02
-1.751909208230496492e-02
2.082966400242915184e-01
-8.594253927257153314e-02
-7.484196003239323991e-02
7.659321719450992716e-02
-2.963032628702142943e-02
-2.706499631874065281e-02
4.981428655839398312e-02
1.040086801730779886e-01
-2.984496408738379625e-02
-1.015275569049592201e-02
-6.273324852902222026e-02
2.988674445825149125e-03
9.842132257296530573e-02
-2.379128720827591165e-02
-1.118622081725332978e-01
1.176382511152436888e-01
1.601092815973788330e-02
1.200383889623532485e-01
7.743998462320973719e-02
3.562269098258945277e-02
-4.208214138953372124e-02
3.418792250963342133e-02
-4.288019985334799028e-02
3.251368520444969379e-02
-9.735954623397730101e-02
-7.785342914654231478e-03
-4.597944721858217981e-02
1.618213744313123925e-02
1.161450223848253943e-01
3.108593040184329595e-02
-2.082907239932693232e-03
9.471223968149818095e-02
-2.580378645181060152e-02
-4.614527273563057727e-04
-6.513158737399526999e-02
-4.656358627222435542e-01
-6.881343395829223608e-01
-4.201310001708531972e-01
-1.597294760352387932e-01
-3.628721192924368455e-01
-2.753658530978812524e-01
-1.703392130187225684e-01
-8.631479253328426526e-02
-1.394308542194546974e-01
-2.074662511662250450e-02
-8.326439061010887377e-02
1.921392092073049424e-02
8.447008041959040980e-01
9.223631534330162252e-01
-1.656368899863859823e-01
1.581908648787434812e-02
-1.119926651145752156e-01
1.438181412466388587e-01
3.820973835498719939e-01
1.245092930398400827e-01
8.334128324516967834e-02
1.494568152390472471e-01
-3.488775634812907311e-02
1.141092113547199777e-01
4.394675592777327888e-02
1.059997440436996480e-01
-9.439777175022192809e-03
1.472751927245818937e-01
-1.036272052722971536e-02
3.639955306326704831e-01
-1.734975498343576117e-01
-1.085723456448901315e-02
9.788824066635515037e-04
6.776012077627640955e-03
-7.057860272065490104e-02
2.076634919730578274e-02
-9.599698712291697238e-04
3.160121578301818696e-02
1.310071419842871732e-02
-3.103888879729677086e-02
9.317091758535279988e-02
3.190471006374926560e-02
1.312129675393561845e-01
1.342499625851912648e-03
-6.069094679090184657e-02
8.553763799653817113e-02
-1.284407273971960133e-02
4.383360878736004829e-02
1.290839064588937936e-03
1.770321436234683406e-03
-1.703157667032459410e-02
-3.295447721183882711e-02
-3.751700218697083533e-02
6.366318468189183233e-02
-2.997540582789110994e-02
-2.276648861387193384e-02
-8.419764458388630246e-02
1.554339929474754176e-02
1.596302332045659578e-01
3.978405254076224432e-03
6.792463360490848256e-02
-5.349510547275408180e-03
-1.942151569536812103e-02
2.711491998943635004e-02
-3.354430960442184029e-02
-1.897689636282035366e-02
-3.254971433709169526e-02
2.780590274011341539e-02
1.442517457106943547e-02
1.085658518094866770e-02
-5.319160124855729088e-02
1.296377332312450377e-03
5.122581146443533351e-02
5.417594967061329508e-02
-9.833886573995297489e-04
8.142717780301970965e-02
3.639984488685518889e-03
-3.026107733205318437e-02
-7.867344303112390469e-02
-5.582225111080873353e-02
5.451639372339460790e-03
-1.515582730109364326e-02
2.878159465568910433e-02
2.248128813233246648e-02
-2.999290121998527976e-03
-1.265650944022769092e-02
1.282773272046288347e-03
9.754510124482357672e-03
1.212529733024360692e-02
1.003231016648489238e-01
-1.231733824131319294e-01
6.660919033880813300e-02
5.490408227484349507e-03
-1.589315236316078128e-01
7.878282630721811231e-02
-1.392354823056269897e-01
-6.645817394513010845e-02
5.272360762618669844e-02
-5.422305310305004789e-02
-6.224652716614549608e-02
-6.346388586688661571e-02
1.343278334360995495e-02
-9.994558112236520686e-02
-2.723335900620695721e-02
1.286879453456781647e-02
3.073020953325940330e-02
-1.258261115747331092e-02
-2.008553166332074740e-04
-1.120614820391206273e-01
-1.242572735271405548e-01
4.703330919194482346e-02
-4.521432333956556388e-02
-9.061914619396264220e-03
1.726250241151254181e-02
-8.473869595759321582e-02
-2.173899103034785188e-02
-6.208020026127555185e-02
-4.072371238538024379e-02
-1.978488055927269881e-02
-3.006204665646449239e-02
3.002085072367561744e-04
-1.760390113876869611e-02
2.773319930698697408e-02
5.471958248449199091e-02
2.198468738115587698e-02
3.284959139760746435e-03
-6.820637028184641307e-03
-3.051658692234324524e-02
1.950301899305901393e-02
4.688193895323686938e-03
4.913606307813854490e-02
1.439883421467725612e-02
2.930212432299722156e-02
7.161636908158705572e-02
-4.120700893859859104e-02
5.299579064989540234e-03
-6.064805682125285619e-02
-3.290405032071804653e-02
1.037419216115095105e-02
8.474653803169225966e-03
-3.796123303811086563e-02
1.397685079961713539e-02
-4.042971815085118215e-02
3.088415395573836097e-02
1.753285329565699990e-02
5.405806141474420179e-02
-3.330826316215155375e-02
4.267213234053435916e-02
6.652448792929264998e-02
-4.441179715612640633e-02
2.516543061338167783e-02
-1.076338561284956724e-01
1.681889895166698359e-02
-3.310340774101712142e-03
2.301073161389381033e-02
-3.769947316490363659e-02
9.723821786215175456e-02
1.328938837865136779e-01
4.219983220626810638e-02
4.383926604553324557e-02
-2.241428750522963392e-02
5.527808174463254287e-02
-1.142240507978047326e-01
-2.586938811166189338e-03
-9.618455929028961460e-02
-1.593891220187177438e-01
-2.466976672724244257e-02
5.319847003490355691e-02
-9.085899815474446362e-02
4.688603796956872238e-02
-3.166279761730901587e-02
-7.817807681914570872e-02
-1.228911620941086288e-02
1.836247210921018985e-03
1.703419205379210237e-03
1.227016771775746168e-01
6.010176389880998032e-03
-3.379491279620685379e-02
5.241500650918556187e-02
1.401670271508355659e-01
1.282981715703438441e-01
-5.541545025778336908e-02
2.461389556197968523e-02
-2.132378891612399796e-01
-2.330848086723171786e-01
-6.840552942801444991e-02
5.473542274702163091e-02
2.940215150699678620e-02
-5.576705262681558306e-02
-2.462395646184760076e-02
1.001164054353800292e-01
5.312782050581860843e-02
1.517656458625318006e-01
4.780150393848370260e-02
2.681578637212387456e-02
-2.287927914259374473e-02
2.487130209825520397e-02
-2.969663373600689438e-02
-2.711643308009406908e-02
-2.791805963130812585e-02
8.593069844196997431e-02
-5.698501622104199665e-02
1.536564493562901819e-02
-2.373745118866357057e-02
3.457017274305872884e-02
-6.761535253600577111e-03
1.261475701243749102e-02
-1.117475707372850117e-02
4.998858646727938684e-03
-2.716384621291969073e-02
7.450232102855398886e-02
7.686001487502452933e-02
2.405878818098274377e-02
5.615770341782942709e-02
3.191596617877912045e-02
-1.871573119345326316e-02
2.492537151200288278e-02
-1.204679411669696137e-01
-3.498457453534337819e-02
-1.369250162039264453e-02
1.176727695141451500e-02
-7.841938693480359629e-03
2.645772275507107807e-02
3.866494746430507862e-02
1.318109148447514818e-02
9.592281443660377604e-02
-5.525421369506937352e-02
2.417798239105545602e-02
-9.037074478953336168e-03
-6.789565271542109814e-02
-6.254094435090236381e-02
1.241374017673883313e-02
-3.634769329965130413e-02
-1.515010689999710461e-02
-1.174471203904071115e-01
1.376551444299349732e-02
-2.480457258695733733e-02
-8.633036000220110917e-02
-1.828304325279112713e-02
6.493706018843298233e-02
1.535161662790969321e-02
3.336376612280612941e-02
6.481756362879777245e-02
3.609636504618366631e-02
1.753033430462222486e-02
4.678165751111313525e-02
9.879855341227374022e-02
-1.768027419216923121e-02
5.044626541449243745e-02
-2.630831740250115514e-02
2.102054705208503474e-02
-5.058629349525203822e-02
2.872774570794308507e-02
-3.035378879730541921e-03
-1.919200683660431672e-01
-5.531561296992519583e-02
-5.822693619335852361e-02
1.254458101980968771e-02
-3.332541330376459499e-02
-2.903582888811334292e-02
3.894079602573299881e-02
1.016986818703067702e-01
7.720663176704066488e-02
5.540879001978078061e-02
1.184819311040126791e-02
1.725537081802985540e-01
1.101122458428739348e-01
3.199401271602445029e-01
2.355867936064894308e-01
1.562976026067626756e-01
-1.003619127221298674e-01
-9.001416371638411296e-02
-8.284348040837259675e-02
-2.124181073556973345e-02
-2.497153003044135303e-02
-8.305267428678009267e-02
1.763907881714994394e-02
4.378285731985925161e-02
-3.300682288427014277e-01
-1.611335488430691854e+00
-1.335419423330863609e+00
-5.629002305515299343e-01
-5.730022637589915480e-01
-5.616959671963199785e-01
-2.796892827625697686e-01
-1.277173601523037549e-01
6.136083026976408422e-02
-8.456706401398332573e-03
-5.315069213441793450e-02
-2.072524676223532480e-01
7.655635764601151361e-02
3.222325194779550317e-02
1.242067783870712816e-01
1.371492217919245173e-02
2.002949866598336889e-02
9.123615564935277922e-02
3.434769103345716168e-01
5.100709010520738662e-01
4.235760194458580985e-01
5.041207197898460723e-01
1.174780818787770187e+00
9.839793945301686939e-01
6.482765854722485344e-01
2.566247539943320582e-02
5.267666161939067032e-02
-5.449598512740257139e-02
-8.932111148945363899e-02
6.904789840933155121e-02
-2.092479859156111052e-02
2.690956995973575391e-02
-5.667088237309217229e-03
-7.053389564046071147e-02
1.027813624150492218e-02
-4.893541008459654368e-03
5.738898777709774274e-03
5.761215070178094325e-03
5.293852744270494820e-02
-3.767549453337105253e-02
3.810710163344587648e-02
5.527643385545035620e-02
-3.455852734546426691e-02
2.214989506586971524e-02
6.318417677092823433e-03
-2.577064728000494007e-02
5.158820970588161997e-02
-1.869509318926098479e-02
3.795593845476175759e-02
4.112512886342940821e-02
9.835201252065928906e-03
-3.906051339925703525e-02
6.511642705047622492e-02
-2.726971766450807938e-02
6.828582941904023929e-02
-1.478384816754849118e-02
5.643796719271997053e-02
2.679791604221092027e-02
-6.333354614116948507e-03
-3.507238234773968344e-02
-1.391760575720457638e-02
4.253763625570009671e-03
4.749593404675689357e-02
1.784373115768870524e-03
-2.645525258728831462e-03
2.127370711983634852e-02
-3.829364915632979538e-02
4.806212567131717267e-02
5.230655464773965174e-02
4.097752721514247992e-02
3.136717825139237123e-03
-4.966030867801751215e-03
-8.467744903923405883e-03
5.322422793621100524e-03
-5.474366887613761612e-03
5.837691561525863021e-03
-2.477376302520923820e-02
4.648623225269557513e-02
-7.935417227317415056e-02
3.379592265914573707e-02
3.879000218857563652e-03
-2.446618825275690204e-02
6.603370748938043600e-02
8.218472531629229805e-02
-4.523829112305294969e-02
8.248859596459248711e-02
1.387348435254896067e-02
2.574183576372587531e-02
-4.866597120265664378e-02
-4.348197060287942173e-02
1.183048445888216643e-01
-2.976881678647377849e-02
-3.851386413690220667e-02
-2.526283778246028386e-02
6.998277993919789497e-02
-2.878616126793522370e-02
1.959673738211328148e-02
-4.504721466543629149e-02
-1.707146335642276969e-01
-7.436782011675967252e-02
-3.670775133610340926e-03
-5.521228454486022674e-02
4.815910802561822190e-02
-9.534492554322984703e-02
3.692408284261076284e-02
4.070523151616692314e-02
-1.490775643142722194e-03
-4.814039766360293793e-03
-9.292602972050593990e-02
6.111017189069282290e-02
-2.636108947233880163e-03
2.602464907333585861e-02
-4.110402473111034183e-02
8.386884774077711657e-02
-1.845808130189325463e-02
-6.467016591841563689e-02
4.941885232659620764e-02
4.781559208665819155e-02
-4.225326203692535143e-02
-2.080974388157405541e-02
4.843962616459072251e-02
-2.608367610477397430e-02
-9.572665739258112358e-03
4.774890039577193296e-02
-1.230097291569165058e-01
5.777799930726388450e-02
2.854623816554550247e-02
1.363135947212300858e-01
-5.015046509970343125e-02
5.184189986875826356e-02
7.127596610122981236e-02
-3.501236478970739391e-02
-2.097119305571116740e-02
-5.029549322857328197e-02
-4.754303379575595262e-02
-2.873277366471272895e-02
-3.153333414139495618e-03
-2.443202127842141955e-02
-1.960702281525534066e-02
1.851925848229647731e-02
2.259089491810564038e-02
-3.165015851038133210e-02
4.029449627379024976e-04
-9.994245753805369725e-02
-1.605299358549717309e-02
1.114085971484896770e-01
-3.967661617726136319e-02
-2.568486923577347619e-02
-1.524736794579162162e-02
2.373802658825336157e-02
2.189965168291392941e-02
2.172975541750202938e-02
-2.029436049070926576e-02
3.594455668944007004e-02
-1.834361304181574351e-02
6.992063652387948101e-03
8.323340575919035977e-02
1.753985518877026692e-04
-1.937433702236960806e-02
4.471748424786497339e-02
-5.113471429267623519e-02
1.039568002744045289e-01
-9.489095594926572064e-02
-1.171427887816651886e-01
4.977067707418099396e-02
-1.064414473158003527e-01
-1.488543617925077583e-02
4.368788067821723249e-03
8.548136274587532848e-03
3.009074833148284514e-02
-1.821654060072756820e-02
4.876064648664481249e-02
-7.780777646817224613e-02
1.747351133871866136e-02
2.721362894579376981e-02
1.346124310966746382e-02
1.529645046771495667e-02
-1.742532259787077722e-02
-3.576753704634162701e-02
1.902093264212481594e-02
5.759860320060406630e-02
-7.738290931236093545e-03
3.914658436431542321e-02
-1.375520509606423074e-02
3.151635700522923376e-03
1.145493758490710539e-04
-1.679727333486728466e-02
-7.509963956484745629e-02
5.021087235894523826e-02
-8.246454892844731765e-02
9.729479721020707628e-02
-1.002277467558899959e-01
-1.036097866113922655e-01
5.168158814713144644e-02
-4.095956173933838762e-02
-1.083932907535034226e-02
5.660232934331270449e-02
5.194707399136302972e-02
2.600181953918902569e-02
-1.223656548211617470e-02
5.205967929890834706e-02
1.208622286212689525e-03
4.234927920040502947e-02
-3.141428739294942901e-02
1.444678924078429336e-02
-5.866837486045503071e-03
-4.274349397556171520e-02
4.338160548232339320e-02
3.514922934790425807e-02
2.502881879196023132e-02
-8.050701533076602343e-03
-1.915162742660686188e-02
1.086749605649561454e-02
5.234018250325643898e-03
5.085132717884652265e-02
-4.777459277065567063e-03
1.213830993376258452e-02
-1.236658977979530546e-02
-5.699851678853016385e-02
-1.967039732346920200e-02
7.079704445759205100e-02
-5.101249631313546640e-02
-1.429419990804727814e-01
1.352354439599868716e-02
-1.630171496467965053e-02
2.240991634088533753e-03
-2.046365411699293396e-02
9.310330485813715987e-03
-5.316811545653214732e-04
-4.614277863825589146e-03
4.032119315984383778e-02
9.026803020230071001e-03
4.575341730288408348e-02
-2.316761082392883309e-02
-6.848022706147853522e-02
-4.156268547312665096e-02
-7.041556640367037205e-03
-3.128799852516883639e-02
-2.297683446434912319e-02
-2.621902128116280345e-02
7.383497889701162720e-02
-1.052109540253301501e-01
2.601756036688190193e-02
8.191545227831613374e-02
-4.727574838493649872e-02
-3.574839006253688334e-02
-9.093918232316049524e-03
-1.465528082682979530e-02
-2.276989228902432522e-02
-7.158426776477702300e-03
-1.350160449645718304e-02
-4.410816311923860568e-03
2.968698506555228836e-02
-2.442306664039280151e-02
4.417451247159454551e-03
-4.888382408941300411e-02
4.651861562021413626e-02
-8.347261424239849070e-02
-1.359812421879164415e-02
-4.628577777384799280e-02
1.177071768317707878e-01
-3.146415105070173718e-02
3.753960101811166378e-02
3.100855301495733865e-02
5.272106736091617535e-02
-1.320642404849580766e-02
2.159012742467398063e-02
-1.425023131495456105e-02
7.884811415562982539e-02
5.057662540528876788e-02
2.148850725425872563e-02
-3.109647364505737765e-03
2.087318561274347298e-02
-7.926490833428120886e-02
-4.303891751079157862e-02
-3.964308819362560854e-02
2.053409860132129200e-02
-2.029433129136485551e-03
-7.701968400563685702e-02
5.745274561693448911e-02
8.256095013116881987e-02
-8.861126051736969989e-02
-7.584818917575116004e-02
3.327949748045685996e-02
2.271434566332362556e-02
-3.392207051024825892e-02
-1.531680714046480644e-02
2.330700074239679467e-02
-2.738392317119214131e-02
2.160011888717510917e-02
-2.281788121024088539e-02
5.145963813459585035e-02
1.525514557870832205e-02
3.083174928189510652e-03
4.556470370654266272e-02
6.449143336255906689e-02
1.535492753499113558e-02
2.464420710628205669e-01
1.272031351352389317e+00
1.110018760733263665e+00
1.172722040194321691e+00
4.280754804069465402e-01
1.236369865106983212e-01
-2.817486206194609252e-03
9.170067837560887114e-02
-4.109731408145049503e-02
2.242285532317952676e-02
4.683198695334957889e-02
-3.438415205160775812e-01
-7.201972406667249693e-01
-9.057913357063156479e-01
-7.306044587987413630e-01
-5.915517822024074501e-01
2.629897311513024888e-02
-1.269952438802585681e-01
-1.767367249160741727e-01
-6.502359219701400739e-02
-7.898567570318386355e-02
-1.896048000932686883e-01
-1.831158324883285227e-01
-1.692915455102107225e-01
5.240794039484187455e-02
7.176948495544906159e-02
-2.841404541356709265e-02
5.255435384867153045e-03
6.371892445732801891e-02
3.266926487159401565e-02
-9.202470884967506315e-03
4.657379370705570093e-02
7.358758699008291493e-02
-7.912571433457035730e-02
7.994871966129264707e-02
-3.764554954162451644e-02
-1.410855991782727741e-02
1.536078474990524578e-01
5.054168002294692069e-02
1.507471210498073123e-02
1.005159513108296564e-02
-2.085799347516891292e-02
3.368927693746098101e-02
-2.371681749977178899e-01
-1.321002172846723610e-01
5.412781791984246915e-01
-2.796466547526315072e-01
-4.268437270531291738e-01
-1.422528293510812558e+00
-7.490280077834630124e-01
-5.106399239844112703e-01
-5.264561758678185099e-02
-2.507044398050842227e-01
-3.333361159186147282e-01
-8.466482922667095679e-02
3.053940117423178165e-03
5.477409597340025110e-02
1.914387026808666292e-01
2.505278208401289994e-02
4.084133804120854694e-01
1.074173277577249896e+00
1.207636385693507064e+00
4.739401174301396402e-01
