-1.901709640312510344e-02
-2.276142304533702518e-02
1.831675385619645213e-02
3.866899839335921109e-03
9.197425404532067958e-03
-5.153462344058958033e-02
-2.618125244326681769e-02
8.135651736438452575e-02
-2.819966634664137356e-03
-6.884025901051155083e-02
5.233110812692414598e-02
1.897147604978654048e-02
-4.074279382867273397e-02
-3.400441086631904308e-02
-1.944786693577000083e-04
1.889197093081557144e-02
2.138215792769784882e-03
2.697657119918916296e-02
1.296185116966090504e-02
-2.076211560231864400e-02
6.421390720393418960e-02
-1.202124121564290132e-02
-6.505616068311474189e-03
1.312252807619099237e-02
9.547078447355928851e-03
4.673449693923631409e-02
-3.946807736972393794e-03
-1.041779430233661687e-02
-8.543227698838305392e-04
1.067222745159435507e-02
-7.064522700288020443e-03
4.241362320952475791e-03
-6.811319766255305441e-02
1.776555050533727004e-02
1.228551627804202184e-01
-1.638929654808012060e-02
-3.317403481981105046e-02
1.844313404523824709e-02
7.071074785333230847e-03
8.638820248862977280e-03
-2.150888978664881445e-03
2.999758751543335836e-02
3.855885598567714012e-02
8.756321763332708744e-03
-6.174477417071610151e-03
5.300682832118935178e-02
-7.619506878966833194e-03
-4.701314893128714055e-03
2.107338603489575246e-02
-2.506377975248127304e-02
1.341009105744924053e-02
1.896214220530965944e-02
-2.093087539850867554e-03
3.113735658373771586e-03
-1.379900244238166894e-02
9.739830812895672318e-03
-2.746849165014478289e-02
-8.455218055897419094e-03
1.758582716567681087e-02
8.370968867445456596e-02
-1.028007342715062111e-02
1.346954360406536245e-02
1.775176083097273691e-02
-1.889362339286672007e-02
4.714194529675688056e-02
-9.297593217031590446e-03
1.431362704208406431e-02
2.741576928629139639e-03
-2.646745997072512402e-02
-1.326099063452120322e-02
5.726301231119178270e-02
-1.870871196127378219e-02
3.361660704329610255e-02
2.017701363069715481e-02
-1.812281042577099446e-02
3.197819117932346883e-02
1.472836344620333249e-02
-7.253503117019012222e-03
-4.499260618018317663e-03
5.386809611003429143e-02
-1.088860622029048930e-02
2.119007943662074706e-02
2.146780590968785929e-02
1.451465748338170124e-02
1.996647508886854883e-02
1.183735385092969661e-02
4.213897882069128631e-02
1.032869688624839417e-02
3.741367462909660213e-02
-5.283486627041177747e-02
5.837427051526227623e-02
-1.061160906765031692e-02
-4.335091218071364903e-03
4.308745682402954566e-03
7.163358472802009227e-03
6.187190108955268469e-02
1.337541611412657039e-02
-3.503253983881886302e-02
9.853428159139702991e-02
-2.849048146179334814e-02
3.633982219658823953e-02
-2.281343070569668077e-02
4.331599225226011318e-02
-4.887337433634560829e-02
6.957207193885991958e-02
2.808160713461249625e-02
-1.566685355684684783e-02
2.748379714674704238e-02
1.770505782209543140e-03
1.381595937307367357e-03
-7.739857648819295326e-03
-4.006482587279176083e-02
4.712487102244364290e-02
3.315836156004974087e-03
6.209149156004083875e-02
-2.983343440484660311e-03
5.326361784005547058e-03
2.703508415529680756e-02
-1.197052243004163331e-03
7.905315132180366910e-03
-4.363736353905041561e-03
-5.380333084351479958e-03
3.252679726581253483e-02
-6.206436496709495654e-04
-1.111053108066645603e-02
2.399669743528631480e-02
-6.074965606510146499e-02
6.006998587623642999e-02
-5.135595059531285894e-02
5.120310681506754641e-02
-4.970766821379373965e-03
-6.648779627607101506e-02
1.441518028404027707e-02
-1.793182030654803111e-02
4.643955846062342019e-02
-1.286060750183113180e-02
3.087732113494256678e-02
-1.463083197192490727e-02
-4.180245016260818874e-02
-3.877551138950332058e-03
-5.945056588004613007e-02
-2.829855954743268898e-01
-2.781971509585713376e-01
-1.599611756046329381e-01
-1.764746727869582754e-01
-1.661325529872733908e-01
-2.789198610173557746e-01
-1.231337657078419162e-01
-2.698385992498359420e-01
-2.424326373672929524e-01
-2.688848287914239465e-01
-2.078725464961896363e-01
-2.135147489829298806e-01
-2.242174411002260948e-01
3.922293080732464077e-02
1.510549825371729771e-01
-1.002001106866700214e-01
-4.441023863981263808e-03
5.044958387932090005e-02
7.103680135894237940e-03
-1.448106217650000672e-02
4.449588861238878285e-02
-1.956887086473709653e-02
-4.626713896909540047e-02
2.464033429238125100e-02
2.449609778430375182e-02
-1.004522624189079991e-02
-8.373311570830457157e-03
9.966219472232304595e-04
-1.856455619553687431e-02
5.223189030385796267e-02
-9.000362073495972795e-03
1.049069957560260641e-02
-7.104719929153155422e-02
1.288244849927795699e-02
1.619988456818064956e-02
3.557679610847916396e-02
2.080617927382212226e-02
-1.740951345977176509e-03
-8.504689080823059355e-03
4.877089325164764289e-02
-3.415144468379677223e-02
-1.069981442331958965e-02
4.102069062946277385e-03
-1.311918869481503921e-02
5.174834117337897416e-02
2.564776184895491140e-02
-1.997733393041010649e-02
-2.548731556232165796e-02
2.155562252441897350e-02
4.176678280731688231e-02
1.150322582097665497e-01
-8.806694634603980110e-02
-2.267244812814634206e-02
3.581562506123268930e-02
5.894887457822193394e-02
-1.113183481409280376e-02
7.375307508837698756e-03
6.578244676828073900e-02
-1.933989502892137502e-02
-4.730970879070847679e-02
3.312479251189159174e-02
8.158752238364425438e-03
-8.419403162359413023e-03
-7.085113254530982750e-04
-4.798971812383322471e-04
-1.649491350332372985e-02
1.134635101618848389e-02
-2.537461299174967322e-03
5.930264201607207686e-02
2.426432060780035066e-02
-6.391230689391520781e-02
7.074833361216079607e-03
-1.386535844537038764e-02
-2.351559204886221471e-02
-5.869632288204390536e-02
-2.164723557795423386e-02
8.306780698423033016e-02
-8.048464183904859015e-02
8.126026500161706925e-03
-9.575959549201366883e-03
2.405595437255322183e-03
-4.866529865913900299e-02
4.188832001123568571e-02
-2.769544785269863196e-02
-5.794373517935588747e-03
2.924044068375688133e-03
-9.022606117751084953e-02
-1.167195874499502156e-01
-1.283707181328619940e-01
-9.713381652784819353e-03
-1.944285326060967989e-01
-2.526680995193307799e-01
-1.511061328563192696e-01
-1.302549209834213406e-01
-1.815518589646330505e-01
-1.239798870687746912e-01
-4.644327713715593053e-02
-7.196293323520547291e-02
-3.793006941556235911e-02
-9.089873486680960513e-02
-7.592694891983434169e-02
-1.157366709146423131e-02
-9.685743299063608036e-02
1.917444000202321239e-02
-4.030318331007126664e-02
4.405973688057668661e-03
-5.677742801336945616e-02
3.266833256324760959e-02
5.270082216994832758e-02
1.841600714147394527e-02
4.841050215742844116e-03
7.993063704284772766e-03
8.551623371728602277e-03
4.041400872544289452e-02
4.104272670102626121e-03
-3.036512114912546818e-04
1.976810588081344758e-02
1.277269809938481535e-02
3.388156895615873632e-02
-2.012132296532073358e-02
2.811178321455704010e-02
-2.079448871906511634e-02
2.465485737791794224e-02
-2.020038188553223771e-02
3.619012701339251875e-02
2.348489930798810382e-02
1.433522289856766808e-02
-1.320678624440658686e-02
2.970532369318542448e-02
-1.319884620028973637e-02
2.345006753215399947e-02
-4.825977240854317785e-04
4.920460853306053012e-02
3.188976193084784583e-02
8.754513930378833575e-02
-2.632494557294508264e-04
5.625188638380284115e-03
4.376308617157041725e-02
3.113425510584539452e-02
3.445948464140836942e-02
3.963599096286087031e-02
3.115347228915744948e-02
2.877881542703060458e-02
1.599710848810212069e-02
7.700049176872260370e-04
8.128735359748485989e-02
7.213208066956774966e-02
4.779516187139518091e-02
-6.654613372857743139e-03
3.322832451600447184e-02
-2.983445176283405081e-02
6.423552298519120962e-02
-2.629030265907214559e-02
8.544116578255597783e-02
-1.628669856227933643e-02
-1.024318972642804942e-02
6.872251587457774147e-02
2.456845042369558418e-02
2.731075488768636844e-02
5.679120724679158350e-02
8.053747697630012775e-03
-6.041643032210812503e-02
4.252901850375315901e-02
1.227052752434416166e-04
2.233447965279664049e-02
-6.225153115253179159e-03
-1.863707708330619370e-02
5.082727345119476131e-02
7.578015265139747408e-03
-4.337366064009959277e-04
-1.743394619096830592e-02
7.100978881665676035e-02
3.003502274635526034e-03
1.624813155932294112e-02
9.724275967436080137e-02
6.460400348552257366e-02
1.817446839583148829e-02
-1.599763795714850279e-01
1.917134293833116371e-02
4.923974582510363962e-02
-5.172611579682671185e-02
9.656976374044255740e-02
2.521685262194459098e-02
4.357306754818859873e-02
4.592557218327714130e-02
-1.888379649971192592e-02
-4.054449400708454859e-02
4.868282603708944806e-02
-3.173358504514856709e-02
6.674623616398148856e-03
-4.799265827525977905e-04
1.968384925312808079e-02
-9.830439518784685193e-03
-1.481397630975826718e-02
2.144462475313074074e-02
6.079248819066684906e-03
-2.186872120278473067e-02
6.892370134117867947e-03
5.763730238082653834e-02
1.176992222287364942e-01
1.205926538244250501e-01
-2.596450954472994191e-02
3.171855630011304050e-02
-7.261823188301445853e-02
3.267532978011541966e-02
-2.748458773731320137e-02
1.929424524091538640e-02
6.621275950810205646e-02
7.303595303099803815e-02
-1.767503963918389681e-03
-7.321623775931300482e-02
2.003558528281595974e-02
4.456244702203615571e-02
6.350701077186096666e-02
7.284448165588441881e-02
-7.229115247812691741e-03
-3.300123398474220926e-03
8.593168972981121007e-03
5.596852192062476417e-03
1.326591686239204371e-01
-2.013589771227634884e-02
7.340444906003802672e-02
-2.905334027009568929e-02
7.647032740926625050e-02
-9.947604908283531888e-02
3.984379909880750303e-02
2.756734273974367419e-02
3.839980306034742469e-03
4.293444916793801025e-02
6.295051193361263231e-02
-4.248944945510212817e-02
1.990986069999280683e-01
-4.261942954781708370e-02
2.911820935832551763e-02
-6.922277116056373136e-02
1.003475671913437450e-01
9.890033392447492369e-03
-1.494826471774929333e-02
2.082218538135817074e-02
-4.111117892700362486e-02
-3.624464021313358181e-02
-5.007101623310548921e-02
-5.165561500392962940e-02
1.932378654598255335e-02
-9.428709344930130687e-02
1.437021284989484227e-02
-7.384776224344231921e-02
-4.463223881333350934e-02
-9.339161940166262887e-02
-6.506729082139042775e-02
-4.713792729912173740e-03
-7.892288633091394667e-02
-1.481410116659386544e-01
-1.692923522497152278e-01
-4.942913097530853700e-02
-1.515403586338798236e-02
-1.100472852780818578e-01
-1.396155736409221415e-04
-1.013257120103912279e-01
-1.857707243892200155e-01
-9.183250784044852399e-02
-3.518950595177641055e-02
-6.384977102409473970e-02
-5.524969854212263831e-02
-3.716122723382903753e-02
-6.728480326491456665e-02
-9.077570651257381440e-02
-8.697610814902051457e-02
-8.958582148872176742e-02
-3.882444212657930327e-02
-3.446673784399549578e-02
-3.631768126438356808e-02
-2.404630991601027293e-02
1.549913892432620410e-03
-1.975419203781624000e-02
2.185396156127283190e-02
-1.425572911468193406e-02
-2.360889344361622941e-02
9.384864817341828647e-02
-7.412749443137107985e-02
-2.615721050640684719e-02
4.491145736915173881e-02
3.422745522965720683e-02
-5.726219855440178863e-02
-4.909041342107040712e-02
-6.842835760045523630e-02
3.644066078331391345e-05
-3.491565292116621116e-03
2.635227192916671929e-02
-3.540815233880281049e-02
-1.464360461045516662e-02
5.714004223642373675e-02
-1.542673725848715122e-02
3.404195465475451376e-02
4.182371047506455025e-02
-1.933966291875577337e-02
4.000229902863642467e-03
-1.423383400916870475e-02
-1.984798735479097534e-02
5.766088228458104981e-02
-4.401531033429890299e-02
-9.326568344389770532e-03
5.052311380851384065e-02
-2.902065193662327347e-02
4.129291305642769638e-02
-2.378034489251371758e-02
-3.016250515985305705e-02
2.203223552253753131e-02
1.273373399478001759e-02
-7.548726874468036571e-03
3.400655730593065557e-02
4.281124257759780921e-02
-3.782250702067643106e-02
-3.449463333818031212e-03
-4.635724965142155179e-02
2.840641050006126322e-02
4.647999642989707192e-02
2.419706579828771742e-02
-1.736989447985090931e-02
4.602333117918627758e-02
-1.215927572369051787e-02
2.785338599132057905e-02
3.238122361534110510e-02
-3.411646269313783897e-02
-3.105362105528630332e-02
5.860297757631577342e-02
-2.285352090125731053e-02
-2.139282328952614790e-02
5.675210270200745089e-02
-6.980053837738060818e-02
3.079940441020994069e-01
1.215399409180995816e-01
1.753804791797935470e-01
1.424329200801845996e-01
1.035559663893433069e-01
2.065753611004632062e-01
1.424760675898820994e-01
1.787259594399955853e-01
1.157391897463971447e-01
1.555682734161745184e-01
1.433357140717579081e-01
1.969273955599714909e-01
2.739548729065425792e-01
1.238814177225137647e-01
1.287648436610053515e-01
2.926046869201711503e-02
-1.847333303352602374e-02
6.876037814977721541e-02
3.964436560505292355e-03
6.685281959943055463e-02
-4.601678790909679434e-02
-5.417331752412019898e-03
2.904509759021355747e-02
4.947190744902038584e-02
-2.915808313502595006e-02
1.980646192094875999e-03
2.430981482964621881e-02
-4.231685816072364853e-02
-1.160488209014675330e-02
2.024531609424485429e-02
-2.980463961297859926e-02
2.087075430494883185e-02
2.551719907983630159e-02
2.329815226560213309e-02
-1.688540442018092447e-02
-5.198974526867818774e-03
2.111041953876124574e-02
-8.468181315641851170e-03
6.915736720333335100e-03
1.400976205574762032e-02
-4.021462376131598043e-02
2.861452953969648161e-02
-5.528988143348346346e-02
7.673434241110305143e-02
-7.669486917981273993e-03
-5.858124451488985057e-02
4.938165791690399958e-02
-1.522061715789206279e-02
1.591871994222569461e-02
3.199040551625039613e-02
-8.053393897949998048e-02
6.676942559935071519e-02
-3.999328051729397759e-02
-8.560326459895080398e-04
5.337406659978544132e-02
3.352882366836894973e-02
-5.610482896606598657e-02
2.706820118448885829e-02
-1.754620843324967289e-02
6.679289966816272239e-02
-2.039024997843309067e-02
-2.072089704439200250e-02
1.894014017437651090e-02
1.503340567788605427e-02
4.852195649346541066e-03
-1.531158543215838455e-02
3.543567466854113251e-02
1.476229663940200644e-02
-1.127002296889537125e-02
5.290463433545101318e-03
8.150580819226985185e-02
-6.142127394421575959e-02
-4.361023340414451471e-02
3.518557750447334764e-02
5.671204597725885282e-02
4.172155867378697647e-02
-2.596787050188057409e-03
-1.050875156129043794e-02
3.716933885396683096e-02
4.045509467960971967e-02
-3.215528206323516047e-02
-9.923422583207663905e-03
-1.142888267631238658e-01
-6.388483869259539705e-02
-2.713477779005724067e-01
-2.437497585957665025e-01
-1.614809182057602710e-01
-1.312593835896125327e-01
-1.337155382393214187e-01
-1.919253133452726856e-01
-3.198447281263865766e-02
-3.884750451927491272e-02
-2.614017565795349191e-02
-1.693111786595710364e-02
-6.198175296376923910e-02
1.085141176841935770e-02
-7.835281885597880636e-02
4.133600108494873970e-02
-1.372727488059577450e-02
9.828052050066343748e-03
-1.614319985493584478e-02
2.183067356612341733e-02
1.443883913313453136e-02
-2.466801776505362503e-02
3.232860920703496677e-03
3.846550357118141972e-02
3.866223612865233444e-02
-5.666471313868216148e-02
1.984120298810780961e-02
1.091001429351486259e-02
2.972693620859832506e-02
-6.834810349881891012e-03
3.916461141270260321e-02
-2.321718687156554967e-02
4.475669605619138347e-02
7.231727916940714623e-03
3.895030122449776033e-02
9.397490627684570649e-03
9.691452473527709804e-03
-4.700949676504588559e-02
5.543658799707038010e-02
-6.765122399942191667e-02
-9.541497795921250261e-03
3.355214522177807205e-04
4.141851926760848832e-03
2.972835899432773460e-02
-6.482075854963315065e-02
1.511783077565010021e-02
-7.843601084090397191e-02
1.592604614662555818e-01
-7.780749762898425681e-02
2.810464800112045733e-02
-2.467885694595953888e-02
1.109475698936802576e-02
1.737697123509704747e-02
-2.963584866076621888e-03
-1.198020335478219983e-01
2.003556533832522024e-02
-2.069185078468090133e-02
1.614130245557750254e-02
-4.343904234353128391e-02
-1.042585920601721283e-01
-5.813815883474550417e-03
-3.571972310470427486e-02
-6.460604940962516585e-02
-3.612502949468635732e-03
-4.419391770983865236e-02
-4.956858283004403343e-02
2.705991052464814736e-02
4.612205777721807565e-02
3.214545411141517262e-02
6.050921485989484150e-02
-5.883538697694475766e-02
8.756890917358604864e-02
-3.635055823386284385e-02
-2.174699334809273785e-02
6.025659290530803458e-02
-6.833403561837697940e-03
-2.528514922932775712e-03
1.263015724422917596e-01
-1.411402554513839155e-02
7.536675395874745803e-03
-4.004829846795389392e-02
-5.263536659033220960e-02
3.892388895186307124e-02
-1.007331628418050573e-01
8.256227625882961441e-04
-1.014406795871972966e-01
-1.736407064338401501e-02
2.553451179511243008e-02
-5.499376773828859588e-02
-1.061828714279921745e-02
-5.690474485415643324e-02
2.709324123805555151e-02
-1.659758718112530063e-01
4.345092358323469905e-03
-3.908939505132440206e-02
-1.003192441520789346e-01
2.367804712902148168e-02
-9.839888769811641622e-02
-7.542645579323008220e-02
-1.734476954399903972e-02
-5.221219303180388294e-02
-1.523990839875760672e-02
-1.196525155160931136e-01
5.999666305017137269e-04
-8.756713941806222590e-02
1.598477763304164204e-02
-2.439524691872442530e-02
-2.269584785311545838e-02
-1.199938054677789079e-01
-7.064063652916192926e-02
-1.896538705288462051e-02
-6.404183650593331389e-02
-1.149624919137983425e-01
-2.260227038205207123e-02
-7.642760391263077324e-02
-1.159876361895074981e-01
5.091007767383443072e-02
5.188621625171273288e-02
-1.306532981075210209e-01
3.697865681691338974e-02
4.263010824653909459e-02
-3.368048248785021626e-02
-3.164794916345740200e-02
-7.565988057299390113e-03
-2.522902546357889964e-03
-7.485130359542024880e-02
-1.077078363237398001e-01
3.294843726407790940e-02
-3.233591912012075825e-02
-5.522129130809718539e-02
-1.206689679762150413e-01
-6.941405279769341519e-02
3.134805600360617700e-02
5.661689503584862310e-03
-1.866259043776827622e-02
-4.102562991717306762e-02
4.094131257837027582e-02
1.657621613974429031e-02
8.028386327552990143e-03
-3.134005222921709688e-02
-1.549158856429110748e-02
4.371784057769471932e-02
-4.368725846847812400e-02
1.154448080253058506e-01
-4.002258185125170259e-02
-3.903970283356326954e-02
-6.534927922919023247e-02
2.501475566098879111e-03
-8.469069889374511440e-02
-1.374030648744931915e-01
9.357737166101426363e-02
-2.040538127676075897e-01
-6.612780933257858540e-03
2.995145292620797484e-02
-1.501060425620140970e-01
-6.657638891815489957e-02
-9.674717688181490305e-04
-2.248352812152109789e-02
-1.060992025250246107e-01
-4.820654978345689790e-03
3.971318692846326909e-03
9.305915134089487450e-03
-1.254735403066266353e-01
-3.990449647843566372e-02
-2.413765481416514994e-02
3.158403916669553363e-03
-4.822617319875432268e-02
-4.447392832862773898e-02
-3.916443026647113690e-02
-1.378738333658078297e-01
7.939782752911048180e-02
-7.213417294166546423e-02
-1.031722819272860442e-01
2.124545466181861769e-02
-5.833681195486407900e-02
-1.070244949670332013e-01
-3.310299981906367206e-02
-3.685847542042194891e-02
-5.947574330329197245e-02
-8.708162551998799294e-02
-5.949242556293082851e-02
-1.081576572475066028e-01
-5.011258052810242669e-02
-4.761177702849207077e-02
-4.742652031509596994e-02
8.348915296892947882e-03
-1.803474594038904921e-02
2.856202337193367025e-02
-1.982281881671038928e-02
3.758267578788136026e-02
-5.063900156362402538e-02
2.486434912553352194e-02
8.378453099240017188e-02
1.399557494628815568e-01
-4.532781251180394155e-02
8.609350342264360245e-02
1.196807302395473532e-01
1.356310404592335483e-01
1.185806478323128133e-01
2.278091879270749964e-01
1.281817212401292205e-01
1.909829666876686760e-01
1.983833702631963569e-01
2.092259907417209908e-01
1.769694277918615333e-01
1.513234631822434340e-01
1.383461119681434481e-01
1.345069668600369361e-01
1.101239024558178792e-01
1.052289103590882402e-01
-3.477078795798418248e-03
9.297816333767283670e-02
1.654895033139894278e-02
-6.323324231581311378e-04
-7.158056251160227479e-03
1.789760755600194181e-02
-1.426059498679694941e-02
-7.984903472012191278e-03
4.210097800389280692e-02
4.980654084529748810e-03
-9.113604117277296357e-03
4.434491733570428834e-02
-1.027983829187980105e-02
3.313148426365934013e-02
-1.311873383178621330e-02
3.362335594730709448e-02
1.415627691884407870e-03
2.893161422403925376e-02
-3.621807232261512431e-03
2.672517271113738352e-02
1.612857769355873980e-02
1.518580665741019464e-01
1.205645272858991701e-01
2.090231839269129366e-01
2.568843918585820285e-01
2.424739287927082376e-01
1.309688744674667449e-01
1.429133780647491858e-01
1.978697586749375292e-01
1.114938328590303618e-01
1.273885856385395254e-01
1.498948570078946219e-01
1.027072091455850378e-01
2.028041558423707702e-01
6.666285738663532690e-02
-3.492456360759170486e-02
4.953428801023593286e-02
-4.858540759654966096e-02
-6.199578011288509050e-03
5.042846112550742471e-02
-5.093090499065838772e-02
-7.039849507462159206e-02
4.129684228121575928e-02
-3.951317216972430324e-02
-5.332537368583650794e-02
-2.954460057717455540e-02
-5.068882995276530884e-02
-8.341539590007321370e-02
-1.520849582913788578e-02
-4.678696003772896822e-02
-4.441868493618644081e-02
-5.987923959801202956e-02
-4.520895884176321516e-02
1.946711798638835894e-02
-3.809108970003082656e-02
-2.891995474946211508e-02
-4.245700084864387214e-02
-4.000696556509723140e-02
3.326768328162442445e-03
-7.242447381266278739e-02
-1.134316344232744536e-02
-8.406564094287868882e-02
-3.520898705842292337e-02
4.480543130622033354e-02
-7.169922461145712689e-02
-6.163900298376356890e-02
-2.323961567876118781e-02
-7.707765067981611762e-02
-3.939652510075036113e-02
-6.266313912493629013e-02
1.232648756317523964e-02
-7.679435690589581087e-02
-3.330732667404817660e-02
-4.682076992017377565e-02
1.242693761868862365e-02
-1.069241468132362954e-01
-1.041749333499999014e-01
5.476810371529929056e-02
-8.208207191986661988e-02
-5.229820571449013411e-02
-6.365278453904457678e-02
-7.035148846049065624e-03
-7.037970827820320963e-02
-4.688061360824300611e-02
-5.472142255207704947e-02
-7.626647185525464723e-02
-5.194716864996055949e-02
-1.025555735603450175e-01
-1.524683904093147857e-02
-2.385198997240380731e-02
-2.909526019814345082e-02
-1.072343368528046459e-01
-2.310485882458963858e-02
-4.844769116336185288e-02
-4.794596737854771307e-02
3.750923985320762932e-02
-7.894986039579868220e-02
-5.097967227093686687e-02
-2.244539651336736191e-02
2.941800743948914248e-02
-1.421471291247956154e-02
4.127005727409518987e-02
-1.258409406456300998e-02
4.672672338008820869e-02
3.267054639827701029e-02
-1.487704656694371907e-02
1.789476888450139414e-02
5.446668348012458777e-02
-4.491718403643700508e-02
3.915100547799997555e-02
-6.314702206949552275e-03
-1.779668773104003260e-02
1.400868692512983321e-02
5.202748627475418941e-02
4.722609278671066613e-02
1.938006354444794452e-02
-3.105916436045842461e-03
-3.850622416424275690e-02
-6.642613530614772076e-03
1.642625972102071050e-02
4.254837157790007651e-02
-3.598099841122914117e-02
1.297299458934694956e-02
1.089197492578683306e-02
3.830795048320801560e-02
7.241973320682880064e-03
2.118068399131637150e-02
-1.261875560949062350e-02
-3.460614879785828268e-02
1.728717169662139647e-03
-2.337959426557931902e-02
2.269505034279034258e-02
1.990145733991822638e-03
4.674677987452210970e-02
2.303388838066114386e-02
-2.242523463774643427e-02
-4.271735556787942950e-02
9.262234273545712215e-02
-3.307613515353163836e-02
-7.776131904662167416e-02
1.244961596554589305e-03
-1.068509702981593331e-04
1.992712678922896677e-02
9.530596766961855690e-03
-9.886327346191534082e-03
-2.102831190515639520e-02
-1.060014051699034177e-01
1.255418179528607348e-01
-1.620834620724351510e-04
-3.736090265677841776e-02
-4.172199668386122884e-02
1.626806369201038924e-02
-2.458298826254304292e-02
4.640751567370958626e-03
1.035726574436443559e-03
5.329075979984870121e-03
-1.459261101445303611e-02
2.202648129798670876e-02
-1.309991682100668936e-02
1.128080562186641392e-02
-8.719412035847431963e-03
1.381022856474659923e-02
1.785942161125658734e-02
4.587230802859347881e-03
-8.834731633197551864e-03
1.607058820764702134e-02
2.638146928246306450e-02
1.921460267905073654e-02
-1.288497628118971151e-02
4.068898120988612144e-02
-2.338483113174643496e-02
-2.082976767877673177e-03
-1.082611672018244341e-02
1.341090817246786554e-02
2.019001192986863077e-02
1.260366952030619186e-02
1.819943511864934721e-02
7.498037582010549928e-03
-6.750925308896851308e-03
-1.255978602173310477e-02
1.861021031891431018e-02
8.567213810441657099e-03
-2.193015867586230530e-02
-2.204694928643962520e-02
-2.173719683188436724e-02
4.079062410169164571e-02
-1.429055872822256913e-02
2.067998911704032119e-02
4.770512693451410546e-02
-7.332744011931668915e-02
8.861438536415713885e-02
1.183625818327523060e-02
1.779906724958479252e-03
2.559981653806998533e-02
-7.590878033082411932e-04
2.243025009904338687e-02
-7.703752071221381392e-02
-5.544378824931875394e-03
4.045841967908938436e-02
-5.427660984313645992e-02
1.291063818036593605e-03
-2.941206156497803981e-02
-6.769264863052730508e-03
-2.272024221578935327e-02
-8.481500462107849359e-02
-2.777756245474015395e-03
-9.446715264852631466e-02
-1.485077749010667303e-03
-3.905017804981961160e-02
-6.081613835038714860e-02
-2.676873861132536558e-03
-5.881026363175042432e-02
-6.997001122632216796e-02
-7.139864883554856989e-03
-2.154624636287311157e-02
-5.425235793231822368e-02
-5.370554119397830117e-02
-1.460023466722925808e-02
7.065631643321256677e-03
-2.002093867879150418e-02
-4.094126569398036375e-02
-3.378766115380341106e-02
6.359339830735414797e-03
-1.181984734590717928e-02
4.829174913966883392e-02
4.254739649485054283e-04
-1.818905141756377991e-02
-1.335138864354184704e-02
-1.759970443572672627e-02
1.508763757498559482e-02
3.007346996811606499e-02
2.318380072745408749e-02
1.953352480306788652e-02
4.381541687287645453e-02
3.154525115580139594e-02
3.020283416913970703e-03
5.539816296644902577e-02
6.581645971391514305e-02
1.573326266173311408e-02
-1.704503816577369532e-02
1.217763821111683548e-01
-3.297053780210119911e-03
8.189151719383071237e-02
3.702253409239714133e-02
1.998306463457666382e-03
3.974590390264958611e-02
1.110736561369964071e-02
5.107184999562230932e-02
-4.277518747305154856e-02
1.006176524250690374e-01
-4.297829383853802449e-03
-7.588637548945417755e-02
-1.144960326852832999e-01
-1.493229604673295408e-01
-2.374501388059473417e-01
-2.746108660809493673e-01
-1.918384936265655760e-01
-1.686531153542881190e-01
-1.628943458927381571e-01
-1.884142805066509330e-01
-1.950794445531217058e-01
-1.928239530786799993e-01
-3.398759015068825162e-01
-5.059746868804607112e-02
-2.033407283541062427e-02
-2.350324114107982948e-02
-3.061249445151998511e-02
-7.793214067309362642e-03
-2.079742657887485857e-02
-8.331822787978750838e-03
-3.226000761863200006e-02
7.018358115998379887e-02
-1.689442692975591867e-02
-2.473300395898172382e-02
2.326458764713122684e-02
-3.588243698827553625e-03
1.771594076111342869e-02
-1.103925153708879350e-02
2.407551132143397055e-02
-7.003878789709312540e-03
-7.025059134074721975e-03
2.360923659501459534e-02
5.110999011458144947e-02
-3.208854437005401183e-02
-1.358348566117302883e-03
-1.987523647196166171e-02
1.911794346804894171e-02
-2.440859666149742743e-02
1.155276192588940848e-02
3.136389226793701718e-02
1.289035261953936327e-02
-8.582850338781188373e-03
1.246986785635456618e-02
-7.542179457344036324e-03
-4.255482567104996311e-03
-6.208281015752254058e-03
1.730258775512192801e-02
-6.552610978921209230e-03
4.811239221716180625e-02
-2.034948190128483755e-02
2.618535262647605708e-02
3.970413544592155120e-03
3.679895343153735763e-03
4.138457937950981540e-03
2.387719240067535595e-02
4.308046615730132950e-02
-1.231211531753940644e-02
1.016972628991738223e-02
1.082790504683902796e-02
-2.318015995813870259e-02
3.533015134322261414e-02
1.051064695163351007e-02
-3.006686889033624230e-02
-1.814435552001975472e-04
-9.556112296081643864e-03
3.341290378133335293e-02
5.964061535727118585e-03
-3.580838048681442981e-02
-7.880488966031905240e-04
-1.774588734442240218e-02
4.196465788611125972e-03
-7.366630410613927288e-03
-7.133320901011829668e-03
-1.877355236852819645e-02
9.705908246506968554e-03
-9.322095339188979715e-03
-8.206783051403472237e-03
2.211810420752213444e-02
-1.574844998028956597e-02
-5.344727606403193443e-02
3.788231923354553471e-02
4.489074834601049745e-03
-6.422009196276412882e-03
1.144190468014568730e-03
-2.384319726356236291e-02
5.279619347161874920e-02
3.183997188300512898e-02
-3.445268074682754367e-02
2.109302885741515948e-02
-1.383054003927121529e-02
-4.469922385207250604e-02
4.655878507048930200e-03
2.381530695610522066e-02
3.173176855966673704e-02
-3.190365076053577192e-03
7.182483641723970413e-02
-9.164664910450132096e-02
-4.255075220283032617e-02
5.695321333013341619e-02
-2.188203382736070637e-02
4.173115964863310934e-02
-9.908594505207257708e-02
7.284881638613828481e-02
-1.797784870318721358e-03
-4.047946831486629038e-02
3.135883761695002631e-02
2.433286193240955311e-02
-9.009896706417393208e-02
-6.533737680050209773e-02
2.862135207336775553e-02
-8.108418151310957736e-03
-4.609642394183705374e-03
2.106763719998228784e-02
1.495086323791465933e-03
-2.253571508427161529e-02
-1.868139731661877870e-02
4.373052643583233423e-02
3.623560366513375874e-02
-6.792280080414288268e-02
4.958128777043870061e-02
4.447471470186446091e-02
1.220670697490796631e-02
1.911125910810246298e-02
3.102739031741847536e-02
-2.360447524101847924e-02
3.085918888705179320e-03
-2.109255692003749599e-02
-4.223741404112250214e-02
3.078093773275179107e-02
-5.993329305109647287e-02
-4.348269603958113648e-03
-3.545036630504156544e-02
-2.349251159112264453e-02
2.096309608605718532e-03
-3.628211851476759869e-02
7.189038763627502403e-03
8.984765950716979560e-03
1.784550194142737675e-02
-6.356215463605670302e-02
3.469091002797031198e-02
1.230178387231560706e-02
2.811075635191425184e-03
1.168984235078472135e-02
5.299599508671019865e-02
-4.290603401726776622e-02
1.281807037860366663e-02
1.818747315691517791e-02
4.521290329381833298e-03
7.140240176335645693e-03
1.567869276843637458e-02
-1.559800266216031239e-02
3.314123888180337679e-02
-1.844420175176840135e-02
5.653307673803282044e-03
2.238633174660055458e-02
-5.769416483869447415e-03
4.502446699506991445e-02
-1.344452963804813536e-02
1.682115847033360811e-02
1.238893874479225429e-02
-8.629529727820923687e-03
1.854587409331277803e-02
3.754826833790723267e-02
-1.677046645224875010e-02
-2.615457588103748190e-02
2.013223264896768505e-02
1.866126540096123623e-02
6.590897189681879653e-02
3.692847692328300561e-03
7.693485007034537790e-03
2.966217657470692978e-02
-3.743484616264272299e-03
3.610359205648252384e-02
-5.328924267749174382e-02
4.307028447192960685e-02
1.937356741751349726e-02
1.735243351730857836e-02
3.942261806197082039e-03
-3.850970738496146614e-03
1.691109958308354907e-02
8.904780036344612376e-03
-1.072750295395090599e-02
6.182637371554066535e-03
2.411126900409786555e-02
-6.393905667766307602e-03
1.117367274124716689e-02
3.128614881073812221e-02
4.627159527635190360e-03
-2.596672712921780854e-02
2.580920175345345277e-02
1.025027516692723299e-03
-3.207222478841261631e-02
4.896074940881324500e-02
2.031999908764415066e-02
-2.802303856645756153e-02
6.975506146825392884e-02
-1.196887737255992318e-02
-2.014279853821959038e-02
2.432656904577903262e-02
-1.534867393029456725e-02
5.319188010372331160e-02
-1.963214438766059181e-02
-5.628744096708894473e-02
1.234478105444876406e-02
-2.000153654049466323e-02
2.882104846460209480e-02
4.604621298276331820e-02
-2.277759727113911128e-02
-1.268525073416565049e-02
2.892283557914907335e-02
3.605882988446743043e-02
-2.102253257730631042e-02
1.145676560855818718e-02
2.522625991144219343e-02
-5.052167617267622202e-03
2.032795725564977979e-02
4.867669027429553236e-03
2.180023284993802546e-02
-1.706557148266970442e-02
-2.049591130415088711e-02
2.426082937875139248e-02
4.827925305956462694e-03
-6.438595158216932693e-03
1.951895702672157284e-02
-6.930045267934637279e-03
1.218982165219453621e-02
-3.331078107254903213e-03
-6.690329086406884840e-02
7.493401487099043967e-02
-7.339798079068237009e-03
1.396053471041070262e-02
6.055672867989363856e-02
-2.427820505400364245e-02
7.838775165236303889e-04
1.031472945961006173e-02
6.587227953520055634e-02
1.336047734639347201e-02
-7.430322434605803050e-02
7.066093099049802762e-02
1.397383318079677660e-02
-2.156130789019913147e-02
2.543932434945441606e-02
-1.502227453490633316e-02
1.595792978486480079e-02
2.373327857252182510e-02
-5.281571101070274554e-02
-1.699788370631312440e-02
7.796833332990700527e-02
9.190161778721998853e-03
-2.839097353036804799e-02
7.528043366094684663e-02
-1.595440862024111173e-02
-2.944268749684801276e-02
4.426840733487218474e-03
1.968962150358855023e-02
-4.588977375465763675e-02
6.218502794131515465e-02
-8.505341821534794650e-03
9.076515269471133185e-04
-3.970601242122832886e-02
4.825311390379433130e-02
5.783561089731820495e-03
-4.604645710742460638e-03
2.612521856894255146e-02
-1.004986841539227613e-02
-3.371974520950470067e-03
3.410058491566948097e-02
2.013812539012533459e-02
7.818273520432092102e-03
-5.218906365692763116e-02
-5.733926888013086759e-04
3.486266040377273417e-02
-8.843704958112763581e-05
-1.898876166257485246e-02
4.904891733935004983e-04
-4.608515295621220392e-02
8.601280601973519202e-04
3.933331871700448956e-02
-2.825676463282116024e-02
-4.941075707567309933e-03
1.904366885238863855e-02
3.562762457013607387e-02
-2.300980779663574019e-02
4.399435147679739248e-03
-1.166229602998944404e-02
2.303667993622016824e-02
-3.035800184595297772e-03
-5.325156283455333150e-02
-5.047285921782989487e-02
-1.206967911979370534e-01
-2.517797048733265153e-01
-1.682815857506576862e-01
-2.959690650999532435e-01
-1.548250956723139504e-01
-1.942666556943396239e-01
-1.456895523970648809e-01
-1.518234392743275651e-01
-1.892651939007725659e-01
-1.997880794270381899e-01
-2.052944734360900858e-01
-2.267129957975799193e-01
-2.113647734419271118e-01
-1.968087133102897346e-01
-3.030458430018506677e-03
-6.016629911293681215e-02
1.521603411073161466e-04
-2.154733189682967592e-02
-2.544355106055657192e-03
-2.032759597610139107e-02
1.051451718203751974e-02
-1.899518439541490744e-02
2.313003682941236440e-04
2.884900725666624671e-02
-2.570532654968525274e-02
1.463078755530719879e-02
1.705900385403320146e-02
3.027415327093851971e-02
-3.521504697466922712e-03
-3.443819786704057501e-02
-4.292472299746554268e-04
3.112307124865143493e-02
7.446871985185401013e-04
9.397952427799206865e-03
-3.441311182400094010e-02
1.548659001537237671e-02
3.191026069131917831e-02
3.879421031570230022e-02
-1.050042284808428220e-02
2.958309824758119377e-02
-3.825873938857208417e-02
-9.630229010411758828e-03
2.114155011626643599e-02
1.495821670703972872e-02
-1.148171041627782385e-02
5.388136183694191422e-02
-3.125786105341078064e-02
1.466844408977641991e-02
-6.916317841645781839e-02
6.366950350139841119e-02
-2.171286254705073054e-02
-3.287098800720329034e-02
1.032804922868459270e-02
1.374736676877074369e-02
-4.206153322412803375e-02
3.591775751627328955e-02
1.063278160972662943e-02
-6.821826924195692650e-03
8.321947096005550409e-03
2.048765163191211894e-02
-1.539467173722007011e-02
4.929250401714907470e-03
8.263984536329760378e-03
-3.258575387840834114e-02
5.156331108618440046e-02
8.450387822020748174e-02
-6.968173934258885260e-02
1.521727169771363436e-02
-2.223063768613742566e-02
-2.438640401508309491e-02
1.363117174444313830e-02
-7.086053286242201266e-02
1.838340479965416135e-02
7.800597382312006098e-03
-1.922524876857613016e-02
-2.271937927733097898e-02
-1.530441582357604594e-02
8.856201414297205227e-03
-1.614015002515951577e-02
-6.263573011189929596e-02
-1.009780567647505442e-02
-1.859418248127609613e-02
-5.079726848939182526e-02
-1.020459286589214809e-01
-2.057759919576052088e-02
-6.546156404941552709e-02
-1.520277205240018192e-01
-3.054889105699165608e-02
-1.787918092630364220e-01
-1.109709455579341586e-01
-1.993221435366552552e-01
-7.535610934331714306e-02
-6.834975297497092317e-02
-6.237118669096740342e-02
-8.607948933513973055e-02
-1.300587448708475091e-01
-1.256611883055372691e-01
1.925356337355595138e-02
-1.157067651057765434e-01
-9.973931704985118663e-02
-5.277165329455087150e-02
-6.740722984328381684e-02
-7.855057787914977718e-02
-6.833348714510924238e-02
8.496465238612446735e-02
-1.017981765247294029e-01
-6.662706821743158772e-03
4.703582469307429625e-02
-7.142433414424982641e-02
4.953175502560569488e-02
2.454377600819771660e-02
-1.896421625071997158e-02
3.225086915570309770e-02
4.115459127386088961e-02
-2.060357243719187700e-03
5.127180458465192825e-02
-1.342976965516545600e-02
-4.858186641646896654e-04
2.593620255030785679e-02
1.895231483757894853e-02
-9.141599670369595157e-04
-4.626606947556036360e-03
-2.817444536906719716e-03
-3.903367259167300936e-03
1.510738865981471786e-02
2.718091208787843868e-02
-5.885783847154253332e-03
3.220820590337421414e-03
-1.039861231998364700e-02
2.140973620741531969e-02
2.678744913194336386e-03
4.868755267467109182e-02
5.988710850959432647e-02
1.572642855999311501e-02
4.411970028089366724e-02
5.870359392170210189e-02
-1.315855367114451141e-03
2.005918293122023466e-02
2.870384263300743491e-02
9.491477911510826093e-02
8.382844037750476762e-03
4.928260780577015804e-02
1.728038472061734984e-02
2.993024651301287586e-02
2.059466598326769454e-03
5.423904123039193642e-02
5.109867220191047221e-02
6.082483778619778014e-02
-1.731875522523813882e-02
2.301384341840015391e-02
-4.189001016529227128e-03
4.012664806601738687e-02
2.493633087861189812e-02
3.389900460759412426e-02
2.457309813787529953e-02
4.203464141148575278e-02
5.499730130096050496e-02
-1.174396633169027919e-02
-5.366010252134872927e-03
1.711364879746211237e-02
4.858661013144403851e-02
3.239154669657570013e-02
-1.571284722661946479e-02
-2.486069519990049062e-02
-4.214686691915517369e-02
6.552588022024594117e-02
2.539431902059432686e-02
4.405495717128449229e-02
3.910689461755544744e-02
-3.819437805879698916e-02
-1.681299459066899760e-02
2.410081354249848581e-02
2.823498699735779716e-02
3.156068482557380928e-03
1.582197611760523953e-02
9.347170342438707036e-02
3.911101897577207165e-02
1.555915164385371363e-02
-1.215466809593071518e-01
8.352748390800747436e-02
-3.792491175496491562e-02
-1.043496257527554323e-02
2.871570932109051774e-03
4.322419489406327531e-02
-1.967562593103576105e-02
6.856808161088893960e-02
3.356413511314635528e-02
-1.690920037575682419e-02
-1.981652257860231497e-02
-5.235237244259317857e-02
-7.650955162255929261e-03
-1.550412016969609022e-02
3.791612606277219855e-02
3.094433408665345220e-03
1.064706089776030692e-03
-1.102235053198445149e-02
1.341857943661063299e-02
2.481201197114309143e-02
-1.100165335447667210e-02
-2.552411428449499059e-02
7.920587764948733289e-02
6.437117541907461105e-02
8.485666236185157585e-02
2.722034235578436878e-04
-1.030348628736132109e-02
2.886760728618065902e-02
-5.176155556237548722e-02
1.958691422590826819e-02
3.175919109052834088e-02
2.770634302060479698e-02
1.417032172717295202e-01
1.257548313644323013e-03
2.760727204466413565e-02
-5.832574326335059067e-02
-2.476746086111268272e-02
-2.194066717547487125e-02
9.725128000089096336e-02
-3.408983753167575161e-03
2.350263946422256195e-02
-8.416501798079836436e-03
1.535091401690288557e-02
5.875216883777577281e-02
1.327006299353818836e-02
-7.671139828617445922e-02
1.335710849211583784e-01
-6.404964258144782430e-03
1.497045320807695590e-01
-5.618001399797976914e-03
3.045277222248972751e-02
-5.800471140610806431e-02
3.842398226170094105e-02
1.504042164510524804e-01
2.254556906310157052e-02
5.971465873219392040e-02
-8.865749004290540691e-02
1.639143941902285462e-01
-1.016722575775364477e-02
2.639571469924489530e-02
-4.461738188413442996e-02
5.177176766230346533e-02
2.189120777534601589e-02
-4.227417199590324109e-02
-2.498090967747767371e-02
1.323900832067751582e-02
-3.540057449634151365e-02
-3.220444516558092218e-02
1.548849488123435134e-02
-2.515510950920519725e-02
8.624264677450262095e-03
-6.082537363609585163e-02
-2.718958328356758936e-03
-3.043019706394166357e-02
-2.781835516332625824e-03
-1.668992696322621483e-01
8.598922638773064120e-03
-8.443357726814618158e-02
-1.094618114084768001e-01
-7.119142404445158445e-02
-6.349633621347659795e-02
-2.588197502780436449e-02
-1.287227277501403755e-01
1.225139023140271732e-02
-1.196117459635648306e-01
-5.568881993898185112e-02
-8.938272896988476435e-02
-1.195224875443684220e-01
-1.014689572489084479e-01
-1.183756951955147879e-01
-7.439669613844551721e-02
-1.236867431889431268e-01
-9.489706852183150965e-02
-6.551254591669977700e-02
-3.038663900784297628e-02
-1.358995587137255268e-01
-4.277787486518180859e-02
1.669945918602003254e-02
-1.624178937921763252e-02
-1.951032806832705274e-02
-4.948903545299455226e-02
-2.219307061630818381e-02
3.499590129229535052e-02
-1.981410978411450238e-02
2.367465769397904263e-02
-1.544334655740093286e-02
1.927553858346358825e-02
3.535533929383063989e-02
4.988164624722742774e-02
3.825975462669706922e-02
-5.295963929050993141e-02
5.730165163951762841e-02
-5.415284635458596924e-02
1.055607475177547799e-01
-1.775883284595445796e-02
-1.818348403535090946e-02
7.661151004701018813e-03
1.221357685642141325e-02
1.181488580035504679e-02
-1.130894059548766956e-02
1.431243159940455423e-02
9.228882766420033225e-04
5.259622929051796514e-02
-6.309855203107782307e-02
8.403824666242506319e-03
2.091041247441027470e-02
-1.733585321601258805e-02
-5.845706476042158983e-02
7.055691561701218917e-02
-8.913880735947364575e-02
-9.449260333730204187e-03
-3.557216242705081924e-03
1.001248929667270839e-02
-2.772857838493267973e-03
4.372146541761233463e-02
1.567990150788227399e-03
-7.845879248556827945e-03
-1.614681903034334565e-02
5.653375379664320882e-02
-1.871754433503115822e-02
4.590280371992705444e-02
-1.234602679482967036e-02
-2.075309262640885263e-02
-3.246762982951643083e-03
7.030335311773538987e-02
2.324085253899674762e-03
-6.053846814671512422e-02
3.501557705134907689e-02
4.678865968416606042e-02
-1.114735567742052014e-02
2.008567579686017929e-02
6.409138400712425035e-03
-1.765928762808102737e-02
-2.320664422525905296e-02
8.026643391383526949e-02
-5.797881127439875881e-02
1.862356588124623041e-02
-5.629588254508611708e-03
2.828360128153940833e-02
2.622237408106529652e-02
-3.896587308451356785e-02
3.271345980848400226e-02
8.381833369385336546e-03
1.236760416121128296e-02
-5.094248414622658261e-03
2.970554113408744798e-02
5.701579363811298817e-03
-1.846295619085944889e-02
3.261437220627967648e-02
-4.635900745740815371e-02
4.076459322160386201e-02
9.510231485187221195e-03
4.608088007157993410e-02
-1.133812723780435209e-03
4.611304519757582904e-02
-1.472194269630844495e-02
-2.951408679179954100e-02
2.278480850244278891e-03
5.510202084242998150e-02
-2.134160404455914123e-02
-2.248755776217124802e-02
-9.253611689978199703e-03
3.356062224860238002e-02
-3.066850961705168757e-02
-4.933958510143862490e-03
1.721318739511842541e-02
-2.218589802135701242e-02
9.422738533216791848e-03
-2.680036108407204878e-03
4.501277313630627080e-02
-5.619303463899161244e-02
6.930024557998014367e-02
-6.187428292033957111e-02
-6.562160646043592362e-04
4.747163103893285024e-02
3.167587068682582978e-03
-7.672134344882028389e-02
1.977545470265120245e-02
-6.092235310103480753e-03
4.151846162529821554e-02
-2.781628405150596631e-02
8.895608655670855791e-02
-2.490655180169622229e-02
3.007555624580818959e-02
2.307205825141207811e-02
-4.660135013492870681e-02
-6.031493711719231737e-02
-6.061829461344613035e-03
2.994016965905323471e-02
3.012627790877664760e-02
-7.770613282234463404e-02
-1.145214201346519099e-02
4.599842010962831851e-02
1.587972706549014429e-02
-3.330037780263873232e-02
-2.231402648787808932e-02
-2.581870867620567403e-02
5.347945344737366907e-02
-5.435419715545234537e-02
5.735632483800823678e-04
-4.083162963373827836e-02
7.791950011349030314e-02
-3.516245919009074877e-02
1.636059440314515528e-02
-6.478153964921838648e-02
3.660312772293461414e-02
1.463061750070611400e-02
-2.110597394878385713e-02
2.797670089856571160e-02
-4.796774650473968268e-03
-3.096498387090879795e-02
2.134954102539668441e-02
-2.690874264781019723e-02
-8.872759776172967072e-02
5.582297276046798568e-02
-4.921773616597618917e-02
-1.084674256362214012e-01
4.007734150788347383e-02
-2.131574346286475158e-02
-4.633374663074264765e-02
-2.424843806346505676e-02
2.032498405854930162e-03
-6.128034616081366043e-02
1.444377381183768738e-03
-9.823727666762535615e-02
1.072573990037139352e-03
-6.192080309209947730e-02
-2.306980400470934334e-02
-2.669453967146172974e-02
-9.813498316255064857e-02
-4.979480334743405234e-02
-2.495838729373803938e-02
-3.647389542422822123e-02
-1.641199662818687843e-01
3.642564989556932448e-02
-6.891657690440392003e-02
-3.400724365325610843e-03
-3.187611693004673008e-02
-5.026998215172453349e-02
-5.308682434379811965e-02
7.395034917796756979e-03
-4.634948580071853591e-02
-2.915275900197938919e-03
-1.087602896258589302e-01
8.059677930708536442e-02
-1.294357203532099931e-01
-6.494348542615469011e-02
6.317414729559964887e-03
-5.865075313332003548e-03
-3.068071508542529607e-02
-7.254585081184344864e-02
-3.853524891058007773e-02
-1.789190518913890554e-02
-9.310226039011480770e-02
-4.563196794583919413e-02
-3.691544724710800474e-02
-2.186010870195605194e-02
-6.116861917379774749e-02
-9.188520039143127649e-02
-6.825596465491509668e-02
-3.061322491713924787e-02
-2.264460619129847474e-02
-1.184220102689214627e-01
-6.461291737284438619e-02
1.271456854656067420e-02
-7.217757070839693478e-03
-5.560180230882844077e-02
-4.661020339511263294e-02
-1.672086848918232643e-02
-9.127137346201015522e-02
7.612894345541947744e-03
-5.279017812900878293e-02
-3.531534964386856545e-02
-2.789379184522685837e-02
-5.345611138140810015e-02
3.917928305278359224e-02
-6.310091318501030548e-03
2.903875359278954016e-02
2.959525105377841178e-03
1.502163273054851408e-02
1.001320600770056780e-02
-6.787334666014809177e-03
4.866587222596839568e-02
-2.725668151391602567e-02
3.790568692810779988e-02
-2.728588672512351904e-02
1.885044693911154187e-02
6.516014593519726950e-02
3.848806703656619532e-02
-6.188234814672960091e-03
-1.276374913826221202e-02
8.474807893568346920e-03
3.873751278206709336e-02
9.428661799830921619e-03
-3.201266052042030241e-02
5.738312891108854341e-02
1.625917085120898165e-02
7.446102661048496774e-03
-1.913395850242211732e-02
-7.186726450353754340e-03
1.766730079650069909e-02
-2.747090511849616459e-02
4.707835804001282015e-02
2.231076062429833765e-02
-1.932186282367333308e-02
-5.357241473682866802e-03
9.789036822505809213e-03
-4.804169142966189382e-02
4.008262342107885012e-02
3.405117357290691343e-02
-4.772553096576390846e-02
3.739821458811061483e-02
5.095791662769746933e-02
1.551544535219097527e-02
6.762657927761205577e-03
3.929349707359878520e-03
-5.546606129121063600e-03
-1.417241533007147780e-02
5.210708078777978591e-03
-7.184815876240535637e-02
3.838820035521926799e-02
-5.822822501355778141e-03
-8.759967501311290150e-02
1.561351994572148238e-01
-2.602220666034216201e-03
-1.947003903128285973e-01
-1.584530756509718585e-01
-1.666592092916904244e-01
-1.751691390436174445e-01
-2.412068517312420390e-01
-1.091978264391331582e-01
-1.508717467775787247e-01
-1.847742637482754358e-01
-1.345956870778522441e-01
-1.974541742378879139e-01
-1.929683445024262534e-01
-2.020549281053607704e-01
-2.888072555759095827e-01
5.930889059869012825e-02
-9.333043783624819789e-02
-9.526310111560350180e-02
9.317468927814519242e-02
-4.706159346819800866e-03
-1.405264819955748604e-02
2.379878670673613028e-02
-2.110923538719204021e-03
7.511172357363884999e-03
1.039455528453995560e-02
-8.539250120074146772e-03
-1.804113915386632711e-02
-6.522688851432575929e-03
1.390133040597119583e-02
5.175650757656364252e-03
2.024230511695126328e-02
-1.465030089316047158e-03
2.415774639628445741e-02
7.388225610600032342e-03
1.775370762546240114e-02
-3.127083660425972710e-03
3.575085870709102109e-02
-1.641350602232581959e-02
-1.918250843222345237e-02
5.512066438481098840e-02
1.075397658569806486e-02
-3.419110810801002931e-02
9.708358090216495997e-03
2.262853349879826066e-03
1.116202636194742540e-02
1.641224980879030584e-02
-8.051985326444677932e-03
-2.869812437969318508e-02
9.838451055978587878e-03
8.691187629983847598e-03
-1.140785011711341855e-02
1.396091713955838198e-02
1.826533210355460804e-02
-3.613166159819845846e-02
2.200676734333597770e-02
5.314892158692578056e-03
6.298097367204719133e-02
-6.822672357879732905e-03
3.916756740722070022e-03
-2.091491654718128680e-03
3.837453092344950828e-02
-3.829266392666416663e-02
1.773278458801284124e-02
1.236946108617649649e-03
1.323029355474148946e-02
-1.054635930351468902e-02
3.244706024476606138e-02
9.806145919978604200e-03
3.488796651749292294e-02
-1.802089180713542516e-02
4.870514063739597721e-02
-4.371074591712573176e-02
3.201492987007797247e-02
5.614689686515716982e-02
-1.760003893712496631e-02
-1.907084327381679614e-02
4.436852213500480646e-02
3.120591829150631130e-02
-1.356929975505239555e-02
1.238880467919343739e-02
1.036104794466869740e-02
1.807220640773479076e-02
-6.962837308207109333e-02
4.118581225003681984e-02
-1.280147223630253780e-04
-4.659611745814757483e-02
-1.185285289801525817e-02
4.462810359945679900e-02
5.569662366185433935e-03
-3.470518047632580039e-02
1.269941514868391103e-02
-7.622214738451645738e-03
3.943910628034495020e-02
1.021435393402076591e-02
-1.689988973829006230e-02
1.629506632252825798e-02
-2.436125677897657549e-02
-3.458646629099187964e-02
5.292691095416794667e-03
3.751177210690692654e-02
-7.776093237543453551e-02
-1.624225450712494523e-01
-1.775158632799926917e-01
-1.856443931854527551e-01
-9.895927503746702880e-02
-2.076269403033612071e-01
-6.448410668731879847e-02
-1.753336795307132712e-01
-1.107673486726669376e-01
-1.866257058248907974e-01
-1.258932268194185022e-01
-1.019601757604151754e-01
-1.084321583180659493e-01
-1.571845123889117346e-01
-6.054743147647558693e-02
-1.345927174258308157e-01
-5.839894594064460459e-02
-5.001758345693400887e-02
-8.203442492145948672e-02
7.668847813436845129e-03
-3.668715586170152865e-02
-2.201820034670235252e-02
1.491065823927657449e-02
-8.616902557868913459e-03
6.386122099338024070e-03
-1.444154559268203374e-02
1.550544240055899171e-02
2.853891699188933900e-02
-2.998039766910217882e-02
-1.767058484022688419e-02
-8.111266325027472607e-03
6.113682789806537676e-02
1.561423329823169275e-02
-1.062534775652997782e-02
4.481227267106477341e-02
4.203503643082875940e-02
5.915298977742686204e-02
5.939801936218867817e-04
3.521654599917637546e-02
6.312786235109571487e-02
1.814854177373342314e-01
1.850103000353133798e-01
1.951473838578219877e-01
1.698714323122249570e-01
1.717580789561564680e-01
2.075664687986071844e-01
2.032455724219890403e-01
2.301483472239801154e-01
2.714077714704322686e-01
1.679941002047626586e-01
2.368206006656848328e-01
2.984503425155153877e-01
1.593294484568177072e-01
1.829489806497373028e-01
1.824173948540922519e-01
3.108265805663366632e-01
1.075912118575789583e-01
1.116565496234491889e-01
3.054245051932819380e-02
6.667721510602296620e-02
-7.122834949311006303e-02
2.298682089984512011e-02
6.855691982635547799e-02
-1.683178122137298990e-02
-2.198394816573481444e-02
6.315840669768613136e-02
8.737711485860835681e-02
-9.334457706479831751e-02
1.148792795750950974e-01
-3.296594280691603207e-02
-2.673577710181878481e-02
5.534079484725847042e-02
-1.278266339999814885e-02
-7.735808844763060119e-03
2.747361886116461704e-02
4.567791326471080937e-02
-5.213047061677070215e-02
3.289154714145661740e-04
-1.032974538618798843e-01
-7.685444363492568987e-02
-9.187160374546421426e-02
-5.794747304370282542e-02
-1.046374626144103981e-01
-7.092458001402648926e-02
-1.271483888123245976e-01
7.978729293747338636e-02
-1.639609261091381498e-01
-8.145936380025718682e-03
-4.314123186785924491e-02
-1.110065638358541384e-01
-6.197198073308859967e-02
-3.423019964773468815e-02
3.709082097068365502e-02
-7.568025427961691531e-02
2.365430480035718083e-02
-5.886280744473736115e-02
-4.075508568613294552e-02
8.347770429055462182e-02
-4.160739762606625175e-02
-9.895916382305211534e-02
9.227868570437347540e-02
1.941955787040333670e-02
1.065270847560054017e-02
-6.824138008719185522e-02
6.076866846246174042e-02
1.599827108913073198e-02
1.312412813083140353e-02
6.161833600207557160e-02
1.705961086503259352e-02
3.642609083361899452e-02
-1.129834934600503632e-02
1.445096819076894558e-02
6.194317377662219605e-03
4.089449029146235287e-02
-3.757196215492617647e-02
2.790342212816752931e-02
-4.224703748748173497e-03
-3.910971247072081436e-02
2.894443916696650201e-02
-2.849056309171869167e-02
2.624910336382395640e-02
-1.153572262687876937e-02
-6.479590712100058436e-02
1.494547402625673142e-02
-1.146505412449394003e-02
3.520435576469724964e-02
-5.588549330275122302e-03
9.106298898993111374e-03
1.091277065369416766e-01
7.764129250073702193e-02
-7.222638143791093590e-02
4.627168942640917659e-02
5.502736403195588460e-02
9.942830116641347346e-03
1.151604311207170142e-03
-1.208388038982943259e-02
4.219221654327849277e-03
3.878774105019014429e-02
3.661071731997967565e-02
-5.986187475446587067e-03
1.519797181247378032e-02
-8.006478754815589188e-04
7.026584306933984087e-03
1.782275493594110555e-02
7.074746537214479658e-02
-2.116811767450387655e-03
-6.629272500054153583e-02
2.673734524360184273e-03
-2.250601559348706232e-02
-9.056469571157146903e-02
-1.096986959638250603e-01
-2.851488403648125974e-02
-7.863529918067391211e-02
-1.358901602252467200e-01
-5.088877130444501018e-02
-8.980593527327415670e-02
-7.173372415710403682e-02
-2.823131366262225314e-02
-1.229669156790469051e-02
-3.353814172862321086e-02
6.087976649065418577e-02
-2.968796663418802814e-02
3.327755885198613144e-03
-1.339858360980576875e-02
1.331300170848562572e-02
5.540162909121297552e-02
-4.920054789724657290e-02
5.677342836730775444e-02
-4.321421175239266443e-02
-1.021087746133268470e-01
-9.280734322989375729e-02
-2.459332949292629411e-02
-1.154663247991180863e-01
6.059437220441948879e-02
2.080625825700996301e-01
1.060449272843023011e-01
1.597305407520820952e-01
1.870496355063233085e-01
2.849286778730378278e-01
2.153037327096659348e-01
1.090151879058961770e-01
2.288258144757395196e-01
3.413052792121574197e-01
5.481629882612104598e-02
9.530629579021286657e-02
1.260815759852754459e-01
3.818898397088579810e-02
-5.661331042216082021e-02
5.054679823835352137e-02
-8.569929946506672780e-02
3.111020108156070836e-03
4.240016214671758765e-03
7.745740567008224317e-03
-5.948024402985863796e-02
5.824852262982416901e-02
-3.398710301348420448e-02
-4.018334106823409635e-02
-1.336590476976078079e-02
2.449484501974939776e-02
4.064960622698818998e-03
5.596553733821824257e-03
-6.419487562277041703e-02
4.118236794300397796e-02
-2.703924829314958284e-02
1.794521857125327968e-02
-3.788047135135951676e-02
-6.240457710112791087e-03
-3.167020888614985319e-02
-3.529586827957231776e-02
-3.731156072921449490e-02
8.827034083934576225e-02
-3.763025295333081305e-02
-4.639338664177096450e-02
4.907495049543848797e-02
-1.732291900422306893e-02
-2.284581682812779346e-02
1.366641337375391375e-02
-1.917341755320066746e-02
6.302535376392793404e-03
-5.106139528527239846e-02
7.062794830682821851e-03
-3.879166253391744257e-02
-1.228691298411940629e-02
-1.096621746878589237e-02
-5.382389013140694012e-02
-1.355329587716036857e-02
-2.729558053866134454e-02
5.842826721438191054e-03
-2.336786412457226431e-02
-3.819152594812062762e-02
-2.390943851730375699e-02
-1.013008654299193088e-02
-4.725729694016787830e-02
-1.026734286581853541e-02
-2.295274671519602350e-02
7.251632068539315759e-03
1.567353424930122835e-03
9.287608234293765960e-03
-5.773108448910940771e-02
5.163337578750683277e-03
-1.377591641507666491e-02
2.197673453889717465e-02
-8.802237184757241706e-03
-1.717988847583551415e-02
7.115088945723014105e-03
7.935675476490863800e-03
9.795156364157753606e-04
-2.227523608081486903e-02
1.705800578542070178e-02
-2.092930293913305376e-03
3.020613684765892544e-04
1.498918119198599554e-02
-1.763792029523329752e-02
9.187389982769474106e-02
-3.256720868097959243e-02
5.497102904290258885e-02
-1.600608275697196908e-02
-3.660822277240317196e-02
6.094161639372595862e-02
1.578532183791899607e-02
-5.890952114275840173e-03
7.755112742810650606e-02
8.564625036867298466e-03
4.511269161984635817e-02
3.146768344553528551e-02
-2.025870668818615869e-03
-2.660772603733518177e-02
4.147468942693056937e-02
-2.407688209759555747e-02
3.689169468732497043e-02
9.532512807960491497e-02
-6.201678566976448481e-02
6.124214022779292388e-02
8.162854309834265132e-02
1.982200735541861103e-01
1.270104528732376448e-01
2.339528650179558134e-01
2.439724836396773844e-01
2.093539084587211219e-01
1.580816691337708357e-01
1.345353225389380736e-01
2.309581058982685398e-01
6.626035343636144104e-02
1.480707930321981114e-02
9.129410236414521596e-02
7.014805916479695258e-02
-8.338795182350569081e-04
-1.608011939975026103e-02
1.020299570132188888e-02
1.704603821563520361e-02
7.204503594401522049e-02
-5.845195640345468568e-02
-5.999147659744745453e-02
-5.024464463640101325e-04
3.113160552910743811e-02
1.600377845246989854e-03
5.935621935965208068e-02
9.103882678648432536e-02
-1.105014589790705437e-01
6.583787272384308831e-02
2.962957195909218799e-02
7.639910872727921631e-02
-2.292319601354064762e-02
5.192139392450997870e-02
2.465674619646927163e-02
1.611721889135502364e-02
2.377153300701930275e-02
-1.342739755446824799e-02
-3.200983542720910874e-02
-8.212900279480832288e-02
9.713746932109164345e-02
-6.267933955085237818e-02
5.801969338070385451e-02
2.592351628455445006e-02
8.742461587521822841e-03
-1.023415695849281930e-02
-5.379710674489159711e-02
3.156243729996162373e-02
3.825266450479263003e-02
1.270296242474254489e-02
3.281607687850986166e-02
5.658527683916404760e-02
-4.170832183796950587e-02
6.543909229451207177e-02
2.314014213860124056e-02
4.853204264230290971e-02
1.229985559754127183e-02
1.876724985271259125e-02
6.560753496818019781e-02
-4.227088578304075139e-02
3.298943697297693212e-02
2.340967814300853531e-02
1.045297342731748430e-02
-6.706131368713712237e-02
1.424129520011227848e-02
1.360793484416756086e-02
-5.627747336806930567e-02
5.042135546780032729e-02
-5.241883933567869844e-03
-1.085289007122357124e-01
1.297545041567040869e-01
-6.069647428033887043e-02
8.028497952285292005e-02
-3.289965129763223334e-03
1.909300773015418229e-02
1.369480576499408075e-01
1.288692954357355813e-01
1.967314460712846214e-01
2.273432236123326677e-01
2.887850098922736253e-01
2.046904198925605101e-01
1.344315126423857865e-01
1.226584217207170591e-01
1.547175558658416272e-01
1.012724368221478988e-01
1.683582094008403141e-01
1.789040180872413788e-01
2.087324381998341138e-01
8.140486762253401620e-02
5.724362237679601895e-02
1.397710127863062424e-02
1.724809963348091640e-02
7.577838081230894862e-02
-1.213865307040418867e-02
2.805447276161694009e-02
5.843704040448800124e-02
7.924681132075459336e-03
2.968218539366636322e-03
1.330481282649469653e-02
3.582461645535552075e-02
7.118823458832759798e-02
-9.048856670709367472e-03
-1.900284488725233201e-02
6.890991819011935138e-02
-6.679766617409196860e-02
1.541714213100584679e-02
-3.908725334607678070e-02
2.691187440289868546e-02
7.332822033208979094e-04
4.207438228201501942e-03
1.828443237142737474e-02
3.187235327923308020e-02
-5.017064369897411211e-03
1.391527552980966441e-02
-1.216498999762879833e-02
2.218142465801379790e-02
-1.010815523807936239e-02
5.001720805914474342e-03
4.441773071498724551e-02
-2.090558469825597523e-02
9.505621040964664509e-03
-2.902380257694587434e-02
1.830932700799497298e-02
-1.661422172947096820e-02
7.787417252753334358e-03
-2.293107530410907341e-02
2.614708893478882856e-02
-3.856677597027711752e-03
3.304186109045003511e-02
-9.468699218075377760e-03
8.395637785275567727e-03
1.212112133715975357e-02
-3.555769598949203025e-02
2.588346505338494710e-02
3.156165453644883129e-02
-1.337918405971182806e-02
-3.130549162239618100e-02
5.677059605820950622e-02
4.540164171759796669e-03
-9.356483244896260029e-03
-4.614518177331900645e-04
1.152835820540508947e-02
-2.046231691641664518e-02
2.052240547586962199e-02
-2.653707305170825356e-02
7.085305362963444098e-03
-2.532469771362853839e-02
-5.023725024680836954e-03
-2.522088812162918275e-02
-1.313936530900191788e-02
1.607307674786698400e-03
-1.213601900915945060e-02
-1.377714641701320401e-02
3.091833768677137995e-02
3.957128716623852654e-02
-8.298872993273205545e-03
-3.819930228668736751e-03
-3.440715899282962426e-02
5.262709292563333419e-02
-6.152396664763501270e-03
-1.328759645325221228e-02
-1.463691472650984621e-02
7.464135301249561968e-03
-1.085873937391505784e-02
-4.129688703417364048e-02
3.519680264454293390e-03
-4.039546263903593531e-02
-2.427836436305689377e-02
3.662790294698280852e-02
2.882617616085556000e-02
2.274515689185037381e-02
-1.627322330486400542e-02
3.286623504531788198e-02
2.811374121469589066e-02
-3.331973408797306302e-02
3.510997766029545081e-02
8.524019397988184376e-04
4.132915662458634676e-02
-4.176778194178249609e-02
8.700705919252307505e-03
2.143532667487735646e-02
-1.144107666081419297e-03
-3.939574390840357154e-02
7.466439893615926804e-02
-3.077412359000619019e-02
4.218253060822065026e-02
4.999927014853117885e-02
-9.065297419877958729e-03
-1.765930057747430032e-02
4.055956502292136501e-02
7.559356998679853806e-03
2.453541272576721666e-03
1.709300324984007469e-02
-3.970089913327929992e-04
6.238237861638153831e-03
5.617194370110479423e-03
-2.122226957419484032e-03
-9.383805600649277115e-03
1.381297519939022646e-02
4.389770233216348794e-02
3.085689867006184348e-02
-2.331746403132826245e-02
3.177205120205063571e-03
-3.531432785534559249e-02
4.201975707237341762e-02
-9.569154109074838599e-02
2.803075043822694790e-02
1.848493694503523799e-02
9.339280016263957346e-04
1.011321559760630477e-02
-1.435078413416336282e-02
1.096333224074144512e-02
-7.349475576217813326e-03
1.317542049555918589e-02
9.135937400645024326e-03
-7.702863018999209221e-03
-1.381378798496242510e-02
1.816654613600543131e-02
-1.866958111982312124e-02
-6.957564316533344957e-03
-1.499063275487544540e-02
2.742591126999075271e-02
1.778984751643275866e-02
-3.651748108181700203e-02
8.519063524064122983e-02
-8.812130707091592186e-02
3.365773497430166877e-02
6.412216114617667884e-03
1.976539526353189580e-02
-7.113975764038131186e-03
1.820251972411841140e-02
-3.189695088545750623e-02
1.676607359588257531e-02
5.595323231478091172e-03
-5.115339247095433695e-02
-3.298519951946099482e-02
-1.234665159665941300e-03
-1.491349093770747217e-02
2.101629956559891016e-03
-6.428422431027235213e-03
-2.061881051145856777e-02
1.117726648988625997e-02
1.424969548004894893e-01
-5.822037533206268073e-02
-4.590463390464565550e-03
-6.473816380706568993e-03
2.483306865323883436e-02
2.774174837544745448e-02
4.197664655875298079e-02
-4.834807420221633179e-02
1.548782670619756625e-03
5.271218057232864712e-02
5.014630215821500731e-02
3.565741348653976572e-02
-8.544990775071417688e-02
4.506061814531906601e-02
-1.841705629454356424e-02
-4.222956790929303234e-02
6.923437012132638291e-02
4.468539817864419783e-02
-4.665018829584333809e-02
3.868043792026568117e-02
4.080338843573297347e-02
1.499077784137114143e-02
1.523031582786017572e-02
1.377033232820799175e-02
2.858208769294354884e-02
3.926988494190540580e-02
-3.319409327162876899e-02
-2.894362955014595767e-04
7.250853798488992620e-03
4.268348197959491615e-03
2.861609598429245074e-02
-1.360479592242916976e-03
8.778705076048784819e-03
4.375103748577570395e-02
6.106172585754708615e-04
-3.489088382370723190e-02
4.319275321642920135e-02
6.656407173714740111e-03
-1.016201284492022601e-03
-1.674171070050203478e-02
5.012822358218359947e-02
1.062130645278214734e-02
7.561470505982029536e-03
-2.502741815454523691e-02
-2.656139338851355725e-02
4.636674185410720461e-02
-2.687535032787078532e-02
-2.264665713773817736e-03
-1.623750270185641761e-02
-3.027307452568721996e-02
1.584076548312999058e-02
-2.877000344845179886e-02
3.994671760078156303e-02
3.867580330489445162e-02
-6.233296470803636330e-02
2.254403508561510922e-02
-7.518616029204078059e-03
4.500965801304015329e-02
-4.891596835929531983e-03
1.112249261948109955e-04
7.044726227339569331e-03
1.352475384092839336e-02
1.768260311344877975e-02
1.822947858629136303e-02
-2.108230798547040125e-02
4.282363854091993799e-02
-2.862997713330595051e-02
2.386851783491476114e-02
-2.640378775540398737e-02
6.381060498122557989e-02
3.310235438404235397e-02
2.973827762983952128e-03
1.980131258929158228e-02
5.137502771475137286e-02
5.070608903763249714e-02
2.468517097158283435e-02
-9.699130969743513173e-03
4.795398314133215295e-02
-6.277180650752608310e-03
2.177573561347593417e-02
6.864301063530258047e-03
2.999501561945926500e-02
1.889538901747100930e-02
3.235247417131416336e-02
-3.153921171302901186e-04
8.005452209748627895e-03
1.169757655428831263e-02
2.138364195876079482e-02
5.375505263392303668e-03
2.189732782738851302e-02
3.995437519642680568e-02
2.753835000096532468e-02
3.943912742186732323e-02
-9.785973827033285499e-04
2.366092416536086374e-02
3.444831804116114254e-02
1.115291305130242799e-02
6.971122643648793721e-03
-2.001443299050547492e-02
2.119500251316444595e-02
-1.484123813268540398e-02
-2.928755570904555475e-02
-3.475083229501234328e-03
-2.345350114810164019e-02
-6.053477299535946210e-03
-2.536045963980523149e-02
-3.480483953230217864e-02
-6.566804105600564621e-03
-9.553754958482320661e-03
-1.547414858314489702e-02
3.050726688141907478e-02
2.669441990687636268e-02
1.183071539733172584e-01
1.602069018674365797e-01
1.760436481121689933e-01
1.978488295009174502e-01
1.504381568656586454e-01
2.414347726093089008e-01
3.181098469418527919e-01
2.031645743121734404e-01
3.010653285711760718e-01
1.846045449095789770e-01
2.269970275626055356e-01
2.679997138830705339e-01
2.430888374746238978e-01
2.405170365381203434e-01
2.478023505034294971e-01
1.931656103536108782e-01
7.141648210864148805e-02
2.471367775703856018e-01
1.077702779124083132e-01
2.234108804169568363e-01
2.273777416948011554e-01
1.468176864537060755e-01
9.982349621355073033e-02
-3.945423934184379144e-04
-1.436961443702146693e-02
2.930138459817021451e-02
-1.782434232131711871e-02
2.176023661248596697e-02
6.879359277279569352e-04
4.416316668333691159e-02
-8.025472284896485384e-03
-2.991729003734636128e-02
3.479337942893992452e-02
1.086914259512824533e-02
2.204417481422068191e-03
-2.431469694836188578e-02
3.630093388167458801e-02
5.316298267553523638e-02
-1.842682034130061278e-02
2.077279969390460283e-03
3.135567290147796109e-03
1.330031160115619990e-02
2.177871213812054927e-03
1.117285714346772166e-02
1.313691530868284219e-02
-2.436022437500664009e-02
3.990888566101382512e-02
-1.701548096988588984e-02
8.186314342755617382e-03
2.153659944912235738e-02
-3.034821531131170688e-02
2.967172496805029619e-02
-2.517321499144896391e-02
2.608654542139964352e-02
1.166352291691193088e-02
-5.063233345876770250e-03
-1.712423803923164220e-02
3.082471725779162286e-02
2.668845285531231022e-03
-2.196029259180204071e-02
-1.504561488624178711e-02
1.453345115906368688e-02
3.621258499666674124e-02
-2.527320406654492849e-04
1.884477390061736063e-02
-2.166164968358902550e-03
2.054703944841169885e-03
6.106230704568700943e-03
3.159569297604867925e-03
-1.196484227612081702e-02
3.766155462703021234e-02
-2.563597579759754191e-02
1.625150217851313236e-02
-4.809433758197598566e-03
4.494724044677555347e-03
-5.099181584536682105e-02
-5.335104549685461446e-03
2.716202398114164404e-02
-2.572917959949827874e-02
1.728712535513343695e-02
-1.712462972143198592e-02
-4.409006201485141108e-03
9.870692896327554200e-03
-2.777214517783652137e-02
-3.921318889330616120e-03
4.699864247977921655e-02
-2.060260641519861408e-02
-1.885821291374312897e-05
-1.897864083279771075e-02
-2.358482283739071761e-02
1.152531836545436436e-02
8.657984665717021952e-03
-4.927164265969156270e-02
2.072634518175530544e-04
1.383535587956237142e-02
-2.139966596320747733e-02
-1.493768897473892431e-02
2.363668549823562393e-02
-4.099898753099644882e-02
6.448661244816532995e-03
1.966234225390622176e-02
3.001267978198191369e-02
1.864510937363340914e-05
-3.255606300446237198e-03
1.601925806654563508e-02
1.835587991761263027e-02
-1.426377187801576053e-02
-1.635151276765485495e-02
8.482776989060299838e-03
2.974531186352934869e-02
2.631684122437425236e-03
-1.201839719852659631e-02
1.845596497854542356e-02
-2.401493483373744013e-03
-7.454406507456433004e-03
-7.665474944485487462e-03
1.469882392803288640e-02
-6.605952923093392527e-03
-3.853080451594426137e-02
3.338629258539802663e-02
-3.514722687372503346e-02
-5.849816292713611032e-02
1.005919408734340381e-01
-5.210039396549571988e-02
-2.925728459324127700e-02
2.423001005697066751e-02
-1.433747954789350507e-02
-2.171771339519524072e-02
-7.905177313333060229e-02
-1.180524432477449842e-02
8.431227464641717628e-02
-5.354493710286076236e-02
4.702527175047459956e-02
-2.559916835280874603e-03
-3.133291336531233290e-02
3.718184128684744877e-02
-5.263735143625916657e-02
6.711290241341418168e-03
-9.257649378205768742e-04
-2.976078219470103953e-02
4.608564879164279288e-02
1.026065088808578336e-02
-3.078547952544270772e-02
3.753694386974211483e-02
-2.767770940156549526e-03
2.192680055050220608e-02
5.060669247482124655e-02
-2.040444591718325665e-02
-5.970719861781534354e-03
-1.531721045107480375e-02
-5.653975433505176867e-02
4.260664710792193277e-02
-1.023153975104448658e-02
-5.079599015875525120e-02
4.128216740899310483e-02
-3.765236885684403872e-02
-1.848592576240338028e-02
4.098676672063711335e-02
-6.069872447263192916e-02
-4.407344366206036868e-02
-4.771797566226252535e-02
1.386659939828115140e-01
-6.732704757808764817e-02
8.950592887774647469e-04
3.599828104010818070e-02
7.394373496873105078e-02
-3.500373470704953166e-02
1.191445840009767651e-03
2.751793956086714954e-02
-1.788957450087913514e-02
3.093871698144491297e-02
2.125234284369835469e-02
-4.687335666778228924e-03
2.033940911545896804e-02
2.575146498285127081e-03
1.669178926159219783e-02
1.204203214904803372e-02
6.862333167982201040e-03
1.982658779772842814e-02
-1.621608309140745718e-02
3.503920005953160138e-02
-5.467219799364528288e-03
-2.405161731794816862e-03
9.640361546249897814e-03
-1.521988630408016227e-02
-1.773903151026538436e-02
1.598984212378569761e-02
-2.093536831300611342e-02
-4.639336869859324308e-02
3.936244768252699505e-02
7.498126767037212315e-02
-2.889241107015034019e-02
4.889009738411440736e-02
-1.858431066539760479e-02
2.635466139120115625e-02
2.894439645887240779e-03
6.470624148211623003e-03
1.450557997774394071e-02
4.509423957235081382e-02
2.106804759289472215e-04
2.275643464151180795e-02
-3.224436564612453288e-02
2.487084851606022676e-02
2.106187261785355362e-03
1.435473841227726151e-02
3.954927266588046351e-03
2.726395521749423560e-03
1.545304587473058169e-02
1.222917547035456010e-03
-5.363381021246799857e-03
3.077886524483686853e-02
-1.918888767037486907e-04
1.695849998949709378e-02
2.530013013775304909e-03
-3.079113437056265473e-02
-3.083203361620494038e-03
7.968428694727617070e-03
3.838804802009283812e-02
2.207959880061157246e-02
-4.632999985921493376e-03
3.291910906799731806e-02
1.371672766317291910e-02
-1.613966522263458880e-02
1.842123257535388525e-02
-1.206974832403815215e-02
8.932383264928402469e-03
4.312569005403730366e-02
-3.214341741920032254e-03
-7.859489175187313326e-03
7.637005169665903384e-03
-1.104023268945736845e-02
3.779602740986340997e-02
-3.003089132443328979e-02
2.681107444820434935e-02
2.715690843923338968e-02
-3.464516072749587033e-02
6.767821115459835002e-02
-3.786808548385533178e-03
-2.452547806987957074e-02
5.396089422687723458e-02
5.710684482407936413e-02
-5.097201013447420076e-02
6.525867774197810500e-02
1.676890826461750056e-02
-8.883457405586131506e-03
1.406069585680042727e-02
5.391378442271035389e-03
3.920002711697424119e-02
-5.192744244440204195e-03
8.118575939260234964e-03
9.769656872010007431e-05
2.270630354909718499e-02
-3.008712589730737526e-03
4.445292697874972387e-02
9.480792066769687040e-03
-5.018901677307590486e-02
9.724088214985285306e-02
-1.046809531718674163e-01
6.503228421947022941e-02
-1.553043855218607869e-02
5.372843209367064721e-02
-4.181896843426727989e-02
3.714063282924003062e-02
5.205663882347151550e-02
1.041943144366111809e-02
-4.576444518307817844e-02
3.057744742117811734e-02
6.089938045327475402e-02
-5.215000862339697757e-02
2.305547313899292128e-02
1.103341932582109150e-02
-7.848000493538739852e-02
1.937204655129470821e-02
7.973359389516199158e-02
-3.635325766093237820e-02
-2.116781309525830185e-02
4.497344217741652307e-03
2.585773531239175457e-02
-1.383934795041315106e-02
-2.374894220922813340e-02
6.022122330557742181e-02
-1.848037382702845746e-02
-8.418131839113475456e-03
-1.392516159503796175e-02
5.652038202702112241e-02
-3.169440340381075860e-02
-3.582159712032397664e-02
8.097447876613342310e-02
-1.261882097735170238e-02
2.922248370717680371e-02
-3.164900632961108184e-02
2.556131514043568850e-02
1.798313023304544877e-03
1.307489424957440291e-02
-2.074857439815653432e-02
2.433842994746897997e-03
-1.332351127945110569e-01
-1.058155153562781448e-01
-3.137889647102148905e-01
-2.017316631676689120e-01
-2.005720152897821629e-01
-1.817339201238020174e-01
-1.723350367029205799e-01
-1.968944978237223697e-01
-2.012544187997435119e-01
-1.786914761928116713e-01
-2.235254643695564480e-01
-2.217726922232607922e-01
-1.952579117253354923e-01
-6.109771914739484111e-02
-7.033075331929267149e-02
-2.022987547268298436e-02
-7.340369739639902857e-02
-2.506399462688694776e-02
-6.002460817418654726e-04
-4.797845763870060148e-02
-1.646413149266294507e-02
1.402917954760172191e-02
5.932827683938440150e-02
8.548811132420820746e-03
6.412367523040575501e-02
5.569473846610053375e-02
-4.825678136066631485e-02
1.802993763111152350e-02
-3.755541642512206027e-03
4.508686089546217260e-03
1.078799091215436323e-04
-2.334667364991772909e-02
1.737683227795104590e-02
4.995062988011304828e-02
-1.164142821175621553e-02
7.067570766375211137e-03
-2.491022282468755011e-02
-3.596651458352303349e-02
2.675896467600139342e-02
-6.025743982683718324e-03
-1.550024442270775925e-02
-1.109303353025261132e-02
2.610241550396947413e-02
2.828542758687929703e-02
3.719497068026219461e-02
-5.119622859401360554e-02
3.274838346141628609e-02
1.192377995564144477e-01
1.647443016999727283e-01
2.389538626382826381e-01
1.084640547391739207e-01
1.871624411363558560e-01
1.215436583381078184e-01
2.085607677189521281e-01
2.016211656609160352e-01
1.426369385707673410e-01
1.707217060032955314e-01
1.783796457380685263e-01
1.049904559643346502e-01
2.690935135043738269e-01
2.430437616362285114e-01
1.587255331980211986e-02
