1.397545941583788753e-02
-4.594032460289199093e-02
-1.730201405286369010e-02
-2.930770605275245799e-02
2.159167702870057326e-03
-7.353151406752767016e-02
-1.491992776940609389e-02
4.740121436988764536e-02
5.558205208649136253e-03
-3.647659065888886332e-02
-2.927557227154364838e-02
2.204186299767796342e-02
-1.199601496523694522e-02
-3.913835144867250371e-02
1.346065424161446700e-02
8.870972648515884629e-03
-2.122033441746085103e-02
4.063234541702476221e-02
1.406287504980685554e-02
2.397250447708376697e-02
-6.972392034953589501e-03
-6.277488807953091055e-04
1.951071606639320777e-02
1.961341877966216174e-02
2.575766433799753230e-03
-2.595880346614354295e-02
2.655024263098582082e-02
1.704039582559602195e-02
-1.459638232975946082e-02
-2.086618011427798791e-02
-5.822823489577944045e-02
6.016409985581416819e-02
3.244892844115998543e-02
3.922554274227074700e-02
-4.722326546074118170e-02
-2.372920151810653522e-02
2.984132968588859569e-02
3.096015687449682474e-02
-1.391951241840549969e-02
-8.615737779829046872e-04
-1.703083271515470898e-03
-4.066118081892833303e-02
2.020085130002735596e-02
4.838959955751231945e-03
1.997243615589550103e-02
-3.475219613754543246e-02
-2.103582352686039769e-03
2.467715946078552491e-02
1.217143301041501147e-02
-2.112960558467236183e-02
-1.276247981763889427e-02
4.614729641555737061e-02
-1.840735813531146903e-02
1.584678789622850914e-02
3.592143383117063493e-02
9.005177439885159174e-03
-3.023034852004213846e-02
-5.279481881746717065e-02
1.208671403922094711e-01
3.823702245964044621e-02
-7.374844050426032638e-02
4.248830822457838607e-02
1.250742260408799211e-02
-1.693582228878831586e-02
3.340184668817647307e-02
1.486351604459823506e-02
-3.210993937079908989e-03
1.692598103453057945e-02
1.609142583366018897e-02
-2.416140080433359927e-02
1.155336759969616267e-02
3.742722317144275834e-02
-2.338864773818816190e-02
1.640145527627590027e-02
-1.012402623231078991e-02
2.994562706456882495e-02
2.960934889239164036e-02
-5.639163371499300581e-02
7.308281760143886530e-02
3.307943138561331153e-02
-1.838921726458631056e-02
1.327111139027348230e-02
-4.234447136134900092e-02
8.427387697992383409e-02
1.831778863076705122e-02
6.123962174076069687e-03
8.928152840577130434e-03
1.100049020360316376e-03
1.047637434205883622e-02
-5.986206074487299134e-03
7.246639686211642228e-02
2.741527085592787571e-02
-7.476507732361437064e-02
2.564721728790342326e-02
6.525666301105292888e-03
8.876727293587904910e-03
1.409494902394348159e-02
1.302469081237189741e-02
-6.491082618654608893e-03
-1.646512834634261679e-02
1.808999934634858420e-02
-1.604391307816843693e-02
-1.264162649660738325e-02
2.201951430681248212e-03
3.470080071232084507e-02
1.253334323497146130e-02
2.705328848051191670e-02
6.794263923957988283e-03
-5.656692126572604451e-03
3.782062646534134487e-02
-2.031607055174111665e-02
2.905332151254347295e-02
-4.682881922013049092e-03
-1.809589812332479397e-03
3.291436060459895785e-02
5.489862159506753159e-03
4.760301418192502965e-02
-5.936844418449593874e-02
2.890223675941605563e-02
2.087725202552581649e-02
3.777547063371944347e-02
-1.035920696423708875e-02
-2.260899867601962043e-02
7.412412455495509533e-03
9.022834509602262187e-02
1.852442747643712195e-02
5.510008041181180261e-03
1.217877848816639741e-02
-3.209888323810705657e-02
4.414140628361518104e-02
8.652864249919733908e-02
1.726781095491225493e-02
-9.275852503678794214e-02
8.350939499615517292e-02
-1.379985404694039630e-02
5.704127782513612743e-03
3.033378483684123772e-02
4.663570807426209441e-02
6.263287246699000832e-02
2.772096053738226651e-02
8.540058007541428964e-02
1.109906935582301024e-01
2.551269303860514981e-03
-2.623170221237414168e-02
4.890150769425471999e-02
-1.095462592214957454e-02
3.426424948052453345e-02
-1.153394972394578000e-01
-1.142047608487128940e-03
-2.040267340981372080e-02
-1.011782408539614320e-01
-5.503755741123428358e-02
-1.250133487510287633e-01
-1.800370046880028774e-01
1.315663248982565925e-01
6.355174547963926557e-02
-8.849465049805438355e-02
2.951642745186955352e-02
1.956780996660545391e-02
-1.816197120999807346e-02
8.256567272912906930e-03
-4.940511336781128193e-02
3.607703337824719192e-02
3.693798899248679213e-02
-2.479859543098350549e-02
-5.230043703567766045e-02
-8.517504904116846021e-03
1.826833174228914558e-02
1.528137189857625700e-02
-2.093282906017268630e-02
5.365454355655607799e-03
-2.586527485570755402e-02
1.447449545595569376e-02
4.736235487236184483e-02
-4.271554242544439717e-02
1.413091091266105437e-02
4.935008384146577498e-02
7.640699047610777228e-03
-4.454824388884226494e-04
-1.425371662467433964e-02
5.579368518708438529e-02
2.103541113019913311e-02
6.640526580968586501e-03
1.091047252769028475e-01
-2.146598740062777289e-02
-2.164522419086400973e-02
1.431269782901423149e-02
3.711903715568154460e-02
2.779728480972143423e-02
-6.899138777692503943e-02
4.076017329881320705e-02
1.965194565042478470e-01
-1.117650333955828579e-01
-3.376975037883944708e-02
6.586374167521147349e-02
-1.364647541437125078e-02
-1.806252107313865984e-02
5.039226428900756005e-03
3.327984077414303243e-03
4.113992628327389767e-02
8.383004929094495239e-03
8.321197865622576018e-03
8.024415630952796974e-02
1.760836746754534943e-02
2.704029342930192037e-02
-8.280680116592376017e-02
5.329188295700681977e-02
1.337559830814758488e-01
-8.284101103222307749e-02
-2.819329201881215496e-02
-7.283925616126118996e-04
4.823305785702713955e-02
4.307036282567011654e-02
5.791572237381736876e-02
1.875492461782601872e-02
7.405838984225154853e-02
-9.429870592150280117e-03
2.565394328927044221e-01
1.398048628151582484e-02
4.344123215884265754e-02
2.915628086423893706e-02
-5.317932972211791842e-02
8.427725254215467920e-02
2.177342920007485638e-02
3.679809518075272123e-02
-1.280280354861540459e-02
-3.022802556938164464e-02
-2.851606864391120766e-02
-5.133021125769343662e-02
-8.269295609755999976e-02
-5.173646237759310651e-02
-4.899180826724425231e-02
1.064765349982241815e-01
-1.421134720264194407e-01
3.998107198377587324e-02
-5.184815420965138699e-02
-3.999788987096408732e-02
-8.118970548679937949e-03
-2.394988423540489464e-02
1.953710006948083944e-02
4.536409271139452137e-02
-1.669185798788497266e-03
-6.233431869342331844e-02
-1.281445912165035672e-02
-4.743501165382690843e-03
-2.226508002716309775e-02
4.171177374037271512e-02
-1.235264974164418383e-02
7.709573443460171482e-02
-1.505861415586817742e-02
-6.018915147752101902e-02
-3.792024405710026080e-02
5.473215827536992428e-02
-3.756797731637595561e-02
3.890167404983246868e-02
5.534667189105224594e-03
1.263166414732808107e-02
-1.510525741028123647e-02
-4.729887740301919052e-03
-3.763520745138171364e-02
5.142718662256795525e-02
-4.132863377812245886e-02
-1.106894549329728861e-02
4.033725171091306905e-02
1.202610560261563322e-02
-9.849237028483059930e-03
-2.715024550928379909e-02
8.129316332031910619e-02
4.743038172602176417e-02
1.788350090876766885e-02
-2.926253566872949463e-02
6.573243981281873261e-02
1.613439822429585391e-02
-2.599613085935725820e-02
6.029014505007701530e-02
-6.394654082112039006e-02
5.268019784955235707e-02
2.042428385003081104e-02
6.509935634551933248e-03
-3.351580013148236503e-02
7.506305475089147805e-02
-1.518697520294010062e-02
6.615712614480795395e-03
-1.049902190097817822e-02
3.067412379086986718e-02
1.968072924479091768e-02
4.187389666248098052e-03
3.229358725133302244e-03
5.322669640411525904e-02
1.508248750080420919e-02
-3.768179878374633418e-02
3.859198990747669811e-02
1.094966890809923044e-02
1.647091764844432760e-02
-5.119436911561514592e-02
3.078086174902860961e-02
7.005879783406587791e-02
2.152112193317634592e-02
-1.094559208634926506e-02
5.231336425818433611e-02
-1.150887177068327105e-02
1.389284122769174346e-02
3.239947075737248383e-02
8.736606388481371610e-02
-3.162238185375931820e-02
-1.122229033558097555e-02
6.558117398556140287e-02
3.135014760415844037e-02
5.825791237613842100e-02
7.408968583131336771e-02
4.409721019235091077e-02
5.173559761023738268e-02
4.184888589337520948e-02
2.981941054154746418e-02
-4.462102459591932302e-02
-4.325297542141970375e-02
6.866683566439601982e-02
3.594615123336897256e-02
5.968524626599269745e-02
-8.291116406784881931e-02
-1.058513303014629869e-02
4.949339336346203488e-02
2.444495598900497946e-02
-4.350808233449932061e-02
3.457139693808297665e-02
2.253099269174141384e-02
-2.190469422120555620e-02
9.696731122033508399e-03
3.375948318950605653e-02
-2.431859608637987336e-02
3.523521021804221220e-02
-2.460043591676619457e-03
1.017641831381999040e-02
-8.127647215496747179e-03
3.616121994255516725e-02
-3.331719420670653520e-02
2.048722355937471207e-02
4.698576514466745735e-02
1.076617921404920963e-02
-3.451962767106930841e-02
-1.459280914979599331e-02
-2.466782324887573097e-02
1.111579376252214146e-02
5.680390083394293299e-02
1.307804004662216357e-02
3.459587152057519432e-02
-1.448927066572558431e-02
2.058384495831511174e-03
-2.358040733348554241e-02
1.260345655497197015e-02
-2.461309506184994333e-02
2.778455324036066543e-02
7.166943904449496472e-02
-4.010422247126133044e-02
3.253196839063399182e-02
3.040618759998281462e-02
1.091088871574719121e-03
2.027601147503954593e-02
4.839940564185685190e-02
-2.147613030428585645e-02
7.092337193245867866e-03
1.012182483679415768e-01
4.766168784744007070e-02
-8.105945235113143355e-02
6.047511425286877795e-02
3.645986379995802551e-02
8.368496236872058347e-02
-5.059235305915477099e-02
-8.309007510655286310e-02
1.700379102591620395e-02
9.482016563544304333e-02
-3.745048581827203904e-02
2.639611101940264604e-02
6.901540971644992695e-02
9.710872928112568303e-03
-4.637785067243394010e-02
3.047107703396578771e-02
-1.821882658447515624e-02
9.049262634497345914e-04
1.017748869251922095e-01
2.381622688311768599e-03
6.720622230462325319e-03
2.424146609909749728e-02
1.264423973614983154e-01
4.895399695068158863e-02
-1.036879414027902513e-02
5.530304710430478110e-02
1.525948110727846085e-01
-2.191486016691257532e-02
4.775578386619283577e-02
3.016020832664612072e-03
3.270165620809661888e-02
1.243297792568176519e-02
-2.429344657661203222e-02
2.034441531228714517e-02
-4.931852539570158456e-02
6.407010936825208169e-02
3.879432513225644641e-02
7.564913829658848066e-02
-5.075947765312127657e-02
8.016745514046874632e-02
-2.729671457232774046e-02
-4.949244147968157037e-03
-6.095446787994762694e-02
7.984507616926395102e-02
-1.189522904081696808e-03
2.228353194121779346e-02
-1.161403077853129240e-02
-1.774581100642058651e-02
-1.084153833006240575e-02
-1.504479263320024351e-02
4.755262036284024774e-02
3.861102394582172082e-02
7.336922099065557035e-03
-1.646331866853945058e-02
-1.421951593586845419e-02
2.510400015721980793e-02
-3.418342201284829684e-02
-1.022683007938285371e-02
1.647943261788453739e-02
-1.847942836234395259e-02
-1.297585851749794017e-02
1.040240819887650048e-02
1.778402153528313434e-02
-3.088988019776550686e-02
-5.314838733611626509e-02
1.010389023845670309e-02
3.190229591319138081e-02
3.100574026391811344e-02
-4.987284268843250601e-02
4.176686183437317013e-02
-3.592677452539660976e-03
3.013839410963026211e-02
3.230752424408356305e-02
-3.513786761835291372e-02
8.144239216706150586e-03
1.448088727030150125e-02
4.897207550124038633e-02
1.343052568726665896e-02
-1.784553094311469579e-03
-6.935380233606291966e-03
6.555618514614280912e-03
7.484761933111938603e-02
-5.030475173359461039e-02
6.079615128876225683e-02
-6.176465144882570257e-03
2.229203072083985049e-02
5.682197813600620151e-02
4.219709168493990248e-02
6.255483402013473082e-02
6.150954534880481717e-02
5.451846404950799752e-02
3.823780844873159168e-02
2.160941237620850330e-02
-3.125322082042436556e-02
3.963398253537886440e-02
3.468939534898130006e-03
-1.255392728409798764e-02
6.179144824772375699e-02
8.396998825053625382e-03
-1.302807594940258440e-02
1.715807456277240739e-02
5.226617673514488693e-02
-1.502203252041711679e-02
3.617759001546438924e-02
1.152714562897338979e-02
6.434450313991546544e-02
5.660808080870083359e-02
7.823925977233381346e-02
7.289155898743682194e-02
-1.276827494045047473e-01
6.397141774781722745e-02
1.020773826324237188e-01
7.041852588548347391e-02
-7.816315218102443119e-03
9.837084800662465600e-02
-1.745267151184781707e-02
2.567934356279533148e-02
1.928674899174898094e-02
2.912332416526819401e-02
5.039827033384458588e-03
4.623519371362982966e-02
9.686889194447267926e-02
-4.275348249484656193e-02
-4.623723628866516222e-02
-6.808101077668382572e-03
1.599242498628949960e-02
2.458982371065676631e-03
4.722589208499927693e-02
-6.702196634357848737e-02
-2.319159991222141670e-02
7.749725754743419515e-03
-1.678958495813653862e-02
-3.283322842224767335e-02
2.586043237872814871e-02
-3.780644396887744563e-03
-9.198209174332561133e-04
-1.971854198292710691e-03
-2.115843849501697349e-02
-1.005186257721879528e-02
2.029453546978920997e-03
1.414759862668502066e-02
-1.086723551343915517e-02
-7.273792694004743709e-03
-1.241697922508944174e-02
-1.680362528751011553e-02
2.458000899863543864e-02
-6.981276597109342674e-03
4.414259904100514831e-02
3.482242739742513749e-03
7.038012605910815012e-02
-1.019440302674778920e-02
4.745180770248635937e-02
-1.148694178386344689e-02
2.085742121775480129e-02
6.004428239203107864e-03
-4.330019572439969266e-02
6.052637004138938792e-02
8.916379030817989104e-03
-3.350156974912277263e-02
7.973360513978011710e-03
3.085747829530749442e-03
-1.215221966833590628e-02
1.228376897792493594e-02
1.177508271734550860e-02
-1.108871261118116180e-02
-2.488687683700252506e-03
9.144212608526824937e-03
3.691484366363750880e-02
-1.331984068596359094e-02
3.003375344944503311e-02
5.010411953452553746e-02
-3.217450203317540058e-03
-7.320041083485051558e-03
6.392693783377279004e-02
7.700922652379027511e-02
-2.690995236477444763e-02
2.763292793564309235e-02
7.193475808899529866e-02
-1.567751402007511174e-02
2.396097508571637391e-02
2.426007114244566054e-02
4.523836470223097095e-02
-4.967889778912537579e-02
6.608859309159420548e-02
1.803907400378967907e-02
1.276269152391940054e-02
5.074127012989482211e-03
3.834994333806074351e-02
6.304651376448511257e-02
1.525211969309960836e-01
6.866371438290408413e-02
-2.821707207651980021e-02
6.076355267693700490e-02
2.398431562973390996e-02
-4.303619430339189478e-02
3.511117312723599504e-02
5.275804535546613216e-02
-5.791694589600759890e-02
-5.863101250585600610e-02
2.879486266306252595e-02
-6.433926990563998416e-03
-1.596946361223761102e-02
1.895547993569990375e-02
-3.603840129198920827e-02
1.505831661838108460e-02
2.047337442763508264e-02
2.490613768824045948e-02
-3.117651308444591152e-02
-1.187145086391683257e-02
2.435411435435130834e-02
3.356845335032465627e-02
3.396885033630714368e-02
-3.370217055474422629e-02
-2.878749532928925881e-02
5.670549293697746407e-02
-2.454959675838508382e-02
1.873016707117036717e-02
-4.597185764225830695e-02
3.251205459702921630e-02
-2.878856382473893305e-02
-1.023479213149602884e-02
6.211801412516315679e-03
5.687010097002254128e-02
-1.202540535037588398e-02
-3.787128601128220140e-02
4.085681049922751384e-02
-3.411839213794465309e-02
6.104375364134817517e-02
-2.996101547530694020e-02
-6.142298464199669183e-03
5.292607148524197669e-03
2.336149441526380599e-03
7.528134032026567724e-03
-4.347656118959708493e-03
4.959361665527550755e-02
7.275707981363987997e-02
-2.548135510260651770e-02
-1.102143242189779215e-02
7.000628295085675745e-02
1.032012906078128012e-02
-8.535351493851983662e-03
9.119295403442384540e-02
2.849271856614343790e-02
2.803575412121039889e-02
1.672558352224706724e-02
7.212452587718898300e-02
5.109255248315403009e-02
-3.081272473490459518e-02
8.047986879236024294e-03
6.648476795130875416e-02
4.991570169808667856e-02
5.630558269828700446e-02
-8.127994389784465312e-02
8.350189866367152547e-03
-2.729797084698404319e-02
3.941008923686295518e-02
-1.482152799772906704e-02
9.717002009154374065e-03
4.681717885637093346e-02
-9.605802196635426782e-03
5.240182527535042212e-02
7.246785831222890550e-02
-9.388116415274261328e-04
-7.606087068859679334e-02
-1.210333294351739752e-02
4.177966651662590181e-02
8.179534782976816132e-02
1.874728930009705863e-02
-5.144993327201152766e-02
3.801300257896000900e-02
9.004224195080468007e-02
1.198607084254095234e-01
-4.764741178508957731e-02
2.459263795803412478e-03
-1.010306586292974984e-02
-7.559565064646278643e-02
-1.401556038829809836e-02
6.528870899060335020e-02
5.751819748909747787e-02
1.149123694188913802e-02
4.944243947690685204e-02
5.648969992539321083e-02
1.231987369970894974e-01
1.777756565551147361e-02
5.211945215820801280e-02
-2.995570005451808626e-02
7.350121320332370090e-02
-1.999225460142683986e-02
5.673241398306894112e-02
-4.501763098737887603e-02
7.523048779082541770e-02
1.653451743424216858e-02
-5.291539724798788313e-03
3.850414520269107577e-02
4.409860220757622074e-03
4.103574963952638655e-02
6.114497510546268444e-03
-3.732020730106921924e-02
8.085164243450826405e-02
-2.505893703598705002e-02
8.923062878670950937e-03
-1.058729764325239131e-02
5.806335469550605310e-02
-2.489180896627951611e-02
-2.848826470944665346e-02
-1.480695031220813362e-02
4.143881990025688467e-02
-5.178269240026978082e-02
7.077771328616622171e-02
2.717217412885464256e-02
4.060839306966013140e-02
6.141439307143503612e-03
4.561642230227302974e-02
1.941448896107367261e-02
3.091708652222502351e-02
3.713972025156753176e-02
-2.804665160775066113e-02
3.253120860748959231e-02
-8.266916074858521313e-03
6.465651582271192410e-02
-4.166551277982399881e-02
-5.510149215804283074e-03
-1.365780148492889978e-02
5.407601902225067647e-02
9.254278217060374345e-02
-4.829537551435958420e-02
6.243482529618971100e-02
-3.213429737325013136e-02
2.660880249823760479e-02
4.485305249032434105e-02
1.391307802434660346e-02
5.184134218702363128e-02
-5.063850960069338214e-02
8.994124807442904768e-02
4.487651611048448785e-02
6.775031315068669180e-02
-2.177418744641945736e-02
1.051106673651338586e-01
-1.954594236629314530e-02
1.215832273399732877e-01
9.886824770122260020e-04
1.385541497435527347e-01
-2.892203151624883617e-02
3.694837029485742441e-02
-6.286916424507160706e-02
1.246358835956069555e-01
2.177804661148030618e-03
-1.154501639497418353e-02
7.387888262102171311e-02
6.860535820278812480e-02
-1.105156925268708790e-01
3.784325744699978955e-02
-5.888308858710766813e-02
8.792289287558752164e-02
7.601590890491927155e-02
-8.719441838818386969e-02
2.557721903275922415e-02
-1.389809155588839218e-03
6.035864371754051660e-02
-3.134457586553573982e-02
-8.447642457298787377e-03
4.954245791055855719e-02
1.991584355235209713e-02
3.989153845412207744e-02
-4.486513705993422363e-02
-2.402545790887211652e-02
1.544725997170148801e-02
6.536334547466848832e-02
-1.141501219132730061e-01
-4.814966100511441915e-02
8.742762818287896920e-03
4.242310645223668075e-02
2.052894020941753439e-02
-1.192736912179048758e-02
-2.651878457593159766e-02
2.270694193666855654e-02
2.638714737506475672e-02
3.480740637995349829e-02
8.868197411464606716e-04
2.043302661337254023e-02
5.664745893473166483e-02
-3.814501507464784780e-02
4.743937359297278888e-02
8.881290000571184784e-02
1.096690082736495597e-02
5.621110870107792756e-02
-4.443802953533082523e-02
8.460384307465584897e-02
-5.017031745552591460e-02
2.190772979653066166e-02
-8.856627751387957659e-03
6.957873844707718192e-02
1.310795284537813465e-02
2.972930658531836023e-02
9.501889065499646847e-03
1.110267779821432210e-01
1.132779516419746280e-02
1.047610625433781362e-01
9.429221711450419541e-02
2.663370866428049766e-02
-5.593029073263044992e-02
1.600379817728292409e-02
6.387020191481362907e-02
-1.361666605218947446e-02
-4.307634635774770793e-02
4.198792225845959791e-02
2.600588308970319673e-02
3.825219781561806087e-02
-2.324982173545020459e-02
-9.466520490471275195e-02
2.360581511883230732e-02
7.989435016527579592e-02
2.290981304946759778e-02
3.981771968182945542e-02
7.621213649763047826e-02
2.010622792300575945e-02
8.372986808569571338e-02
8.334221163274757593e-02
5.520283133611525450e-02
7.397318144586351174e-02
2.312652983641760862e-01
8.411690611589506261e-02
1.483537495165123676e-01
-1.399937117906779882e-01
2.392030344734463743e-02
-6.194685195377758191e-02
3.062721520842681677e-02
6.698101008018042535e-04
8.034096251404720945e-04
4.543011958407250361e-02
-5.508930999051275812e-02
5.097658010479033663e-02
-6.560570026021794732e-02
9.003801556279844576e-02
1.335659701335569771e-01
-1.614351161413334346e-01
5.717708420740352793e-02
8.537465635896657190e-02
-8.281854558258139321e-02
-6.217962139607458028e-03
1.687081694648595587e-02
-1.622251055191004099e-02
9.248704408837271629e-02
-4.569325265297807803e-02
-3.795289207734575676e-02
-3.296029640410491623e-02
-5.324656122612614340e-02
1.716754170316869832e-02
5.285764220811284275e-03
4.405337135676390403e-02
-4.150805639014709669e-02
2.947155429578351971e-02
-6.768947057099961029e-02
4.525161250207432317e-02
1.415094048006215743e-02
1.679085825041504165e-03
1.947393217351001127e-02
-1.958830638626185561e-02
7.943147656542137725e-03
2.292600342828343685e-02
-3.336133969611898564e-02
1.050362071686778975e-01
-1.288716066207271638e-01
6.216584794102475442e-02
-1.302973236540161395e-02
5.514098881299389632e-03
-8.965315424774633613e-03
1.037836062791983593e-01
-2.174056008383251637e-02
1.157492434583895502e-02
-3.774388897192393344e-02
1.346496390890323802e-01
-2.536864117977932764e-02
-8.089586068494947213e-02
7.520882438568943229e-02
4.394764139721107910e-02
5.707425241845420771e-03
-2.432788454525747213e-02
4.410849831387064768e-02
-1.572549755233287883e-02
1.133224594932134011e-01
-1.526927266020638996e-02
-3.253865480739515093e-02
4.940185589484213935e-02
2.399794578867897599e-02
-5.765490494736624782e-03
-1.439959297177617614e-02
2.173814327237444388e-02
-3.005563350660267474e-02
2.739710186207222620e-02
-1.615362891522309496e-03
-1.781282671306749776e-02
1.447541661698048543e-02
4.014721519024266883e-03
3.200026003729483648e-02
-9.088004012989259195e-04
-5.657121119090957606e-02
2.078785808634631138e-02
3.000247657633936527e-02
3.628527628500632929e-02
1.988203224411000392e-02
1.181011679850740848e-03
-1.486898517310963896e-02
5.069482039329509249e-02
1.814058422833220163e-03
3.972278510972060417e-02
6.489907450319964966e-03
1.923872771633128309e-02
-7.637839914810484743e-03
5.300012889771732461e-02
-1.927546807572921850e-02
-1.970704578357684866e-02
1.309749058421472157e-02
-2.370271271140067526e-02
3.807695087301121717e-02
6.316374362924692676e-02
4.718046355546201553e-02
-4.273872964410996289e-02
4.601141732337188373e-02
2.389784760670465857e-02
6.078819918078792739e-03
1.059757972324382180e-02
1.398406683211161905e-02
3.882206657098175029e-02
3.306188902380657879e-03
1.747260286966412224e-02
4.314897673221063101e-02
4.548217255762043720e-02
1.667386185851071900e-02
4.199698965803388973e-02
8.304071183288952440e-02
4.039940784416495845e-02
1.625150995829649503e-02
5.090697855251802295e-02
7.147321203344159102e-03
3.060664031108384364e-02
-2.935286817719706676e-03
5.881134096794449206e-02
7.857025907560721834e-02
5.891382049973081791e-03
4.274630248470057126e-02
7.847540154337795393e-02
8.195922420726153845e-02
2.203558967532970314e-02
-3.600426459867156481e-02
-4.431042343750779544e-02
-8.716410208846392393e-03
7.986111384600924623e-02
-1.656384460046100848e-02
-3.201956032427855092e-02
3.362417593572830654e-02
-1.658812981076662751e-02
1.401080185325009886e-02
-2.346325739363286367e-02
9.221611729520962086e-03
-7.413960563896093703e-03
4.986495593785278402e-03
2.228792858546402300e-02
-2.610242924704819778e-02
5.070595274768296967e-02
-4.424861641181276894e-03
9.585924093969344639e-02
1.066819860271395193e-02
-1.424340536780865918e-03
3.982310290270563158e-02
-2.170980450133130901e-02
-1.371009251495081127e-01
1.467804115057078640e-01
6.436593411081048544e-03
-8.850149857139766318e-02
5.810671134911826741e-02
1.747511120480704783e-02
-3.007290267435447362e-02
1.695019055769475536e-02
-1.110041876388589976e-02
1.184176422011695706e-02
-2.745257748004714671e-03
-1.103070655629712071e-02
-1.969246761527654321e-02
5.019227569302442404e-02
5.698421081308691072e-03
2.121563320531594243e-03
-7.015257823784093461e-03
5.287536594953690106e-02
3.326631258641832289e-02
5.437593886899794171e-02
4.609454481054431341e-03
2.023591416275327681e-02
4.791993840544872540e-02
6.276957023334528429e-03
1.400815320854973400e-01
-2.079099305654530383e-01
5.999882585590410322e-02
-6.612931911953201514e-02
8.462975117177862217e-03
2.204514671850477114e-02
-6.976963655162871092e-03
3.978234418696269259e-03
3.699549003344237974e-05
9.582101415750443607e-04
-4.816865818030446889e-02
2.352592758596872002e-02
1.544397139926889650e-02
8.212475139356190112e-03
-2.951501056337879625e-02
1.801355155493444826e-02
6.510802050514463701e-03
6.604212877235671186e-02
-4.896361105317081908e-02
-3.678584649016469754e-02
1.498344241836768731e-02
5.306168030611457809e-02
-2.255805813302647067e-02
4.082631956032800602e-02
-1.223935612419824182e-02
-1.465745600629508871e-02
4.603729152993896179e-03
-1.971364010129805777e-02
9.366556339491793892e-02
-7.042029521764892053e-02
3.415683234467614682e-02
1.028764576042906498e-02
6.614371380658878863e-02
2.664601402015476239e-02
-3.908782360894313967e-02
4.830493068367669451e-02
4.784851392706546136e-02
1.752453783623320049e-03
1.396593312847382862e-02
6.429274869584267194e-02
4.842322195937498464e-03
-6.256836259655296217e-02
1.159122222289754589e-02
5.416798515338649977e-02
-4.729694881871360224e-03
-3.026989012535752366e-02
5.992414382335642387e-02
1.298344782483416004e-01
-5.412065589417380806e-02
4.958952102297198294e-02
8.451241071648274428e-02
4.321281639855989454e-02
2.588667227262497761e-02
2.740761766998645044e-02
3.038949754909281431e-02
-1.160862944326157553e-02
6.369262253546570385e-02
-1.235215679055512439e-02
1.962782692532583084e-03
4.487131044840375615e-02
8.671644415466461808e-02
-7.764990091478418677e-02
5.981775987831472463e-02
1.404323601209536143e-01
-3.884024522822171477e-02
-7.825832518486430800e-02
8.484056517551641363e-02
2.609323777898264751e-02
-1.792774063448909772e-03
-5.287644430729332434e-02
4.282081740833332262e-03
-3.412491132112904779e-02
-3.715015205276728238e-03
-9.417067177697235891e-02
-7.946460286501189074e-02
3.372783789027922197e-02
4.057439572553023233e-02
4.259053346946362062e-02
-5.578413924748670816e-02
-3.607309170807448950e-02
1.332810562634945128e-02
-1.426294392198768080e-02
9.213530663257918363e-03
4.581026837157398113e-02
-6.982306037469654392e-02
1.735237102065223525e-02
-1.132474544426287366e-02
-1.932489644585766442e-02
2.284938725537211113e-02
-1.166637005692905404e-02
9.670344527254570721e-03
1.876896314239351327e-02
-1.717479680978239998e-02
8.551421008440751592e-03
9.436008153324237924e-03
-5.035103501664472958e-03
2.515363264569581148e-02
-4.418166154095448661e-02
5.424578375152222520e-02
-8.462909338752044874e-03
-2.565604901668017135e-03
-1.497557055496478995e-02
-1.127792040741359969e-02
-3.978411960709093975e-02
7.461266763520324474e-03
1.465973007583709631e-02
8.335866932922542105e-03
-2.654670346156473570e-02
6.161792588458769870e-02
2.148071530002404472e-03
-1.792993405676801544e-02
-2.572604439068326698e-02
-4.686113613259657029e-03
3.916547515915347333e-02
-1.034460873734799335e-02
1.991579098964280092e-02
-9.485591564626805194e-03
1.152406451149978750e-02
9.955823343160474792e-03
2.148695218624929737e-02
7.062962590146604214e-03
9.451319996839568915e-03
-2.437394520431768186e-02
1.164792682254622846e-02
-3.441110896228760652e-02
6.549486918753588682e-02
1.869692731997396606e-02
-3.654327865394213504e-02
2.677978280675308298e-02
6.609815920371708842e-02
-8.725980211768291639e-03
4.136922550528776554e-03
9.494023183110655850e-03
-6.973083474039576402e-03
-2.206062735563252275e-02
1.275165822239765490e-02
4.838653450381924515e-02
-2.738679882085115480e-02
2.629103027079526811e-03
-5.080338576371357107e-03
8.859953092398109575e-02
1.265902629112858335e-03
1.534546825996407904e-02
1.493934464201540635e-02
1.402778219180023100e-02
3.610969237652739139e-02
6.113052013883013558e-04
1.968416772403713821e-02
2.804241358456094346e-02
3.780758175573417645e-02
1.138228677221109209e-02
5.914718917214845106e-03
3.320911782064017714e-02
8.244216423861860932e-03
4.331578694662496787e-02
1.185727462846841718e-03
-3.592547856878303136e-02
2.287696123796489900e-02
1.413138325359675207e-02
3.633237898520214060e-02
5.561317380034846991e-03
-2.456984888148072699e-02
7.421118907345647386e-03
-5.001799345144597453e-02
2.792406746448472532e-02
1.630576403406527319e-01
-1.909985080402241131e-01
1.016590477558731997e-01
1.113234798711726370e-02
-1.143749134006397661e-01
-9.285985386397577201e-03
-5.197246352391626800e-02
5.540026479906678958e-02
-4.038289371803394090e-02
-9.449034680530932206e-03
7.678714107398398880e-02
-3.032095257942568622e-03
-1.290532054304627252e-02
4.781576126922448822e-02
-1.664932854320344546e-02
1.345244398363432126e-02
6.871200367152985322e-02
-2.475049896440939534e-02
2.094737627005871516e-02
-1.893865019830354157e-03
-7.586905789979336845e-03
1.965219702345288866e-02
4.051261191248300975e-02
-2.839248563089391553e-02
2.430782402560094368e-02
1.724609016784661719e-02
-2.840595636863341156e-03
2.676686719721299568e-02
6.317804745227562080e-02
-2.296427470578388252e-02
1.005809001232682576e-02
9.802344245717353743e-02
-4.211601754268823328e-03
4.469437821514343767e-02
-5.989868488979510630e-02
-5.165351412177887624e-03
1.217896730732304089e-01
1.101881168173828307e-01
-1.718870871563229485e-01
3.682673313208195687e-02
-5.281408800521525393e-03
2.157377847542574223e-02
-3.144999365689371551e-02
1.153391566296080306e-02
-1.804594101780798709e-03
-1.987875679379991212e-02
1.757777201699628478e-02
4.850133616840057726e-03
3.202921793771906778e-03
8.167992811649149587e-03
1.587200518024189932e-02
1.835222294430671752e-02
-1.415043533571846979e-02
-3.863001371823049368e-02
3.777706520299251025e-02
-2.705553805820271052e-02
4.673108471224374227e-03
3.513965242426930757e-02
-1.405918619984047879e-02
-2.861344791355158179e-02
-4.176786586363956388e-02
2.815198051074596641e-02
3.178342737557282582e-02
3.540277571721750505e-02
-9.845990518413771930e-02
3.346203546538362161e-02
5.948693369834101574e-02
-3.558084334986011399e-02
3.248302719685813855e-02
-2.000162281106243611e-02
-8.008782594566721258e-03
-3.701207612554346937e-02
7.350102606756614421e-03
4.032411108587741211e-02
-3.054791449201088582e-02
9.549920868287209430e-03
2.464526712210357573e-02
4.824655149167966783e-03
-4.386871248336365881e-03
1.118572319275479288e-02
1.565239268680285178e-02
1.793395112286377824e-02
-4.070493494316096417e-03
3.982053535072527239e-03
-9.746168625897055904e-04
4.435129960139638783e-02
-3.928543198801026648e-02
-2.460020717524491474e-02
3.346432820271072472e-02
8.853767717085059274e-02
-1.895989158900279747e-02
-1.123513011438159737e-01
1.060457435460393505e-01
-2.428241975059952651e-02
8.356653187753249057e-03
1.821974568101092373e-02
-3.810924668396253878e-02
2.456540583681432466e-02
-3.765207328683040089e-02
8.335938976167067693e-02
-8.336926902003938267e-03
4.568291425711956677e-02
3.470313644658951091e-02
4.224624383048025678e-02
1.108166127763121622e-02
-2.631739309368352764e-02
4.199619964851031284e-02
5.667481849744415712e-03
1.438456763968032348e-02
-6.442952003750246348e-02
5.887257652502109195e-02
1.141762983766358985e-02
9.910216482899469881e-03
4.546843921568122227e-03
1.866280797811259440e-02
9.835581628070633187e-03
3.782464834715848490e-02
3.447756761847609042e-03
-3.589581505801775485e-02
-1.701138453920059135e-04
-2.805891978569086120e-02
9.110187410570125266e-03
5.207783873939253461e-02
-3.239547115855789805e-02
-5.231733994023768375e-02
1.567177959905112772e-01
4.579102868289597339e-02
-6.635806247715780870e-02
-1.557353181302056910e-02
1.074803941219149017e-02
4.631328195311135154e-02
-6.318236229670048942e-02
1.750890862873055731e-02
2.748895806175499779e-02
-1.638505740905804586e-02
4.089584685224068039e-02
-1.581624391039238020e-02
3.713800534934197373e-03
-2.556055274224844354e-02
2.946040351385148526e-02
2.667443552727433165e-02
-3.939021836678491262e-02
-9.094467569617492586e-02
1.289290448230333563e-01
-3.549391497228415737e-02
2.898437808685572215e-02
-6.578139134314042735e-03
-4.404062958943066874e-02
3.258461180022731440e-02
6.874154514527885951e-03
-1.391143611682754688e-02
1.798038593583939360e-02
1.567768984674478006e-03
-6.509255987929840614e-04
-2.539170026799397739e-02
-5.056833231812829510e-03
1.879583708228826922e-02
2.866251667449826179e-02
1.057804646077609156e-02
-2.242529016134731101e-02
-1.187559508974755929e-03
1.134928764833920134e-02
-4.246627785093881613e-04
-2.873882069206024070e-03
5.851686019703739028e-02
2.567838085114559910e-02
1.099928966934626828e-02
4.784176419677277359e-02
-7.543444155853729072e-02
2.865766124135915582e-02
3.206819837452257183e-02
7.914347674937993737e-02
-1.859997480192498998e-02
1.473136802514729560e-02
1.894364642676560351e-03
-2.271637958211547570e-02
1.938310677301324780e-01
-1.006234759776933885e-01
1.009781752343523742e-01
-1.735223030585375525e-02
9.540484402126736541e-02
9.439172531907180641e-03
3.644256362073883260e-02
5.258334477946924324e-02
1.025378772304597064e-02
1.105974076625848568e-02
2.338300210314447902e-02
-2.109733780669476033e-03
-1.771171245613212264e-02
-1.898951861171527256e-02
-2.073286622870296192e-02
2.824012447188739561e-02
-1.127774628843836169e-03
-5.857533137885473362e-02
1.263126776801737350e-02
-5.180196720402663324e-02
-9.003053607723443541e-02
-2.808531424511673258e-02
-1.551342161760476124e-01
-1.093842620414917644e-01
1.652976494502444993e-01
-8.750849723982057071e-02
5.014694883735737463e-03
4.649681743192268790e-02
-1.436643585041164073e-02
-3.609560450661919440e-02
7.461587577397121862e-03
-1.382846981788654617e-02
1.794186615555415365e-02
6.044123636309350900e-03
1.452848218279823023e-02
1.759215839983463425e-02
2.890212079074583329e-03
-1.285615612675483632e-02
-6.620252183972219484e-03
3.099158621310094119e-02
-2.165302988770889669e-02
-1.298156576120845784e-02
-1.126307617867938760e-02
6.122189949435608014e-02
-2.823190943654196872e-02
-1.082173461510693713e-02
3.609901742715626582e-02
3.795834173930545674e-02
2.206266250325850109e-02
6.135303244436185466e-02
-2.128822730889901038e-02
6.421393370573102999e-02
2.734845678399544511e-03
2.974315384725523259e-02
-2.958436591534274740e-03
2.537616403998232961e-02
-6.474740005624202155e-03
3.079700359507886454e-02
-4.945379553032136499e-02
2.494482012780774305e-02
1.148020502308939594e-01
-4.138121798810745489e-02
-3.132187776654804523e-03
3.985199371485137476e-02
-5.153092795521807545e-02
5.613042133053025573e-02
-3.877172454683774916e-03
1.184017259367786679e-03
4.536636818830430684e-03
5.658290671696653007e-03
6.497652570393142035e-02
3.118734904782494155e-02
-1.105707190576854515e-02
-5.371206118688620634e-02
7.274486878132879752e-02
7.104292903536224557e-02
-1.139774941612492487e-01
4.056326360413908816e-02
1.301219830316657777e-02
7.161520066004145590e-02
4.468617413813125161e-02
5.331132510218417053e-02
2.173201610474273515e-02
4.571129053652112084e-02
5.900728104277641606e-02
-3.746301806422236425e-02
-1.717916000946351218e-02
-2.695687334200846941e-02
3.244386015657862998e-02
2.292620364599828875e-02
-4.171595113861448212e-03
1.616277020036660517e-02
4.468661828058118068e-02
6.083337455738702104e-02
4.292545047120732704e-03
-9.279344547747281347e-02
-1.604515148559082505e-02
-1.196273584660068057e-01
7.135545999144854434e-02
-4.161758681953298122e-02
-2.390375070810835112e-02
-1.893170968549773292e-02
-3.479005557649728075e-02
1.509088867501784392e-02
3.323115960408240532e-02
-7.605322631484501272e-02
-1.642778248753251624e-02
8.056230195882863043e-03
-3.540960016625849249e-02
4.075019140564006825e-02
2.348826479921228838e-02
-4.657371722229974864e-02
8.938239974451311909e-02
-4.319218900367083336e-02
-5.469423666833916897e-02
4.676970927103951681e-03
4.761040301585683920e-02
4.062512395130180032e-02
-3.544620143704135806e-02
-8.396743093835645766e-03
-3.733990746458148990e-02
6.384806856026670197e-02
-4.596285980220216061e-03
-3.190805299162580155e-02
2.910241652307021809e-03
3.022767718033225748e-02
-4.395827980860067541e-02
-3.585365168675425096e-02
4.588286002120245399e-03
4.429258804057401022e-02
-1.018706464615704022e-02
-1.673611806278652026e-02
-2.700997248877001766e-02
1.387841338495121590e-02
-1.079506181949962951e-02
1.809722065577590300e-02
-1.103600943512361710e-03
2.894446268150829837e-02
-1.772131771691443092e-02
-2.362320088673852680e-02
3.019106690901462997e-02
5.056221072401267946e-02
2.820976452817536284e-02
1.990857863148276508e-02
1.068558750746495534e-02
4.146027336222468662e-02
-3.272032999816687493e-02
5.036572324768640030e-02
3.654641931369884134e-03
2.923673636145140975e-02
2.315860946531156372e-02
-2.138324563585758398e-02
-4.932539985303296959e-03
1.599940822283096864e-02
3.562683772442287733e-02
-3.510863347811277180e-02
1.050473919077088425e-02
5.008491937243597647e-02
7.890421170193429035e-02
-1.908859266051976533e-02
6.224081236958767249e-02
-5.158045476490702441e-02
4.629047871518254809e-02
-4.987073616236470386e-02
2.587474811288359433e-02
3.511266902883791730e-02
3.298950008318657368e-02
2.709583784209090851e-02
2.926933844925061479e-02
2.324264285564936472e-02
2.667273302982664518e-02
-7.679042728103269155e-03
3.993406068554961053e-02
3.208408963761044674e-02
1.863209461822457058e-02
-6.583449117459228006e-03
6.079372682621020374e-02
3.542312367554956154e-02
3.746754761912818310e-02
7.218998089149475383e-02
9.512881191749134047e-02
3.313257534782509950e-03
5.681784555262137104e-03
-9.350212010922787087e-03
2.265094372068943152e-02
-7.742098744356007423e-02
4.666166170828023319e-02
1.968511141067814663e-01
-1.152200637212188461e-01
-1.069180083110623514e-01
6.612791870828838015e-02
6.131313059009779742e-02
3.156007730501220188e-02
-6.113923212714955646e-02
7.704862036421400440e-02
3.337119908789065725e-02
-2.007483551346811446e-02
-5.317469506297434201e-02
1.131759430536360966e-02
4.488609586023928344e-02
3.420334884229525585e-02
7.658190010332521780e-03
1.408233802593228390e-02
1.430554778961701246e-02
6.127865558738676555e-02
-3.673069433774900361e-02
5.700525381169274652e-03
3.550074502085021066e-02
9.902064546257527411e-03
3.316068314397124794e-02
-2.464296329240722727e-02
-5.814501869857213734e-03
-1.925479948252650786e-03
-1.429731144908252816e-02
2.937496645007486862e-02
1.245469921078345976e-02
4.242539377250409416e-02
1.539302997954594687e-02
2.073941423865255373e-02
-4.195831547280448603e-02
-1.753933436138543911e-02
-4.556454680607391339e-03
4.097392487480755463e-02
4.804064088493564810e-02
-2.919482978995491251e-02
1.893345062127016476e-02
6.370608254026288719e-02
-1.097280825497737311e-02
-1.282055637080237176e-02
-9.274751468463904303e-03
1.340538046998140942e-02
3.277612312183331156e-02
9.898446673071159552e-03
2.460364727729924539e-04
4.027926448383123414e-02
1.384506505547777877e-02
-1.214748500535689502e-02
3.655974096353764580e-02
4.121376647808761007e-02
9.675811383126564635e-03
-2.494342968565765872e-02
-4.006236410949481908e-02
4.467416885631347867e-02
7.048705068419192088e-02
-3.889743496852338112e-02
-3.976135093128885245e-03
8.113765414021489875e-02
1.499826484335553545e-03
9.949123979448248889e-03
-5.927986776919080825e-03
4.111958047173569497e-02
-1.027140640469248467e-02
2.304803176714509405e-02
1.336416568231690860e-02
6.879566838940309736e-02
3.909225417195738572e-03
5.341088939088178833e-02
2.406856726851724915e-02
5.330286272091377953e-02
5.094792993799490688e-02
3.705983888290109718e-02
5.581298377476473505e-02
2.544394964948759608e-02
8.213827641714299688e-03
8.978796261408383828e-02
-4.210353174157788203e-02
2.292358813578454502e-02
7.541648836685110879e-02
5.227695423942213537e-02
4.632082122099356880e-02
1.426351174809064037e-01
-8.687587678950459136e-02
4.444829695784857648e-03
4.792327965996556749e-02
2.035680677424123175e-02
-3.060590372531879488e-02
7.086934363654862068e-02
-9.634712588822536006e-03
4.104930388950855935e-02
-9.949937893519678056e-02
6.775168637140116523e-02
-6.993306060640858135e-02
1.667548567432808326e-02
-3.339766126979704097e-02
3.059510568045165080e-02
-4.153630604092795053e-03
1.693689793307107117e-02
4.940412735276300538e-02
5.260004724225542105e-02
-3.443454792710465284e-03
-2.186667765373417893e-02
-4.334930438382844642e-03
-4.805356622476608663e-03
-2.791974621451576155e-02
1.521586518574125080e-02
-3.912495920369218894e-02
6.020953414735963349e-04
-3.487432055682493370e-02
-1.734517628013954038e-02
2.556193470219714214e-02
-3.943037874009158728e-02
4.999752743868324245e-03
3.758291773867483698e-02
1.365925858085281774e-02
9.407255234782141429e-03
-4.554541841249060141e-02
3.592663453234168358e-02
2.926818804434061505e-02
-2.792702034879468442e-03
2.092040487857849129e-02
-2.662324152721362580e-02
3.222323826489903453e-02
5.445303286753011562e-02
-1.982827191929725785e-02
-1.384535459228963816e-02
7.958440899229479726e-03
5.330270562561123526e-02
4.786704885963644074e-02
-2.479201121981589040e-02
-6.672485371162828471e-03
3.491145869616607555e-02
2.527343765306344636e-02
3.030746536536277347e-02
6.708424477250174434e-02
3.535922908119726316e-02
8.903793405119486692e-04
8.569010689643663525e-02
7.070715020092221970e-02
1.002461197818549365e-02
1.616484533417206215e-02
3.164653436286979371e-02
-1.741504174204577815e-02
5.386867357036106974e-02
-2.902700969692406652e-02
-2.773316358685207206e-02
5.128537608199379427e-02
1.346741525304584464e-02
-3.211809391190079133e-02
1.090461150769628240e-02
2.653306781992359475e-02
-3.873181686870164064e-02
4.235571771800139551e-02
2.713067942274349775e-02
-4.394218935182880870e-02
1.080009859532027328e-02
2.477685309705601746e-02
-2.003698053599012319e-02
3.000356844651297372e-02
2.908859266645635877e-02
6.371721056565027297e-03
-3.161428716508263292e-03
1.543410266182498880e-02
4.670542786445275318e-02
-2.282575743856463113e-02
3.254922802058302089e-02
-2.214026219184095368e-02
-5.044758022454409740e-05
-7.059499062843044292e-02
7.354402397557979754e-02
2.269255243377088505e-02
4.368479323073870546e-02
-2.913866678312881930e-02
3.647950344412587143e-02
2.174911358121223159e-02
-4.698997227010170974e-03
-7.054949616987826744e-03
-9.168657263075807862e-03
-1.188805133738579656e-02
3.226305501163828637e-02
1.845373756291790457e-02
3.820687241603781814e-03
-3.878566948320383290e-02
3.537948121980605265e-02
-1.834492119195285653e-03
3.423326867753395675e-02
5.220314498980682671e-02
-1.077456755826178281e-02
-1.517736989283147153e-02
6.653040260875098255e-03
7.339719216002738023e-02
6.420906929382574901e-02
-1.000692476093605343e-01
5.567060442251925423e-02
3.976095626911702041e-02
1.600219490541521239e-02
4.835793238485841528e-02
6.539595467958037034e-02
1.258607155184066073e-02
1.162391547073227116e-02
2.717734159371598679e-02
5.437576945676347862e-02
3.600594790546685076e-02
2.278805088996582739e-02
7.809454288095363239e-02
9.935966080080005369e-02
7.283479036450790645e-02
3.408777039064947445e-02
-9.822480752280871030e-03
1.257895579722521084e-01
-1.850350042191362121e-03
2.058631076262962267e-02
1.930600832287576729e-02
4.739136196798510170e-02
1.487652984579246329e-02
4.685240232752696521e-02
-2.777348973716087244e-02
6.190760868638922609e-02
-2.034817629112195547e-02
9.423040772452040414e-02
5.779760373651310346e-02
-5.618246833606588275e-02
2.015775528055918642e-02
1.072472618897535312e-02
1.071343574306982127e-02
1.867469720315417803e-02
1.032803808596627348e-02
5.336955399583520609e-02
-2.171846515882824846e-02
2.584905340426701947e-02
3.916218377506130999e-02
1.802971041188183854e-02
-1.936402801687675534e-02
2.688387318852658581e-02
9.200691645963243737e-02
-4.079138928423420296e-02
-2.087041678466405870e-03
6.271708003850617885e-02
-6.886147835471478906e-02
3.169306007393490887e-02
5.240976251325690782e-03
1.525065372533607189e-03
-5.893789566064011609e-03
1.271045706817419685e-02
5.765731802534368455e-03
2.586051147734780287e-02
7.765624906848955789e-03
-4.866096871332104001e-04
-4.189701003252022105e-02
1.752817366015380074e-02
2.540308744872543656e-03
-3.447683286521030510e-02
6.564051385725377941e-02
-2.388590237609822253e-02
2.474742984615740937e-02
3.619262251043231515e-02
8.398025906763084691e-03
-4.434444042626939364e-02
-3.344510901087316412e-02
-9.726925475139314159e-03
3.959615689892093116e-02
-5.232622146977528033e-02
4.531884827522336678e-02
2.365022251795645403e-02
-3.875725362958748477e-02
7.817372905735808786e-02
7.062513870593845056e-02
4.076921829635793415e-02
-6.529020189279144404e-03
1.138266867310644415e-02
1.020465261182472716e-01
-1.979408983035391145e-02
-1.784638192796128564e-02
3.958266496668683132e-02
-4.476984096757341547e-04
5.340387457003537008e-02
2.139230149219972787e-02
1.528364391080261342e-02
-2.063298473891261864e-02
-2.820535671117507803e-03
-3.301107876625408721e-04
2.885563345951780434e-02
-1.534523014314492784e-02
-2.631177869139023073e-05
1.195200819658515101e-02
-5.396197591034113117e-02
3.136558219785001711e-02
2.942941225072503997e-02
-1.213105166466554863e-03
-4.857226891906929467e-03
7.589152889473815833e-03
5.400472687349111567e-03
1.688522443585682709e-02
-4.689619872265726741e-02
6.987580250139080462e-02
-7.684879225153373739e-03
4.407995674398534902e-03
1.398961834386680536e-02
-2.702883804301503545e-02
1.041250488552991627e-02
1.609244329515613359e-02
5.086697053412825298e-02
-3.685639396588102912e-02
1.876071935983336658e-02
9.790612544899879310e-03
7.294234570863089573e-03
4.812692413269870073e-02
2.766990373494193634e-02
1.373705127597535380e-02
3.097548599300115058e-03
2.978812297719946045e-02
2.446435674745917055e-02
1.539636037139313629e-02
3.571773987628734659e-02
2.019080308430876158e-02
4.139976533577449658e-03
3.603896324172106702e-02
2.073977086164768835e-02
3.107002645069911750e-03
2.931841962494186049e-02
3.555731700481334912e-02
-1.304528322311293564e-02
6.498797558196578450e-02
-1.295462581118567158e-03
4.065267477055600764e-02
2.051621877009068839e-02
2.183519155131019573e-02
1.215518914264945849e-02
3.571300395111265402e-02
-1.009495219303602198e-03
3.091624444920881842e-02
6.075122494345386315e-03
8.836938590972476248e-02
-3.929190186771513993e-03
2.739688584723909415e-02
3.597121499026623148e-02
4.886013632608321444e-02
8.822802324208378622e-02
1.641012480407266771e-02
7.652022177356343491e-02
3.328831232751294777e-03
4.345381637563994204e-02
-9.169417959692616193e-03
-3.423614748022441034e-03
1.453181634954621160e-01
-9.060641451688011827e-02
8.551267474541557334e-02
1.157697027572179849e-02
6.468979190058155027e-02
1.472460754848836650e-01
-7.701301561169193732e-02
4.895595952951103946e-02
8.034476681309277168e-02
-1.276907568509644264e-02
-4.901583232006401225e-02
-1.405849784081425469e-01
-5.929866503020519986e-04
3.934048302799286745e-02
1.910451303163629433e-02
4.288260448950786952e-02
7.794367285320902283e-03
-6.535276532778389047e-02
1.215057947629349933e-02
1.041980603203085387e-02
-2.950145472150267345e-02
3.767080351948259853e-02
-2.945608885188888415e-02
5.766691385764577404e-03
-2.143258570942219166e-02
-3.122068172111669426e-02
1.398784820930565331e-02
4.340844057569959169e-02
-5.807735797897972674e-02
-4.158795213762012111e-02
6.726864590493208951e-02
1.690641596211683861e-03
-3.733014114261923311e-02
2.782336092276560535e-02
1.352617451607862620e-02
6.068766910980460949e-03
-4.554370769022453302e-02
3.891698149643296745e-03
5.658285611549329630e-02
1.687128220139477719e-02
5.905609472578987607e-02
3.289666180259631645e-02
-9.949052635187083382e-03
1.641701345192814188e-03
-9.568602252663094276e-03
3.842542971022488985e-03
3.700628698654639948e-02
1.697119969956206731e-02
-1.712468658747745565e-02
2.602611571262647416e-02
-2.785499878346975322e-03
1.053861244807485775e-02
6.233240637859793765e-03
7.559034598768832325e-03
-1.461032666823003368e-02
2.129937141113380505e-02
2.974184112701161453e-02
5.537083491803418411e-02
-2.349147576051757724e-02
-1.343312468805146764e-02
5.293784314370908461e-02
1.129414477476942125e-03
2.222700254878962056e-02
-1.862121873949451611e-02
6.126427604562234563e-02
-1.380238765156693859e-03
2.968768364491047862e-02
1.576589678014306273e-02
9.953075595646954099e-03
-1.702314576631014376e-02
4.370862769413008664e-03
3.110113017553572945e-02
3.037464277340973240e-02
-3.210533065832965605e-03
6.633256027303469082e-02
3.966009021555505498e-02
-8.464088837303318513e-03
7.895212613713242789e-02
2.182278866496201175e-02
-2.024578928641940223e-02
8.492448711158750996e-02
-3.801794217195286762e-04
9.438103457237723148e-04
9.312464730136893465e-02
5.972562123457647587e-02
-2.500012624444369891e-02
4.024604600543879585e-02
5.495254489013889909e-02
3.672142486611118528e-02
5.200325577736375493e-02
-7.339273716081473609e-02
2.183680177164015745e-02
7.385902193861637599e-02
1.572284788686673096e-02
1.663216774973497181e-02
7.320294950202232975e-02
-1.764559605376936346e-02
9.697837632363492943e-02
9.349942368773955792e-03
-2.379548732209424422e-02
4.160542227012342664e-03
-4.797676273944073699e-02
-3.587232252917127440e-03
1.364340119478413271e-02
2.967335427175132878e-02
8.639635204591211703e-03
-1.310728841981467774e-02
2.825187069477030910e-02
-3.216537259129736981e-04
-1.428812201219087363e-02
7.020846230031940749e-02
-5.273350229865858552e-03
-1.708332487369212949e-02
-2.273292918198244195e-02
2.895414811382068798e-02
7.899624176788355712e-03
4.406786643054827479e-02
4.450019926692161398e-02
-3.169419619476565586e-02
2.900568848658746646e-02
-2.295067806485717732e-02
7.335538054085244397e-02
-2.357245051175982375e-02
1.954385439460093465e-02
2.936870483615683369e-03
-1.359572311569801073e-02
1.239415098616003519e-02
6.219038507483709566e-02
-3.563308916154328543e-02
4.625918093362701988e-02
2.106327073258640326e-03
3.113382206434356370e-02
5.592610088091887199e-02
4.873527796046217553e-02
-2.204607000398928207e-03
4.552477431135826258e-02
3.480970733150567931e-02
3.270818796794916494e-03
1.850375054445501100e-01
1.152163377429649138e-02
7.187253417420524926e-02
2.968717645505791758e-02
2.334705947759085909e-02
7.296974745235740301e-02
7.035114593918700976e-03
1.940494358868567470e-01
-3.598306148551921879e-02
2.700838943446193241e-03
1.172497675780936888e-02
5.686771686744807042e-02
-2.633325587056756234e-02
6.603656220457865267e-02
-5.412415492243916049e-03
4.195730446816980930e-02
-8.140957532943637887e-03
-1.793924218244535851e-02
2.798366715583755493e-02
-5.499858523443590386e-03
-2.728609702321138641e-03
2.750118072571527961e-03
3.061684077318105324e-02
-3.695154611543860490e-02
-2.610072490673376322e-02
1.160894029528636295e-01
6.352170867746886884e-02
-1.160460105502627570e-01
3.379652666369259428e-02
4.878083836246549509e-03
4.837372778311754828e-02
4.175240422593451406e-02
1.234903162419720424e-02
3.741633595436311133e-02
4.721279206424822128e-02
3.342768895328163126e-02
-8.053090854762023909e-03
1.211446345148625703e-02
2.347803979167473187e-02
-7.546387337437510112e-03
1.568273287537058636e-03
1.374586152664725169e-02
-5.087707400265761848e-02
1.284839520556957382e-01
-6.265144006883405225e-02
-6.238232043155633733e-02
4.968774807483611333e-02
2.023090641088964858e-03
-1.628522456624703629e-02
4.962063447606102073e-02
-8.132015936434866532e-03
1.025132405605844177e-02
-2.404897223865765099e-02
1.005220104323245600e-02
-2.658158593989035090e-02
7.378346046252914903e-02
-5.165423803230373423e-02
2.852233828528438764e-02
-4.451097323386132842e-02
2.696386986190368873e-02
1.560522817657306049e-02
2.099964431408807286e-02
5.424233419469493001e-02
-2.065177363441161873e-02
4.258441986181171757e-02
-2.344939800894652038e-02
-3.018021392872682895e-02
6.370284696015637849e-04
1.260266358036954415e-02
3.301325486217976390e-02
-7.724929458330365151e-03
5.587546411201582686e-02
-1.721784717513452634e-02
3.653536930477718769e-02
-9.424143629900072483e-03
1.847908874872050689e-02
1.887222882477290753e-02
2.253219517662508053e-02
-2.367612890364645395e-02
2.550473106735395845e-03
-3.735998746950563998e-02
8.016995805090099125e-02
4.283365652834447701e-02
3.818653781430603189e-02
7.490983505965553846e-02
-7.131243241001739008e-02
1.131111095688464019e-02
8.640754690835406038e-02
-3.723574251011640968e-02
6.770956002825156972e-02
-1.644865505735948474e-02
5.299574914316984575e-04
6.951618398995451642e-02
5.154286660878870663e-02
-5.990193610293781390e-02
1.639881609375448690e-02
1.850906716304256960e-02
-1.041319695363851494e-02
1.591767554726564171e-02
3.591836364286082883e-02
9.932411557228792987e-03
5.026882335366256171e-02
2.274360735454727944e-05
1.550797895520616976e-02
5.052814913062220192e-02
8.109340415569654681e-03
2.994847751077100995e-02
1.345063660394774097e-02
8.318545957529099866e-02
-3.548011044259768987e-02
-3.027281805755221988e-02
3.105702784188446586e-02
5.283596377832067148e-02
-3.779296000852228055e-02
4.610838054126764618e-03
-1.199228364820847936e-02
8.035339913057604200e-02
-6.978961871527489258e-02
6.073742517052793666e-02
-1.697437953957292578e-02
2.659254351218565127e-02
4.607479774352918334e-02
1.284514846616913175e-02
4.795578500781405573e-02
5.514430435902695216e-02
5.691049386710345104e-02
7.706567299690503248e-02
9.022094921085432873e-02
2.096113100253571560e-02
-6.473339689199475444e-02
1.565186031651120135e-01
8.784416949370665861e-02
-1.363231187609448281e-01
1.922375024723805836e-01
5.311952819769372169e-03
-1.341393761040470256e-01
-7.980869455097572285e-03
6.673797399746606018e-02
4.928058394121537233e-02
3.657377977640186018e-02
5.034247111204515068e-02
3.806332232660492032e-02
-1.027138777743408227e-03
4.814169948448276948e-02
-8.888905291838389289e-02
2.464251040558718131e-02
-2.990672433867036517e-02
5.058831884388315103e-02
-6.803754604976841591e-02
6.579907350549474288e-02
-5.898316813728143870e-02
2.415873196501983067e-02
-2.194713553612426260e-02
5.280981746414115108e-03
-2.498537057115801652e-02
-8.432297073643901797e-04
3.020524495379817154e-03
-1.451136410108899710e-02
2.503539450779079800e-02
3.019013794415603691e-02
-5.123019326867739309e-02
3.544493738231691005e-02
-9.328116702765898438e-03
4.755950533036501504e-02
-4.628225259736851172e-02
4.982260543376892947e-02
-5.904692554212975786e-02
5.677790024605355867e-02
-1.268056300676678738e-02
-2.019029041738029662e-02
-3.219797225080323066e-02
-1.290985272322631161e-03
3.793291805566334496e-02
-1.306246243039588251e-02
-2.099274930511763060e-02
-5.809812928791124875e-03
1.728599847026890401e-03
1.764456259227165091e-02
4.610609964367906599e-03
4.061416389313654562e-02
-1.702282763053997172e-02
-3.098909637569313702e-03
1.091467526330980320e-02
1.686891811659085860e-02
5.730607929838260617e-03
-1.498717956801787210e-03
-1.348252111616021764e-02
-1.261882182443585521e-02
4.085280413023362200e-03
1.036283685419014944e-02
9.022116824312309546e-03
-5.258744377612289966e-02
6.357345586131124549e-02
4.620207548290045096e-02
-5.610485329556924583e-02
3.100719305001042869e-02
6.426970041446988802e-03
8.440851914270464107e-03
5.090046264834224843e-03
8.327308667124277974e-04
1.544194342142279908e-02
-3.224812440083990595e-03
7.331657056503493308e-02
1.321522527033058836e-02
1.414592551319326930e-02
1.870297085229388756e-02
2.979858337259555512e-02
-1.801086088423664577e-03
1.484409713899736971e-03
1.411354194583069877e-02
1.153417122694944119e-02
1.060502479495251116e-02
2.820339234402458040e-02
9.463594621925697226e-04
5.445593861296060822e-03
5.961692225011194779e-03
8.616106200219619815e-02
8.416034172110897771e-03
1.798602932029336188e-02
2.917638029378455400e-02
-4.670173936573895901e-02
2.284304308748175139e-01
-1.715924185644897015e-01
9.978301886044338431e-02
-1.802905888038663917e-02
4.426760176690436310e-02
3.767897344313508867e-02
-3.009185483170284670e-02
-5.750025074854359097e-02
-5.432179527609548586e-03
2.398899298969148219e-02
-1.188793111972685779e-02
-2.593550119265941589e-02
-2.780350719295832107e-03
5.891511261971338342e-02
-3.922501138929890274e-02
1.791104589617953380e-02
-6.287735053690912679e-02
1.862868466319467231e-02
6.102510232411795243e-02
2.937522755698918075e-02
-1.490045342918344673e-02
4.530955554115534412e-02
-7.543067654702362290e-03
7.899482479718500372e-03
1.782726323265348967e-02
-1.616456353674444735e-02
8.348008434170495207e-03
2.600254326354312084e-02
6.169810448755974619e-03
1.207425718973027529e-01
3.772817359999081077e-02
-2.200192372861131673e-02
-2.752776509388432657e-03
7.717185316711638876e-02
2.114754215312153462e-03
-1.577947498376008895e-02
-6.943139514379148558e-02
1.861557027099722816e-01
-9.009894175909183289e-02
-4.029124595777222595e-02
1.536846985707773783e-02
-3.930317215708845069e-02
3.795163702885240298e-03
3.252315509469827504e-02
4.839876004661070041e-02
-1.382188330906952700e-02
3.585818847210164861e-02
-1.822301727682784644e-02
-2.576663230381681657e-02
5.332846872190621923e-02
-4.579518866345777539e-02
-3.139129587162781121e-03
-1.418458725015359079e-02
2.713944720360572660e-04
-1.702086140296543704e-03
8.405197148679377506e-03
-4.811617575278592795e-03
4.025993978236641624e-02
-2.503370508343971679e-02
3.625324556327358394e-02
-1.184545820922133785e-02
1.393400387806886798e-02
5.717100102029526454e-04
1.575267493225096516e-02
4.383158045137225400e-03
1.546299267042305914e-02
6.915533013213970293e-02
-3.795376346395329392e-02
8.764927533305266749e-02
9.884724058370730759e-02
-2.406250555734423813e-02
4.984245005292597952e-02
1.700192864930727410e-04
2.487959554512308991e-02
6.299386286085262299e-02
-2.077827081649408214e-02
4.579903699753828938e-02
-3.528804745386437958e-02
3.365330626674323256e-02
8.777007060728214682e-02
3.055247455146448132e-02
-5.602486522252569934e-02
-1.679777125017833939e-02
-6.808324517647990071e-02
-8.177145360703019783e-02
-1.473170042979776717e-02
3.470127568350744873e-02
2.712395355603391955e-02
-2.280632099572588167e-02
5.551723571428679449e-02
-2.988620964543553526e-03
3.674418569676674018e-02
5.018618447951039840e-03
4.798405750791800983e-02
2.794643262087870283e-02
5.624149183973115029e-02
2.116555931710895067e-03
-8.359243247623648898e-02
1.659447167718641758e-02
1.887575629258897436e-02
9.602690290814175356e-03
2.489287958292973890e-02
-7.847467301415944618e-03
4.329571941017906767e-03
-4.281151850503928102e-03
4.424325468641798764e-03
5.288245019302895145e-02
-5.829647751093069985e-03
-3.409593033263602635e-02
-1.905049734079256041e-02
1.658953576441397626e-01
8.238265422708801466e-02
-1.911631186712243746e-01
1.315415491055338393e-02
5.421210774557483347e-03
-3.173925212335104717e-02
1.309616868895280284e-02
8.559706449761339542e-03
-4.826688865620321067e-03
1.349371561996748348e-02
9.745993758913940042e-05
-5.703158686015452616e-03
3.039062918021961934e-02
-6.136594394393268814e-02
6.711457733289671879e-02
1.863083935772413824e-02
-2.481659437260352874e-02
-4.735322022945309683e-02
4.603774141362482197e-03
3.429581924512925539e-02
-1.679245135547358103e-02
2.764581461778758964e-02
6.622308353629069444e-02
-3.145581561292409845e-03
-1.660839026365712456e-02
2.698662535548645991e-02
-1.205892962172283589e-02
1.856289219049278572e-02
-1.823665445036648514e-02
2.987955052651036780e-03
3.096143483404367736e-02
3.376419579973410912e-02
-4.207076806436349514e-02
8.061547547500991229e-03
9.842393669583282545e-03
4.731043569571724561e-02
2.864748470764189037e-02
4.350887658071966868e-02
3.047868862114744282e-02
1.366659645171108828e-02
-1.055197169397814605e-02
5.530575098692747105e-02
1.990769316294604963e-02
4.161354956721652343e-03
1.259979455045456831e-02
-3.882537147548603684e-02
7.545023200273970332e-02
2.491358550774114278e-02
1.413346954535077415e-02
-6.532112196653239167e-02
-1.453154915775112244e-02
4.812820408192797217e-02
-6.571017071150375699e-02
-1.751304602327130588e-02
-1.238217096458082978e-02
-5.129246753952099169e-04
5.333911902541488281e-02
-9.334964181221927504e-03
-1.649134550956854461e-02
1.695204508712166991e-02
-1.177794535711651491e-02
-1.603824683406118723e-02
1.243869037321809756e-02
3.045659577363002413e-02
-5.350844721528424941e-02
-1.742337829194395837e-02
1.043136553599874894e-01
-9.117304214826926767e-02
-1.446282222595041134e-02
2.661699956463392525e-02
-3.948365125828612321e-02
5.369435943120359767e-02
-3.857889367716627049e-02
3.778479306343518473e-02
4.607354850443323713e-02
-1.404910782733947983e-02
-7.454472453098492934e-03
2.038505378908839205e-02
4.979171893340783583e-02
-1.568141826795832472e-02
-6.803072680933608396e-02
3.834363579192867633e-03
1.466330016335555264e-01
-4.848082039422330070e-03
-5.579487188329235181e-02
6.051225177110097775e-02
-3.864289540263587952e-02
8.124845710666939169e-02
5.774711284116662569e-03
6.405731166760642026e-02
3.235577296704672534e-02
-3.008273912167691577e-02
3.257108215930060169e-02
3.947167593503664307e-02
2.905399504540673306e-02
-2.729997552782315040e-02
5.516776268506218273e-02
1.155207918329370642e-02
3.039884843817119986e-02
1.073870525862563596e-02
-4.734829176204158330e-03
7.448866519314201184e-03
1.244655177811004876e-02
5.478534853518901571e-02
8.313274554497196434e-02
-1.577367294955278609e-02
-1.533857890765055743e-02
-9.385361679055570505e-03
1.999768776964039318e-02
-1.324968330973375075e-02
3.503543994629421121e-02
4.121110112003112391e-03
2.403773046092361199e-02
2.977688098164232855e-02
5.456850918947431239e-03
5.291962899256885677e-02
9.232150209430134424e-03
-1.087135779302261795e-02
2.875830248535793388e-02
5.629700723597741430e-02
-3.174399588228737912e-02
1.913633681052795410e-02
-3.213211428777951184e-02
1.858709304232215587e-01
-1.889083325198326335e-02
-7.724831005734245082e-02
1.259303066290207163e-01
-1.780706497192108273e-02
2.419449517208827061e-02
4.764608066220699101e-02
-3.789058573114179040e-02
1.843973702984591512e-02
5.064464104116028764e-02
-3.827302986484371061e-02
-2.290218634763752092e-02
3.183860428657458996e-02
-1.534567953837973064e-02
1.867747025535315686e-02
2.145772780456223217e-02
-3.618956478885992922e-02
3.909369849278387932e-02
7.674915249937797057e-02
-6.230796868583743375e-02
1.609121659983570041e-02
-3.661215799811934346e-03
-1.280577428316798105e-02
5.045002717346314114e-03
-7.569805117891625912e-03
-2.596304327712939397e-02
3.323118954625048360e-02
1.666440105597422061e-02
4.506845112179735935e-02
8.236739528690417700e-02
-4.300018158170226812e-02
3.532707778064647641e-02
-4.102011663665550145e-02
-7.977995679099514348e-03
5.673051193553302340e-02
6.048724789382786682e-02
8.717427027090440816e-03
1.463464428193272937e-02
3.327066297580616450e-02
1.372538457993721650e-02
2.979223139630082784e-02
-1.234655936677020449e-02
-4.368140754204219434e-03
3.813885731477872909e-02
-2.492324106029197850e-02
1.171106314565939499e-02
-3.931890337001142655e-04
2.542807190193352440e-02
-4.441899537115379104e-02
1.455453011555496445e-02
-1.132612621534967445e-03
2.430091912475518257e-02
-1.162965331128340551e-02
-9.586765705544397775e-03
1.853742639734257125e-03
2.446430334037907883e-02
5.887395268890038835e-03
1.934880063683230844e-02
2.602274621758615680e-02
3.063708258395081430e-03
5.345344276757746371e-02
-1.871491521631796218e-02
2.084778599908432284e-02
3.242538700212538316e-02
-1.717235024797858500e-02
3.004411605981482936e-02
3.955148034081723551e-02
4.363371370222868251e-02
-9.801407852316756930e-04
-8.220022715784036649e-03
3.010420844197447821e-03
3.315789407963753987e-02
-1.812947462216363270e-02
-1.090433094312448503e-03
4.875689387065484937e-02
-3.895878751823134145e-02
6.593250601760081153e-03
4.935539366185492938e-02
2.458168781088065913e-03
-4.958336683556363589e-02
-3.841321824791243955e-03
9.884992862239094791e-04
3.155388277720128087e-02
-4.701148479103967048e-03
-1.683953696578477377e-03
3.846334013913343952e-02
3.668364963160453129e-02
-1.866213357966328701e-02
-1.054731829014299294e-02
2.123412456070328247e-02
3.339045749757740822e-03
-6.571956950835122768e-03
1.808173405567581327e-02
1.553583874966513179e-03
-2.593884167109328232e-02
3.929518107642060443e-02
6.349817591796202976e-03
8.252201943383496996e-03
3.053197609243785138e-02
-1.499285230080182885e-02
2.210724730771884694e-02
-1.901085226283649732e-02
4.219521238427947907e-03
6.882848759746984513e-03
-1.334582614829304958e-02
2.922364786357745103e-02
-5.267452059771748907e-03
1.761390172015131483e-02
-1.208962329716189998e-02
1.997449270886564321e-02
-8.455578631367810516e-03
3.596432551194350680e-02
1.656147294314802565e-02
4.609837223743928902e-02
-1.821977834001708985e-02
2.076890536074715854e-02
-2.490996290415981029e-02
6.768593140051271106e-02
5.738379917434510702e-02
-4.421469808171996085e-02
-4.541768260557965675e-02
-1.239646921628478893e-03
5.408570306699944652e-03
3.684207646956205728e-02
4.266229990002279315e-02
4.461162854510192233e-02
5.716591291170525224e-02
6.594130985342072648e-02
-9.837692955918519999e-04
-2.149433160197962156e-01
1.578751668104934058e-01
5.409261618391858484e-02
7.503439628553976171e-02
-2.660652195987245339e-02
1.497983884925091491e-01
1.266168957800285488e-01
1.195053903727381073e-01
1.993346174694721196e-02
7.083271721727968373e-02
8.738543724897573917e-03
3.452267418273491373e-02
8.806180851373579532e-02
1.108684693417384404e-01
6.985698180301447291e-02
6.369674184305751385e-02
1.560477727848941232e-02
1.557737131312805223e-01
-1.676631559447749886e-02
6.494812121874549149e-02
-5.672930999989933554e-02
2.488635645106085370e-02
-4.043754246438346911e-02
-8.114777463369771127e-02
-7.711324484316062211e-02
3.510855196443340986e-03
-2.420449167265026347e-02
-2.344440267908809439e-02
-1.694001039964576627e-02
2.629576273130229680e-02
-7.901939153758918977e-03
-1.488366020352649421e-02
1.092201371210532734e-02
-1.105142926958913030e-02
8.343249667866592389e-03
-9.610209863762930738e-03
5.165220798243996825e-03
-2.019976082535190898e-02
4.603128542493939435e-02
-2.984847242875576789e-02
2.253255251487629174e-02
1.417474391363549024e-02
-3.569124332384809861e-02
2.602417935058554121e-03
7.358202762921539630e-04
-5.319246409918321206e-03
1.611582801205235782e-02
-1.728962284841961683e-02
2.183749030414339209e-02
9.921204981548692459e-03
-1.771898362785218062e-02
4.199180754334941312e-02
-2.754283095456333541e-04
-1.662210281043963178e-03
6.204804912661288085e-03
1.329265531169832038e-02
7.317795284658101806e-02
-4.432649280893596888e-02
2.554679485610633627e-02
-2.552056731789420496e-02
2.467706544982584127e-02
3.499179048736422715e-03
3.318388114534598365e-02
3.313118985671881234e-03
-2.278141752850859625e-02
-3.544572185451011492e-03
7.926174925029005891e-03
6.088180484920213686e-03
5.671298815105063618e-02
2.129883396863263556e-02
1.608573347548358790e-02
1.778007309031859329e-02
-3.269768464248623552e-02
1.319346956043276897e-02
2.886382165322043392e-02
-6.121301956815883294e-02
4.370296829343023326e-02
5.864924512064573214e-02
-1.058133404741901096e-02
-6.146392499037922619e-02
6.783911497334038643e-02
-4.560052330530339759e-02
5.484712842201333594e-02
-1.650230329709279076e-02
-9.934871573085812813e-03
2.331753421507931634e-03
-4.888048707666570181e-03
5.241482073160108612e-02
-2.317949608721114885e-03
-4.181727489571240852e-03
3.233444299089516250e-02
-1.214446668522217720e-03
-2.331973488194050148e-02
1.995010371385808057e-02
5.019087180643033719e-03
1.772215763830553570e-02
2.729102376497438698e-02
-4.978273767603580424e-02
-4.287434970206671636e-03
6.233870971410437889e-02
6.252739676558594084e-03
2.571648226022293926e-03
-1.346798052824427216e-02
-2.705381100186032839e-02
7.464173755280656408e-02
-4.961852650136400200e-02
3.624960379290076418e-02
-9.623424861517015927e-03
9.295124210321414893e-03
4.807333335591845724e-02
-2.073488481462648636e-02
-6.421878313749296296e-04
1.617901828274392884e-02
4.432522416433837265e-02
-7.260767839765014386e-02
2.014977518745109109e-02
1.253530542526792857e-02
2.049687524733334598e-02
9.652380714966213304e-04
3.814724202882802118e-02
-7.943643429507041276e-03
-6.516764312723255514e-02
-1.791082536024735106e-02
1.788019635195254864e-01
-5.368222850361314968e-02
-1.374706337283506663e-01
9.130002992033370290e-02
-2.680824256705349740e-02
-3.491931027969208401e-02
-1.751279142596207095e-02
-4.397266495671425801e-02
3.731363283302080447e-02
-1.488976755973192567e-02
-5.049440705919838734e-03
8.074065030513999375e-03
2.162526855893931454e-02
-1.214403118731777198e-03
-2.540221426145938821e-02
5.462681003376035349e-02
-4.368726464272620902e-02
2.373889428134789981e-02
1.252675242905221253e-02
2.484786388151816183e-02
-3.914578027403781135e-02
6.475942517723254355e-02
-4.054894148117060837e-02
1.642523059893097326e-02
4.381773494342056097e-02
-1.660219955510910950e-03
5.919941090683611407e-03
2.768540269379959895e-02
-3.288946735764497475e-02
1.570780006709204812e-02
-4.052886416054946039e-04
3.982425988417581664e-02
-2.886302764498083206e-03
2.617555765733348139e-02
3.990176318504334851e-02
5.990765116822505121e-03
8.791442245635661124e-03
-7.525915791607817873e-02
5.339171097319406201e-02
1.028973834315318747e-01
-4.519133916049433708e-02
-6.059371913432975987e-02
2.520453503588360178e-02
3.191788461982580927e-02
1.154671020908271117e-03
-1.188690925733748571e-02
1.034211658789585542e-03
-9.767177287867578883e-03
4.956088571466188419e-02
9.643298727091353939e-03
-4.869358431225379036e-05
-1.294975280369015103e-02
-5.150962211344367603e-04
4.501438941809587924e-02
4.331774296388890555e-02
-5.760025478070551763e-02
2.251125645425244848e-02
4.450978575972763807e-02
-3.580807913085082284e-02
2.328917577079736567e-02
5.174688886545375510e-03
-3.957950581195746054e-03
-3.531638170591744341e-02
1.654881689398579603e-02
-7.879707795491519562e-02
1.027733427920289877e-01
7.728426680560884776e-02
-1.167059138279813446e-01
-1.331982336441894788e-02
-1.852035230211757089e-02
6.322099971654493444e-02
-3.629102454418386969e-02
1.406839853057939571e-02
4.027209657386499053e-02
-1.464778566966074003e-02
1.926720024687922361e-02
-2.249065272700212503e-02
-6.206031173698223213e-03
-1.413412627916965647e-02
3.913468007478826394e-02
-7.321670062832019710e-03
1.647121228559056405e-02
1.832678064033022025e-02
2.304498749325878393e-02
-7.557078576054809815e-03
3.373224918865158628e-03
7.059318610639575553e-03
1.979988917716379859e-02
-2.972471753692884633e-02
7.379561372560683452e-03
8.162119561781766564e-02
-2.686766673544838113e-02
-1.881351981911394411e-02
-5.140176467374635294e-03
1.037736556203294747e-02
1.820786771230464840e-01
2.802000650416625049e-02
-1.588303407369278109e-01
1.039047717176699859e-01
-2.092072687689316979e-02
-1.282650027249099267e-02
2.980556160011382794e-02
4.676689410977408201e-02
-1.549195187469742940e-02
1.272791203188528009e-02
3.408113712806093432e-02
-1.311138499283637238e-02
2.249842920399025559e-02
-6.056522305812439555e-03
3.995820892353463272e-02
-3.582275588715888581e-02
4.629277065897552390e-02
-1.097053294337357876e-02
-7.057147883762215912e-03
-9.531396551150317364e-03
4.434523857218097831e-02
4.493157788755408610e-02
-6.034643133580952501e-02
1.120518277439064292e-02
4.220094453539502410e-02
-6.073689438080398517e-03
1.657721201428574709e-02
2.768481479024220704e-02
-1.941416850376853631e-03
-8.797824311951973897e-03
1.736153010108831829e-02
1.857714527174758601e-03
1.295966260974545925e-02
4.284492145323781642e-03
8.809881230346761072e-03
2.419532470457586015e-02
-1.510041442504395093e-02
-4.768177854871447074e-02
6.324141939014404912e-02
5.314342098801616565e-02
1.577821730243234022e-02
-4.055205000438855123e-02
6.596343157894346554e-02
1.168159443624561256e-02
-4.797738003443630106e-04
5.311606307524785464e-02
2.219136763665696677e-02
1.520797605651247331e-02
3.409228776321993060e-02
-1.304942416926246906e-03
7.732731518064883680e-02
-2.944149211911839537e-02
4.910239961988183133e-02
-1.110296147164868685e-02
-1.598888354752103780e-02
3.852386774640237377e-02
1.592635864818725544e-02
1.162379068708425667e-01
-1.472055099868807559e-03
-4.164369104570297964e-03
2.811774187623461430e-02
1.405543595669467294e-04
2.030648885206876031e-03
5.137100176610065461e-03
4.459668446517461859e-03
5.221523167889907668e-02
-2.488862167002281467e-03
3.633505765045974556e-02
2.579850659358107201e-02
-6.895862766145510747e-03
3.754238463982439988e-02
4.563379746466900144e-02
1.802438276034501463e-02
2.006658218545842587e-02
-8.468295467987108083e-03
5.300342461660356719e-02
-7.707643767300043081e-03
7.565440388264832450e-02
1.031437152290672898e-01
2.483091725831290120e-01
-4.495483891325147141e-02
2.026998267997606185e-01
-7.605465719809578751e-02
-1.046757927460366666e-01
-4.301025697730509467e-02
-1.582615914085017117e-02
1.525798014708656947e-02
9.838276192500661210e-03
-7.573107500335241049e-03
-5.196856682546613371e-02
-8.939601468887947711e-02
-5.566264192933767507e-02
4.148255006259837785e-02
4.195546529666982494e-02
-7.252971228247862001e-03
-5.532632731333730902e-02
-1.492940827352828848e-02
5.972251034300191108e-02
2.067461781193546955e-03
-9.967662482122996437e-03
-6.924555661195430645e-02
9.447354488624370994e-02
2.461835290728653369e-02
9.538711122584420110e-03
6.945952972898794542e-04
2.664297276473970300e-02
-1.161555727096197366e-02
4.013342710036105210e-02
-3.293087198475319610e-03
2.673567009488908575e-02
3.740446952005882508e-02
1.691151142483571235e-02
2.288148590891703194e-02
6.534771659737259597e-03
5.956515441984944204e-02
2.321675751206830896e-02
7.282710594316332831e-02
-1.379409427313182945e-02
5.847139424957381593e-02
2.251731089392805529e-03
2.729598554475920480e-02
4.158252875848189589e-02
4.613141620375094121e-02
2.125826584352461524e-01
-8.502722710670251871e-02
4.133871270016631350e-02
-6.461279094332539330e-02
4.422033373591416350e-02
4.364471586160001415e-02
6.389602536546712397e-02
1.655409410766828238e-02
1.156550981972981340e-03
5.218138522177429017e-02
3.360820385990903603e-02
6.392322258713889482e-02
1.025028059568211525e-02
2.372880141273692178e-02
5.724059566083983253e-02
1.363854167247058324e-01
-5.772505048056153498e-02
2.170598473977736198e-02
