7.978358998886924347e+00
8.760870479126857902e+00
9.532191645343656816e+00
1.032956746192877162e+01
1.102711316309195233e+01
1.187754699119751045e+01
1.232211374139178162e+01
6.515262233444864215e+00
6.831637867808984410e+00
7.123553680607362715e+00
7.344798342281552372e+00
7.566308765539166536e+00
7.737650906655115790e+00
8.006306138237146541e+00
8.192813148588635741e+00
8.377438314837510447e+00
8.581954868656250568e+00
8.741925341193423904e+00
8.878631990745052605e+00
8.866894076243825751e+00
8.885967245301978679e+00
8.755628851830458359e+00
8.565679241227522667e+00
8.590992194661755121e+00
8.551183744134419840e+00
8.518040956349679504e+00
8.481955225580156466e+00
8.448688460995180449e+00
8.402444334763078615e+00
8.341724186894019510e+00
8.361850569108048248e+00
8.118922332060842351e+00
8.195035211823288535e+00
8.359346561121704156e+00
8.382311838208977406e+00
8.426684926968061262e+00
8.450850713397901615e+00
8.575510575117210266e+00
8.635708052157378134e+00
8.689653881534319169e+00
8.811985715708367195e+00
8.828101719273037773e+00
8.900383863855406474e+00
8.911244577671391554e+00
8.971173177901949458e+00
9.130372143465400825e+00
9.205454216931823197e+00
9.019153532167436538e+00
9.245343710339911425e+00
9.222995912949849995e+00
9.323776193343848107e+00
9.136490561032923452e+00
9.081038629617928848e+00
8.989172042697694209e+00
8.854413756850755490e+00
8.803656479279370117e+00
8.753743767775644002e+00
8.575683885059754985e+00
8.544674085093060256e+00
8.603606424033658939e+00
8.859039687341169866e+00
8.902644852299880895e+00
8.896841740576189039e+00
8.980355555377158794e+00
9.006386375035434710e+00
9.000918568214656190e+00
9.095266011480898527e+00
9.118985640146938465e+00
9.149561353805212960e+00
9.229050122673333689e+00
9.313546363900250924e+00
9.204560186016683687e+00
9.321467659222410163e+00
9.373827539799343356e+00
9.365373719218455406e+00
9.370074445679966502e+00
9.463471991338838762e+00
9.506981690990405909e+00
9.575356750954520990e+00
9.583247125927519150e+00
9.738408079116222638e+00
9.767601949988621968e+00
9.648233591283258193e+00
9.506062708358623325e+00
9.394473208200235348e+00
9.347039718178461243e+00
9.199495673465621692e+00
9.068073593885758399e+00
9.006905203874625343e+00
8.864631924658763040e+00
8.860866007612695938e+00
8.898380343706644879e+00
9.061930749849867794e+00
9.144006058315278906e+00
9.068204999610713912e+00
9.224850071653627026e+00
9.239122911056984577e+00
9.296585424049659707e+00
9.300983820094220533e+00
9.344812817006998173e+00
9.361511320077413600e+00
9.425077208758093406e+00
9.452668630866552846e+00
9.284322399321910169e+00
9.475961981221271202e+00
9.417546744597791175e+00
9.716370864860280676e+00
9.758687211688856777e+00
9.642215876404510055e+00
9.833329067778592503e+00
9.844183887270737898e+00
9.847453478943011262e+00
9.947542075466264677e+00
1.001037108113526308e+01
9.874329668830775120e+00
9.762622114557432340e+00
9.747448108750308648e+00
9.661911707628759061e+00
9.613775165980012360e+00
9.376920876343596944e+00
9.422082351689782698e+00
9.300324701708552411e+00
9.160285818433790084e+00
9.003394544869847138e+00
8.673034520634562483e+00
8.450346267131136457e+00
8.176753756660739114e+00
8.060659609026334493e+00
7.886825782773962956e+00
7.621786502664729568e+00
7.498328644846568025e+00
7.464380620269344568e+00
7.397039150769855631e+00
7.343878968033610732e+00
7.157556161672082418e+00
7.061217961214178551e+00
6.818469700477157502e+00
6.573210063182460594e+00
6.263607500608348921e+00
6.014628541475851797e+00
1.108502758646385011e+01
9.802390090039105885e+00
8.933367921517266552e+00
4.322740808808825719e+00
4.257317076824929103e+00
4.209715410411773107e+00
4.213612105602472901e+00
4.195167661617487553e+00
4.314591672132426226e+00
4.409235921875023223e+00
4.573337001091552168e+00
4.736779043149446977e+00
4.929311918697333539e+00
5.136683767064343265e+00
1.059550866562594429e+01
1.136319124897103983e+01
1.215378062756976796e+01
6.335960194800123624e+00
6.567314226717845926e+00
6.686186962503875009e+00
6.890370999602887458e+00
7.057759807393906293e+00
7.243175171482550745e+00
7.414994693955333283e+00
7.605279713264030406e+00
7.782336323483708185e+00
7.934869697279258283e+00
8.087899842699988184e+00
8.253860782462899337e+00
8.358670869469770892e+00
8.559688149650256150e+00
8.692502022355942159e+00
8.803245013787211803e+00
8.937185260188950764e+00
9.055143992557280086e+00
8.952865655903108788e+00
8.879160210731074088e+00
8.822890543897248250e+00
8.784306117655251711e+00
8.685046627497520433e+00
8.609207752222195253e+00
8.474260044639827072e+00
8.195646627711981935e+00
7.914285243055700469e+00
7.681592157030366685e+00
7.353116199543866749e+00
7.305313750258965122e+00
7.186388290033415061e+00
7.095339276817935747e+00
7.098772494974079805e+00
6.874909811903203050e+00
7.009041390079245204e+00
7.017423917973909298e+00
7.121794719657943418e+00
7.081295172580542641e+00
7.108095380959637666e+00
7.177224662468502991e+00
7.174508612982591238e+00
7.180351039888378750e+00
7.065639499262520218e+00
6.993785727737165558e+00
6.940475568316095689e+00
6.855845809434732985e+00
6.781987144936339362e+00
6.804034946263784356e+00
6.671839840416018852e+00
6.446613782158953754e+00
6.429138414199068841e+00
6.570473148324428081e+00
6.373896678667323457e+00
6.472342894948972081e+00
6.341603231717376943e+00
6.265550782709377486e+00
6.201521830624148635e+00
6.039608972084022476e+00
5.707348173632606603e+00
1.038844702605602954e+01
8.852339101090800355e+00
7.847185208444353854e+00
6.901617589008761655e+00
5.913533690713034474e+00
7.802788639213794397e+00
7.531303097966330462e+00
7.192908183995924354e+00
6.836571413479876291e+00
6.476350880076547689e+00
7.450939823960711195e+00
8.875775126885590893e+00
6.859708093814539609e+00
7.680749605217839893e+00
8.602241174611439334e+00
8.685452906183687816e+00
8.799150708147260858e+00
9.558721313480884163e+00
1.027549882562282058e+01
1.106920602722635572e+01
1.187858475587796292e+01
6.251951626586773614e+00
6.411439846909362750e+00
6.570876082040228994e+00
6.604116024198125601e+00
6.727243003966063561e+00
6.753925764752297667e+00
6.811472589183562576e+00
6.928391353006150055e+00
7.000747524504242314e+00
7.083176803430811574e+00
7.118532268819179443e+00
7.219001190955073533e+00
7.399687608717832710e+00
7.573096778400355333e+00
7.722059766173704709e+00
7.868466822027014196e+00
8.015832458805666860e+00
8.106673349271055429e+00
8.243492123810302274e+00
8.380179751759969875e+00
8.493979102778089540e+00
8.616295728381727415e+00
8.783235798435432784e+00
8.887748510142788660e+00
9.031375207342819067e+00
9.174205920401533376e+00
9.275094237753988224e+00
9.315574789204601913e+00
9.357820505384953691e+00
9.410553210613482378e+00
9.457162502247633995e+00
9.515490956164931902e+00
9.535731682096786344e+00
9.624620293663504356e+00
9.623087544315490405e+00
9.637433816686527877e+00
9.691281165950485388e+00
9.692629344372198474e+00
9.893988641364266812e+00
9.607732724462112017e+00
9.773323619936936879e+00
9.832378487252810828e+00
9.863642199424999646e+00
9.823974379995149775e+00
9.845041680311302557e+00
9.870994219529203306e+00
9.920849394622376138e+00
9.959943520615107460e+00
9.977647779745559831e+00
9.991747885103047011e+00
1.001647147018320361e+01
1.005715073655251857e+01
1.010746267830182887e+01
1.011404320737596763e+01
1.003214591093874830e+01
9.958315682484153442e+00
9.907642245851974394e+00
9.828443422136631469e+00
9.818864476718884404e+00
9.782071307187441889e+00
9.783115813147469808e+00
9.769426092842222076e+00
9.751953199745148737e+00
9.735609036821232465e+00
9.738443685157948337e+00
9.722222931345658736e+00
9.644547400665704373e+00
9.634612401051635189e+00
9.567569739164586196e+00
9.392106374434964877e+00
9.152092601628382340e+00
8.890321318194935429e+00
8.611974060448536861e+00
8.299560384416713177e+00
7.997078315023268047e+00
7.666246978775323129e+00
7.334679658892634180e+00
7.340192032960649371e+00
7.321933377994800374e+00
7.148363205670768217e+00
7.379544905265118082e+00
7.542405080302662768e+00
7.656989426631336748e+00
7.740544249832803203e+00
7.887053516543503839e+00
7.985230805494956563e+00
8.085334981725242898e+00
8.253833581834749467e+00
8.322969318573326447e+00
8.455717220904595877e+00
8.586345369158234320e+00
8.701973432746703097e+00
8.802591841929199745e+00
8.958203642005438283e+00
9.065501053594033465e+00
9.192593700884662766e+00
9.340247839763245352e+00
9.455963178973158634e+00
9.630223808293377985e+00
9.750185613916780625e+00
9.823550374716303324e+00
9.941679404321272173e+00
1.006623924898433131e+01
1.021312204441348115e+01
1.029232605752216578e+01
1.039284043807366231e+01
1.047224392682708149e+01
1.058472975917372416e+01
1.069931498388366720e+01
1.073296987769958299e+01
1.072847214826059314e+01
1.069291837846613014e+01
1.063285982119680639e+01
1.060499652560178774e+01
1.059461659169575931e+01
1.054612382254670955e+01
1.061761933609163933e+01
1.059522060108535157e+01
1.068688990756560919e+01
1.066644892736147199e+01
1.065988003546509333e+01
1.066655431892075434e+01
1.071418640288075608e+01
1.070224241370853591e+01
1.076823424361288062e+01
1.080758990172110856e+01
1.090659822413036295e+01
1.098891473927825579e+01
1.107017225754382750e+01
1.114588578812720598e+01
1.124924036814831041e+01
1.127847538984863185e+01
1.138607133373895941e+01
1.133169631223541884e+01
1.142965516058503006e+01
1.151295639615116961e+01
1.146584996425480441e+01
1.147942712761628492e+01
1.150519581450458340e+01
1.137777844591135867e+01
1.127152383862572194e+01
1.100034540930453275e+01
1.076970618447837147e+01
1.047744639331862437e+01
1.016395911533088992e+01
9.883602240353775770e+00
9.563791370718442764e+00
9.309867417820019142e+00
9.032260460854566020e+00
8.835512620745612722e+00
8.567731245889326885e+00
8.395601560745024727e+00
8.271627891415381129e+00
8.229034223182466690e+00
8.164502404541639891e+00
8.059681417451834307e+00
7.983802407346814789e+00
7.886707232486801722e+00
7.825646566797052728e+00
7.686480974839066782e+00
7.385658602064105516e+00
7.181409777269681882e+00
7.098456097418783806e+00
6.969089299197652743e+00
7.003672848709241450e+00
7.176135714788872022e+00
7.215724394437252442e+00
7.277317045199574785e+00
7.351445324755012223e+00
7.418706098506143043e+00
7.564420652031034642e+00
7.671702921484624405e+00
7.823066953765276388e+00
7.975728151109423791e+00
8.151710429231181720e+00
8.284467860026074604e+00
8.445522183156452201e+00
8.588063887852875666e+00
8.758104568902083997e+00
8.839340574593920863e+00
8.983350575168524088e+00
9.106105785836396294e+00
9.183269425373969952e+00
9.357970128749943939e+00
9.480472078132549996e+00
9.639560639396362873e+00
9.732879733141077239e+00
9.873190324581999633e+00
1.010037724853015462e+01
1.009735885917095288e+01
1.029670418045913394e+01
1.045227382103639435e+01
1.066637587261563880e+01
1.067560041576160224e+01
1.086980392160630338e+01
1.098027271730250121e+01
1.107625771430393513e+01
1.092062674800116717e+01
1.087005499113466556e+01
1.078774035235688267e+01
1.065260063419141545e+01
1.068490256137767958e+01
1.066113600998076549e+01
1.060885989758682513e+01
1.054176851488155719e+01
1.054807051730732148e+01
1.044664969103491359e+01
1.043955669904738137e+01
1.032207532477833567e+01
1.014324309853433448e+01
9.793235243110320454e+00
9.509497275304193309e+00
9.088570241223774104e+00
8.703903024076112160e+00
8.182298661050969812e+00
7.772590282057251443e+00
7.568195890639008994e+00
7.493961795881474153e+00
7.293046708902648945e+00
7.392755890578815325e+00
7.138397544724078614e+00
7.120908945047585981e+00
6.979357230913142196e+00
6.931914226075310381e+00
6.867988680033333182e+00
6.753511426926238848e+00
6.673278255845347395e+00
6.545687708242456715e+00
6.388478748514026861e+00
6.117670111787646192e+00
1.106496523188204506e+01
9.444502746762452716e+00
7.828091533360139742e+00
7.404381454150146702e+00
7.381708340042628436e+00
3.738910264272187867e+00
3.789770103501332699e+00
3.819488225543515636e+00
3.949240346528481105e+00
3.993600207314235373e+00
4.146733659836975505e+00
4.291034845469285486e+00
4.377447387484381558e+00
4.531401159253661604e+00
4.691499028335411658e+00
9.855324073001593632e+00
1.056732194594746765e+01
1.124932597664208345e+01
1.200301806743442867e+01
6.308935490887527031e+00
6.519245784676553690e+00
6.700581762238016381e+00
6.904656703441337307e+00
7.091587159760287307e+00
7.251409796565800647e+00
7.446278127445949302e+00
7.584908696503693371e+00
7.779400346097594010e+00
7.947121587474835991e+00
8.100619325371715362e+00
8.316447772672368899e+00
8.457115536851226523e+00
8.634312972363689553e+00
8.769952076651707173e+00
8.945856646420926594e+00
9.146616086531281553e+00
9.275807162495931735e+00
9.405244177488183865e+00
9.561269810301718408e+00
9.707956033140551000e+00
9.741744540740970848e+00
9.630694261233673004e+00
9.611477727531697823e+00
9.627010059702694633e+00
9.602462360006223108e+00
9.647918828843783601e+00
9.654841967414792947e+00
9.700924558041599255e+00
9.738816513126165475e+00
9.829997611644714084e+00
9.867127790611936788e+00
9.968414129711527849e+00
1.004299122286804469e+01
1.011162242695745839e+01
1.025515197368915032e+01
1.020168703814163536e+01
1.036428014319758439e+01
1.039439776296312878e+01
1.046579080062541678e+01
1.051410638188421132e+01
1.046894940440360244e+01
1.050666898156974760e+01
1.043698233380741947e+01
1.036440875929781136e+01
1.027212670457079646e+01
1.019903760072902088e+01
1.008478263156564303e+01
9.840482773422188245e+00
9.562027480019676062e+00
9.391726801457064511e+00
9.292143504965661549e+00
9.205775506481055359e+00
9.072333314797763393e+00
8.954273088002052461e+00
8.820239219412165710e+00
8.674247009072781012e+00
8.576592681716844524e+00
8.435661266059163665e+00
8.298784460554147202e+00
8.140103784759491035e+00
7.894662523532288922e+00
7.701532549727693855e+00
7.395718378995438158e+00
7.086679604834260182e+00
6.750547739301823391e+00
6.456247998594759174e+00
6.110729648162266159e+00
1.167619963858622789e+01
1.141065199311236711e+01
5.703680058942547149e+00
5.835386886382613270e+00
5.927137392146549999e+00
5.966004536581073658e+00
6.096428770929901653e+00
6.183127681812750964e+00
6.340447459547110753e+00
6.529403404733947092e+00
6.613814074659255304e+00
6.764679481909780634e+00
6.860413648549935850e+00
7.003378872509411934e+00
7.168401270450252660e+00
7.318254345730193400e+00
7.480835234273010670e+00
7.540068737144627775e+00
7.567341652505260363e+00
7.611734540368797930e+00
7.679897392713772142e+00
7.810114673519830575e+00
7.938884915599908609e+00
8.071297344705358867e+00
8.176966081643783468e+00
8.319900781739834272e+00
8.427628606061116301e+00
8.603858503607137109e+00
8.710156253683807748e+00
8.891057112069077562e+00
9.044336552418354103e+00
9.179713428006900600e+00
9.286154312832790581e+00
9.465388266439109799e+00
9.584154227847601959e+00
9.781353798997509230e+00
9.857182501448233936e+00
9.983203796247314799e+00
1.015221516332507257e+01
1.032468634774525285e+01
1.047360147604187119e+01
1.062721802524194992e+01
1.074309993548737019e+01
1.083962154182733606e+01
1.096607862798340705e+01
1.102191186909995047e+01
1.098713565865279840e+01
1.093401708026822661e+01
1.082913926962218198e+01
1.071524469289144577e+01
1.074941058292570339e+01
1.043708847146395335e+01
1.048021781059769530e+01
1.040235807029270276e+01
1.031381805676019958e+01
1.024974634817214003e+01
1.017529158701564285e+01
1.018579598082915716e+01
1.013236408863831706e+01
1.008358748761243362e+01
1.008441765804339063e+01
1.010078005416691127e+01
1.012262404762048895e+01
1.010498789318446633e+01
1.012968480191300991e+01
1.015866076719326294e+01
1.019030827457233279e+01
1.019785542652822663e+01
1.024231550374141797e+01
1.027309483408827973e+01
1.018824177538295039e+01
1.017658630066350334e+01
1.014908349679928357e+01
1.005444465428296041e+01
1.006942664996161341e+01
9.988948486477843502e+00
9.900456876634063264e+00
9.760420620057448815e+00
9.712039972478237360e+00
9.667342512092716333e+00
9.598008466375253178e+00
9.487940843739984587e+00
9.442265566614151950e+00
9.363950940334801132e+00
9.270274920368658300e+00
9.252217018520076053e+00
9.108398333702069749e+00
8.997284444601099551e+00
8.838445555165410639e+00
8.727125705779439357e+00
8.641225378234805632e+00
8.579056624615221338e+00
8.495677825487954138e+00
8.348761646401172243e+00
8.237772163934682368e+00
8.180034195465267999e+00
8.062312466672517886e+00
7.971187289630460526e+00
7.917227266167185640e+00
7.886781001680033931e+00
7.958488567755281906e+00
7.873459890194523858e+00
8.016372755446877107e+00
7.980688784735393781e+00
8.067804767751923123e+00
8.086732684077084343e+00
8.152143287398221361e+00
8.254475780814747310e+00
8.407661201606545731e+00
8.492486988499939216e+00
8.592245668425187333e+00
8.649184979465410095e+00
8.767703657189946043e+00
8.833171423003317813e+00
8.940545536250793290e+00
9.022671434665669565e+00
9.001805203973718861e+00
9.088863443573368173e+00
9.129035549176585107e+00
9.166295479398076651e+00
9.166817170243586332e+00
9.197145900189122258e+00
9.230428990760234598e+00
9.238636560827398370e+00
9.317261039679346268e+00
9.382598829556881626e+00
9.408843724181551238e+00
9.463852740467990188e+00
9.474765995465192603e+00
9.543615344885175489e+00
9.575958145400809585e+00
9.581870172973005140e+00
9.565915142276342209e+00
9.527705985965123858e+00
9.455391367058577856e+00
9.371301841243033337e+00
9.261091764530767989e+00
8.997780056564563367e+00
8.716820364032665580e+00
8.442169109214040290e+00
8.258435489351660053e+00
7.968275191476066333e+00
7.687780946958756800e+00
7.333309800218628993e+00
7.233973815272361385e+00
7.073517672695659897e+00
6.985625590149528996e+00
7.037059593964997362e+00
7.131253514168474084e+00
7.316765712874016891e+00
7.607453101790206951e+00
7.834555664917988160e+00
8.030802910754189838e+00
8.182141136081369837e+00
8.351344432364683712e+00
8.466985539177157349e+00
8.542203581247578725e+00
8.519171849262024310e+00
8.483825030520474542e+00
8.433946531726281393e+00
8.318540098748533396e+00
8.306369057299111347e+00
8.312491705667627073e+00
8.159451020119307785e+00
8.153881940534351003e+00
8.142695620373366694e+00
8.115806346405575411e+00
8.136139585262426976e+00
8.096357976622673647e+00
8.122074527043121606e+00
8.130971313327847838e+00
8.233953571057387677e+00
7.956711594347884109e+00
8.055862178430105658e+00
8.019160449145074310e+00
8.181736596299767683e+00
8.163235957241973040e+00
8.254040451149649016e+00
8.345636985431513111e+00
8.409516871423562634e+00
8.500581129488868015e+00
8.554940714940064694e+00
8.594434962150574009e+00
8.587312663922020306e+00
8.516226598414247562e+00
8.432033687342167738e+00
8.312510735827890684e+00
7.962239063304556552e+00
7.673075167999185986e+00
7.364377978338944253e+00
7.366530437283855370e+00
7.260882619911619429e+00
7.156994424442928882e+00
7.111315872617226752e+00
6.978277009158481370e+00
6.950869886927753427e+00
6.870641167489475620e+00
6.851333342534364768e+00
6.867439694211262768e+00
6.868195100912191542e+00
6.913314928496059331e+00
6.887555244126152054e+00
6.946925621528140304e+00
6.971495052718686303e+00
7.085680401412776774e+00
7.198935436129210608e+00
7.296782472987043633e+00
7.469360467070488951e+00
7.513931241057767885e+00
7.687748776846268228e+00
7.830193642630963069e+00
7.941559674680654268e+00
8.087339366466432367e+00
8.224774434674365864e+00
8.403534384819852932e+00
8.512245231577137972e+00
8.624692753057066952e+00
8.665043002323074006e+00
8.622072905349810412e+00
8.562977540463721837e+00
8.357718160945788455e+00
8.022936288598442545e+00
7.609715684572898375e+00
7.186111664497227380e+00
6.732770678720358504e+00
6.250579825923921362e+00
5.758568316042662616e+00
9.855461204194705616e+00
7.043556624207482741e+00
5.534141314508967291e+00
6.952894611510004985e+00
3.602910416088024537e+00
4.613382638344139863e+00
5.624745214442500085e+00
6.739114673558574076e+00
3.767712529249924280e+00
4.048563034932064930e+00
4.329746147894979913e+00
4.586668724761852722e+00
4.859674647420961335e+00
5.069611032540740858e+00
1.098350978826157487e+01
1.198303013864555489e+01
6.213817715802909980e+00
6.492859755846683179e+00
6.783775104564986336e+00
6.944610299290006061e+00
7.121261022761841808e+00
7.312607838337858546e+00
7.555197320516825243e+00
7.953453517993100519e+00
8.103478631483200800e+00
8.383500136551592874e+00
8.526942305538591782e+00
8.618656467429257617e+00
8.663696378483935590e+00
8.802486038112419919e+00
8.889921182885471396e+00
8.998972469630212245e+00
8.899288353152012832e+00
8.830097252174732958e+00
8.792724292540482267e+00
8.786701186233225158e+00
8.768942629132144617e+00
8.780208628885294075e+00
8.766049755545164857e+00
8.768689805898599587e+00
8.753526074820626945e+00
8.733931455093371099e+00
8.730559456615129221e+00
8.732877835949036438e+00
8.765673821232834229e+00
8.762133204617983395e+00
8.754283611819781541e+00
8.711383191827771100e+00
8.693471642740862038e+00
8.703527785903027336e+00
8.749970235388758510e+00
8.759748435879416206e+00
8.759345165814501399e+00
8.751527598744745617e+00
8.779915653357758032e+00
8.785075296735245232e+00
8.790128626138795198e+00
8.792329544968572108e+00
8.832345211734061508e+00
8.854900712414941921e+00
8.880390771225798119e+00
8.947096147492086260e+00
9.041806468863367030e+00
8.949168638424296773e+00
9.039945725739354287e+00
9.084535257430710331e+00
9.121384687993554508e+00
9.157026484692618595e+00
9.161142305246599449e+00
9.208476189331982198e+00
9.271932337397554846e+00
9.295971118940105526e+00
9.386080513169360984e+00
9.438402715610363813e+00
9.502338021609965324e+00
9.548593404889000880e+00
9.675957676410964936e+00
9.737632694957763846e+00
9.844615492275925916e+00
9.916304904624453798e+00
1.004835029505412436e+01
1.008690163455711009e+01
1.017386324487194038e+01
1.024803241896005979e+01
1.032472953950627215e+01
1.041112715468958783e+01
1.049641292325226161e+01
1.055126252694434363e+01
1.065807452355567086e+01
1.072811742831398618e+01
1.089809871703850241e+01
1.083748848331253534e+01
1.098898470131050686e+01
1.107424398902959162e+01
1.115710718401368418e+01
1.120305482794335639e+01
1.127532429732597130e+01
1.134459074885601737e+01
1.139998275659000804e+01
1.146083356563057087e+01
1.152295147984265000e+01
1.163067675735242190e+01
1.167688442409257732e+01
1.168302390065264262e+01
1.162241654690127213e+01
1.158944437060621269e+01
1.152142606072298214e+01
1.140804229537077319e+01
1.136807534517470408e+01
1.120132073770657399e+01
1.096805947592861941e+01
1.068910059894800568e+01
1.047475709126230647e+01
1.042613232243052579e+01
1.024195188650738153e+01
1.017660316777060991e+01
9.959558158689594265e+00
9.613065662233211128e+00
9.166508905950335517e+00
8.675780745676249239e+00
8.107393080683806375e+00
7.510703096374067300e+00
6.889469785259130674e+00
6.649481287402327467e+00
6.568897666022581738e+00
6.534441805820388360e+00
6.400327143893947301e+00
6.439856580998941205e+00
6.742035530273410515e+00
6.667309739344229769e+00
6.943589782670657407e+00
6.977876144320751983e+00
7.150261837604816151e+00
7.242353795012489215e+00
7.331153435738372970e+00
7.495835056724581058e+00
7.589198963122502306e+00
7.655188433901692235e+00
7.668008049830862483e+00
7.585314671237123996e+00
7.496158482159577474e+00
7.254212821546251355e+00
6.947727582139964220e+00
6.729578423274923615e+00
6.656187266371281552e+00
6.658117906348631543e+00
6.568848571892473842e+00
6.553462210928898024e+00
6.860775009708306449e+00
6.862514165555732681e+00
7.147433087861696066e+00
7.145357988332384558e+00
7.324852457513428838e+00
7.467354616185534866e+00
7.569481014605736746e+00
7.707022315673096813e+00
7.829345315235435976e+00
7.965696777682919283e+00
8.078059146055187156e+00
8.062128184142155263e+00
8.010076635267381562e+00
7.947282165982031188e+00
7.831024125779288525e+00
7.523956622597713029e+00
7.147470641426605376e+00
6.730125333842769564e+00
6.310076610104643713e+00
6.148987037142394918e+00
6.083446251050163234e+00
1.182028648119656822e+01
6.000712216046016678e+00
1.244260591522069248e+01
6.477275594172841267e+00
6.527640147212752098e+00
6.734390550315102253e+00
6.794437950911823343e+00
6.909685033285255074e+00
7.059498106888372426e+00
7.174573779039354449e+00
7.321537601573914422e+00
7.466852752078550814e+00
7.666498962802043238e+00
7.795438746648964745e+00
8.002999653676541314e+00
8.056832817542481706e+00
8.254341041345849561e+00
8.361891319549410895e+00
8.470297723014533986e+00
8.612027372419133187e+00
8.800098866544667331e+00
8.898930145306087169e+00
9.047469780114322901e+00
9.149468380540200840e+00
9.247732782774583882e+00
9.363268881531864096e+00
9.502422557066442010e+00
9.637656321591563824e+00
9.722826046126856525e+00
9.870814404020196164e+00
9.935204717305898825e+00
9.912199914005835666e+00
9.912633639035806965e+00
9.891809794265062905e+00
9.865869656935258192e+00
9.853434984562607468e+00
9.769703530570970074e+00
9.677319391187513276e+00
9.661373775393961694e+00
9.510549605579004862e+00
9.426028691338624199e+00
9.390944769411762039e+00
9.328011176320087472e+00
9.242125244523871075e+00
9.150778945275016341e+00
9.072607161745732895e+00
8.993472192675483257e+00
8.775113597443322533e+00
8.556592347914437013e+00
8.268812086852586063e+00
8.054299451272786570e+00
7.754887317930196033e+00
7.464291797846819065e+00
7.182353099368048888e+00
6.915459514915555772e+00
6.568950687680048084e+00
6.346604658442658753e+00
6.220426600583109256e+00
6.183234800393745623e+00
6.065124032145917887e+00
5.962983696365260045e+00
5.953377579006568610e+00
1.168110406354809960e+01
1.106236131943864009e+01
1.019040587755335991e+01
9.859074120461087887e+00
9.578140932578447675e+00
9.450781098207757580e+00
9.312031267143650481e+00
4.683617527184898321e+00
4.753722074913725670e+00
4.792905205318442441e+00
4.955190203269089544e+00
5.043053217031578939e+00
5.204757147196731992e+00
1.101661045857276200e+01
1.185104468055658522e+01
6.257665259331092855e+00
6.473437676714815403e+00
6.666727247071222884e+00
6.906814859867092871e+00
7.054790475991963739e+00
7.284241158491871815e+00
7.485870275405318353e+00
7.670033596329039582e+00
7.870246974984874022e+00
8.078864617215707256e+00
8.216001392741700826e+00
8.420268162579283455e+00
8.610894351224407828e+00
8.814259247764477223e+00
8.951358115177351138e+00
9.085306327619434796e+00
9.230902094440439853e+00
9.246314349160853041e+00
9.258429600043001528e+00
9.318134139807549232e+00
9.319791976624964391e+00
9.369916799462830070e+00
9.358522836450118731e+00
9.398246117388966425e+00
9.417788641612110823e+00
9.488992492129174394e+00
9.441119862040599386e+00
9.530006613072336208e+00
9.532454972202799581e+00
9.584632501772539115e+00
9.568039768485501639e+00
9.667467415405310405e+00
9.584018397861651550e+00
9.658041437509483629e+00
9.664092265223482414e+00
9.677806943310923060e+00
9.670973231792704183e+00
9.650527922718625362e+00
9.529626817633667812e+00
9.436969139060082057e+00
9.371839029834770685e+00
9.275360251436357117e+00
9.221839220377832547e+00
9.159150474040300693e+00
9.124776005169074722e+00
9.145105451797435947e+00
9.187032249488337854e+00
9.123454041104904988e+00
9.134553146574104332e+00
9.191201268324606488e+00
9.197279210097162760e+00
9.431438886755652007e+00
9.449216189403120580e+00
9.542852035661798737e+00
9.599387189558376221e+00
9.757080389870775861e+00
9.827286801838466701e+00
9.948412383286543204e+00
9.998492845188497569e+00
1.012446600083029580e+01
1.017388810452721337e+01
1.027904035645430803e+01
1.042521905590455944e+01
1.035725609686218185e+01
1.047408937721262134e+01
1.055700332888181592e+01
1.064485923441453785e+01
1.077004354837294819e+01
1.079374345566400706e+01
1.076920670301817395e+01
1.071811052115202223e+01
1.067250035129379704e+01
1.058542532703870620e+01
1.051857788638524127e+01
1.042989781775761138e+01
1.030035261716635731e+01
1.019018056585136023e+01
1.010041086355461459e+01
9.978754141244596809e+00
9.946474452273058375e+00
9.768537024262112567e+00
9.782032041768763619e+00
9.684451201556854016e+00
9.635687893244709201e+00
9.561054280486924739e+00
9.529100127994798441e+00
9.480497119441368525e+00
9.459875165580687195e+00
9.397389242836398537e+00
9.483617574456376431e+00
9.464138976034064399e+00
9.505668241042751987e+00
9.412072882200973822e+00
9.517455821471051181e+00
9.483735049179973231e+00
9.484095224334396335e+00
9.431653917924432307e+00
9.404518745859368423e+00
9.353799958953649352e+00
9.313239757458894985e+00
9.243914897823561461e+00
9.173253602847941224e+00
9.122651684854959697e+00
9.095116940471021039e+00
8.923903256139004370e+00
9.012183941777433205e+00
9.009305661330685666e+00
9.169734292254526409e+00
9.089997865390445853e+00
9.194619744657510196e+00
9.180371881121766720e+00
9.192678372399457842e+00
9.181457450983602442e+00
9.081427774192345481e+00
8.996226673601249502e+00
8.882543144437722304e+00
8.683423366988535008e+00
8.406609776880069163e+00
8.157475196255649763e+00
7.862296571859270777e+00
7.549628387320406198e+00
7.290291689123620245e+00
7.237016489537537289e+00
7.158336023012744853e+00
6.930770411382363605e+00
6.973515584992557415e+00
7.091871708369462013e+00
7.216563173755497829e+00
7.269137593559294785e+00
7.334853042533246104e+00
7.433914570505035790e+00
7.518535837660241583e+00
7.659178381606096764e+00
7.698545775138477154e+00
7.836305389258962251e+00
7.883002832351113653e+00
8.030238304327484755e+00
8.130081128143615388e+00
8.200433573590842684e+00
8.320099115104714116e+00
8.399952978659406710e+00
8.406202810495431166e+00
8.484873940095299716e+00
8.464063784026174986e+00
8.493088111034079901e+00
8.497638742471476547e+00
8.376772706787939171e+00
8.368162859178903901e+00
8.202663782256202296e+00
8.116371789479547516e+00
7.850473073567616922e+00
7.910788226583644445e+00
8.048027817517130700e+00
8.067407818742085013e+00
8.206468771773399951e+00
8.186856847222987454e+00
8.316045461436829100e+00
8.360254642849147544e+00
8.437905334276393887e+00
8.530605669313587214e+00
8.609879802514340597e+00
8.634719069234002120e+00
8.689064515236937680e+00
8.749996625491766267e+00
8.842556947714873772e+00
8.874017956507364246e+00
8.913896104843354706e+00
8.957982468849328583e+00
8.966463225097268008e+00
8.945690831910242835e+00
8.880121732711078408e+00
8.855222321782839856e+00
8.813484858546079437e+00
8.797059915400220476e+00
8.818627059857638173e+00
8.720968435565502830e+00
8.752064185343963132e+00
8.467852386711181012e+00
8.558962320509342803e+00
8.779853085538610102e+00
8.827419548119907589e+00
8.808870295378575577e+00
8.850515260721378397e+00
8.948553898753726088e+00
8.926176687466009341e+00
8.970980847473693842e+00
9.004357252811955092e+00
9.131116801971876029e+00
8.576714626887374848e+00
8.718492514344104549e+00
8.595836375811153118e+00
8.475114974615939545e+00
8.358623548256868929e+00
8.222302005544067427e+00
8.113001076338495210e+00
8.008017912637832580e+00
7.993565499894186743e+00
8.002609642743861329e+00
8.019392958269829563e+00
7.974380319770382641e+00
7.900089855777049586e+00
7.907893882877818470e+00
7.816431412573161985e+00
7.673678138232340018e+00
7.596331604634102952e+00
7.524886939731728397e+00
7.446454176197327968e+00
7.350954320780608953e+00
7.257795637322883131e+00
7.163048875830035911e+00
7.055262468498399997e+00
6.940025130849933888e+00
6.861864595211475404e+00
6.696852982167881940e+00
6.680281883439593393e+00
6.728004098475558692e+00
6.831447938310952317e+00
6.844365377915871740e+00
6.807692009652277498e+00
6.825876217923673828e+00
6.823556931565460282e+00
6.847518684208566242e+00
6.826126228768621296e+00
6.828748406642590751e+00
6.835363287669533605e+00
6.810507332059496655e+00
6.862124693076006920e+00
6.870764487544704480e+00
6.886079067684753419e+00
6.888699467237008989e+00
6.878933037350419610e+00
6.891329152823134407e+00
6.746199710315707421e+00
6.872017180946181192e+00
7.016316397298413499e+00
7.146830070667530066e+00
7.218247529814452612e+00
7.264723649961104535e+00
7.304315051817553694e+00
7.358150620798412866e+00
7.408612404953341724e+00
7.472663002652790709e+00
7.520781964237743367e+00
7.628600144364166447e+00
7.684142530332903398e+00
7.764836532564561189e+00
7.802750850592662601e+00
7.869290249186195574e+00
7.875302076373460025e+00
7.913849207944815056e+00
7.794432576049723949e+00
7.712908178724100061e+00
7.617953498726806494e+00
7.489770787771433014e+00
7.380318220278690333e+00
7.179990539389366155e+00
6.978086561703850776e+00
6.896970148378043675e+00
6.800396668308492210e+00
6.605466639574768095e+00
6.406795063165773740e+00
6.211210942285212866e+00
6.172188089688830814e+00
6.118651255806339506e+00
1.174783295972579822e+01
1.093992626926842426e+01
1.030221457866173296e+01
9.158940033349539434e+00
8.386255023806210573e+00
7.731528178762189896e+00
7.305512912833153294e+00
7.035842803943984869e+00
6.784483216853002929e+00
6.620850463217966997e+00
6.703191685606957329e+00
6.862346596595945591e+00
7.060422583704046851e+00
7.220468867531761425e+00
7.468923994395281873e+00
3.862689117269600736e+00
3.958767807157562046e+00
4.084998924486082039e+00
4.198557013545356931e+00
4.338925096413220217e+00
4.508890004544751307e+00
4.725931674585848619e+00
4.867960820445572878e+00
5.135801298762129541e+00
5.322353274671022483e+00
1.110414269359984729e+01
1.213395441154613330e+01
6.401418900519250776e+00
6.623260390892437677e+00
6.783630127305907642e+00
7.012175028369803442e+00
7.211603567162388373e+00
7.407489409473706488e+00
7.601290159841702199e+00
7.757296573319675481e+00
7.943783587881245722e+00
8.146587471914150669e+00
8.311966090983764488e+00
8.534194372119436878e+00
8.669374303472745069e+00
8.835724680499740913e+00
8.948111543154531944e+00
9.094852937215692990e+00
9.240627733328901527e+00
9.271224579006814182e+00
9.342144760512999468e+00
9.293266814614289828e+00
9.228040449206918794e+00
9.186879123194705343e+00
9.048873216127839569e+00
8.826689292343003146e+00
8.572623393464079200e+00
8.318785104403810138e+00
8.093294466978735002e+00
7.913396678642826032e+00
7.639005801895437209e+00
7.527410107109800741e+00
7.434796474953782486e+00
7.339381900254441149e+00
7.349757080375156626e+00
7.155737690981076149e+00
7.343498399401529930e+00
7.366204624268108958e+00
7.515904875338864422e+00
7.534987688632704739e+00
7.515846597491389502e+00
7.619645057261542398e+00
7.658404563107578333e+00
7.750725531457836937e+00
7.806655828881827297e+00
7.873504686671563668e+00
7.964517169629090176e+00
8.044954092028401504e+00
8.126599143222708932e+00
8.220633544630990386e+00
8.090028416043786308e+00
8.320446745527494414e+00
8.212468830056154800e+00
8.358498539595078825e+00
8.114369711936594953e+00
8.082919843289346318e+00
7.891448613855895466e+00
7.503065250665044594e+00
7.143474392695615016e+00
6.708242837234540623e+00
6.824615542048488415e+00
6.604306483616992907e+00
6.715362170821613574e+00
6.665221566140262510e+00
6.685860432437083389e+00
6.677288194094793461e+00
6.680672003332444042e+00
6.595914870769981064e+00
6.648555312946465179e+00
6.647382666155902342e+00
6.657070035962728838e+00
6.635500842302108460e+00
6.544096178643714623e+00
6.509299748262474594e+00
6.546546220394126259e+00
6.584199784582463799e+00
6.658523048537972500e+00
6.774232623426273747e+00
6.791152225284207589e+00
6.939277571450650939e+00
6.991526464096954108e+00
7.151035295912463674e+00
7.269712148435960586e+00
7.361571980898206746e+00
7.507265444537404520e+00
7.528224231596474247e+00
7.566584461577890330e+00
7.457153005145699787e+00
7.289791051695886814e+00
6.962042275733480778e+00
6.853173275146888344e+00
6.846016057067444649e+00
6.775699714266086637e+00
6.778490079636238619e+00
6.965405884662900782e+00
7.003302695920762488e+00
7.148042361487075169e+00
7.238842459752640401e+00
7.446140266111449968e+00
7.559583465854587736e+00
7.754266444897338850e+00
7.907468093034236034e+00
8.063389502345247095e+00
8.194344932473809351e+00
8.454054560668197382e+00
8.500137653892512191e+00
8.788813111272441247e+00
8.900526034374244944e+00
9.085172297059139979e+00
9.260529028756147696e+00
9.414404426761986855e+00
9.578502134490650022e+00
9.719615892573649774e+00
9.829942522019758044e+00
9.932818271283066380e+00
9.978858555634801064e+00
1.001551674804758463e+01
9.938641595713308519e+00
9.898806596594264207e+00
9.865670230103464888e+00
9.846845433248029522e+00
9.855723452499722370e+00
9.846870297458309551e+00
9.843467682432301302e+00
9.889871000612943774e+00
9.893701944015420580e+00
9.915447074547628858e+00
9.958806387838334828e+00
1.001798538241986769e+01
1.006708955996431420e+01
1.007373992730467371e+01
1.010763896095571113e+01
1.016619745339961334e+01
1.016875071019768129e+01
1.017205097130563907e+01
1.012726138317974645e+01
1.007571551540686805e+01
1.007512779660513758e+01
1.006023894112396100e+01
1.003313372309395746e+01
9.992395094041182091e+00
9.981361428704520478e+00
9.959554130986445486e+00
9.921960085835532794e+00
9.896727372062436245e+00
9.803030307185448322e+00
9.782719956979027742e+00
9.704115815838239456e+00
9.662522819213187120e+00
9.596447935924862449e+00
9.471575716887523200e+00
9.201766987129651909e+00
8.905422414931864594e+00
8.572706209489286522e+00
8.280267138798087956e+00
7.872949083736591191e+00
7.460171034031176873e+00
7.031496179493639254e+00
6.770704546527911205e+00
6.737488776005458035e+00
6.699287758294619977e+00
6.688528023687209334e+00
6.485968681133948976e+00
6.704711445929817160e+00
6.879047750457647936e+00
6.962124280631726947e+00
7.121015821982171978e+00
7.186919909562576869e+00
7.374518512949399529e+00
7.481143083068906741e+00
7.612718270780842289e+00
7.721278454843997885e+00
7.862827438732464813e+00
8.000878790921090555e+00
8.119962630151485783e+00
8.253321316873124758e+00
8.415755190181060996e+00
8.574559250134360155e+00
8.737225436217711305e+00
8.858120571581340030e+00
9.043206037287978560e+00
9.182083703312020617e+00
9.332875815983564749e+00
9.462131337638448159e+00
9.710393078698274394e+00
9.574060378003377281e+00
9.847281550078591295e+00
9.976722466476417139e+00
1.013008910317021183e+01
1.016181793445419146e+01
1.011939428788217121e+01
1.015816746561764816e+01
1.009073775608187695e+01
1.007308526010994321e+01
1.004846323073356018e+01
1.004561224687816079e+01
1.004035363729876096e+01
1.005787796147244073e+01
1.002574453093422946e+01
1.006716848380520446e+01
1.006249025579529821e+01
1.011202754639177392e+01
1.011484375207499120e+01
1.017891414361874958e+01
1.010820696900194804e+01
1.014055674693127251e+01
1.015723293866279597e+01
1.013749827728472930e+01
1.014134249256465203e+01
1.021540311004766544e+01
1.015807426179515360e+01
1.015783519270894075e+01
1.017130154264733477e+01
1.021349820961034993e+01
1.018586006696329171e+01
1.026084227207267396e+01
1.036749833407344923e+01
1.029692222552509051e+01
1.033379661373947656e+01
1.029369171625930335e+01
1.032479073539725967e+01
1.032754377743857432e+01
1.024830850963406803e+01
1.018750058461030861e+01
1.015240997928752087e+01
1.007316126333367912e+01
9.994348398966019786e+00
9.855429334132526975e+00
9.711350227389965895e+00
9.533446543308178533e+00
9.401812583161925474e+00
9.331190680705427454e+00
9.205187252323566938e+00
9.089061764353484563e+00
9.023434267335439074e+00
8.978380279244206008e+00
8.893582435048172030e+00
8.812547140081884223e+00
8.724349413655781760e+00
8.663607368351568638e+00
8.594129436534482025e+00
8.529320068351534445e+00
8.371533456701101272e+00
8.159581960083054142e+00
7.537774450353198041e+00
7.237739271663755858e+00
7.015198036333099019e+00
6.943590850622074484e+00
6.765980396306184197e+00
6.669378572564565566e+00
6.600630105108769463e+00
6.532421795886742544e+00
6.378608072088608694e+00
6.643263988024091127e+00
6.531548836729667684e+00
6.696777343346909994e+00
6.751600393978765879e+00
6.895382570294930069e+00
7.038776096707588081e+00
7.233301930492526566e+00
7.402704345246545969e+00
7.545582157426332870e+00
7.748765255885017744e+00
7.902775048633484900e+00
8.104865058628050178e+00
8.305174317183062982e+00
8.528317127630703709e+00
8.710830428521127544e+00
8.880421291064910960e+00
9.076562891075727890e+00
9.177613181278552190e+00
9.364689406998262911e+00
9.526245556401425674e+00
9.717874100284509709e+00
9.889663247229655951e+00
1.000718992505784399e+01
1.013930278916184413e+01
1.028429245809991777e+01
1.040959094045156519e+01
1.052149378851457584e+01
1.069292061185008080e+01
1.078692640315256135e+01
1.083923229392910770e+01
1.085994540743757142e+01
1.083122133694813272e+01
1.074311881360702792e+01
1.068331746952235051e+01
1.059771989458310948e+01
1.051107405227995173e+01
1.045744487717577087e+01
1.043430162210269962e+01
1.042769974755859330e+01
1.037284920954193801e+01
1.031371708087167072e+01
1.024198072188714548e+01
1.016747243754863028e+01
1.007663194717597399e+01
9.974134939747727913e+00
9.762894274263008043e+00
9.409511104333940779e+00
9.103421076149363245e+00
8.820194164136569981e+00
8.317560500188424299e+00
7.988175193737276913e+00
7.734875114167611976e+00
7.634127176381372060e+00
7.535492282165916933e+00
7.449314089298262331e+00
7.543630943038966308e+00
7.402776927516654837e+00
7.454630817762774697e+00
7.420495444370486027e+00
7.457166010723290661e+00
7.556072400094001829e+00
7.543965608861031846e+00
7.640989856583763284e+00
7.724556597890273046e+00
7.787084377416977787e+00
7.813802111485398605e+00
7.893965346544784545e+00
7.915105071890710775e+00
7.960118817421476756e+00
7.974278398776640131e+00
7.960743556231035356e+00
7.967946522152943523e+00
7.957191327169367057e+00
7.925609264934424303e+00
7.879419210129132267e+00
7.819243454335509824e+00
7.852330983306861967e+00
7.869044529625402795e+00
7.718457643683383829e+00
7.835056130439884470e+00
7.979830833632274079e+00
8.104242513529225533e+00
8.271842268895062134e+00
8.269644080560311750e+00
8.442370446996186217e+00
8.540323909042056627e+00
8.644037179946989724e+00
8.792765814756847931e+00
8.907922789181201395e+00
9.035201221824674889e+00
9.168083337255882981e+00
9.284726183192210769e+00
9.443796564671337990e+00
9.496974691340700048e+00
9.652315869694430006e+00
9.730316667003435782e+00
9.880315236294887171e+00
9.964726586584127688e+00
1.007102521261794870e+01
1.015727106937293200e+01
1.029731914372171531e+01
1.034976464009976560e+01
1.038878616207751371e+01
1.045185055411474195e+01
1.062233070449945593e+01
1.050130620275095339e+01
1.056313533811187000e+01
1.064164038986180394e+01
1.073080540795804261e+01
1.075501024824555252e+01
1.079671072223531780e+01
1.081535879884026841e+01
1.084729222194334675e+01
1.081293149739902582e+01
1.078572982138921965e+01
1.067336685270122310e+01
1.052928206985953352e+01
1.022588474932546809e+01
9.853400399275091814e+00
9.501936050568980718e+00
9.010082930275469693e+00
8.670574881040419513e+00
8.330778135461166301e+00
8.008922657653609889e+00
7.712640851268833586e+00
7.424458817191826654e+00
7.272720336915321049e+00
7.165259976923211482e+00
7.158492213273083493e+00
7.071861712425508983e+00
6.938567895964503407e+00
6.853008757927634420e+00
7.040836326855061778e+00
7.084801024667475744e+00
7.252303533599913976e+00
7.222235101310834793e+00
7.375151158723995515e+00
7.337425194772504433e+00
7.401844928824078629e+00
7.328289519082341386e+00
7.532514349015976940e+00
7.339773130637284204e+00
7.502509595469140535e+00
7.474499879733670582e+00
7.587471459336799562e+00
7.428763142905301819e+00
7.574262570162389352e+00
7.635972881107008448e+00
7.777725736542748791e+00
7.763206693099695244e+00
7.882638075360017815e+00
8.012865661249527705e+00
8.121184340413959646e+00
8.241590003300464318e+00
8.354229861655880995e+00
8.461626311177461446e+00
8.584999570980230033e+00
8.650927935586425477e+00
8.745863149526531544e+00
8.861761145748513258e+00
8.937234170589080762e+00
9.025754699668338432e+00
9.081272554152183929e+00
9.170568896549808002e+00
9.257789093560404581e+00
9.415792188149797681e+00
9.341323056438630701e+00
9.509846873777640042e+00
9.574907939919482303e+00
9.647040029271686024e+00
9.744438793413936040e+00
9.799565432516880392e+00
9.926871844676581347e+00
1.003049642021211874e+01
1.005734508959064932e+01
1.005352045011579598e+01
1.008902851671981793e+01
1.010470604367080760e+01
1.006652352227872882e+01
9.993667222909603964e+00
9.945047694713760933e+00
9.881575489148751501e+00
9.818353492370020419e+00
9.772514417965355804e+00
9.694873359474716068e+00
9.638206971769408327e+00
9.583808266285005928e+00
9.546653044686236100e+00
9.516042333580143620e+00
9.515992367718714817e+00
9.476784354087509854e+00
9.520444214408618322e+00
9.530690388825021842e+00
9.558920855201419542e+00
9.597267697991204827e+00
9.633925910050892938e+00
9.709262418552402352e+00
9.761102243270027401e+00
9.889818923034647824e+00
9.855655609819530483e+00
9.965362227546441076e+00
1.006157367992185847e+01
1.008750683367391154e+01
1.021297251582293164e+01
1.026131277817543186e+01
1.032468799235821777e+01
1.040651952791866464e+01
1.043710809670441186e+01
1.054693249469142380e+01
1.062628674247635097e+01
1.070771719582908865e+01
1.073442802479087455e+01
1.086193447456322581e+01
1.091449156977057378e+01
1.108187020607388007e+01
1.101428521696763596e+01
1.117834176768778320e+01
1.124146549284320251e+01
1.120102483980702246e+01
1.112563125840164524e+01
1.103048658347939970e+01
1.095374190736272091e+01
1.088445397320714569e+01
1.081084671171535838e+01
1.071881913183271529e+01
1.064434893156147766e+01
1.059262978252939114e+01
1.049476948055738390e+01
1.040618308339433185e+01
1.034992258898917683e+01
1.026235727906192530e+01
1.017940485503093839e+01
1.011522685892077433e+01
1.002655277719165383e+01
9.978108016497383659e+00
9.821817912400319983e+00
9.807306747018271764e+00
9.741274925871168833e+00
9.644153059929928773e+00
9.568643242355957312e+00
9.495502191716866491e+00
9.411194580488317030e+00
9.305598878821779607e+00
9.126548215409536979e+00
8.836747796000874899e+00
8.585558262638270932e+00
8.335460013826066827e+00
7.996797505564482655e+00
7.579293910083363173e+00
7.169702091037597924e+00
6.708217677230692289e+00
6.179741835567185149e+00
1.136685459284953659e+01
1.093313334307412532e+01
1.073125679269155341e+01
1.059438709430423842e+01
1.049386158958738946e+01
1.038525629369739534e+01
1.020907262981745944e+01
9.976516429331546476e+00
9.614645174209087486e+00
4.681413216451105086e+00
4.602430414121327473e+00
4.596540929866551828e+00
4.590012255594289492e+00
4.645171421590292837e+00
4.720571369030528430e+00
4.858359412663106447e+00
1.003357449620852115e+01
1.058832252504920746e+01
1.091177978097261203e+01
5.880507368464466644e+00
6.089513020639866880e+00
6.322973116684036832e+00
6.429748149650851730e+00
6.665252607007912999e+00
6.803388970728769358e+00
6.999388969653791648e+00
7.205612055678265016e+00
7.377489836009323732e+00
7.574257388643486522e+00
7.757463450990375264e+00
8.033006549811455344e+00
7.996566276573314092e+00
8.352674290390256218e+00
8.438928232314315991e+00
8.662387838963040210e+00
8.793362677924349669e+00
9.007100962340222949e+00
9.138842228443886384e+00
9.319993631332931017e+00
9.455659954388559996e+00
9.649021811882857236e+00
9.798001487928555520e+00
9.913306785100633789e+00
1.007486273184376202e+01
9.995233136257954953e+00
9.903489204506460197e+00
9.879520873538334413e+00
9.851904271620382403e+00
9.861706352569912681e+00
9.856829600897290433e+00
9.897607019432276942e+00
9.929353911700889768e+00
9.988195880105498858e+00
1.009519830912035765e+01
1.016499600913199508e+01
1.022754024703488618e+01
1.032322451297578603e+01
1.037548629351661056e+01
1.048253552856098558e+01
1.052157361213444631e+01
1.062179136169360127e+01
1.067666657296644672e+01
1.075426863531104971e+01
1.088004147809373023e+01
1.083963388844910547e+01
1.100485754163141650e+01
1.104867863926127569e+01
1.117231284450373607e+01
1.112928562199418003e+01
1.128157177531088529e+01
1.132946414527486922e+01
1.141928902727418382e+01
1.145350898023713704e+01
1.153046959268951177e+01
1.161392063442860412e+01
1.167510998524520005e+01
1.159521114102691719e+01
1.155476077724616246e+01
1.144643097429966083e+01
1.137097491837031349e+01
1.128406639109822862e+01
1.109553751962621959e+01
1.089458048508470789e+01
1.068892998130204752e+01
1.042075929478089868e+01
1.024155188734156319e+01
9.925595921311657577e+00
9.582141652332261117e+00
9.298098688665326961e+00
9.154926108458468548e+00
8.966583235994811218e+00
8.749086915611783866e+00
8.476181694128698041e+00
8.390441462213983570e+00
8.338088607782800921e+00
8.231361450793741596e+00
8.217581025552362917e+00
7.993295187858366901e+00
7.859048644163527442e+00
7.577284859582134047e+00
7.301210294134823364e+00
6.976628060015803712e+00
6.765692275128942335e+00
6.678609137992257416e+00
6.574156244272009175e+00
6.480109641990344116e+00
6.395348872359905457e+00
6.273159637598738847e+00
6.221126929128985239e+00
6.153090241185448228e+00
6.132306681515013125e+00
6.112739793902731478e+00
6.220957857883996134e+00
6.012984006991473507e+00
6.118661453365982439e+00
6.140090943123476031e+00
6.287474693357803623e+00
6.372267448445771088e+00
6.518635642272862185e+00
6.551626621717002941e+00
6.697925929147968915e+00
6.881834493094567407e+00
6.928487335170587791e+00
7.137076837315500022e+00
7.205669162498814728e+00
7.325959165344979596e+00
7.442502280111844115e+00
7.548461220753031498e+00
7.658700624499472198e+00
7.768385872062856912e+00
7.842330008601850366e+00
7.804047345025662885e+00
7.720312105446954121e+00
7.655181099977736103e+00
7.600696254111087846e+00
7.473101009861903954e+00
7.312470453648737490e+00
7.119323127420767783e+00
6.845029270605491156e+00
6.591279606323499074e+00
6.286933814743057347e+00
6.023485050553563980e+00
1.116171263407250080e+01
5.179314261423816568e+00
4.959683874095024869e+00
4.716892931319680571e+00
4.601501298913979632e+00
4.563745733766856105e+00
4.427670125106535792e+00
4.404244537047651953e+00
4.392555593013911519e+00
4.351690722843789771e+00
4.422927935976559866e+00
4.448863895330117835e+00
4.604763141366876589e+00
4.688043413904660284e+00
4.824435274840908505e+00
1.019392299270393920e+01
1.078458378851884802e+01
1.137775038191701249e+01
5.944589422240052379e+00
6.120707405195034312e+00
6.300682342602214270e+00
6.468001020723210814e+00
6.613178531463399068e+00
6.770649355851730000e+00
6.793486841028376411e+00
6.915199196361051293e+00
7.128332568198515240e+00
7.276133060156380061e+00
7.451294272652287276e+00
7.516147057775513396e+00
7.634726340067128803e+00
7.637153814713776967e+00
7.603951877383816615e+00
7.558264435440029239e+00
7.512298906401892573e+00
7.483164897492756040e+00
7.432032755572438809e+00
7.366320315560518139e+00
7.358378847097637454e+00
7.321608784743401266e+00
7.215482355892326005e+00
7.217254231463417824e+00
7.082840237209746093e+00
6.963846996074107842e+00
7.143897563112211024e+00
7.012960481983649075e+00
7.124731601090839916e+00
7.107356416708361380e+00
7.325995201967142378e+00
7.317024948532647066e+00
7.455715578827186718e+00
7.603420037734462511e+00
7.714687888447015141e+00
7.843130721576678788e+00
7.974885149422648034e+00
8.069911330395653337e+00
8.248134154062150003e+00
8.228246991312207825e+00
8.484489132575520287e+00
8.533036071943541856e+00
8.597915899282600805e+00
8.725885898889167436e+00
8.828858061460268303e+00
8.862046533427418993e+00
9.050974501160384378e+00
9.118208236452746362e+00
9.254336804539384786e+00
9.252128695913450329e+00
9.269049144890860958e+00
9.331175271903159540e+00
9.359971677706054649e+00
9.417152297378789783e+00
9.416729166127142392e+00
9.392704430577124342e+00
9.330144556403848100e+00
9.220149070999939411e+00
9.119576550197647791e+00
9.024001307439771580e+00
8.939774952059732271e+00
8.852379732737791329e+00
8.808460690320826458e+00
8.786544900304141592e+00
8.691301232006210853e+00
8.633128004644012421e+00
8.578579640851424770e+00
8.549126963562629911e+00
8.795991715650458787e+00
8.293688392339833015e+00
8.627067213533971213e+00
8.513869778670761335e+00
8.533523433352250720e+00
8.529812565874102859e+00
8.489788020811600333e+00
8.473615262141771964e+00
8.442174613233683900e+00
8.431543404856855162e+00
8.403125768889724512e+00
8.359328454890052384e+00
8.305091914963126598e+00
8.224210027229363007e+00
8.129325729359425878e+00
8.031797080823780632e+00
7.891202418788728856e+00
7.812704947753252860e+00
7.712387451185375831e+00
7.592920266885076153e+00
7.477055630046655743e+00
7.372315501410916738e+00
7.221326029549579140e+00
7.143449896277346944e+00
7.055098370603735347e+00
6.999670069465367739e+00
6.944417989010328363e+00
6.958290273313497032e+00
6.928755271305733210e+00
6.910682295786978457e+00
6.922195547672804317e+00
6.901116072050284878e+00
6.827777240871830244e+00
6.770873862125494469e+00
6.671554559208914270e+00
6.612729318338667284e+00
6.468631993626195786e+00
6.179243771486590653e+00
5.894294579236415643e+00
1.088303509913397527e+01
9.673430456086727247e+00
8.212541739294655585e+00
7.624707588133627034e+00
7.212780423881344660e+00
6.784702826143078624e+00
6.482960554679338294e+00
8.456750272971630622e+00
5.360851022731682569e+00
6.898874201037807907e+00
6.087569906132855202e+00
4.032175901087895475e+00
4.580970413166772559e+00
5.131139991883026497e+00
5.706214339480923492e+00
3.086423843103366593e+00
6.623734100434050198e+00
7.158907877481385462e+00
7.654060628697020974e+00
8.562773913947477666e+00
9.422263476481749223e+00
1.014090409018381145e+01
1.081966089254747843e+01
1.150784559138821805e+01
1.213511484445768041e+01
6.319913419024573820e+00
6.474680695778411099e+00
6.625459419598887401e+00
6.837429501676386856e+00
6.960234892213592595e+00
7.113475780116112368e+00
7.160314471750275800e+00
7.271438782214032059e+00
7.331588870513311207e+00
7.250391996322072430e+00
7.279242340403556000e+00
7.342891795051577297e+00
7.312179091687402988e+00
7.348539557486208906e+00
7.367462529867847998e+00
7.452405745345110688e+00
7.472562905095653463e+00
7.498824978516767992e+00
7.585097992617206408e+00
7.637132945308841236e+00
7.662072414906574203e+00
7.703433570897415095e+00
7.723413783261630527e+00
7.776562995877708495e+00
7.798732643275970489e+00
7.903800274026907324e+00
7.919688006889991527e+00
7.954980102205457371e+00
8.021424427770019960e+00
8.043729797020814587e+00
8.095142795421642390e+00
8.201110581294376090e+00
8.160425210822292996e+00
8.298269175152620747e+00
8.317994969855472931e+00
8.368258691567799445e+00
8.417085799336627261e+00
8.478305079554001367e+00
8.521239491301088265e+00
8.598599788194468019e+00
8.682227638015040938e+00
8.674472438724075474e+00
8.696399165512950447e+00
8.763879892583094744e+00
8.868574394512808823e+00
8.965992043600657269e+00
8.996144636884833901e+00
8.959220073258371997e+00
8.860841368485196767e+00
8.731543075603442006e+00
8.625254972048077562e+00
8.490073586673213768e+00
8.346658996234635808e+00
8.188181385915086707e+00
8.082706355248301833e+00
7.891887570758506776e+00
7.799069121538630966e+00
7.661279169012983559e+00
7.539599831984292067e+00
7.446352831314967169e+00
7.380243446945850216e+00
7.160036473711066662e+00
7.093415824852963958e+00
6.989280062313734554e+00
6.891255712993031857e+00
6.762688560074550104e+00
6.543091121158325585e+00
6.234370515662486234e+00
5.929231574119970816e+00
1.136084500648312279e+01
1.084069811734712552e+01
1.016537226941911065e+01
9.739993126178077887e+00
9.305080694124891139e+00
8.829226839319224140e+00
8.411942777192745524e+00
7.958842464902556202e+00
7.733693573282129030e+00
7.738843943686353199e+00
7.932001881102664242e+00
8.292371596076989704e+00
8.660220899493484836e+00
8.991261260076104378e+00
9.312275279717656673e+00
9.675859323778075449e+00
1.002566577834648953e+01
1.038828426933251059e+01
1.075789404454882359e+01
1.113257686819991044e+01
1.165997027506628747e+01
6.084909843989050771e+00
1.226471906663513600e+01
6.178395721723496159e+00
6.175760751158223982e+00
6.144120961881950116e+00
6.092429461747122410e+00
6.110767762735894948e+00
1.167642127614851688e+01
1.071220846110003144e+01
1.063330392642186517e+01
9.850469691676725148e+00
1.017711520901713662e+01
1.006449247906899203e+01
9.822135644829208090e+00
9.255710577318575716e+00
8.568046257153227430e+00
8.431938667536046594e+00
8.238295585426463674e+00
8.155515388782559327e+00
8.683936430413940144e+00
9.040188628353488909e+00
9.362967720244133929e+00
9.742530053915302801e+00
1.004957507884823897e+01
1.002821253579944383e+01
9.821116025474173838e+00
9.644272347730247219e+00
9.493073977110539019e+00
9.358070675583304521e+00
9.216235944143390313e+00
8.994996813988221263e+00
9.534849470367987578e+00
9.775141628652319170e+00
1.008413062229878854e+01
1.045067576870553161e+01
1.071174247997342199e+01
1.101004432042773473e+01
1.122255686856550305e+01
1.122430852807563184e+01
1.121456129128934798e+01
1.122413534369766452e+01
1.132006831283815451e+01
1.147919323384962986e+01
1.167723120975234607e+01
1.170763415444188738e+01
1.155009430413756988e+01
1.135898693921588887e+01
1.101141533281706586e+01
1.061707515421276860e+01
1.005171773652743994e+01
9.131041552105903847e+00
8.757035541475978846e+00
8.496760001085243985e+00
8.126112513075435473e+00
7.512722049642388988e+00
6.697657237380894912e+00
6.460880908179780668e+00
6.146694097095076081e+00
6.157834438766649932e+00
8.692935487695853780e+00
5.632473888307071519e+00
8.242241463011399816e+00
7.996706865790863539e+00
7.565826900420992374e+00
7.459274357059505256e+00
7.810582018012460104e+00
5.502707099617255793e+00
5.870720450145057612e+00
6.309781677257700672e+00
6.868800626218659389e+00
7.480081960729571655e+00
4.048761526619808926e+00
4.171021446823015566e+00
4.402599274911305649e+00
4.624943515085902845e+00
4.896272834324844503e+00
1.038893444702651081e+01
1.135043966430370688e+01
1.214895197351597567e+01
6.425873046394913857e+00
6.621984044015917448e+00
6.845733978934829267e+00
6.988955307202086686e+00
7.174716936790617616e+00
7.248823180763631413e+00
7.235774835389068294e+00
7.230564186914150149e+00
7.145626577905740184e+00
7.148433303708416453e+00
7.126651658328675865e+00
6.941572970843057355e+00
6.950640829563170087e+00
7.104705054839727474e+00
7.234694724542953814e+00
7.370457747014625305e+00
7.386966780874496763e+00
7.507934084293506061e+00
7.636177385640370296e+00
7.739877951294161562e+00
7.844107717340085273e+00
7.952925411457596461e+00
8.005547261926432512e+00
8.131164877694553539e+00
8.220177816571524687e+00
8.286756183999148817e+00
8.317645384281679100e+00
8.342366544388051253e+00
8.356728144043946926e+00
8.352290047564796538e+00
8.290127881511752506e+00
8.254889367732658911e+00
8.225361445835847718e+00
8.213310317563301766e+00
8.163121688872829296e+00
8.233854003887030260e+00
8.084950973999722734e+00
8.118677634580858893e+00
8.085453559483889663e+00
8.025517169182407429e+00
8.005218829383698775e+00
7.800088473617988960e+00
7.825295609720602563e+00
7.840544787875272981e+00
7.790701792512482626e+00
7.783515108244881908e+00
7.655073442698935082e+00
7.517976326715770874e+00
7.249834055444218883e+00
6.986319337802879836e+00
6.845011396595368502e+00
6.801271334361028487e+00
6.737031220436408674e+00
6.655347543822861311e+00
6.499722453600933925e+00
6.282916509771198754e+00
6.035932184982199189e+00
1.163032528109855512e+01
1.153712702784616795e+01
6.014757202509826151e+00
6.171112801077974552e+00
6.316612640736573248e+00
6.408770814779166436e+00
6.529930225539909650e+00
6.660587777183711644e+00
6.841517925842132364e+00
6.991314325170029598e+00
7.148751532907901662e+00
7.317327467854063627e+00
7.471446011290288958e+00
7.673154080944651234e+00
7.802734685827439343e+00
7.950323361774377595e+00
8.110432450478988642e+00
8.269343724005782548e+00
8.439705680806502741e+00
8.577672456214372687e+00
8.609268498552495430e+00
8.840403275147478368e+00
9.027753923935723179e+00
9.245396475473771858e+00
9.278200170370265454e+00
9.385649789343711191e+00
9.424739015616651727e+00
9.343701962118581505e+00
9.320668337585427565e+00
9.333096365735631395e+00
9.335507558892683022e+00
9.381275693853533326e+00
9.458805199368482519e+00
9.484352836604736936e+00
9.511119181833169733e+00
9.619854751581213392e+00
9.682050906862807338e+00
9.688438689962964645e+00
9.768568031221716907e+00
9.963623880176937675e+00
9.995918326679419152e+00
1.010152915122512063e+01
1.017992103842449580e+01
1.028798109423330409e+01
1.037326990068881116e+01
1.047998932258709104e+01
1.053634170535034187e+01
1.056959644283949373e+01
1.052831184789245533e+01
1.048965351578482696e+01
1.046003985440133910e+01
1.042928030521422755e+01
1.041001245113016793e+01
1.035308728190566008e+01
1.038515905298516451e+01
1.039850282657031677e+01
1.044956902563273360e+01
1.034233841914583429e+01
1.036614177740647591e+01
1.040698176913200790e+01
1.043897196213397827e+01
1.067386911477800915e+01
1.060157655237029140e+01
1.063218954135636274e+01
1.073165695608564008e+01
1.072006703931720395e+01
1.082449391906580694e+01
1.080424659521387021e+01
1.077679383858852802e+01
1.070162121444827896e+01
1.064562706532807290e+01
1.061235948822723252e+01
1.056468680735356891e+01
1.050181718586458679e+01
1.037084259838139566e+01
1.038449024858429048e+01
1.031814686522167968e+01
1.017573884591315014e+01
1.014485863882643635e+01
1.002856657683905972e+01
1.029001984720673590e+01
1.008061083537331903e+01
1.002925014966902850e+01
1.003476789728375351e+01
1.001528919651032545e+01
9.923995168497009800e+00
9.898520733364225777e+00
9.872692030281337239e+00
9.815992193436562374e+00
9.764831663607976608e+00
9.706043386133069717e+00
9.653409304415779602e+00
9.601584857497790892e+00
9.492452577624067800e+00
9.503911562376341493e+00
9.374983709317669778e+00
9.316472458259097422e+00
9.229275454587570593e+00
9.367818324430121635e+00
9.255310782095872213e+00
9.269381768477400030e+00
9.200187807374296867e+00
9.196545817950564583e+00
9.203568853449805687e+00
9.209576356967996702e+00
9.214713239542124512e+00
9.247726106542392799e+00
9.219757095171672745e+00
9.279872996914104277e+00
9.314873377015818079e+00
9.357399898646169945e+00
9.297715929533142187e+00
9.322353889517849268e+00
9.281392374797595934e+00
9.389640758720053881e+00
9.442176053187582241e+00
9.466169464845869186e+00
9.481047812103252426e+00
9.601633741595225757e+00
9.658357062522659575e+00
9.708257754417088492e+00
9.780894477567528611e+00
9.864026841919750765e+00
9.914830693681858875e+00
9.935257513432846466e+00
1.000007695507686911e+01
1.006349585784498046e+01
1.009972927659046960e+01
1.019858678720984990e+01
1.019735878829901132e+01
1.027759473674073121e+01
1.029157732568157257e+01
1.030665298396152707e+01
1.028292954976776485e+01
1.012409610832082762e+01
1.001857789435893586e+01
1.000852049635115293e+01
9.878918730493237987e+00
9.780537411822850302e+00
9.610578109326180396e+00
9.395863329074305881e+00
9.113817136897127469e+00
8.909570565922514618e+00
8.722757413224137224e+00
8.541439711331680229e+00
8.338656921588773585e+00
8.205407891603336168e+00
8.169786319615866432e+00
8.044112069231012185e+00
8.004305301747800527e+00
7.972449221665148578e+00
7.963155496834056102e+00
7.950302281518871972e+00
7.986863742224064922e+00
7.916346728794660947e+00
8.011597743068954003e+00
8.045817078706685166e+00
8.192874069711594487e+00
8.226059902005394164e+00
8.232984323757134959e+00
8.337931598233350172e+00
8.362553163292327341e+00
8.441634540796281172e+00
8.480709754839759640e+00
8.520750550312751415e+00
8.629149951916870620e+00
8.690846950650216840e+00
8.730587709252182194e+00
8.770275704703498931e+00
8.837053273159519051e+00
8.905677270429590564e+00
8.942709696496361715e+00
8.966082428211400668e+00
8.974314073929276603e+00
8.994510169941932531e+00
9.003899860098968588e+00
8.938472823562026548e+00
8.876133208287273035e+00
8.809418481334960305e+00
8.742760709369635563e+00
8.713881537678965117e+00
8.653417099322945560e+00
8.602313442825385792e+00
8.602212013830190074e+00
8.613143897110308700e+00
8.481804523857979561e+00
8.557619472837712848e+00
8.478259354022762651e+00
8.451849427014236582e+00
8.338736042287322903e+00
8.347749222402113034e+00
8.185759396862302140e+00
8.162031125998367997e+00
8.074029748647147287e+00
7.939242150006394105e+00
7.629070896082781772e+00
7.412047751883314106e+00
7.275167872483810250e+00
7.201921364228745404e+00
6.978488642335165082e+00
6.737727835711992519e+00
6.487341906381497658e+00
6.232880310327128193e+00
5.917886835221030317e+00
1.061531660858896231e+01
9.198470342974196967e+00
8.835549451072667537e+00
8.330467442686670054e+00
7.317833960178345976e+00
3.192423578613943658e+00
2.950689263716279154e+00
2.803839794132871432e+00
2.654904153296422376e+00
2.574813049996008907e+00
2.609432874542747527e+00
2.606846393042704602e+00
2.639819361295479005e+00
2.715909684663238011e+00
2.672133029835714879e+00
2.678959328614966218e+00
2.614026906017172802e+00
2.561931538854046231e+00
2.555703731828613545e+00
2.633774883250176835e+00
2.865815323168204198e+00
3.053120328694031382e+00
3.245722380028447596e+00
3.470685941349702652e+00
7.539571633000520023e+00
8.392394812806708515e+00
9.296019044450385849e+00
1.019999004251490149e+01
1.101290631036061818e+01
1.180851703489458693e+01
6.179587259667678190e+00
6.400639569593398193e+00
6.518102492626086431e+00
6.722018196090671971e+00
6.878151081575969883e+00
7.061543530098989940e+00
7.241138036024463709e+00
7.368719577323753711e+00
7.498437249891983569e+00
7.644947215087244174e+00
7.744447402604806463e+00
7.847879537030332031e+00
7.840287709601082788e+00
7.842448883222312261e+00
7.853966388274526089e+00
7.831946447884533313e+00
7.827847576572264821e+00
7.826028118687720081e+00
7.799984301122622199e+00
7.796527530926163685e+00
7.776193882087647502e+00
7.751454866662490950e+00
7.738505929639321046e+00
7.733557029622023293e+00
7.717504164709785286e+00
7.736892296126939961e+00
7.712313805909310815e+00
7.703792538997335626e+00
7.697678376694147673e+00
7.708108714534363415e+00
7.713436669112827104e+00
7.715658659677156805e+00
7.698308720624026158e+00
7.712119428408621857e+00
7.704090073700730734e+00
7.680387897299615574e+00
7.672651652130543454e+00
7.709591484584616516e+00
7.670311421813994279e+00
7.676208720133759655e+00
7.647583866433616429e+00
7.576055833270105566e+00
7.489705419551335730e+00
7.442236979053828527e+00
7.394510390644656539e+00
7.386163309125519660e+00
7.207150470053551139e+00
7.234201101689826885e+00
7.178523632624219886e+00
7.047283446930611817e+00
7.127506375460557209e+00
7.300751226011382933e+00
7.377095027065093902e+00
7.514228223598897749e+00
7.528978901610986263e+00
7.658310417060020470e+00
7.759029413358829785e+00
7.821233809028653283e+00
7.889736190538503280e+00
7.986377600746168426e+00
8.061507959699545367e+00
8.150088162909534972e+00
8.251514728963950773e+00
8.360469179043898080e+00
8.430543305430514778e+00
8.521485785985168704e+00
8.622477357149193722e+00
8.659414066976065527e+00
8.709944545840274444e+00
8.792901113764161281e+00
8.907516777602666025e+00
9.013062877953675667e+00
9.112297521655595034e+00
9.176413393619705872e+00
9.274902925582701130e+00
9.328570266620783258e+00
9.379245054085160405e+00
9.453996919360877271e+00
9.526068759967415644e+00
9.568377473122097854e+00
9.577412952344834807e+00
9.529301945201947177e+00
9.386341554029240086e+00
9.408611394151009222e+00
9.222345646075467585e+00
9.153933630378796593e+00
9.128143923992288578e+00
9.079835359904310010e+00
9.031932626642973361e+00
8.944227257045204382e+00
8.860078015596258183e+00
8.856719564754509832e+00
8.679289419345355583e+00
8.622148869824117767e+00
8.554072839840378251e+00
8.434159923992940122e+00
8.420602163171288623e+00
8.493384085074650258e+00
8.565021197070958436e+00
8.500108917856231017e+00
8.495168782537607655e+00
8.610405442294608136e+00
8.593633992796059218e+00
8.591392916922274026e+00
8.519156824376944215e+00
8.498151166989243777e+00
8.484932762193043487e+00
8.438201394269874811e+00
8.436107390921741001e+00
8.408892209614167612e+00
8.393509416582668692e+00
8.432113251012429700e+00
8.458250860307787278e+00
8.342053639239495055e+00
8.467813024250489207e+00
8.435861864961545109e+00
8.586770307495612542e+00
8.489873483330304893e+00
8.597096996361530685e+00
8.613755396217403160e+00
8.594718834712251621e+00
8.612646580369094806e+00
8.657439263689823861e+00
8.582821347172441051e+00
8.541582242592241414e+00
8.456685126325565349e+00
8.402627970168078164e+00
8.264161054333461820e+00
8.178653372296697199e+00
7.902041789539647532e+00
7.628518783524185665e+00
7.499153477524813205e+00
7.437492524672243199e+00
7.386080840281117332e+00
7.120657101729316096e+00
7.200454676942091403e+00
7.408553742557620225e+00
7.485994001326152336e+00
7.553711576453745913e+00
7.561250765187589984e+00
7.660196749556488882e+00
7.703910818118001380e+00
7.701626043983631043e+00
7.773427695455961128e+00
7.806168785335653837e+00
7.849215379652473956e+00
7.885370284683950182e+00
7.957158950494902072e+00
7.988723821691896099e+00
7.961221685007718207e+00
7.911432896821714245e+00
7.805502458801033328e+00
7.740765796302828683e+00
7.571752414798872621e+00
7.532047392656153306e+00
7.527222942642923798e+00
7.485371561393159290e+00
7.450853441588005666e+00
7.459090882911426412e+00
7.419961258933684967e+00
7.432145141659295184e+00
7.290886876506170289e+00
7.346031378867648343e+00
7.543864952271331248e+00
7.671923881987776639e+00
7.630490975992696434e+00
7.600680942171646137e+00
7.703477261211951976e+00
7.707089965210864868e+00
7.739219290811521823e+00
7.845593279888917415e+00
7.884905715800656800e+00
7.983293307343962475e+00
7.971143798627966071e+00
7.974182766998571203e+00
8.049635895723564971e+00
8.101233959988093147e+00
8.094070643757399708e+00
8.137643869467556357e+00
8.166872797305870790e+00
8.206082546655501631e+00
8.266806780862022919e+00
8.235578958915310110e+00
8.281077745804305223e+00
8.289754262184427347e+00
8.272512539459540903e+00
8.128688518162636711e+00
8.065731010223563757e+00
8.000022108141660482e+00
7.825424027806388239e+00
7.571250170658291090e+00
7.595157573548471319e+00
7.627281900320120656e+00
7.724681213193968610e+00
7.662055517952854444e+00
7.645096553363322833e+00
7.674880299970923581e+00
7.646437667304101460e+00
7.624906949925795985e+00
7.633399373972764579e+00
7.604552419406714669e+00
7.593860091743931839e+00
7.593296979368849620e+00
7.592701594620765881e+00
7.550802233803807439e+00
7.541959604441979437e+00
7.516597307036279929e+00
7.523579013302125418e+00
7.524449851166933101e+00
7.515785862598539424e+00
7.410050107176781253e+00
7.375818776448477720e+00
7.496871959188698753e+00
7.402647513452274453e+00
7.478917907077846650e+00
7.452809972747520995e+00
7.461484602546580192e+00
7.474153438179020448e+00
7.496244893729619996e+00
7.526516028619552046e+00
7.484732156668733261e+00
7.461690575393753022e+00
7.454508720570058422e+00
7.496786269454281282e+00
7.476946448176533089e+00
7.490670579663916584e+00
7.456663411018428889e+00
7.456404762814724307e+00
7.468445583686801115e+00
7.305459058730277455e+00
7.341114164426402411e+00
7.440485510972818517e+00
7.571669626814005127e+00
7.571179255719175494e+00
7.555086853852822415e+00
7.605342946524562109e+00
7.659171206290363187e+00
7.575732815015155275e+00
7.475115478371102462e+00
7.397015367173634282e+00
7.276614645054117148e+00
7.213629051479066412e+00
7.092432884769007906e+00
6.998138964684787133e+00
6.942607618515776124e+00
6.884677323340718580e+00
6.758938549253551642e+00
6.727978676493808763e+00
6.857546437278724483e+00
6.935605471373994746e+00
7.073575250277190030e+00
7.071746938327607701e+00
7.070388259831713818e+00
7.146900847095148279e+00
7.144812894599503750e+00
7.198269259676568055e+00
7.227218813656249630e+00
7.201739892550079070e+00
7.140989878735227059e+00
7.044324012692745995e+00
6.971032356972134636e+00
6.872629519971887646e+00
6.802630448104555860e+00
6.710515227341973699e+00
6.645407337891842126e+00
6.544422378233752724e+00
6.350734435972475111e+00
6.060191290272197051e+00
5.790473130662044277e+00
1.093549064063182463e+01
9.769587667178850410e+00
8.538761809696177707e+00
7.288474309347193092e+00
3.449294482965578723e+00
3.361433549220443684e+00
3.322219212416161138e+00
3.331413239875690380e+00
3.322314391007203938e+00
3.379952341868705634e+00
3.446363946731961558e+00
3.565104445528826549e+00
3.731394100588032003e+00
3.856189276390842302e+00
8.276380675566075595e+00
8.977512685549390525e+00
9.651518444146546472e+00
1.031080283795846597e+01
1.099432096757523247e+01
1.156964355887786233e+01
1.184058878953660177e+01
1.205771544146671559e+01
1.219161427598909953e+01
6.153766926728430953e+00
6.168899564898326915e+00
6.193325187721278269e+00
6.269234220058764073e+00
6.260479689452538743e+00
6.241022938075972526e+00
6.172085997192523266e+00
6.098734381564777429e+00
6.025364967161581653e+00
5.945591702837736747e+00
1.181905387579894651e+01
1.155229089617780147e+01
1.132454897410191208e+01
1.107276116424709222e+01
1.101550759081188069e+01
1.095307447400670853e+01
1.093413540744720081e+01
1.073822181108068285e+01
1.049176604278427760e+01
1.024751764675553822e+01
9.447407769883373163e+00
8.280564969020167254e+00
7.062347850733453392e+00
9.142789240484196611e+00
5.883300055453716482e+00
8.845183755453559726e+00
6.036138991513229080e+00
6.051059614379528107e+00
3.038423847256127797e+00
3.037668786163534307e+00
2.988273180454566358e+00
2.912092223562178894e+00
2.850061686889509893e+00
2.795149838158506483e+00
2.712683027225414989e+00
2.635115510074013567e+00
2.554991215372765634e+00
4.709313210355236201e+00
6.068197666017400849e+00
6.497798575582419467e+00
