1.746737916545834657e-02
1.125541044936830340e-02
1.279999145127796827e-02
4.361045252997770329e-03
1.229232799941181245e-03
9.380840038218083744e-04
7.913714463037508154e-04
4.711391296123759297e-04
1.006884270998317744e-03
9.066849228091821995e-04
5.147511736934901570e-03
3.433971773639224803e-03
1.889326794619254927e-03
5.504901827135965167e-03
1.765807174530212862e-03
5.609974820636390649e-03
2.196858900259534772e-03
2.976293293755069829e-03
1.038760360902468184e-03
2.678329118685058435e-03
2.323033234942517653e-03
1.526467486127810471e-04
1.673691651115071302e-03
4.593521150738468298e-03
2.541459395386245265e-04
1.575278832855865976e-04
5.685689799822184025e-04
2.553173593978860399e-04
7.897872026912095933e-05
1.569623262359876796e-04
4.961370007059881211e-04
1.023346478634028960e-03
6.087224784946651318e-04
2.849844924151933613e-03
2.344918507876317046e-03
2.155074790789953364e-03
7.646179514928113947e-04
1.552397588629508482e-03
2.762423106034965492e-03
8.072199528917855214e-04
7.653455233548990891e-05
1.680916439432339655e-03
2.320582215143377901e-04
2.252034811506224558e-04
2.605131745045238291e-03
5.044513269353882549e-03
1.244159528589604963e-02
1.074312485166853751e-02
3.425129255326848920e-02
4.378119378262414207e-02
1.128856492481141718e-03
4.302157923197125547e-03
1.118393208769885246e-04
8.188453320802443688e-03
3.771279612799660510e-04
8.680230272249501305e-03
1.077132841226221237e-03
1.455828120477287591e-03
4.000814038809613615e-03
2.187764759044991819e-03
5.754553079971836370e-04
5.960806408170472165e-03
5.365596783826135084e-05
5.510293462561819018e-04
6.559178441734952146e-04
2.607034069925220389e-03
3.735788123435190107e-04
2.589809526573582364e-04
3.344155893668013420e-03
1.661160932700429110e-02
4.112538063565329000e-03
1.918116776837438652e-03
3.504600993026560796e-03
2.657852689776347196e-03
3.156109769399502918e-04
1.414584221929237771e-03
1.566522090513496317e-03
1.437922985987868073e-03
5.884252109498128852e-03
2.926443420535128782e-03
8.572318690281590238e-05
1.688698315335564713e-03
1.234817304792778939e-03
1.217311956392240361e-03
2.984936973669967668e-04
5.971691383762931047e-04
6.545676661605823133e-04
1.526418414446671082e-03
2.535571574019285148e-03
5.791112645967695302e-03
7.522272070893953021e-03
9.910824837020164313e-02
7.271108612098178825e-02
1.708701772976730553e-03
9.595971690105620233e-03
3.813281139700148547e-03
2.812323636683807491e-03
3.907689464485003192e-03
2.697700877323521589e-04
1.698911863847543408e-03
1.252508011672604340e-03
6.049799858517493660e-04
8.764593148163079021e-04
5.553643147056395090e-04
5.280322709909781404e-04
6.610031334404915804e-04
1.613916660499493819e-03
2.713363545206091097e-03
1.138570947097485063e-03
2.634238206551107499e-04
2.023694142671467883e-03
2.346293849256450212e-04
8.566710436279038453e-04
1.125953841416501861e-03
5.267305570118923329e-04
1.777816716960829019e-03
1.607564363046109362e-03
4.277041723956872404e-02
3.706975192697016530e-02
5.944566228258303837e-03
2.838949203262377315e-03
8.288564719051873383e-04
3.809929088039317683e-04
4.382301136141698947e-04
1.760221159547625455e-04
2.379478024394902306e-03
4.866181298905355242e-04
1.499069549444031297e-03
1.038072934572567899e-03
1.017914452406248936e-03
6.111089746196758134e-03
4.169735481158216720e-04
1.123219073863312122e-03
2.174369472967292716e-03
8.850570129727991248e-04
3.892293050733593661e-04
2.673909032594293505e-03
2.307079412255360999e-03
2.415684464248738493e-04
1.817142258973621733e-03
4.106041537390902663e-04
2.040791057793851719e-05
2.610962414023638599e-04
3.590310921366695815e-03
1.381080851584292994e-02
3.023925168775394058e-03
3.077091254269361670e-02
6.828560695446747944e-03
1.273196745524545349e-04
3.238869713955006674e-04
2.027385481517854273e-03
1.346594967902148840e-03
3.806635068999093818e-03
5.417983276279632983e-04
2.312538930495691182e-03
3.597927735846114406e-03
2.160056866398304271e-03
1.526433195282474978e-04
2.093780933761231044e-03
5.902533345675874490e-05
3.333261708100383573e-03
7.186292633750243630e-03
5.747654528598104134e-03
1.186066755211409845e-03
1.886975767136878914e-03
8.053826955207468935e-04
2.793540243164231978e-03
1.124340607555936590e-04
1.341579670047624668e-03
3.641600806899130890e-03
3.139174270336288187e-04
2.255291023272339331e-03
2.000209201219842192e-03
1.269535545821243042e-03
5.343854062219685445e-03
7.749767009958954738e-04
1.864348820186684675e-04
1.037541706438898162e-03
1.758415071112608792e-03
8.903826292640970586e-03
1.048443238699605859e-02
6.603001163075556366e-03
1.572309370099756430e-03
6.504127903015521905e-03
3.822289362494059924e-03
3.569694702397704662e-03
3.146743113760419944e-03
1.749961056256948717e-03
2.980336556898953481e-04
2.046738172605184255e-04
9.970208882392635457e-04
7.094871020276752544e-05
4.815853303604656862e-04
1.403013050720791979e-03
1.307564329063515621e-02
1.120893391961265417e-02
6.225703938283698100e-03
4.332173284828812372e-03
2.555054546118862226e-04
3.973113478293441650e-03
4.569336293803722250e-04
3.978392874524849755e-04
6.775628058565694514e-04
3.344172517054510609e-03
1.028737507401834795e-03
5.447219909750810815e-03
4.706727442784590094e-06
2.061293566818967263e-03
3.490649909221226269e-03
6.488894833336939644e-04
1.419321966051499727e-03
2.691990861211672947e-04
9.001207053914639031e-03
1.907082369635734612e-03
4.336066675054797183e-03
1.403141091249553597e-03
3.487548125155354867e-03
1.740898586612790299e-03
6.358484787919918731e-03
4.983898218419440147e-04
9.934544579372479693e-04
6.348525189184488866e-04
3.822217236560757243e-03
4.602246564336551389e-03
5.754705865214985311e-03
1.968967757473446059e-02
1.733057864933807909e-02
8.505341892345130543e-04
5.781292101754377435e-04
3.249559868862859219e-03
6.753970804828446708e-03
4.071171801207480734e-03
2.252179931389524520e-03
2.088938684825708547e-02
8.989086467253371016e-02
1.864592166481779736e-02
3.060831208251944477e-02
1.549587919595687285e-02
1.634178945216799642e-02
4.814794576134890508e-02
1.971883998281753064e-02
4.422026922677058103e-02
2.903486443190617106e-02
3.842629120383374286e-02
6.578865285241584926e-02
4.957016356094233467e-02
9.910737981446768319e-02
2.547289913747621815e-02
7.898638634430149574e-02
9.197536526775700397e-03
4.480676354329084579e-03
1.438556952074514185e-03
5.224222555348330410e-03
7.789228925993113117e-05
2.562305310796699105e-04
2.378228011392042283e-03
1.487991303661720258e-03
3.287931496209614210e-03
1.204881590814456914e-03
2.546348841076492234e-03
2.838102984518091950e-03
7.144957366927180004e-03
6.340892680147782107e-05
2.719917030709991922e-03
4.844503924789585192e-03
1.842686714654872670e-03
4.452804796313086962e-03
1.042165471916536293e-03
1.592469022282251784e-03
2.533756759766404051e-04
9.498171586403439609e-04
1.120907828241319258e-03
4.563754408862478323e-03
7.649676533406692298e-03
1.233830976045263489e-03
9.207975225984700324e-04
1.831215919315181675e-03
6.324561369850246594e-04
8.223250920223378058e-03
4.615834469412940892e-04
9.158351992737052191e-04
3.127256588903380621e-03
1.239793784944777898e-03
2.522104945150461207e-03
3.072210767442377574e-03
1.398879249798168529e-02
2.854955343047772820e-02
4.173541301962377381e-02
1.217298814637241683e-03
4.529269403916205000e-03
1.581440813596231331e-03
2.565148428304697865e-03
2.626916910124814028e-04
8.387409388752602342e-04
1.155378493053170431e-03
1.317130744616222700e-04
4.294990758731329333e-04
9.399599963836583914e-04
1.992456112691374549e-03
3.284868482620524090e-03
2.007968077718800745e-03
1.088681960577171128e-02
2.480528989987914115e-02
3.661299118216790327e-02
7.458163562267161595e-02
1.020514858818820716e-02
9.481651141182837784e-04
3.681615609382580048e-03
4.798890609522763091e-03
8.014028024602004975e-04
2.175237698719441250e-03
6.373840593069867930e-03
1.437186326518165476e-02
1.562390137748717687e-03
1.105852354591964869e-02
9.723184684255047484e-05
4.971157992972517932e-03
9.267265244172829316e-04
1.346320294153569583e-03
2.901206257510910522e-03
2.125189895484190690e-03
2.673866042680050903e-03
4.484869903580941675e-03
2.096415381998329580e-03
6.990669164904513358e-03
4.149233906905240576e-02
5.571693238826055678e-04
5.471803797347741562e-03
7.863051054824141128e-03
2.348685520599677612e-02
3.215605557910940389e-03
2.635468428009399289e-02
1.176932013124378125e-02
1.104331951957044332e-02
9.717068059181169226e-03
3.787652451936769117e-03
1.599845238809246076e-02
2.040825804566705811e-03
9.352353682843326035e-03
7.956881808372062714e-03
7.917951768481708286e-03
1.499392627304618839e-03
1.132951072305972369e-04
4.929487991482109713e-03
1.313843886610810679e-03
1.601653985508328781e-03
4.738979981863783138e-04
1.087459858299368205e-02
1.184030489703359872e-03
7.499763174216649356e-03
1.297747641471449446e-03
3.611236965270703085e-03
3.208414112619537538e-03
3.091719563256294188e-03
7.162219518546637321e-04
1.563051647389590917e-03
3.140062496247973591e-03
1.637901330717153516e-04
5.107096917763865110e-03
1.576349976499948503e-03
6.967320350604238287e-03
2.296797220793158657e-03
1.604106927931956046e-04
3.086955931079658419e-03
3.263413073910964319e-03
6.120380749248201160e-04
5.075791577982990965e-03
8.892451159509901166e-04
7.435426270437274325e-03
1.977804022248915057e-03
5.364533446487981458e-03
7.721810723898907790e-04
3.707188684625018285e-03
7.145423642203114177e-03
3.616019412523313083e-03
3.964112890232148953e-03
4.407398450326674259e-04
1.489543321527901382e-03
4.828649057966059865e-03
4.793856886022032854e-04
5.111143810086207599e-03
8.938440655008546287e-03
8.931411658151293875e-04
4.503065869033134189e-04
4.515859291119827569e-03
3.977473468528716291e-03
3.097451783641454442e-03
3.790366517872160827e-03
3.103868224647209008e-04
5.731809159317278156e-03
2.046880811019959143e-03
7.631477331432339915e-05
2.090151664821765184e-04
3.365901288761042340e-04
1.562760122516564879e-03
9.419379065802532119e-03
2.181929342491292258e-03
9.979339314262691222e-04
2.150923128488150572e-03
2.914068055778811384e-03
7.968035133489324894e-04
6.063319623096669758e-05
1.431740058720127641e-03
1.648448795505222733e-03
2.080659033727047958e-03
4.412328190011489699e-04
8.283661764476058518e-04
4.557370281109092425e-03
1.000872488651787309e-03
8.430073937727331716e-04
3.581376707761506351e-03
1.796112821233585575e-03
1.283324966003058978e-03
5.622222822616713099e-03
6.458518471671288730e-03
3.111384894741598111e-03
6.466707449959366999e-03
1.787755439806937297e-02
8.844479664192647205e-04
8.349426178655963357e-03
6.401421560688582389e-03
2.345524392989764410e-04
9.424909097346964668e-04
1.518899504672748500e-02
1.594228643021038117e-02
1.764092287851231136e-02
2.276229210410885689e-02
4.210531177705304461e-03
4.229550766771999950e-04
9.082452999594840468e-03
3.675527369568181661e-03
4.086965973360967910e-03
6.769340024751178964e-03
2.371933178717431593e-04
1.595656472047498730e-03
6.468398123664930496e-04
5.435986539855500220e-04
8.715355774687790630e-04
4.564176379289032964e-05
3.972330190330495767e-03
3.811757582279297514e-03
4.375249950901884469e-03
3.620667503071027700e-03
1.937507950286851150e-03
2.822700591023958542e-03
2.048816283913765246e-02
1.567578294810727940e-02
9.751823720829052330e-05
9.935988619529399768e-03
3.188116328111513520e-02
4.222546274171280062e-03
2.381209263127724487e-03
8.877629723683810739e-04
1.880475092467942966e-03
3.209289961641928132e-03
3.746670558029310816e-03
9.977796638991542552e-04
4.740470486745554986e-04
5.558929261526622621e-04
7.671206530772673067e-03
1.774715780017382125e-03
5.271185317351517090e-04
1.702382432856622838e-03
5.049898318133671897e-03
5.950132284864523800e-03
6.763751189106574288e-03
1.780706451310730821e-04
1.645061355353366487e-03
2.936109234139686053e-03
2.306380380346488481e-03
1.850880353636924925e-03
1.920670366077556045e-03
2.362868598317457644e-02
1.016030086487448164e-02
5.726857575181632486e-03
5.539591608063972397e-03
2.767230742240590902e-03
7.900495529913566586e-03
2.285774540226981442e-04
2.137729683403613579e-02
5.162861106726121356e-03
1.624828864771226539e-02
2.421523861568262992e-02
3.162035959234345706e-03
5.342948322207040704e-03
4.380358030089832530e-03
9.789243417273905956e-03
2.172497285623739213e-02
1.640640305234580820e-02
5.201933070095539130e-04
4.313579677277321577e-03
1.836773983028575953e-03
2.864150588827409343e-03
4.393506015559555202e-04
8.541485780783321380e-03
4.002779693518223464e-03
1.284040754007487184e-02
3.607617109960535064e-03
3.686211953839128343e-03
1.198546817966376909e-02
1.816184041586605541e-02
8.814205137361266762e-03
2.356915226506745009e-03
2.675145133334167358e-03
1.700019447126302832e-02
1.964344143721769541e-03
1.372404178019963339e-02
9.892277047613418084e-03
1.340693798249478763e-02
6.330978915400652975e-03
2.300913145067746968e-02
1.852695913551033816e-02
4.210874118767445051e-02
3.204728988588392835e-02
7.510378586623578552e-03
1.313925855525867152e-02
2.217726588678972308e-02
1.215734212820361940e-02
3.506731419857182352e-03
1.976024953130131514e-03
2.097450860668930057e-03
1.153256205639880631e-03
9.958723290443994430e-04
1.083232729053889686e-03
3.243506158410066047e-04
2.100570074558643502e-03
6.799269749913364408e-04
1.151231744161809387e-03
5.600277695792671168e-04
3.472372619064549885e-04
6.680972690101569071e-03
4.329832769267480917e-03
6.289174393230892966e-04
1.187174934386690459e-03
4.779476292168885823e-03
9.842337830767622277e-04
3.457597940604463104e-04
4.007945661418495448e-04
4.475876376575649296e-03
7.545190289832588715e-04
8.868547460917825019e-04
2.340335794604973211e-03
2.342417722880366581e-04
1.092377318665655773e-03
3.067715932613399098e-04
2.559239230706910652e-03
3.648402505982864356e-04
7.266749159199413065e-04
2.581339350314021348e-05
1.714348722279518834e-03
3.202758109317389336e-04
5.615824910451583428e-04
2.000880286595896774e-03
1.757642501470120110e-04
2.648745091970127787e-03
2.903383860744669816e-03
4.783491014972476559e-04
2.782767313492757588e-03
4.247095744480161215e-04
8.686940663053884133e-04
6.515329558757724376e-04
3.985592213169744484e-04
6.070648185583034286e-04
1.602478396407128322e-04
2.089057426126657573e-04
4.581418482053959546e-03
3.958439859461929588e-04
1.251206963482559727e-03
2.272472266406628302e-03
2.415011673596053829e-03
2.554731186743219818e-04
4.964864038531877381e-04
3.707098707280892524e-03
3.523277453298269586e-03
1.934084610423188752e-03
4.441523594523112337e-03
7.413795011621036532e-03
2.453618181996430198e-02
2.597351483412886457e-03
6.259826750597956855e-04
1.077208851678835167e-03
3.672305762710945456e-03
1.639649313522114054e-03
6.308104691008948120e-03
1.221342819581696347e-02
9.809025842109500917e-03
1.291753422190450654e-02
1.851528790535146921e-02
2.530158057134215474e-02
7.868464518847863298e-02
6.850922967178783851e-02
6.282675333908745857e-03
2.863949825225232254e-02
2.107892721434910521e-02
2.500574175023037235e-02
3.054612986848232598e-02
2.814400574415221873e-02
2.419797719940935260e-02
6.658657211631491268e-02
4.672122038709542596e-02
1.631661481804930897e-02
1.807240806815542866e-03
4.275186983762069466e-03
1.115558426920983592e-03
4.059750514687714314e-03
9.401164769679400124e-03
8.281657310753804194e-03
3.373441006712105182e-04
5.929393725738627864e-03
1.396431750500829946e-02
1.034682013153493578e-03
2.313250443450415913e-03
1.400366158851879678e-04
2.522790318039840572e-03
5.741138158745218156e-03
3.124438944369465222e-04
5.170906521773168361e-03
4.753315739634768507e-05
1.025286799986126728e-02
8.127334214676226395e-03
4.539027400741729897e-03
2.175981421007366565e-03
1.284246088464328700e-03
5.857441667427121072e-04
4.625395466774185954e-04
3.771054806815324865e-03
2.214992087352837032e-03
4.547297233236597736e-04
4.019708546081073193e-05
1.616211257269223713e-03
6.959148229065779002e-04
4.148156128679338301e-04
1.503388241538669958e-03
4.727740091418553741e-04
5.883813281378158389e-06
1.813626376772499416e-04
2.281204590872342591e-03
3.657515766809389494e-03
1.186453548866099605e-02
1.099788766854346497e-03
1.139253668137714436e-03
2.763477754293296954e-03
5.496764290989942115e-04
1.247027278321764885e-03
2.162556840559856901e-03
2.396882411965605211e-03
1.750844970569096978e-03
2.152627764195497737e-04
7.695327766702614661e-03
2.273637698720430266e-03
3.757514932380485312e-03
2.340553189892493702e-04
1.913427475678141287e-03
3.287191339194390095e-04
5.899884906973888802e-05
3.480459405759925642e-03
3.593964105391409848e-03
1.066178645352536258e-03
2.267279525297928881e-04
3.308879678643833651e-03
3.649949645660744910e-03
1.676747837021787734e-03
8.390171714319456103e-03
8.185604267410199857e-04
6.945996450420219206e-04
3.786255708154402178e-04
3.583039075515750439e-04
2.791892597438869021e-03
2.300267619697717991e-03
7.943627905117546864e-03
1.690823807554097096e-04
8.387316680180766440e-03
1.344546350337372069e-02
9.041534684815883630e-04
4.106493773360314278e-03
3.290157075645688128e-02
1.140049185850545987e-02
5.567145177844594339e-02
2.266567567391134658e-02
2.075987798442213705e-02
3.408846940295888472e-02
2.161494202900823836e-02
3.888425426335104934e-02
7.014857764944260922e-03
3.856118531676829908e-04
2.722261932180755021e-03
6.756535927369015926e-03
6.161360461924254329e-03
2.787592938665750357e-03
2.526280195563475025e-04
5.160084781172679172e-03
9.464502299907452459e-04
2.958639887854415309e-03
2.734851130600469190e-03
1.591605161959743202e-03
1.525250132683034394e-03
1.867549442460408893e-05
1.334042468582592776e-03
3.131304657730923230e-03
1.217551869565150664e-03
6.378307800953630403e-03
1.158817920067836265e-04
1.043670056388376486e-04
7.861420217414731874e-04
1.803804834685569358e-03
2.695531229851769704e-03
2.264572667121141601e-03
6.178669591733901810e-03
4.078992867785002745e-03
1.444333955930071547e-03
3.306560953159533994e-03
5.792248318181175692e-04
8.974005922116928130e-03
2.310345116443600962e-03
6.007076382776364507e-03
3.396352457233039676e-03
1.500460143557013661e-02
4.801607651698556502e-03
1.510105184975235083e-03
6.486349080092670971e-03
1.142672786208416731e-02
1.723987615827311196e-03
8.269815533685980630e-03
5.298969688857461252e-04
1.869799485838216559e-03
1.884391417136845742e-02
7.570177847348235831e-04
7.315163948175416181e-03
1.657067395997281756e-03
9.957833319321238857e-03
6.060979882902889013e-03
7.488657737373560774e-03
1.856355122889606982e-02
2.923461024758806578e-03
1.048984641385190646e-02
1.841396963825533278e-02
3.936938171014678182e-03
4.255366591245092478e-02
2.564845234274936228e-02
2.453770527732457209e-03
6.184676518659120922e-03
6.783396734807407326e-03
4.336312170639995559e-04
4.325131584838399351e-03
8.259748496774356593e-04
1.185883739498175098e-02
6.674740209414281242e-03
7.015721345014041578e-03
2.012926945353078756e-03
1.057365593486834718e-02
4.308635224066047079e-04
1.307364097659403056e-02
9.933485731998962023e-04
2.876592117679929901e-03
2.783277242133155448e-04
1.336090051277308418e-03
2.078794852074934609e-03
1.270260848226881581e-02
1.672258011725350543e-03
7.358602721187736811e-03
7.935505582054217357e-05
7.693766276920651660e-03
1.525087442328449706e-02
5.603575396313419110e-03
2.171706892668751662e-03
7.854241283194467529e-03
5.333350956693071708e-03
1.452520938253738444e-02
6.045808319992831232e-04
1.987147758319873087e-02
5.928621600181000623e-03
5.171922426905870701e-03
1.229683082186164636e-02
1.119134660678822125e-03
1.568173949240339940e-02
6.207783843126450304e-03
3.671723931879837186e-03
1.385975509563867837e-04
1.451886139693875713e-02
4.077396661737300865e-03
3.079180932824611438e-04
1.044135081842914939e-02
7.231968864770716050e-04
5.688904930662511301e-03
4.642907477931824262e-03
5.774147581381673146e-03
8.054582554196408617e-03
1.274029779959295026e-02
1.466177818483444494e-02
4.734290795743346806e-04
3.007320288533634443e-03
5.958193820403924132e-03
8.697057942732722841e-03
4.989640876218824975e-03
1.829265746387423279e-03
8.565516848363160119e-04
1.231172040340323438e-02
1.484389751518460493e-04
3.751669466317128152e-03
8.672117892032378105e-04
8.730624580448292493e-04
2.877957646680439298e-05
1.998443019498680369e-03
9.578108589407305189e-04
2.134678808131068670e-03
3.038497262243599912e-03
5.137473383355675369e-03
1.897144396733748848e-03
6.810200327159068694e-04
3.060079626886926321e-03
8.598366962344990887e-04
3.099370205918760071e-04
6.977266871825773230e-03
5.684915059478205801e-03
3.351224715258889746e-03
5.128118251930697744e-03
1.339927561661268527e-04
4.306709118747955841e-04
2.865097021635968234e-03
4.797204701859227429e-04
2.975905641005824418e-03
1.080089341920552684e-02
2.933354865493697106e-03
1.130292189382486011e-03
2.392630228290894192e-03
1.140575637912599749e-02
4.590964344526011023e-05
4.449650919877188616e-03
2.311639437788987235e-03
1.753568322624276347e-05
1.222034547658427950e-02
4.333311875422190748e-03
3.034784570508902712e-03
7.485430837289379705e-03
4.871567584865522590e-03
1.710998615225084105e-02
1.768580580374480571e-02
8.747225495189102362e-03
8.491936961223284404e-04
1.130017378162277361e-02
2.459141425101326293e-03
2.926305372777907639e-03
2.075291825174946717e-02
1.070155855237831660e-03
7.137215857907174693e-03
1.025004861791308170e-03
1.279441246338574190e-03
1.785501169945837713e-02
2.339477488664134033e-02
1.844633169927527598e-03
9.968113871364862877e-04
6.193276289788648102e-03
1.144249147224164938e-02
1.927967696858640285e-03
1.689506083127696040e-02
4.335553855322626764e-03
5.450991292007611316e-03
9.787057148361692771e-03
3.820739914728324632e-04
1.210355075493015943e-02
1.120643282364751879e-02
5.915958993644855439e-03
6.515743301859524411e-03
9.493616341190187075e-03
9.565518388155912211e-03
1.406254568382943673e-02
4.570785623013457616e-03
3.014005267477142154e-03
1.828360639569751337e-03
2.460967179028316146e-03
1.206208403343815051e-02
4.513204843359698744e-03
2.898075995131684478e-03
5.757937411680323810e-03
3.152079760739695535e-04
5.986843881510042417e-03
1.364969852476012492e-05
6.032196387307889622e-04
6.556818611798576057e-03
3.730429367388346691e-03
4.096313988893439222e-03
4.369741751997264709e-03
1.089548915818567415e-02
8.403200168701192114e-04
2.130113317162862265e-03
3.714146467100323465e-04
4.907499289109926817e-04
3.144750901025629083e-03
6.334270332398433782e-03
2.538968255109300479e-02
2.712664998533772034e-02
2.044939878755871673e-02
4.633381442147417595e-02
2.598022235012452386e-02
3.708694178719343371e-02
2.943170063235684211e-02
4.213736716112335273e-02
2.134043474654483824e-02
2.382449688805009930e-02
3.713449722610558112e-02
1.099873767659273888e-01
3.374982925541332446e-02
2.800195283672696211e-02
1.086554276753678560e-03
6.351338521304391790e-03
1.642652262219677266e-03
2.891114094862076277e-03
1.171614084951042370e-03
4.694962416260562051e-03
7.018647267230004221e-04
1.502359317302026762e-04
3.102495215045862230e-05
4.212206769164464348e-04
5.873155002881075282e-04
9.200337673235128128e-05
4.894043362317435433e-04
2.004941107701813281e-03
5.181391584491160584e-04
2.435886508128198326e-03
1.708880051132229171e-03
5.740805036688984182e-03
1.583593693279466974e-02
6.749341431436492282e-03
3.414574212231209077e-02
2.000851685305132799e-02
2.377363869073056968e-02
1.682215000231587418e-02
3.645534738733520463e-02
1.650578494465530441e-02
5.002799756634560002e-02
2.541037879999136564e-02
4.550399436372698503e-02
3.067090219997893608e-02
5.917254708630313720e-02
9.139347156840969821e-03
2.031647095678901227e-02
1.649849559919135686e-03
3.712428398285593997e-03
8.311060432709901219e-03
4.830439724973539274e-03
3.821393826137835844e-03
1.602570050841884298e-03
1.336040861130129804e-03
1.396289517888953634e-02
5.583947555307431677e-03
5.725494211668544914e-03
2.145797287396410125e-04
2.707854725228136649e-03
2.940444786608180459e-03
3.250245622633901599e-03
3.166481947761202922e-03
2.657841605875763819e-03
2.226357893670755442e-03
1.289087643254965094e-03
2.292476601166433363e-03
6.381422841796441890e-03
6.600420888546968713e-03
3.788237525441252862e-03
1.478654100828899476e-02
8.464971184531343285e-03
1.007896421918783036e-02
6.107478066147038211e-05
9.564000606065155979e-03
6.710460145737046252e-03
1.088693525240395617e-03
6.753643014576966516e-03
1.480906543312377963e-02
7.627330141360580233e-03
1.270154030395815106e-02
1.309676272328572956e-03
1.251565707823177470e-02
4.741634441666451347e-04
3.479267728979596169e-03
2.881833588715080469e-03
1.827303366638997114e-03
2.972198139508564537e-03
6.113324059732874738e-03
6.233792552709751383e-03
3.206243484963619723e-03
2.779295181478997831e-03
5.583144599069857911e-03
3.564726589803017456e-03
6.849022807488259167e-03
1.273597382307450031e-02
8.079467369799989140e-03
2.208366512126846808e-03
2.714947998118506464e-04
7.303325726376171069e-04
2.367756217265429113e-04
5.173889633902733348e-03
1.094684379232185514e-04
6.525808028392487926e-04
5.307556403673200935e-04
1.259194024764682431e-03
5.566427626104238427e-03
2.125404666851510218e-03
2.400293881280399634e-04
6.971347797204089497e-05
1.434913946690982711e-02
9.830769359433187693e-04
2.685299995341724880e-04
2.591357987376908829e-03
3.903920367137313566e-03
6.927386354447529274e-03
2.287639949282157820e-03
1.999472482706881379e-03
1.481657755213289631e-03
1.505042302989562314e-03
4.692776611228742165e-03
4.783432835396796666e-03
1.568935824492172920e-05
4.217139641149280326e-03
7.780287474256043442e-05
3.369015527637618003e-03
1.071226413207509000e-03
2.227246164328352141e-03
4.910367852861199749e-03
1.171170681001654570e-02
5.874362094863029701e-04
1.596431170114388169e-04
5.580488662222627197e-03
8.003888501484250628e-03
9.284941525736296517e-05
2.487789126323686120e-03
5.615041266244565760e-03
2.133960336125781572e-03
2.933087038920134497e-03
5.084651001754039550e-03
1.532367249165382365e-04
5.469651781497705811e-03
1.019599000675246517e-02
6.376090972884880352e-03
2.812734169662878259e-03
4.790090799607196748e-03
9.275252663185892810e-03
1.002849401776449365e-02
1.319515217914487074e-02
2.225361401743363755e-03
1.956863298285296295e-03
2.348296531683734516e-03
1.645272070197545834e-03
3.279830547573326597e-03
1.592615214299428900e-02
3.175710853706731340e-02
2.611235129920033010e-03
2.849206422512178850e-03
2.684723174358180642e-03
3.874914289260435619e-03
3.119498080478583929e-03
5.958564641839468904e-05
2.069572965587464577e-03
3.486957855945009045e-03
4.429506117580946437e-03
4.250437010745115440e-04
1.960391100272696092e-03
1.917393761236529633e-03
2.070973446520382125e-03
8.436589830062081116e-03
6.140486478861261095e-04
2.049268633404850194e-03
8.696480479284203480e-02
4.497933021758936112e-02
4.406923099712855793e-04
4.175513000768659171e-05
3.509433952812870440e-03
7.027608225163419018e-04
4.177845997968620629e-04
2.849186506719107725e-04
1.351793024512464329e-03
1.506293924764981950e-03
2.906416828077339112e-03
2.208395330016791822e-03
3.972898152702588302e-03
1.470029274469255567e-03
1.703314605933993128e-03
1.240673987839143897e-03
2.274511648496591824e-03
7.391043898375181727e-05
3.228310673939030311e-03
2.714636076957537003e-03
1.546803193113752660e-03
5.485688311999323795e-04
6.341050661657728809e-04
4.919038744155640464e-02
2.316940246848329509e-03
1.789833302036689805e-02
3.686799870848692356e-03
1.771663630753857058e-03
1.892292699245671410e-03
4.789269715804803096e-03
1.585833690303755489e-04
1.136035745952785518e-03
9.393860408619392199e-04
4.504947681534992102e-04
2.308514340416695492e-03
1.940037758169128532e-03
1.089614669637367292e-02
2.962098571694166214e-03
8.301676701405965881e-04
8.264112625402863718e-03
6.095295492415041608e-03
4.996089107970539192e-03
1.456614356637796290e-03
1.088387407788933212e-02
7.528985481754261674e-04
7.526626810207082650e-03
1.467168221913204857e-03
3.611083050282847505e-03
1.224701756996303924e-02
8.347455688152514292e-03
2.380029181401871908e-03
1.263966134069611016e-02
8.382633460163185779e-03
2.279382395132776695e-03
2.093836915449179964e-03
6.027014285097896922e-04
3.595514162110429531e-04
4.331779757357035604e-03
4.083210716821272031e-04
1.112013266222980747e-03
1.042250175803742214e-03
1.982600832684283231e-03
6.523874073820168547e-03
6.909644309886057295e-03
5.767436352481536714e-04
8.516276643024764544e-05
4.328593626917363012e-04
4.796513845549350342e-04
2.644370759772107695e-03
8.905205968593626117e-04
1.763649328948459129e-03
2.346966760057085221e-03
6.700818344625548246e-04
6.121987159001460177e-03
5.677762669806841328e-03
4.769982402534091864e-03
4.207707214688351390e-04
1.002295551649051014e-02
1.399543452724166630e-02
6.990872381967037181e-04
7.838483363746578253e-03
1.133824259894276529e-03
5.458905848471890627e-04
1.124605729291124762e-02
1.056028420763173437e-02
1.085221605045748154e-02
6.872084607199811790e-03
7.509168910305654733e-03
5.545223151550091219e-03
1.159233252420472336e-02
1.265936956115379722e-02
2.128130537680990308e-02
2.536810856378025544e-02
4.056840132928710846e-02
4.407319664518771080e-02
5.961531582083323677e-02
1.513310352693214914e-02
2.457258168723966407e-02
1.493925897629079340e-02
3.327023851324944353e-02
2.657219005930357147e-02
3.486149185744662482e-01
1.230567084128674979e-02
2.786344871860570345e-03
1.091990385283414045e-03
7.211533500175530123e-04
2.884711588901757526e-04
5.633773517634404213e-04
1.036668007607768069e-03
9.013847671132134204e-04
4.249720982950097418e-04
6.001305286983536942e-04
5.927945094562855378e-04
1.089693792279435502e-03
5.410855424926181703e-04
1.733441620519220053e-03
2.712231928318340878e-03
2.530932209290346832e-03
6.151731530497778211e-04
4.113628856558412231e-04
8.018923561776239743e-04
2.529298216373691887e-04
4.659711689229209812e-05
5.778079086231150405e-05
6.900121384091528927e-04
3.975589951001268045e-03
3.272337042632327084e-04
7.277545444548011748e-04
4.721554805597433582e-03
5.679831735280303426e-03
4.793816697791694332e-04
8.177756727811611543e-04
1.118456403434863735e-03
2.053643689696691647e-03
2.308509568272891469e-05
2.188838748378861727e-03
2.170706005755668189e-03
2.460230952658202207e-03
4.080792524934469343e-04
7.303006905646354746e-05
2.270116301938761945e-04
4.768961064585306234e-03
1.878419602959216722e-03
2.323737836001495659e-03
1.095193263245271015e-03
3.839119830651977535e-03
1.148840283938344772e-03
5.915737517504291061e-03
5.777640994120823324e-04
1.833766045899692162e-03
1.178032162635465072e-03
2.594339356400861708e-03
7.556619080302841296e-04
2.226518732239995176e-04
1.922487037654990304e-03
2.260656432003145815e-04
7.178011714294500051e-03
7.197366849927244216e-03
2.071815654800888713e-03
3.891390041553189488e-03
3.409903634749574344e-04
6.283439827661268986e-04
6.239766049708394191e-04
1.628897870340816371e-03
4.791018215327260223e-04
6.151593629473911729e-06
8.349141259086675752e-04
9.748169476080830245e-04
3.336149183183177453e-04
4.978132037463349610e-04
2.514621068522537558e-04
3.187386806552124086e-03
3.305157164201048998e-03
1.328973323230411407e-03
1.190597173324852570e-03
1.359967508817745870e-03
4.228305335962287415e-04
1.187882123146371486e-03
9.617916654282507305e-04
1.128234316836807753e-03
1.093615511560978078e-03
1.219317454414257235e-03
4.498249824395465259e-03
3.960132501856782365e-04
4.361159946705869925e-04
1.852236057723630506e-03
2.372188904598790957e-04
5.124641880896916267e-03
1.719508014057160618e-03
5.307764485351022365e-04
2.957192649330421443e-03
8.829820943108495322e-04
3.220760299438464721e-04
3.140894953737314904e-04
1.387424552649337483e-03
2.541604641725822046e-03
1.688356535911249290e-02
1.725296121515136269e-02
1.026963335681286421e-02
3.516297288423153589e-02
5.420676630874388460e-03
3.262020010690909336e-04
6.580132306959696415e-04
2.872236964907724701e-03
1.200216419741951932e-04
7.010993892545294649e-05
3.738819652139830415e-03
9.064413340655687367e-04
8.260117903001474573e-04
2.761825902548879145e-04
1.753704912429413735e-03
1.248137403698748333e-03
1.207139034905236989e-03
2.079060963352293424e-04
2.722583796897297490e-03
1.038279780230969354e-02
1.040413666597012586e-02
2.225204732470471587e-03
1.428239627884379673e-03
6.750758828556501553e-04
6.334652950647767615e-03
5.985122226270491114e-04
7.865532314237506624e-04
7.944794729852768748e-04
8.130778246977327334e-05
1.026972798277066973e-03
2.551928933375460003e-03
5.038253767634891765e-04
1.864213107284558063e-04
1.240863872918979540e-03
1.589787020302720066e-03
4.111441557338408681e-04
1.104276689134632214e-02
3.224132283399871925e-03
2.834622484546413940e-02
1.616712238467707397e-02
7.907252981136682346e-03
1.338273935389682444e-02
1.642114264916067455e-03
9.655982258153530257e-03
1.384733735366166802e-03
1.149959123813962703e-04
3.653605831440062505e-03
2.626172684928177077e-03
3.395144234266018590e-03
3.884645671688162927e-03
8.117972038724326905e-03
7.703711821812569624e-03
8.060245656402800773e-03
5.934027597097353904e-03
2.709192083905357295e-04
2.064147380462001431e-03
4.083457420511285053e-04
7.758462287262100215e-04
3.262525693315479090e-04
1.826588230494784150e-03
3.195903184673694677e-03
6.872359537795052174e-03
9.554802600570612599e-04
2.765999432830372994e-03
2.999902662780576552e-03
4.467594684668125225e-03
4.111002639442754708e-04
2.957298093618793838e-04
3.464408689297824532e-04
4.579528741306195276e-04
1.970816195741043400e-03
1.815861099927435461e-03
1.520315780599780075e-03
1.290742310375608132e-03
6.118795797163073622e-04
2.238844458703241874e-03
2.050597766389251463e-03
2.097980556222094582e-03
7.019313074216276631e-05
1.106195986772462708e-03
2.132578067977063639e-03
4.861873277627113202e-03
1.171168963971684586e-03
1.622891635385721038e-03
2.564988684088878460e-04
1.412701939666732159e-03
1.306191088159241575e-03
3.376021170636577667e-03
2.346882510845051378e-03
1.341499258592025560e-02
1.708866969059753306e-03
3.751161059014672741e-04
2.707528310555712284e-04
2.945155665044175194e-03
3.454642602449598844e-04
2.577980157840098962e-04
6.256281886182933822e-05
1.359676274610417939e-03
5.203390965893728293e-03
1.707893814693177111e-03
1.195837432325263855e-03
3.797327748769348688e-03
7.200274729677017156e-04
5.649373884209154748e-03
4.474748148946571837e-03
1.234014741724260861e-03
1.733471558812548635e-03
5.912736781867604548e-04
6.417227985768635297e-03
2.751230446014644505e-04
1.438745993771061707e-03
4.212873239967832723e-03
1.535126607417169452e-03
3.441006267156158233e-03
1.100402592336234965e-04
1.213828227163867680e-04
4.314772837160124781e-03
8.113294923097591482e-03
7.271615030266337550e-03
4.160884379372277626e-03
1.348642302934145894e-02
1.267399821848878448e-03
3.637311175073652250e-04
1.135790813338150972e-03
2.629586717706872056e-05
8.908510851518915185e-04
1.756030951466668912e-04
2.280248706488347335e-03
9.192624251709272283e-04
1.944441563687658060e-03
1.410294481334479957e-03
8.719572434585172623e-04
6.318407759966643278e-03
1.309785374119683092e-03
3.596524223536195445e-03
9.870855980967517714e-04
5.309264385001826597e-03
6.276903497503672283e-03
8.403115317875336360e-03
6.496996087379751546e-03
1.583820827279136360e-03
2.631240688000476328e-04
1.120986290710918043e-03
1.007578170545466063e-03
7.026779330485146152e-06
6.708912487971551439e-04
9.979937372164382568e-04
1.124535177945426481e-03
4.247696391213109674e-04
2.061932352987575520e-05
8.668874763357175021e-04
2.906049813999185099e-05
1.200014712676719837e-03
2.473684569145769875e-03
1.564652504684791237e-02
3.984582462221692746e-03
7.584257020488890380e-04
2.571352103124071187e-03
1.024600567746393595e-03
1.948356255405498012e-03
4.273010703766042667e-03
5.671950740894571644e-03
5.161503190602699867e-03
9.056811550959291759e-03
1.886920004709548879e-04
4.250204412034760092e-05
4.089311468397385102e-03
7.476174399756221325e-04
6.909749048357924188e-03
1.086553047013193683e-02
9.509320808081739296e-02
3.037499866769821644e-02
1.898027056946442748e-02
3.339794250208408949e-02
1.935638567915556191e-02
2.174822676704956173e-02
1.931215785105542052e-02
2.443622279300326078e-02
4.582063706976673839e-02
4.069032390756914530e-02
5.017514980421992205e-02
7.504532836805544171e-02
9.933815720370200997e-02
1.317334973713107232e-02
9.877651880028914810e-02
1.907038253676986844e-02
1.075957657526100840e-03
2.557195515004232356e-03
1.197209405970771834e-03
1.356922391644648992e-03
2.285925396304979432e-05
1.299645946583643597e-03
2.454815940043864530e-04
8.595583676156701766e-04
8.618381315880566920e-05
2.821952650358674868e-03
2.583335325013066779e-03
1.137690216164917467e-04
1.312593959855329036e-03
3.933704277587308173e-04
8.432318423207216945e-05
2.265637405813092147e-04
7.629476121020096341e-04
3.009789898724484283e-03
1.948352691338681164e-03
1.396671376112120985e-03
3.405552610080799739e-03
2.554519364172069991e-03
4.181029724918714852e-04
4.524701545041729745e-04
1.970366919798518905e-03
1.330076996231401541e-03
1.266061420084764683e-03
1.371795906922187395e-03
3.184922548444868266e-03
7.480024436105673323e-03
2.352722720289052269e-04
5.882195224556036744e-03
1.357949330378946211e-03
5.170819899024985643e-03
2.930493119599335587e-04
7.999683482534995782e-02
7.132240378844038886e-02
2.440814220218436720e-03
2.537707403066828227e-04
1.381351293400973068e-03
5.870902428424611651e-04
1.882678502752193868e-03
5.020656190837183806e-03
1.374915535557103356e-05
8.244757134189265512e-04
4.346471004633460579e-04
7.435199549231253056e-06
1.925914400213568807e-03
1.387656086226253050e-03
7.400457145655127758e-03
4.168652712724855991e-02
8.321847928326190497e-03
6.891262913042597686e-04
2.466619823819604304e-03
3.233666350102254970e-03
6.738084180162172594e-03
1.059603087553881353e-03
1.406937534776602286e-02
8.588036144040134268e-03
4.580492214511256224e-03
4.167132721825248486e-03
6.365217169037607099e-03
2.318916388361438527e-02
2.407083021686707430e-02
8.397499095009705941e-03
3.671967425006689503e-03
5.802148131162361382e-04
3.600148820224034762e-02
8.079619311999108530e-03
1.814916006310696855e-02
2.135350170873892561e-02
1.838399644423851370e-02
2.262065584360200589e-03
1.619077344861832857e-02
6.878166979340203128e-04
4.950614040300355817e-02
9.870466720569556762e-03
2.304024833995836630e-02
4.858202069873832248e-03
1.952926866772860311e-03
4.859683624946976171e-03
8.016464107414756832e-03
9.413303246010530992e-03
4.585269518862626799e-03
3.209517651087016930e-04
6.236485824150373976e-04
4.663735809536995180e-03
1.017719652485813661e-04
1.970891338158702868e-04
4.531935914399662932e-04
2.121278292948069219e-04
3.611279707913841162e-04
2.309039396372579434e-04
4.306336872491690134e-04
8.995414424319981683e-04
2.316020949903688057e-03
1.472275372788815111e-03
4.880516816728439110e-04
2.720097765797686211e-04
2.094920057763531053e-03
5.726496306004601406e-04
2.643259701732533426e-03
2.958273802700869728e-03
2.981148777118812422e-04
7.371238365684364309e-03
1.284655052015918481e-03
1.295655672335094223e-03
2.415140421747706719e-03
4.329813248832118169e-03
5.730010372352691873e-04
6.310966904347862540e-03
2.073867519244514644e-03
6.775354720853365639e-03
1.017226891390704720e-03
3.948805960917607313e-03
3.366122846943582145e-03
7.660269644768990084e-04
9.524112503449165762e-04
4.226898546809276444e-03
1.605260528109189472e-03
1.094127681135827939e-03
1.614322414538826942e-03
4.142303048462516075e-03
1.348902963278780873e-03
5.385479006156372594e-03
2.744113507973351164e-03
2.007655170586067957e-03
1.680188170386094117e-03
5.151916694347079924e-04
2.438170262161586197e-03
2.990617712220158779e-05
1.991217906160930133e-03
9.872865408270862196e-04
1.896219344892220238e-03
1.962089019018171780e-03
1.709660150370525492e-03
5.205204672815894230e-05
4.253105658296296894e-03
9.364373561909885429e-03
7.881901789682251415e-04
2.208885181742023182e-03
2.393025533533666045e-03
1.090644638346007552e-03
1.580472808311054892e-03
5.615592562887869107e-03
4.981891294073760579e-03
3.131944994654287432e-04
1.928940740550151231e-02
5.160612821311317481e-05
3.098672107179629986e-03
5.615831006132505042e-03
4.143777250782619027e-03
5.065311317467035591e-04
4.086927366256486692e-03
3.697377326634433865e-03
8.033825195224348920e-04
1.126739927847782846e-03
1.682429379373185903e-03
1.761902408534422740e-03
1.495894283066771411e-03
5.366928014074961659e-03
4.306942876138162256e-03
5.745737638228949618e-02
2.728950163381020037e-03
2.386786423777335561e-02
1.789860759981753632e-02
5.368027322191019565e-03
6.182594448608834566e-03
1.098588265050647918e-02
8.539249045751597447e-03
5.689018644239094043e-03
8.489335520337891895e-04
6.535564179924601856e-05
1.167074463334017570e-02
5.838863477669898987e-03
7.336239863819431391e-03
1.015814797608042847e-03
2.488385594179503418e-03
9.840261392528196031e-04
5.614898537285089794e-03
2.485925196833545497e-03
2.267677711551886917e-03
1.260693270223817077e-03
3.094913335737581317e-03
9.270641043534092601e-03
4.487722477232232443e-03
1.642217303658696564e-03
4.933620272608440702e-03
1.343425138138901881e-03
1.999145620278647696e-04
6.389346285098638015e-03
8.942472215270808045e-03
1.922288360068899818e-02
1.893215303925189661e-03
1.628179321219341488e-03
1.307030692554971008e-02
8.040522395813180442e-03
1.610047822962269379e-03
2.538325264698826356e-03
1.288057192368942394e-02
2.943304507398508945e-03
5.733955510321514862e-03
2.609531340294136189e-03
2.814497165764544458e-04
6.294863214614091623e-03
1.210241271870637606e-06
1.504404732032066025e-03
5.595950379105232972e-05
4.204746072470751063e-04
1.284917818979762916e-03
4.415756459697880087e-04
2.527182063917135361e-04
8.097712784943763599e-04
8.387384235162773918e-04
2.644084352510372559e-03
6.883975246685155452e-03
9.427034419868213320e-05
2.619181600490845356e-03
5.541430924436503876e-03
7.378365663201968613e-03
6.054929557765875714e-03
6.767774854591623000e-03
1.144114401753697045e-02
4.833658115099481387e-03
3.748531480786212317e-03
1.593914457087682469e-03
1.085694899596427627e-02
2.651755725794241545e-03
8.830345554292146765e-03
4.324536013112822812e-03
1.959307527814549855e-03
9.899973635054662349e-04
1.321833020335031264e-02
2.360656690024283411e-03
1.003294771264781615e-02
7.190728861578197205e-03
2.057540143907566482e-04
3.052522481710610858e-03
4.816707923971291013e-04
3.404600661703514278e-03
3.781470223950001981e-04
9.240984094282302932e-04
3.889916930136501447e-03
2.454880440334580860e-03
1.290378814742543755e-02
1.418044639700496642e-02
3.023900044170242662e-02
4.433435220414015492e-03
9.906266708708024935e-03
2.570932675700187374e-03
2.751863022144845211e-02
5.447237127501450326e-04
4.123528939952939704e-03
1.479253161119520538e-03
1.121836815087493347e-02
3.100133915631891196e-03
1.133324456417862279e-03
1.122944436692602591e-02
8.096203313836248389e-03
1.378691965639872868e-02
6.101470364018915168e-03
6.030183029471102366e-03
4.573598815976766957e-03
4.586964631818910010e-02
1.834395730401214980e-02
2.042475112072736701e-02
8.922054984654157264e-03
1.257134389860722727e-02
4.464756540098919861e-03
6.887388782614195818e-04
5.303257489908595919e-03
2.345365920467341100e-03
1.253946428992982229e-04
1.991519405739270495e-03
2.548758206554691246e-03
1.745760932133145257e-04
1.888314348208625440e-03
4.328430198349541083e-03
6.382770671352163598e-04
5.851450212898970599e-04
4.420454601242278930e-03
3.716705648385553199e-04
2.161947606520127092e-03
8.252578943818643896e-04
2.181959347669136615e-04
1.478330823707028885e-04
1.852827861359478893e-04
4.057058014040342995e-04
2.881470419165560459e-03
5.010552534492720630e-03
3.157189886471419189e-03
1.126765704897194926e-03
1.667770393784369972e-03
4.298970507690315183e-03
5.910149309271840300e-04
7.366679222821426783e-04
1.086762113619516100e-04
1.727413260968727006e-03
4.604354770450339550e-03
4.126934460391509275e-03
3.650633586689901221e-04
5.672040033087910387e-04
2.221096452261852195e-03
2.412379924430440269e-03
3.672831834647474498e-03
7.982903505273511793e-04
4.323385512256948567e-04
2.056549294716847678e-03
3.560750537704250162e-03
1.909306206689125821e-03
1.218739137213160201e-04
2.225425118755418156e-04
6.966178670415407170e-03
8.932720496399215032e-03
4.869008647075790709e-03
1.199042843936578380e-03
6.007959678598125824e-04
4.572665885660230113e-03
6.998648336948206641e-04
1.067069456339665885e-02
6.209092019761789684e-03
7.504614318393864171e-04
5.292068209978879613e-05
7.291263519964315612e-03
1.125621287040281561e-03
1.710283223552685257e-04
9.799498315914236847e-04
4.571258819320244923e-04
8.604198509947104260e-05
3.003838051824882921e-03
4.988660931715205651e-03
4.874312517388634976e-03
1.562326838690591101e-03
8.624680881122283663e-04
4.213694029970926842e-05
7.594352681516661208e-03
1.246584091273470352e-03
4.743061419636662680e-04
3.868958943350304588e-03
1.659061313720609689e-03
6.190430326262470404e-03
7.766069085166855783e-03
1.289246195479445750e-03
8.474186408781432187e-03
1.070450230005884004e-02
2.140315293259780665e-04
2.718438454508310866e-03
3.472294410728697482e-03
1.851026441768372020e-04
4.983890278321115221e-04
2.170498151411420600e-03
1.260617907506395365e-05
1.670084353073970299e-03
2.271487238469096885e-03
1.327515564459585008e-03
1.612407059385136295e-03
1.470192326508134445e-02
6.151798221016776050e-03
1.690956626247467861e-04
7.406021974969697686e-04
4.319049054541163404e-03
5.176122747300301516e-04
1.815542400133734156e-03
1.082718549435222888e-03
2.748410584390287639e-03
1.670479812461495971e-03
1.200884484675714212e-03
2.271714502797729431e-03
2.158311957591761633e-04
1.514399800198169919e-03
2.066343436188744411e-03
2.692987410149174591e-04
7.955770668546108260e-04
1.903071479659865532e-03
1.612112514608467131e-03
1.332424939623564741e-03
1.841449197460703815e-03
9.935041934460557903e-03
1.915293647889228358e-06
5.031481565678986266e-03
2.235333067332017070e-03
5.419635576428280012e-03
2.845444383791555752e-03
8.764826438952898853e-04
1.263101223401037071e-04
7.285719378661281980e-04
2.169847663182998673e-04
1.244691263369677873e-03
1.807522285840924489e-03
3.226739600546062701e-03
2.208167188915825287e-03
1.214821101398722708e-02
4.264177368878185664e-04
1.924543843675031660e-03
2.649770679482655981e-03
3.366026971575727250e-03
8.921203767303740456e-03
8.000434515253191520e-03
2.607306011814848785e-03
1.125823586222750869e-03
1.278688917013455235e-03
6.131440351802969722e-03
5.094289203832908994e-03
5.063705833494812921e-07
5.010245117463829872e-04
7.029152413284995302e-04
3.523633038801056525e-03
9.873101858217936400e-04
5.899249545478842290e-04
1.608219693613209761e-03
7.746777058763771890e-04
1.372057536074797711e-03
3.419289531118739969e-03
1.634312935605764482e-03
1.462936134420611545e-02
6.008212436637273834e-03
3.109237481490490212e-03
5.423100363372521451e-03
8.172882555352110889e-03
5.294760660238543443e-03
2.932883214877471238e-04
5.202999905751920333e-03
9.827165369752448830e-04
3.626019000370712866e-04
2.720551036841793485e-04
3.181800260543857142e-03
2.621873989603941153e-04
9.516838639888194418e-04
2.113307342327530071e-03
5.155263801302641634e-03
3.215237163145131648e-03
7.340401056414734733e-03
1.053129448361957024e-03
1.436739243066800873e-03
2.486668293338451657e-03
5.098557627720175624e-04
8.746460219801869586e-04
4.359001175782948462e-03
1.123343980404626578e-03
1.572580657902411386e-04
1.723521984803473789e-03
1.043556200092879069e-03
5.209416137232900958e-04
4.821743465043526120e-03
3.194496768499720252e-03
1.352388340844452169e-02
1.038386473793836794e-04
8.439344251727246785e-04
5.339897553762049803e-03
7.872768819466552381e-03
1.032125795393088949e-02
8.566940454942682803e-03
3.472032764766643572e-03
2.359777018841506535e-02
6.673726666715548705e-03
3.286064761615197774e-04
2.673639742651080092e-02
4.398049452160390305e-04
1.572318144531034993e-03
2.558713625958547368e-03
9.331933969304328363e-03
5.557387586462520044e-04
1.035401061686934930e-02
1.277274781638357629e-02
1.200846828882325308e-02
6.214898637016060511e-03
1.614197275062484883e-03
9.971561896365752336e-04
7.745532004488321458e-03
3.080151328580927814e-03
1.337816445857888115e-02
7.444380646578497782e-03
3.641481052144316440e-03
7.723634129257668859e-03
1.629476879328322324e-03
8.384413954134718131e-04
1.213268417954138992e-02
3.916699732526749377e-03
1.852241083586086273e-02
3.955866091520757709e-03
2.736310398024065249e-04
5.529130450252596647e-03
5.855276647321361848e-03
1.346603105197697161e-05
3.135459871572671836e-03
1.792142002431200952e-04
1.604602405490856629e-02
6.707169525865297292e-03
1.651257799264422167e-03
1.053126393346861958e-03
2.283965049047771700e-03
1.749743404956465498e-03
4.505300427289182612e-03
1.829522732404624888e-03
7.065504937667879334e-03
3.639673164720168014e-03
4.116635038232151385e-03
8.879191260493045357e-03
1.132385179890432921e-02
1.433366913612616270e-02
4.553016531057158678e-05
4.506870158525790211e-03
6.167305278221446412e-03
2.766643876115371385e-04
6.190851295597809938e-05
1.050227832015429357e-03
1.585122025907498809e-03
6.152130249346397274e-04
1.728519511159549125e-03
3.333028656180322784e-04
2.613047316496100447e-03
4.137016429819412246e-04
7.689353146685236557e-04
1.855334145392968431e-03
2.148536817326750052e-03
2.373706034686928084e-04
6.528490445335180645e-05
2.275762949202872750e-07
7.349723675284770222e-04
3.054853021108019310e-05
6.193617971844016289e-04
6.867593282806290283e-04
1.430614765098089242e-03
3.410632786032360975e-03
1.807314352187434784e-03
1.114606835679964133e-05
5.569124326547004338e-05
3.319274727513218601e-03
4.094685494425840446e-05
8.821776886025536879e-05
1.798735742998667890e-03
5.497991099730870730e-04
7.698489146848760782e-04
4.593806504513831403e-04
2.062409992354488370e-03
7.526765651935967598e-04
6.751485039490972770e-04
1.355955253885198723e-03
6.854495069933214980e-03
1.805245624421713147e-03
1.279056813486611609e-03
1.097839949395985849e-03
1.753208276942130710e-03
2.615634502419898798e-06
4.724108333984464517e-03
2.230593357012835426e-03
4.585498080042132996e-03
6.435323338667317018e-03
3.020326225302899428e-04
4.449184355182711492e-03
1.065639111056285518e-02
6.276957969714156739e-04
7.687402172076016928e-04
1.602920289211464322e-03
5.242622120543157654e-03
3.423713698806072139e-03
3.697234302963675178e-04
3.801186181095247106e-03
1.844346516224897731e-02
2.945063284439902729e-02
1.159590122487424123e-02
6.879819411796558870e-02
1.410854693468283939e-02
7.977485183346542941e-02
2.238239032350109251e-02
1.738459625011217966e-02
1.751474795383255872e-02
1.907333458137304080e-02
3.548553759215344883e-02
1.629174305601659850e-02
3.730859367967751666e-02
1.721684789399702611e-02
9.442408245371068307e-03
2.554881419647132487e-02
3.029634497488122719e-02
3.112451686828598789e-03
2.705848301249164350e-04
2.280538263293794743e-05
1.302211515726567413e-04
2.202110194795960790e-03
2.206182830510238814e-03
1.329898631435011956e-04
8.191997107983566007e-03
2.256127933418185434e-04
2.296962734151325718e-03
4.484458878654251114e-03
8.264708203340390483e-03
6.346600790955026069e-04
1.816939672453982742e-03
3.006392766167642768e-04
2.509259806804780765e-03
3.546034489986952046e-04
4.177142646216320913e-03
1.718275586123192635e-04
8.241637088634894354e-04
1.064311197796815055e-05
5.840768069544584155e-03
6.279316630943585853e-04
1.273778847659781058e-03
1.131470555567574239e-03
7.917459047364348076e-04
3.269675878462924897e-03
1.783611399062749910e-03
5.702007803769792733e-04
6.552736188656447646e-04
2.136345667723229570e-03
2.829517471877671195e-03
6.286692852140424821e-04
1.732386176083317020e-03
4.377092623608170517e-06
8.269486028755511147e-04
9.762021495775625914e-04
7.152640952476517402e-04
1.440574095919370775e-03
3.707981844967626200e-03
4.720464357321407984e-04
2.820792728467877951e-03
2.520283467825218133e-05
6.168755160113845734e-04
1.102604236119966892e-02
6.804605070182741591e-03
3.431280596743062176e-03
1.846878037985778299e-03
1.355478956918934087e-03
1.169109849243793551e-03
5.243445678770222544e-04
4.545241173909813628e-04
3.808818555695740781e-04
3.532868795961366468e-03
2.588670132201085963e-03
3.570210894148468332e-05
3.432804485705588399e-03
2.118592365421781247e-03
3.166359287271593333e-03
3.743873850240278566e-04
1.119843565707030753e-02
2.149963610855099971e-03
3.398543551258927358e-03
4.590536309715774824e-03
1.832486020552080361e-03
9.134474884350539696e-04
2.649232227767805113e-03
4.133440635551699212e-04
4.439702892891024587e-04
1.731665692954445848e-03
2.379601477232337430e-04
1.317416628903551054e-03
2.331500053574594652e-03
4.800649994348632661e-03
1.780672069635612018e-03
4.251651749705849005e-03
8.339871050713490918e-04
5.310374947245408931e-04
3.688145288547350388e-03
1.668663642871770275e-04
1.171868861784345229e-03
2.028225983905327257e-03
2.995087816033077492e-03
5.671247376005872842e-04
4.989773435233569102e-03
1.731891136839917812e-03
3.373840521613811951e-03
3.484789855606390714e-03
2.350252430785106095e-03
5.361402918904416455e-03
5.015652367214210039e-02
4.061446304104941729e-02
6.271869934397049373e-02
2.522444505873744358e-02
3.301130262229343137e-02
2.912158892761467291e-02
2.500514060833529395e-02
1.673842236840778624e-02
3.574066794612391212e-02
1.023538202977352166e-02
2.031356056479885659e-03
5.870603029608135667e-03
6.619899604530715470e-04
8.774863354960851444e-03
8.540744565321607305e-04
2.248091295908087334e-03
4.238623248237400102e-04
4.105753407111854933e-04
3.994567968176571983e-03
1.021272907442364025e-03
1.813004521252938386e-03
1.814195843524010841e-03
1.143393739989402580e-03
5.273004290883226766e-03
4.889316486741248323e-03
2.568080979118979833e-03
8.517173027332004777e-04
3.579455204278041581e-03
7.767554656412181853e-03
2.100158061915704741e-03
3.549837962827411680e-03
1.649236989279733324e-03
8.204445792155894146e-03
9.147752643771798337e-03
1.664605956382285423e-02
1.774382745895026342e-02
2.329300953206798683e-02
1.906479480104757498e-02
2.783914660446357506e-03
5.611633437895616888e-03
6.459859980434578229e-03
3.133231937215232715e-02
8.697293938789363993e-03
3.734997459901965786e-03
2.132429584139989339e-03
1.135023147756481637e-02
8.165338898888713963e-04
1.027416638323710909e-03
2.297032821016872176e-04
8.759074194139680617e-04
3.223236748196783375e-04
9.426976689682825062e-04
8.246216953823031631e-04
6.557808381925617040e-04
2.059272472899336022e-03
7.768465663598731526e-04
5.056022095519871820e-03
2.237419481028624525e-03
2.372943942709287990e-03
2.850245182553631448e-04
1.607356089419548044e-03
1.297626430323822332e-04
1.022956221205347654e-03
8.353341267648290921e-03
2.212136580504558666e-04
1.584065563049911416e-05
4.347400560713602031e-04
5.284213127801236018e-03
9.931057101961857439e-03
1.291465914123351467e-02
7.528816958169957680e-04
2.069777094559992290e-03
9.958818767197301271e-04
1.225907529673135469e-03
2.084496475141294283e-03
5.525473590716162113e-04
1.678923153867853272e-03
1.542925356237796427e-04
2.329441691899439943e-04
1.777842689346702731e-03
2.097008336905440643e-03
5.320987974844680569e-04
1.778293526631875496e-03
3.537179356602785599e-03
1.210532852679452711e-03
5.088367901584888234e-03
8.109980027095797968e-04
2.597270912672880461e-03
1.629421251393539313e-02
3.883162312599106763e-04
1.024938715752557808e-02
3.884577266331129628e-03
1.279015690575949910e-02
1.180959634496717668e-02
4.128627422991788462e-03
1.004440016832035612e-02
3.106153792683499087e-03
9.708913732171305794e-04
1.275610209722973301e-03
2.605491283365932859e-02
4.469733608806907704e-03
9.401267910140013312e-03
4.039133550571206120e-03
1.909942459206449838e-02
1.103717571833038452e-02
3.793589278290004918e-02
3.849588135424057006e-02
1.858646662951089767e-02
1.185056673005826650e-01
1.746207589237925781e-02
9.349999747566166419e-03
9.148392391083800743e-03
9.403866907090412640e-04
1.622206534028643871e-02
3.719443876581679433e-03
1.215275198367349058e-03
2.318484267852661488e-03
9.329534413426045355e-04
3.408814315832478688e-03
1.353830433212677197e-03
2.067511325607770956e-03
2.863924811646909388e-02
2.080358714802928687e-03
1.033644278542883649e-03
1.188915199075117959e-03
1.192228230037707887e-03
1.968701893692454677e-04
2.468258985411233924e-04
5.441013068576681412e-04
2.242253507664183410e-04
4.405254536354833751e-03
1.746268280567529535e-03
2.819043710571626738e-04
1.826560391677457037e-03
8.890763782838984920e-04
4.655659203143057531e-04
8.439317022321084216e-03
6.764534635429119910e-03
5.080481079202488941e-04
8.516864221499762075e-05
1.775264458672557539e-03
6.379868655998276877e-03
1.713180651957828347e-03
1.221211532292548621e-03
1.715598213812622157e-03
2.986924526297533725e-04
6.510867953955218682e-03
3.138808702795354341e-03
6.596567982187820020e-03
7.242460378425988506e-04
8.101083586180197506e-04
2.024373032992471920e-03
1.321150491917428334e-03
5.158498024275926614e-04
1.346033483495777654e-03
7.928294876406784828e-04
9.759350309066529283e-03
9.920339725501985985e-05
2.826541735159498504e-03
1.758343652718397879e-03
2.974213083459975766e-03
1.460776990836644505e-03
2.142716541423862905e-04
1.574401604678724378e-02
1.320784911100496457e-03
1.057700052893145119e-03
3.113412012823902827e-03
9.194847076230363084e-03
5.459823765308158793e-03
2.278558304609723268e-03
4.233986859025429261e-03
1.537705097354974447e-03
1.028333797320961362e-02
6.698291174157473046e-04
1.320352291853852614e-03
2.054349499700874881e-02
7.434660302358359757e-03
4.157313189349388233e-02
5.997669919856978699e-02
8.558213946946755879e-04
3.887640725670437475e-02
3.954859379960733168e-02
2.433725784933733413e-02
1.805034748088106197e-02
5.216916768959157895e-03
1.433522785577186556e-02
1.398130493303934019e-02
3.067512564604942329e-03
3.056989896819980665e-03
1.544872477529649242e-02
2.608644873590460194e-03
1.171984482143269626e-02
1.538100845456019834e-02
1.245733106056338274e-02
6.296102441473123285e-03
7.333993249559118618e-03
2.501091669944270623e-03
3.649449930068139505e-04
4.965138267848843816e-03
3.751677324491084747e-03
9.989856278746298696e-03
2.081417142032457746e-03
3.318973906523664096e-03
7.183617628945780653e-04
1.122904973008081531e-03
1.470698165575375430e-02
7.189172141470278167e-04
3.492333789789208668e-03
1.815618468959875019e-03
2.007800035335250474e-03
3.903210731498504837e-03
1.063384394318913143e-02
5.309538261565441329e-04
2.409522188063834350e-03
5.351650635520635579e-04
5.988037027581038455e-04
5.706136925662947876e-03
8.450084204381142286e-03
9.735021823386631615e-04
1.577812746168836188e-03
3.989086119116964750e-03
4.137618719764054806e-03
2.466227366203755777e-03
1.087074981601887820e-03
5.725345260918455201e-04
4.208738708809085598e-04
5.850121103870395585e-03
7.143024803142848655e-03
6.309540929335688900e-03
5.478575956687244466e-03
8.176620483924805938e-04
4.575700682774327781e-03
7.599828034369973326e-03
4.468643037207746006e-04
6.342629708666611740e-04
5.027853520854705383e-04
1.617138440179045726e-03
9.029183833911586139e-04
1.188072668292272736e-03
9.067106836670637410e-04
1.371644015481469914e-02
9.722421266348509408e-03
6.526307922867639368e-03
6.046094161061147179e-03
5.729119142508959026e-03
2.364751180867249026e-04
1.569054966122710240e-02
4.961735453539548903e-03
1.052675439330496556e-03
2.133692559065659944e-04
9.804995160090732714e-04
2.608863683095760840e-03
1.170487119896649469e-03
5.990640543190903916e-03
5.274786571245039177e-03
3.685311270962424515e-03
1.067657970429553623e-03
2.025467313884921940e-03
2.028304561301364200e-03
4.370586828301093602e-03
7.701070840866255116e-05
4.006140532553668422e-04
1.134747112743146082e-02
1.598573532634546329e-04
6.346360281110205968e-03
1.428696031691171521e-03
6.596939231300903358e-03
4.343806495427753045e-03
5.672764683280824560e-03
9.842599123095921530e-04
3.084877408140787591e-02
5.920945574094012981e-02
3.378157838336415253e-02
2.180042599948910434e-02
2.120644050164447944e-02
3.478220752215994277e-02
3.420768077337737328e-02
1.061824380642957533e-01
2.601194030081818015e-02
2.478195122214614521e-02
2.707747933332362716e-02
2.234595375406691481e-02
1.245385109536264329e-02
6.883021841673174490e-02
5.015037704915090155e-02
4.056831808089451236e-02
6.177742834253911568e-03
3.765063435022106796e-03
2.698506561773680347e-03
8.402949906725538671e-04
4.880736598213884780e-03
6.941073900105830009e-03
3.361660703845288731e-03
5.506256166658652978e-04
4.894783080722556450e-04
2.259670264379860793e-02
6.232349436645487004e-04
3.804152068294605529e-03
5.195210065370647716e-03
1.172306070537531240e-02
5.447452223144932416e-03
1.258300085415747782e-02
4.368428787293461915e-03
3.620216367760765736e-03
5.039404901822391002e-03
7.230686570510657871e-04
2.728986010751798842e-03
2.748349094015354287e-03
5.891583622773929798e-04
8.867699345682227572e-04
9.714413071411065730e-04
1.315088255828487365e-04
2.431928651299907103e-03
4.472546833696297748e-04
1.019155335805838102e-03
9.662795260948127754e-03
2.430206863523372025e-03
1.735337366989448153e-03
1.115237526738634740e-03
3.103059491617200100e-04
2.876099684646858104e-04
6.213051501289201806e-03
2.915968093210778624e-03
1.380172708745910090e-03
1.089431468414615335e-03
1.623035529813378819e-03
1.544935519478686948e-03
1.011427554894321450e-02
3.741901660254749479e-03
2.829821491552018953e-02
1.917722305004470641e-03
1.049077593328591289e-02
4.912516020785804086e-03
4.420896518365704207e-03
5.935323941022516148e-04
3.350753416168809635e-03
4.266250892668781527e-04
4.330700125397135211e-03
2.363863812587361016e-03
1.051132095771127335e-03
2.024582575891329013e-03
4.958701006749384726e-04
1.096704876444494449e-03
3.467064148603957868e-03
4.039808577392917967e-03
7.619477320151154761e-05
3.488624516593640760e-03
5.707481657190216669e-04
1.178521108646063772e-04
4.470960606704393924e-04
9.654114583220584772e-03
1.114188542602351402e-03
3.880549244361290815e-04
1.208736884231293622e-03
1.673017376775305133e-03
1.601383197970169397e-03
6.718028207042450045e-04
6.449204509767533355e-04
1.457253855654049501e-03
5.968773126897479638e-03
9.470874527177768889e-04
3.618501703989113194e-03
2.495231852621688086e-04
2.503894697553920331e-04
2.179444558771083656e-03
3.958971012109246262e-03
8.531150977356747114e-03
1.310240617636245376e-03
1.471397126842665217e-03
1.861957120449894872e-04
4.578580169177745674e-06
1.914608322748197677e-05
1.662487147768679924e-02
1.376726260795162714e-02
4.769425286707185650e-03
3.558910033084774268e-03
3.994813037651880061e-02
1.218439705267169298e-02
3.087083743207355568e-02
6.747820148482082392e-03
1.017877163971173948e-01
4.425008401480587383e-02
9.223660015352430977e-03
2.686214658046311154e-02
2.384276117920794066e-03
7.675399123155327366e-03
5.007306339827546525e-04
4.963733381574843458e-03
1.183706401658010101e-03
9.620707740177008270e-04
2.664173290705281957e-02
2.458584300468464549e-03
4.168641938497237229e-03
1.016684094187561734e-03
8.378619654393631641e-03
1.973878418161511585e-03
1.376948818616760117e-03
3.436141078882710238e-04
3.792779588513565947e-02
1.498952066758353283e-02
6.824064828570676824e-04
8.184987925415741772e-03
1.312337208498113444e-02
3.100299281873454202e-04
8.133527081676104886e-03
1.090742234121688976e-02
6.493167839744123926e-02
2.608282067759477851e-02
3.834340797283971453e-02
2.826498579789495091e-02
2.231661399457217712e-02
6.532097408269060823e-02
1.947042898116714896e-02
4.783326613646686487e-02
3.022585710884868535e-02
2.313845045876483306e-02
5.979570614174440496e-02
4.468074986267656784e-02
4.518157809110423528e-02
7.292358116429355219e-02
1.890553352720186417e-02
6.239509781023064305e-02
3.971657295270292209e-02
7.741680885138716578e-03
2.629395244652530522e-03
3.576523115654821078e-03
6.312640729614957106e-05
8.756856831993194536e-04
4.249341108689257476e-03
1.264378361881077217e-03
1.222428217124296853e-03
1.777530406921285985e-04
1.208352321838050561e-03
6.140292995744155852e-03
9.661044080379167873e-04
1.656288483020358149e-04
2.691535131408036145e-04
3.019132333096539826e-03
1.579564957113919902e-03
7.184018818601666185e-04
5.327284214419875357e-04
4.007599915194293323e-03
6.889272449613568214e-05
9.360772049056730743e-03
8.146171681074775364e-03
1.271038178990773447e-02
4.146910227222058709e-02
1.248374394514007758e-02
3.943019260959055444e-02
7.496953899968730739e-02
3.732705079874604204e-02
6.027279196702622910e-02
7.131713614300154436e-02
6.817451183952154270e-02
2.959328767836792717e-02
4.418142877771025906e-02
1.074625637821851470e-02
4.055578459340912316e-03
4.236957138353820984e-03
8.104040761602437221e-03
6.022784591899273295e-03
1.293350991981553292e-03
3.771569058373108871e-04
1.139423664731517094e-03
2.750628986205750498e-03
1.870809686618024343e-03
5.019507009515797964e-04
6.938046905037109722e-04
3.417610326245009919e-03
8.906696879284673038e-04
1.604676367316127143e-03
4.089151266742037166e-04
7.368886705991336194e-04
2.625734672125638360e-03
1.773108112600670343e-03
4.510594477524532435e-04
1.048166518670698736e-03
3.394096038742540518e-03
1.067227058658084269e-03
7.067115669021410923e-05
5.949679073121192730e-04
9.076194863165969358e-04
1.452357888984895720e-03
1.175355856042191341e-04
2.569976957365352433e-04
2.460007917750436576e-04
5.888964813661626361e-04
3.751408492537258287e-03
1.292855730928233826e-03
3.194794721224845078e-04
1.057147716570930665e-03
1.927430077733142998e-03
4.960696082220475769e-03
5.960730161344894931e-04
5.512037944426624808e-04
9.106592811170293909e-05
2.289180576359984079e-03
1.530225909159607049e-03
1.154769946866286701e-02
8.958987469818196136e-04
1.545906651301452543e-03
2.692332269116386699e-03
1.370043310751654702e-03
1.833952806452756592e-03
1.240944432381963685e-03
1.846373029777390300e-03
3.926885073593251035e-03
4.348096849301664882e-04
1.450346475301855309e-03
1.217907593950341011e-03
5.284478588803243147e-04
4.901963118484111044e-03
1.359142632048648044e-03
2.092638718332907443e-03
3.781103522482614967e-03
9.172582577147016247e-03
3.440214199926852016e-03
5.060572934724168886e-03
2.609600536287789031e-04
4.149823716983122579e-03
5.148841307747562164e-03
7.276906374040889927e-03
2.183915583949814533e-03
3.801011280328107922e-04
4.233328108921302277e-03
6.925308473098832490e-03
8.819898985440697853e-04
4.874822625113699745e-04
7.020936556396633168e-04
1.362854100939119191e-03
8.805806799472156669e-04
6.114143780845090245e-04
1.951347560362035830e-03
5.403629074585700534e-03
4.104459790244189069e-03
5.444426085591263934e-04
8.362601320069463010e-04
1.215584311320457066e-03
6.195813818998603846e-04
1.189185573225654165e-03
1.826438753390361054e-03
1.613616492278743819e-03
6.846753968153099267e-04
6.614419048125862362e-05
3.851993294484256595e-03
1.931472836255262136e-03
2.488233492641716334e-04
8.634496708260078809e-04
6.764271381999037306e-04
2.324367268948818871e-03
2.479754878569663881e-03
3.051679149317789233e-02
9.557974996080503133e-03
5.686853531751089735e-03
4.341958417989803809e-02
7.966323662706756639e-03
1.335267767518944458e-02
4.187685979055680296e-02
6.826802357154483636e-02
2.183331766148761260e-02
2.339065738765799124e-02
4.900021000661496789e-02
3.245839482444097535e-02
2.217291644190956881e-02
6.283029991893571142e-02
2.213514478727509824e-02
3.914545704139809484e-02
4.591254255949513835e-02
1.213434366406015118e-02
1.557066237680963458e-02
1.366152191790970293e-03
5.848348663870787294e-04
3.225457256961557651e-04
8.355573099265161015e-04
1.669114019185337318e-03
5.383406749689306596e-03
2.091656821354844278e-03
4.840620822740279239e-04
2.467789774667869963e-04
1.948939063204652459e-03
1.831347024694107302e-05
1.384069190095539711e-03
4.393256203652272894e-03
1.770686242261701850e-03
1.739738354951369300e-03
4.197609465291862046e-03
4.013632389256666447e-04
2.167453124686598027e-03
7.741552625720234809e-04
1.241780616671519892e-02
7.101074613996416832e-03
2.856417908627734842e-02
4.815012680993125196e-03
6.892404956945501551e-03
4.358653145895257340e-03
9.227849596382554226e-04
3.878924465944914336e-03
1.215946586360108772e-02
5.144446289561824606e-03
5.019619572455763686e-03
1.044087242995764969e-03
2.054285827020589043e-03
1.046449252809346234e-03
2.700798095763303017e-03
6.098503280103092540e-03
1.407662001564575355e-03
6.299975976684905887e-03
8.968899806551692416e-03
8.203120834330073722e-04
2.088975826814816993e-03
3.055537736982037126e-03
1.063481937415954341e-03
1.388005669035830524e-03
1.510785576427716402e-02
3.642638921883496750e-03
3.739791882113630960e-03
3.062154037691772537e-03
3.563276423404392046e-03
3.536933954781873381e-04
2.209289259160055093e-03
6.912280020244022417e-03
7.183852370095432718e-04
8.550359088074842122e-05
2.242614937489644487e-03
1.436720166927739155e-04
1.484836577883202891e-03
5.089857175932977103e-03
2.611527070057088375e-03
1.091080964762535617e-03
1.128486670730945683e-02
1.344907194141421909e-03
4.218695309174680386e-04
6.804860787367907450e-04
2.013223009751122835e-03
1.727903436702427076e-03
6.685586237193290489e-03
1.849909917316150182e-03
1.940532336149323892e-03
7.312332870255691892e-04
1.164788872022671454e-03
2.263122549270296137e-03
5.304133438114400599e-03
3.472798686925538617e-03
5.711184887878093322e-03
1.064830451556836310e-02
4.229641307461857319e-03
1.336487316176350861e-03
6.515185050153035964e-03
1.476493094186272876e-03
1.123176893937252903e-02
9.464680917450899594e-03
8.060065390674556879e-03
4.183979752183725892e-03
2.686235002239897862e-03
3.896281679423336738e-03
1.086651952901842438e-02
1.583305383764749058e-03
8.010852943377047000e-04
8.078123739977731421e-03
6.605256583689496364e-03
6.083073798089797847e-03
2.500835607245750075e-02
3.412852573476218149e-02
4.816475865185293470e-02
5.597718715763196767e-02
8.058511877609447760e-02
7.052037353091714089e-02
7.519360211565198626e-02
8.395781387761039327e-02
1.577032475633557626e-02
5.475194468617687257e-03
5.084834313705474673e-03
1.675998980138848063e-03
4.961066622323444383e-04
2.346979045834456849e-04
8.068294238594103619e-04
1.970820157075147024e-03
6.401853731162819409e-04
1.602251064566823958e-03
5.930010861820499829e-03
5.859588025544461070e-04
7.067566902931761430e-04
8.849247200712574354e-04
7.829143810099593740e-04
2.295375145095714575e-04
1.564789445071559939e-05
1.754473098212905465e-06
3.696940884345278552e-03
5.057089704240403695e-03
3.037007976640436046e-04
5.435682257534450420e-04
6.663577682053646806e-04
1.485213162715368020e-04
6.792272474359903377e-04
8.116343878727467131e-04
2.895311671663802289e-04
2.610783640910049950e-04
7.223385440996196293e-04
9.442533145921721237e-04
7.731833297124256427e-04
1.109505462494129850e-04
3.555407825197344496e-04
1.655400220102800583e-03
1.172818476191322002e-03
2.518153762867803540e-06
4.509369869341453368e-04
1.379301526313042180e-04
6.741835724204612570e-04
2.507832160066679841e-04
2.299440413963460984e-03
2.262164298234064716e-03
5.337527013481915134e-04
1.583601891299998778e-04
5.622662514279085089e-04
1.091029958102148704e-03
7.044721964272722750e-04
2.230919647688875233e-03
1.190860565255288288e-03
7.484068267165013444e-05
2.523409621616440725e-04
1.477018689993681196e-03
3.226230453580407461e-04
5.024041899243964805e-03
4.869865563215110965e-03
1.172071839122908014e-02
4.150203930283654676e-03
4.674869762280566693e-03
4.005433889884434107e-02
3.028109716223503778e-02
2.368013222601023527e-03
8.711971958237511903e-04
1.207960512004746870e-03
1.639272691033289830e-03
1.476094925553455336e-03
6.087276389368631493e-04
2.036337422529665812e-03
1.867319615048050672e-04
6.100210643980791877e-04
1.070794860910611159e-03
1.228071227033263350e-03
2.451797156374717346e-03
2.199683941775444108e-04
8.560052416256250674e-04
4.205784451262331060e-03
1.034560146510707119e-03
9.606360752330825228e-04
1.215020869937252692e-03
1.204465097526422317e-03
2.667164274028194747e-04
3.726779426760367005e-03
7.671349665443717106e-04
3.034190981010905300e-03
3.520477477591417957e-03
1.450862790515685275e-04
1.369506783731292039e-03
2.708053119386508688e-03
1.416939194161887449e-04
8.277935936351344922e-05
8.178977534417830771e-04
3.321759968173252156e-03
5.712191383550568836e-04
2.637400949488818112e-03
3.580237359612881577e-03
1.057579789012180792e-03
9.022427928497825031e-04
1.832729191827007142e-03
1.216129470363835592e-04
1.580528066117617555e-03
1.778121844250670370e-03
2.365567383016432650e-03
4.659640118134208194e-04
1.053457799907933098e-04
2.453404591237954169e-03
5.655628163301186593e-05
1.792624935140907892e-03
3.621259158711420353e-04
2.071279814942949583e-03
9.357392805920284468e-03
4.339851091319224356e-03
2.854901855186361276e-02
2.432117755046750082e-03
2.422321881085291728e-02
1.034760421115078072e-02
2.810715023161135858e-03
1.419835156073731910e-02
8.703950537352068669e-04
1.091836334739870393e-02
2.418421688088182378e-03
7.153251620613638399e-04
1.615542037923451898e-03
4.952974003410219551e-04
3.700986717470712908e-03
7.802267531038931461e-03
2.943720225562814884e-03
2.127765140165483598e-03
7.176209189085458028e-04
8.632172989834847789e-04
8.129065343371490843e-05
1.537340484633905376e-03
1.592692806490713991e-03
3.861476573470799898e-03
5.855683547489347676e-03
1.236765543869635525e-02
5.164685443298657787e-03
3.362774967187224205e-04
1.856991912748062680e-04
3.731913766946592828e-05
2.936565548451609570e-03
1.382773391453842766e-03
8.962101024580067243e-03
1.827092329289906752e-03
8.841471188137505627e-03
4.863669378619094562e-04
4.058699266560310097e-03
4.378374435303806871e-03
4.365261910903497217e-03
4.088295833939296561e-03
7.415254374641780952e-05
2.328135309094908796e-03
5.612927791684567055e-03
1.093098160228311145e-04
1.019095439533852093e-02
1.959474577289220532e-02
4.986790085545698623e-03
1.548724603006831771e-03
1.269501541665825177e-04
5.388130594605027197e-03
5.642992510586209917e-03
