-1.108949744486933398e-01
1.025860553593802571e-01
-9.428514235270935018e-02
-5.991024141984668816e-02
5.128705841008329713e-03
2.964535530490675086e-02
-2.133672638421835188e-02
1.629066756425334717e-02
5.693290319257027221e-03
-6.898671057631755588e-03
2.496642130881676636e-02
5.703453897153965002e-02
-4.174090853491563280e-02
4.143075293747644494e-02
-1.159929533872006147e-02
5.930135990772189558e-02
-8.497572990176394114e-03
5.455073498130547094e-02
-3.216544320474401530e-02
-6.918398376640766401e-04
-4.811402790397312224e-02
5.283367641737202192e-03
2.615888850368985885e-02
-5.002643579998733436e-02
1.559260535008477611e-02
-3.680567298366410611e-03
-5.462632185084137504e-03
-1.187463091441376406e-02
-6.182213039696460299e-03
1.103024398289242924e-02
1.455797722367258018e-04
-3.483101501540630807e-03
1.273031959496906396e-03
-3.427117970593451801e-02
4.291576164425725537e-02
1.236842751787192718e-02
-1.344663084354946747e-02
-1.290941502043985167e-02
1.244126664172284791e-02
6.188604845265954779e-03
3.048405740554649412e-03
9.926193252304038595e-03
-1.341215527089456572e-02
-1.489750899853214960e-02
2.712687300992699946e-02
-6.387296554295396334e-02
-9.486486170907126869e-02
1.017531154430468820e-01
1.562914305696672113e-01
-1.964298497320962067e-01
-2.755750827396319380e-02
5.587689384246519175e-02
-9.418914728507310485e-03
-7.775452536637672551e-02
2.274289317492295126e-03
-6.506632763813247067e-02
1.974505915456337135e-02
-3.528438633578767636e-02
3.661953138686335762e-02
-4.615312357190748394e-02
-1.710580950955264967e-02
5.014878878239237281e-02
7.181196214248286580e-03
2.347033641091633704e-02
-2.474681569157555217e-02
4.109008597211194491e-02
-1.693974872081960292e-02
-6.206140259352510569e-03
5.746645640611292016e-02
1.105594435711032553e-01
-6.204625428234256113e-02
-3.818258216542935735e-02
5.796609962795606918e-02
-3.650070471453403798e-02
6.715484457684883779e-03
-2.737634882559092375e-02
1.681021087629774868e-02
1.959326261409088943e-02
-7.492815819301124058e-02
1.895884099989375571e-02
6.750593334015508873e-03
2.427392260039651362e-02
8.884703301375029838e-03
3.177020958569576337e-02
1.704760505116320601e-02
-7.267037094631056959e-03
-1.637172371374351343e-02
3.434010591868208451e-02
1.760140722094716281e-02
-6.863489245900322722e-02
3.279787759647589951e-02
1.962876703764711017e-01
-2.272670967965824129e-01
-1.058160348962555730e-02
8.798209057213668416e-02
-4.121584988578685937e-02
-2.307272089390743908e-02
4.921387455067005590e-02
4.639813285640670415e-03
2.348356689111552598e-02
3.275000884467837992e-02
1.230869865032069299e-04
-1.727334308958328180e-02
-1.871272303200788301e-02
2.154434683211237100e-02
1.111633879999729402e-02
-1.498933190390072667e-02
3.782885297808791236e-02
-3.318578879096034662e-02
-5.060327681176701731e-03
2.179652275830767927e-02
1.497497009968085102e-02
-1.217465844337950465e-02
-3.108714730068351528e-02
-6.957395353505591018e-03
-2.147892685343189001e-02
2.868395022696068608e-02
1.900687265994198683e-01
-1.690985284114150389e-01
-6.865979701478241992e-02
2.128840342197357849e-02
2.846882067936196137e-02
1.489911950193745227e-02
-1.680554116224985961e-02
2.076309756899874515e-04
1.972897930293671109e-02
2.205928215720165397e-02
1.519022990715290788e-02
5.459476933031837120e-03
3.142913425418258910e-02
1.334434037880782853e-02
-1.295303872113651167e-02
2.207326382523033814e-02
-4.645582720841368030e-02
-1.325085476743881330e-02
-5.216046241032223918e-03
4.751738741424560430e-02
-4.106672147103118675e-02
-6.369546790080171661e-03
4.165345821174426533e-02
-1.716144579331224662e-03
3.584665314855683960e-03
-1.134676286821978408e-02
-5.936015660474414091e-02
9.105463393656654247e-02
3.988961132102897267e-02
-1.703902783769164486e-01
7.679467986040711125e-02
-8.334171709221571689e-03
1.085858726107602479e-02
4.923950657233167050e-03
-1.383277725304932204e-02
1.036947503394625159e-02
1.813993616884124194e-02
2.309640415267688596e-02
-2.324846104390765333e-02
4.283459832314262528e-02
1.218175381339570151e-02
4.311953123693212930e-02
-3.139809752583655467e-03
-2.774211549575023028e-02
7.445263848942040852e-02
5.439134065914386085e-02
-3.125610786070742719e-02
4.166128998749174528e-02
2.455664213872310597e-02
-6.070210914114859690e-03
-4.264115009469549022e-03
3.129604797046470210e-02
-5.026542877148543198e-03
-7.409547745845124211e-03
3.685343713451549874e-02
-4.465087537015044461e-02
3.512269254512845329e-02
2.539478327661104373e-04
2.939029865387299267e-03
-9.394313568146905880e-03
-3.131873804246332327e-02
9.608074770913521689e-03
7.809593082263499575e-02
-7.755230577751226484e-02
3.874624268663939830e-02
2.062054556463044364e-02
4.486870212539884051e-02
2.778171652788463675e-02
-5.334592891803691117e-02
-1.634940999824330277e-02
4.017448563301151410e-02
-1.708481161332242593e-02
1.122573409782035014e-02
-2.270699295001232798e-03
-2.516349885073321246e-03
2.194361624749796569e-02
-2.930318735740899960e-02
1.078434396477694346e-01
6.185565624127442597e-02
-7.556540120655208526e-02
-1.231332972254173264e-02
8.529825393821965918e-03
5.904034461344442875e-02
-1.323765011932165336e-02
1.589835090588254118e-02
-1.634864887108200548e-02
-2.077804901536506321e-02
-1.085878427167275007e-02
5.985884031061150523e-03
-1.135416579938208770e-03
3.035699712935269190e-02
1.172722031487882788e-03
1.930061865024690348e-02
-3.364646650575009446e-02
-8.915485938970846291e-03
7.003939284458837733e-02
-1.495361079623336309e-03
1.557415941952910998e-03
2.735365383141541429e-02
-8.658348014675798510e-03
1.673952366333963937e-02
7.370460307747772610e-02
5.509046325631983265e-03
2.807117335011000137e-02
2.483847962440388635e-02
-5.056902666775742183e-02
6.504314636415786666e-02
3.388104078162146315e-02
1.230391175888396749e-01
-1.063447069397622791e-01
2.916351286847818081e-02
-1.825684493614687653e-02
5.608379723119516491e-02
6.532203485069487670e-02
5.930945397821396625e-02
4.735803913374914131e-02
6.238496764458201227e-03
1.084844084052334345e-01
2.356217663055604206e-02
-1.056559834764425609e-02
-1.344029823500214604e-02
-4.047528975943759377e-02
4.353277841301617102e-02
-2.149087730696197518e-02
8.110540111708086641e-03
-2.023935189246328648e-02
2.180554371981835438e-02
-1.020093025984816215e-01
-1.171383541010349028e-01
-1.678293751207924345e-01
-5.622662196993877259e-02
2.560873504993876892e-01
-5.684025683364257731e-02
-5.806967503655302565e-02
3.479356349412476845e-02
-4.555008929672732521e-02
-1.546589480950544271e-03
7.733147037454424222e-03
1.456822214158126627e-02
2.699036870494486706e-02
-2.014613469448667260e-02
2.010407116229639968e-02
5.398323187099762777e-03
-4.698196561876866184e-03
-5.074075718182036177e-02
7.428276377736020564e-03
4.009427619169692036e-02
6.160023624924226837e-02
1.915031246953580180e-02
6.215448660312450357e-02
2.427846824864055009e-02
1.003842506483776376e-02
-4.840797553988807067e-03
-2.780288764593086270e-02
3.300092707413648796e-02
-2.703864339636430358e-02
8.506832181533363624e-02
-3.441230267653905273e-02
2.737344507291350482e-03
4.257332824787529724e-02
1.215565842755572667e-02
7.773623745717062050e-02
1.957733660981642032e-02
-2.975918645511543836e-02
5.310957530476390076e-02
-2.496509962368320679e-02
3.728603362863069925e-02
-3.510027187926922920e-02
4.393336879246545479e-02
1.450576406653283357e-01
-1.991794158194513109e-01
-4.955004408325081044e-03
5.927056007688324968e-02
-3.672487357980203093e-02
2.840645402060504310e-02
1.403539326359282136e-02
-1.608400205115390058e-02
1.061607297562772168e-02
-7.325044652045198390e-03
-1.805822286165659207e-03
2.898409005664381866e-02
1.180509050868638887e-02
3.699086257369144093e-02
-3.677523500370405429e-02
-2.043917760656954741e-02
8.514957524195754246e-02
1.573895435553358535e-01
-1.808349200564318693e-01
9.140386901721053725e-02
-2.669956639710191482e-02
4.912018189201017293e-02
-3.989654570437695114e-02
2.389634638455517823e-02
-2.617463886127535666e-02
-3.363188848037435008e-02
7.368810487822718969e-02
3.071456303699537926e-03
-2.030212827991118019e-02
-4.065156174843931325e-04
7.045927129072326878e-02
-3.541371771189849582e-03
3.508516538373229743e-02
-1.700085395897299456e-02
4.608309929067355704e-02
5.123449341357844133e-02
2.853041852215820740e-02
-2.032968111443556047e-02
1.706821309176986823e-02
-1.350091124000432075e-01
-8.258180967831041386e-03
3.180153867403867629e-02
4.696788406755691980e-03
8.370333359619452906e-02
-5.139499308423101098e-02
-5.969207305858947876e-02
7.156231905267151916e-02
1.550176312990814154e-03
-5.388049501790725948e-02
8.150872448167145734e-03
5.827285687520999957e-03
1.912583428543945807e-02
1.732366426686127170e-02
4.612290973071919709e-03
9.567220723817992933e-03
1.733482474876413271e-02
-8.835913388502314447e-03
-1.524264454361023979e-02
9.216923189530934479e-03
-3.969062748214002845e-02
-1.809046244058309938e-02
1.025429936729804758e-01
-3.326398197296054349e-02
-6.253708169396321459e-02
2.530380909247464949e-02
3.701766082290136595e-02
-1.686022990401214727e-02
3.061408029762935357e-02
2.675453770877211923e-02
2.226053281847661935e-03
-4.952515240843924360e-02
8.296312372488401365e-03
4.883338528777914078e-02
-3.342268987100904809e-02
-8.020035680389758781e-02
3.744770661905905129e-02
1.182956580725047502e-02
5.252627473935111979e-02
1.514577207027967276e-02
2.047840750395168996e-02
6.888619943321794281e-02
-2.541788754506235648e-02
7.707753979515175047e-02
-4.183331377671217766e-02
7.293956846357474433e-02
-2.103437291897991557e-02
6.504223837746625492e-03
8.284540525173422765e-02
5.406554626400206232e-02
1.843174736126318436e-02
1.769532438447551925e-02
3.564334792820122999e-02
4.990913416162490179e-02
-8.761521442774533597e-03
2.494892678208104897e-02
6.022590645014380684e-02
2.976368815371577270e-02
-7.817990158729637429e-03
-4.283728540853370959e-02
-2.029850334074478901e-02
5.152774313167540754e-02
-2.061570725539896287e-02
1.273270193193232203e-02
-1.174105866203767334e-02
4.475786805167780713e-02
-7.423589110370887312e-03
-1.171350108275936996e-02
1.681086687273913860e-02
3.005895916895640063e-02
-5.866825434192279864e-02
-9.769652917290150285e-03
2.890041515498920077e-02
-1.393506478718320452e-02
-6.930395671416400560e-03
2.805848976387781413e-02
-6.811073325335037509e-03
3.777815526841976634e-03
2.305524686966053949e-02
3.083332696778962045e-02
-1.607972427118209424e-02
2.866929881470214880e-02
2.019179127901327142e-02
-1.670541894571986319e-02
2.464664240919112181e-02
2.361443852569866664e-02
3.081182427435047444e-02
3.576680497412665360e-02
-5.142355740110082785e-02
7.134327931124473388e-02
2.071528430738256432e-02
4.878372193014413050e-02
1.334791146519589411e-01
-2.840998826705587454e-02
8.506273404176822872e-02
1.264798566840519278e-02
1.831199192012800125e-04
2.382266255725196125e-02
-8.645630476341814585e-03
9.660003164979480417e-02
1.149462338124882521e-01
-1.248399480606146028e-01
-2.986945658850603813e-02
1.373032972000398644e-02
2.271502601525399179e-02
9.338528811993151990e-03
-1.511233807379563920e-02
-4.808425412060612913e-03
1.117996606599058751e-02
-2.469920574669326463e-02
1.740864045029755225e-02
2.020976799638152244e-02
-2.765106762611901914e-02
-6.279461637719974121e-03
6.259156656033981747e-02
4.961679626614001748e-02
-1.413204156953007384e-02
5.686163886981621118e-02
3.073699685244513091e-03
5.304396841986580569e-02
-1.037917204186040721e-01
1.098022473959394674e-01
3.081200666520622633e-03
9.952303624323066700e-02
-1.281572363739327258e-01
5.842106727151730183e-02
-8.596480607104162175e-03
-2.717021637041350246e-02
2.172406216747768681e-02
4.475762930261195649e-02
2.471406186374558445e-02
1.083390566354758278e-03
1.117458630933576558e-02
6.754874107127051275e-03
4.408576526333796153e-02
3.832815851237025839e-02
-2.803589450301124941e-03
2.092634675469318140e-02
6.419823229495236205e-02
-1.057726427279614967e-02
4.848892445413932606e-02
1.308895036371415799e-02
4.048470431409878501e-02
1.901318596065282307e-02
2.187219070257473419e-02
7.580399488667843855e-03
3.856945609768880345e-02
8.984346442643520447e-02
-5.238785859461181360e-02
-8.566348435374848691e-04
7.407604434049863684e-02
4.739463971830248923e-02
3.689114598371734388e-03
6.026229814958483644e-03
6.834166222646764766e-04
7.145527554369701662e-02
3.242680972149258878e-02
3.362153701036207920e-02
8.916212653915067676e-03
3.328127631965438482e-02
4.732344523748865939e-02
-1.191150167295029760e-02
2.938982654588251364e-03
5.137893553787042933e-02
-2.091088326498669048e-02
6.501682415294185446e-02
3.360727719721401385e-02
-2.967954026349284291e-02
1.292777843563142071e-02
8.960632607797913707e-02
5.957815838911528772e-02
1.018908746048419189e-01
-1.848992209550415211e-02
2.800606155583285073e-02
7.790822016149734353e-02
5.355303796749533163e-02
6.802011679749409012e-02
4.850209554471307527e-02
1.410645298004364889e-02
1.183696071476556533e-01
3.332661026697270046e-02
7.114776799470856616e-02
3.303532989727653302e-02
9.581606954746946236e-02
4.136941705986152407e-02
5.177338339796744293e-02
-2.961509505817705445e-02
1.543805285955612838e-01
-6.088810271383549022e-02
-3.170524930015350407e-03
3.425074266802097256e-02
3.428110110542803568e-02
-6.944014439149315265e-02
5.854758449910435480e-02
4.439144609492862159e-02
-8.190999008614419097e-03
6.180695569637961739e-03
2.437848297557598798e-02
1.491087364437060359e-02
1.667314022023136388e-02
-2.336270456021249942e-02
2.604598709957617331e-02
3.143999069784375600e-02
3.511858713793447606e-03
-4.712503290873915063e-03
1.346424300391380058e-02
3.080559816404382367e-02
-2.172966812084098365e-02
1.110051500796704893e-02
2.179010254966295967e-02
2.853780299988439850e-02
1.804090998248564226e-02
-1.269376916446307568e-02
6.470107727168583622e-02
2.193525583512023758e-02
5.975838403817768096e-04
4.357716963520896769e-02
2.889601557531928933e-03
-2.162863150108718102e-02
-2.036899694295435381e-04
2.050755094467682227e-02
1.899778877203095462e-02
2.268426955325386629e-02
3.441016103904459555e-03
-1.386856724030183230e-02
1.777450770910560252e-02
2.109671152205994105e-02
4.470734950971833044e-02
1.958333825863523003e-03
-5.144824482374654728e-02
5.744242733694893133e-03
-1.827084980403226311e-02
4.858257226082729474e-02
-7.625766882084494824e-03
1.737964517219570126e-02
2.785736789764570176e-03
1.480079160455893827e-02
5.978607946211855761e-03
1.233731420771366771e-02
1.208342245801796722e-02
5.931735262124782082e-02
-1.935908418138909681e-02
1.944414995233501031e-02
2.865193785262043491e-02
4.472576054153565295e-02
-1.571072665133232960e-02
1.803585875658519910e-02
3.742504410340008469e-02
5.742221528480384585e-02
4.263442632283043210e-02
-3.921087168909664911e-02
4.633924819192891675e-03
3.352928252534237430e-02
1.245117745483526051e-03
-2.483239201793274731e-02
7.882157959081537157e-03
4.925129808342987303e-02
1.593669195035296582e-02
6.044082693337449186e-03
5.069185691079236555e-02
3.024055770499156637e-02
-9.577137043384986725e-02
1.158792968036115312e-02
1.036133051233627533e-01
9.550800163368933227e-02
1.308881925398619472e-02
3.103101090582871535e-02
-2.824215684896835832e-02
7.553127204871534772e-02
1.319236242612542576e-02
6.703339406976738246e-02
2.937545297636146024e-02
7.742715597521643289e-02
1.179163418404276520e-01
-8.035604073898561239e-02
3.110298367903219230e-03
-6.138023948097037774e-03
5.374148356789110181e-02
3.769590820313695190e-03
1.370217685231267524e-03
9.039849087050599863e-02
8.409815990638280780e-02
1.630132561865460517e-02
3.801834541689252944e-02
9.753012204751554393e-02
2.773774328500100417e-02
4.792284394354706656e-02
9.931245943804345444e-03
-2.614276250471236906e-02
-2.652989515536718912e-03
-1.764026410577601567e-02
-2.625910497548789024e-02
4.660861638560831466e-03
2.414762461828257045e-03
-5.452625275193412335e-02
-7.733729053436722012e-03
3.967123112281534247e-02
-1.859304058769661872e-02
1.180512520749421590e-02
4.835175428915539086e-03
-5.372577487145546726e-02
1.009203551597259718e-02
6.889308786128589546e-03
5.801257702836570829e-03
-2.960477042495468503e-02
2.457115356483319246e-02
1.725642813409655751e-02
-3.826994274017425646e-02
9.556893426099666300e-03
-1.514721644518823851e-03
1.153105459152037326e-02
2.057196182220066838e-02
2.189222503967247491e-02
1.135573934202627200e-02
9.396137081599587049e-03
4.772463691111283879e-03
-1.077058462981561604e-03
1.606318112344240490e-03
-3.192154064029617544e-02
7.161631117175382144e-03
3.102133463950451642e-02
-3.452659278229042172e-02
-8.969014082680359934e-03
5.709501380849557606e-02
8.483977984341528611e-03
-1.749106453495663516e-02
-1.407458664436767037e-02
3.486888808208599144e-02
-1.476359748268585292e-02
7.279665861568584972e-03
-2.468663576477148069e-02
5.605842436801555806e-02
-1.691732074697060995e-02
1.418909662538370142e-02
1.624863857466829486e-02
4.872147855407460426e-02
3.991957686141800465e-02
-4.308834386381388271e-02
2.559145221903902367e-02
2.206845896324116651e-02
-3.252692687869984667e-03
-4.934145865439720779e-03
-2.947343336933028191e-02
4.785053853105702970e-02
7.536355645825310035e-02
8.864755983702066189e-03
4.943777228557189041e-02
1.002202162296064181e-01
2.245753901725611179e-02
4.803489542003602786e-02
1.942449883828478718e-02
7.540424206332763113e-02
2.467189369253297571e-02
-1.905247438781465519e-02
-9.106385494601965114e-02
1.683383555788964259e-02
1.102240479209113388e-01
-1.623127069145402501e-02
-8.033355612512060873e-03
1.327348080152779275e-02
1.592098330765079339e-02
4.779225975092238343e-02
-3.473062003805948983e-02
-2.669038087612607413e-02
4.227450138768018562e-03
7.029918617154784499e-02
-3.040513848817139042e-02
2.806738651342377544e-02
-6.001255529936244670e-03
2.718325647044883553e-02
3.021141271312077770e-02
-4.249029203465815030e-03
1.498499862183377829e-02
-3.335185252213834772e-02
-1.838664620248442461e-02
7.738408484438430435e-02
6.552882258669789906e-03
-2.264343601011020723e-03
1.040363304543934220e-02
1.069311688264074078e-02
-3.219725469099854465e-02
-7.117746636897237522e-03
7.770899969461941836e-02
-6.384083939899865001e-02
-3.757943598649582384e-02
5.469503555242560822e-02
-1.239794822911122196e-02
4.690466965633355301e-02
-3.863619093795733761e-04
6.888529742734839090e-02
-5.781125710329648726e-02
1.139863662465350203e-01
-6.883227575687644872e-02
3.447148874941685648e-02
7.592306175041052541e-02
3.737721404216953758e-02
3.497657711362167632e-02
4.435400025391134093e-02
-5.933319901784361861e-03
3.257492016963681181e-02
1.372429380585886705e-01
7.746441968901063291e-03
6.587349533732655971e-02
3.321939798760364937e-02
9.452002344679311108e-02
6.044929906682661169e-02
8.653619394376965701e-02
2.492129511376983686e-02
2.832868058200332939e-02
7.119873624866812634e-02
-8.214012006705351254e-02
-4.449240211972593784e-02
1.866768679632730965e-01
-5.570071789498864945e-03
4.740322083911996387e-02
5.861270018759690004e-02
2.034519779764432101e-02
-1.169702210456824432e-02
6.562214420095635603e-02
2.781014029563522172e-02
2.411748309991690320e-02
-6.385926862553237271e-03
8.294861110099072121e-02
1.767304047498141628e-02
2.767845960498638291e-02
2.002458006871910001e-02
1.099270029088708078e-01
-2.251880792650196028e-02
2.214013461748098877e-03
2.152919780125994720e-03
3.500948560065619830e-02
4.140193541339387551e-02
9.951639099941944622e-02
-3.652031964112589790e-02
-2.900160463399137356e-02
-6.702294610040571143e-03
8.378890174055886320e-02
1.009480039124808215e-01
7.253543541782248028e-02
2.783885565218824354e-02
3.819301886984982630e-02
7.290276239327564411e-02
3.835594728029079192e-02
-2.111494964863513957e-02
1.087026851244257131e-01
5.573717740644212881e-02
-1.856768741851722027e-02
1.094608777793459886e-01
-1.371387855647832055e-03
6.993881129107393235e-02
7.850334094719224609e-02
5.706466984780922402e-02
9.743619339985798433e-04
5.862150281943590002e-02
3.215404466358950941e-02
1.738274522174387826e-02
9.017626539803402785e-02
2.350556693557037669e-02
7.529370453339745417e-02
3.165383890186057592e-02
7.518429633397505363e-02
-7.077087424601447019e-02
3.361999267766813126e-02
2.046799216428230039e-02
5.784901029563860320e-03
5.447582755683666456e-02
1.721027209668513080e-02
2.259650259242040882e-02
6.717825493818740945e-02
2.558008040517067982e-02
3.109788696289417231e-03
1.109572976584631832e-01
-9.625712226053906306e-03
4.080567686837155428e-02
-1.911594090291202086e-02
2.728750717603567466e-02
5.130454319808075425e-03
3.564759187927868389e-02
-7.911510774295527071e-03
4.525243417406299429e-02
5.190729562167262223e-02
-6.762311504267515261e-02
3.846329524109282083e-02
-2.116638850710028663e-02
5.107557402314299999e-02
4.593458878076939200e-03
1.746233125456875257e-02
-2.043938812827494900e-02
7.512381570255377561e-02
5.526868677944007935e-02
7.160478112806289985e-02
1.120721145620451331e-02
1.498162368317390580e-02
-4.607506190249033295e-02
1.878048986534164300e-02
4.197997957346744080e-02
1.026642560811055205e-01
-4.391483487025782395e-02
-2.725394162255079245e-02
2.900340813111412785e-02
6.402000753264469601e-02
-3.766930795035428048e-03
5.649219828684270972e-02
4.713838935597025603e-02
-2.215435078808170033e-03
-6.656345933889085131e-03
2.642283296981506879e-02
1.739756705571737783e-02
6.266766126335721054e-02
6.370266446345751454e-02
1.170917954903303304e-01
6.780323342037042345e-02
4.391479008506116166e-02
2.757943751298941315e-02
-9.010316895029046869e-02
-4.055461404596827357e-02
5.225022840291582149e-02
5.101687916393737865e-02
-2.017910525028909774e-02
7.657517739790309363e-02
-2.100328691236885703e-02
-3.392995422963340779e-02
-5.998254193220864394e-03
1.488600816619112255e-01
2.296442964573186529e-02
-2.631095176616238263e-02
6.433047978351580376e-02
1.051192630376407422e-02
-1.332516118649418324e-02
1.296089025943574224e-01
6.735139145290336415e-03
-5.500133227742476372e-02
7.780839109948534116e-02
-1.795788732785719155e-02
-3.320996863591063608e-02
8.074016593072808057e-02
-2.669493338442974206e-02
9.181172387364711085e-04
-6.488667078055687654e-02
-5.347718038560822507e-02
8.518139608350683289e-02
2.770873096499593125e-02
-3.183549663013640618e-02
1.152217822766310462e-03
4.646132372275069145e-02
-5.022082358657087298e-03
3.462525853013720400e-02
-4.328217013694790616e-02
4.610571061048429620e-02
1.657728785650736114e-02
4.318023864553621749e-02
1.641392745418635002e-03
1.019742881614282837e-02
5.354108483194086610e-02
3.450001182085937756e-03
2.110748756688596295e-02
-4.622867010851217096e-02
9.611297571494303860e-02
2.033708700737979491e-02
4.483377166151880644e-02
-1.925675750852273715e-02
2.034981607831909400e-02
3.476944469101628243e-02
7.036819607644395624e-02
3.723027811442181090e-02
4.825046107267150219e-02
-1.074734192363506757e-01
1.135335226889930826e-01
6.606446423503919974e-02
9.561800202437686913e-02
-4.886398221707843881e-02
9.147190540416350046e-02
-2.222168116835598894e-02
7.385132037199260147e-02
6.866211923670539896e-02
1.468651750665967981e-01
-7.757626213178925312e-02
-3.860591750891639862e-02
-2.612310564564679360e-02
5.349959232325840475e-02
2.467924967726942143e-02
5.354743136935535830e-02
1.994286891679886153e-02
-5.287368627195232484e-02
1.422533488922073097e-02
-1.109557608988498423e-02
-5.180368247438282836e-03
-1.345782176086851578e-02
2.279386224623292101e-02
-6.330108425531832950e-04
2.194963684036133067e-02
2.949208559472049629e-02
4.544786294286229378e-03
4.113290458494645030e-02
4.102710143343824001e-02
-1.208194834066222967e-02
1.250202342109500986e-01
9.004892267484798651e-03
1.671895525648627867e-01
1.100151585615627425e-02
6.453451657150877097e-02
5.080572562927532232e-02
6.210073833026230616e-02
-1.000893419664117268e-02
-6.372880425825266926e-02
5.964282599736869805e-02
-8.334594772451575651e-03
9.360795443417080364e-02
7.108273259159414437e-03
7.017933636860007596e-02
1.182410046442639029e-02
1.623903731147979812e-02
3.272132111517622732e-02
-7.218130907834385823e-02
6.867906957105640586e-02
7.492448287480968361e-03
-2.600927657194196385e-02
3.182124609517411606e-02
-2.770718275305505962e-02
4.298850030187950644e-02
-5.491979287978776547e-02
-9.989436930820660976e-03
4.477689868780965199e-02
-1.946634335222419132e-02
-7.691170141270520233e-03
5.495354207805824842e-02
5.519653587689132834e-03
5.805094799447019227e-04
3.589189037186013564e-02
-2.515387355452425311e-03
4.045202251893353917e-02
-5.596253000316675497e-02
4.606008810587880475e-02
-1.121713330432250189e-02
7.566632163319297888e-02
1.259750551928240370e-02
7.809171919062052325e-03
6.843943557171128234e-02
3.624533245591576858e-02
-1.436579993855469084e-02
-2.890946180622355755e-02
8.530031985323649479e-02
-2.947135766873731910e-02
8.219168929302167470e-02
3.563549952222944128e-02
-3.071461299956457225e-02
2.168525135367183054e-02
3.185422948079397187e-02
3.107140840086453082e-02
2.563797365421027763e-02
4.925097267225941877e-02
7.086751915119471334e-02
-3.071665228004327730e-02
3.226215701364232302e-02
1.573871684024830131e-02
-2.749896974787180426e-02
5.431668868766026392e-02
-2.194047478494898229e-02
7.149910559478511729e-02
-9.626323461958463668e-03
3.337085311274989863e-02
1.596511869992944810e-02
-1.060120806146658268e-02
1.047466063758317745e-02
1.965384430433214646e-02
-1.259107415427784815e-03
1.962140985630256296e-02
1.246382967313719448e-02
1.884936858298047468e-02
5.870318209731273384e-02
4.567474073512167720e-02
-1.269311894004987451e-02
-4.472842170581525778e-03
9.771800825076093489e-02
3.106346933454906534e-02
-1.494383529824583334e-02
3.887303650429796420e-02
5.449845673758302311e-02
7.832249405621283245e-02
3.726228654602747881e-02
3.171436883520506456e-02
7.373101682789151567e-03
2.471755743360626312e-02
3.358545052773020956e-02
6.618761707170239816e-02
-3.713114198425682133e-03
6.465103688222884060e-02
7.605878046556213690e-03
5.181073163861027453e-02
1.728872817253979122e-02
-2.680357431344448926e-02
3.628020877789683851e-03
1.046491441705339476e-01
-4.068037974098270837e-03
1.255159237690461893e-02
-8.499509822673445569e-03
7.015253684171485205e-02
-9.596200433795942786e-03
1.346306991636669892e-02
5.329569220559626785e-02
1.721407774933680912e-02
5.177051717876324233e-02
5.582115796033670918e-02
-1.570232672834848131e-03
-3.015831606109431462e-02
1.001184617321859704e-01
7.831569976960661705e-02
1.963229233824392850e-02
1.846554697782254451e-02
9.496091860650945904e-02
8.003254914524182695e-02
9.969709633318313280e-02
4.018201572937818433e-02
2.527011482905061612e-02
-1.038045610719162681e-02
-1.355658855310548638e-02
5.149947291394441073e-02
1.230661082457167321e-01
-1.679706580510234026e-01
-2.813092788114479603e-02
5.234640039783955423e-02
-4.550299085652143027e-02
-6.209960987749219008e-02
4.946587067193486398e-02
5.356657608780013291e-03
-4.054306430981902132e-02
5.395413341282373487e-02
-3.115104610778107741e-02
1.443677495902506713e-02
2.599056134733812584e-02
4.298922166744234552e-02
-1.208829354912843712e-02
9.061700455077037475e-02
1.690144228958478934e-02
-4.526854267739643944e-02
2.242907322535359071e-01
-1.780180996307105801e-01
1.783409536687319275e-02
-3.981879158201806490e-03
-1.320108780902029544e-02
-1.339706214688329844e-02
7.180393209023305801e-03
-1.676449416817327176e-02
-2.531798100375581839e-02
1.450458040752544697e-02
-4.478919397689851145e-02
4.697092327713203730e-02
-5.522365147172147992e-02
-3.784989310582531630e-02
2.475252293884988575e-02
-3.222307301064830654e-02
3.082727148807595796e-02
7.614449158409142271e-03
-1.723629888975541924e-02
3.870573065056781559e-02
-2.067783090060637541e-02
2.235004162018738860e-02
2.432487983335995807e-02
2.216399387730954018e-01
-4.194635348816877496e-02
-1.335035191748943362e-01
5.051995092002026233e-02
1.532421324221311387e-02
3.863699712635537686e-02
-6.587317495569222636e-02
-2.918199079057659517e-03
3.368769907162438848e-02
2.264295678967176428e-02
-1.645637255953769085e-02
-4.399416791024446383e-02
-3.619065802554710665e-02
1.001809868480083576e-01
-3.887407045721569254e-02
-2.847973196938857754e-02
6.214944832630986404e-02
4.076876251158267905e-02
-5.650513625847497501e-02
3.665088361478252565e-02
3.070113387075101841e-02
-1.164252964050405126e-02
3.853087667212440337e-02
3.727080570103669110e-02
5.720234319901140729e-02
-2.797345444939125514e-02
-1.593198546713736619e-02
4.865896406313607869e-02
-8.343205920059060254e-02
9.133880192425136713e-02
-1.190717706113808561e-02
4.368949443559078105e-02
-1.413970073924009085e-02
1.875362264041013916e-02
-1.834907140627395350e-02
-3.616269190866105987e-03
2.563768374655284177e-02
1.823319623386554511e-02
3.254133872057929366e-02
-8.013558725469138722e-02
8.163772055159013163e-02
2.209069323795986861e-02
-6.340847934171112144e-03
-7.388096195737325900e-04
2.047353490737924275e-02
8.459354941918295623e-03
1.824604168091736867e-02
2.489033812200824869e-02
6.477231251972526138e-03
-7.355474500386538494e-03
6.954244303656098580e-02
-4.910028907579944146e-02
3.597030479294360816e-02
1.742926832631974676e-02
1.778997799129733437e-02
1.069813136831292422e-01
6.535996812430333591e-03
1.833849290740374727e-02
3.360064950332186662e-02
-5.104273055774877221e-03
6.808541583260740993e-02
7.040430022283450384e-02
5.397559757760861388e-02
6.016232908554730585e-02
-3.096340636541805580e-02
7.444858093414286060e-02
1.058763931974753270e-01
5.872830471113821282e-02
-2.363253808930987354e-02
-3.292565445609185737e-02
1.180738521554447473e-02
1.038190149644524496e-02
3.590502606517542716e-02
-9.515454390467192880e-03
-3.583348797763785676e-02
3.766358975120898123e-03
-2.127790643326710196e-02
-6.395059873653119453e-02
-1.326666482321736673e-01
7.772705164742488293e-02
1.051016970135032480e-02
-3.275418942240260201e-02
1.021454784933828464e-02
9.975835046655445737e-03
2.282977333685631827e-02
2.059351189872282717e-02
-3.002176042851734117e-02
-7.825094409539268270e-03
-1.101036744293404368e-02
-6.042703932831461344e-04
1.352640366438850883e-02
2.317908862288531324e-02
3.597535849692645726e-02
-5.099520735056994880e-02
1.290391017204450819e-02
-2.186965682038355396e-02
-1.860934405712999506e-02
2.158624665592689951e-03
-1.587416620364301423e-02
4.755983579546541051e-03
1.178734066799247415e-03
-2.317791495144261305e-02
5.892011387249773691e-02
4.270362114067616233e-03
-5.112672608140300667e-03
-4.914465852679761326e-02
3.773112953428281457e-02
2.183910724661286551e-02
2.283838355287359789e-02
-7.252026672661671114e-03
-9.988568650046936170e-03
1.368563014020107715e-03
4.645598365103253968e-02
-4.397580155416491721e-02
-2.202407208939805017e-02
4.552474115722571213e-03
5.347807152655370544e-03
6.920193715235445353e-03
6.519345181462732342e-02
-4.113095998564153533e-02
-4.439232320232155971e-02
3.306474808101578233e-02
6.190264346127971606e-02
-2.125563636822391800e-02
7.691363860450683987e-02
-1.556891699417750630e-03
3.369979620542373766e-02
-2.939874888102922412e-02
-3.030657152326554638e-02
2.686242562336360606e-02
-1.487719107788976203e-02
3.317410031554413052e-02
6.139631130505751599e-03
-8.462282187383429743e-02
8.403422659209391909e-02
-4.451715672163336635e-02
6.212407389064411589e-02
-3.484048800493244613e-03
-2.104402171800190402e-02
-2.290701047544496660e-02
3.592113491152515437e-02
-5.829748915622268157e-04
9.675016691899074317e-04
2.228432884679154569e-02
-2.660390786457211831e-02
1.278169654389760268e-02
2.202959421644923310e-02
8.765559757567764620e-03
5.473419204764473633e-02
4.813209282294117486e-02
-3.613561128838105319e-02
3.449813929204070817e-02
-1.610379351330237796e-03
9.422674523539509295e-03
3.155811911358030741e-02
-9.067883307625201894e-03
3.310147508071148437e-02
3.547191027760021598e-03
-7.622266395546084539e-03
3.206806470244494278e-02
2.481603780440266860e-03
2.079721114979449226e-02
-4.273649927430467343e-02
3.522732550516050054e-03
3.923490828345732595e-02
-3.596963044524192910e-02
1.112391737296913874e-02
-5.410166175058517268e-02
2.757369728411473986e-02
6.728446786492536802e-03
-1.429249158588641322e-02
-4.494543845766418855e-03
3.818172821658416538e-02
-1.035635394634750739e-01
8.505498354744123191e-02
1.003854502576615459e-01
-1.766932763226898295e-01
6.910140831321420762e-02
-1.445812353186726185e-02
-1.508182401578217480e-02
-5.157154623587345554e-02
2.308927065537424994e-04
2.795770171024614115e-03
6.946090549460492980e-03
1.275193663990670245e-02
2.572581780649940697e-02
1.554014191844288462e-02
2.993924821563309635e-02
-1.268847305565312666e-02
1.526481586010852709e-02
-4.139722439022275324e-03
4.012829946857632279e-02
1.006954267379591705e-01
-8.813331493167497754e-02
4.397933954779276178e-02
-3.723554436589893157e-04
8.323554934680288397e-03
4.406857506994477092e-02
-1.364179966175438352e-02
-2.520848895122851374e-02
4.619485436108572429e-03
-2.534377270895227241e-04
2.905279408281646880e-02
4.822397858281179950e-02
7.372519699615054378e-03
1.253849026791220567e-02
-1.159428611930346520e-02
3.156276588217243884e-02
-2.027082029605375979e-02
-4.993547476370618909e-02
2.302015248984234930e-02
1.091249811235188716e-01
-6.415914735637295863e-02
-3.856209230186280479e-02
1.156637577168484476e-01
-3.247887600223720028e-02
1.043249755383168775e-03
3.615555665134273511e-02
-1.023715887577658634e-02
2.042865118142334069e-02
-3.905292941053106759e-02
5.090811841950815264e-02
2.930898913702018049e-02
-8.101460471337240676e-02
6.908914436463220454e-02
1.811202509692666496e-02
-4.310119566025338855e-03
-1.392495703291896092e-02
4.100201805768755037e-03
-1.994979452142864318e-02
2.567841750072608065e-02
-1.066243402324307255e-03
-3.785256900114353229e-02
-4.830212082500695558e-02
7.087049989676330597e-02
2.037830852886246547e-02
-3.510508705662962470e-02
-1.517439794563513189e-02
2.012312138036387310e-02
-1.980215926552419958e-02
8.062688341835766437e-03
-1.738101094394739476e-02
-2.095073522641310859e-02
3.086245933518716456e-02
1.734035380350285038e-02
2.520285940949440473e-02
-2.847057168688316153e-02
-2.438792705057712951e-02
4.706414046479512336e-02
-3.744484934646941099e-02
2.472678769666014631e-02
7.507647937880612687e-03
2.865557394773832200e-02
-4.533452437965701520e-02
5.490908668809213466e-02
3.636231809058809716e-03
-4.007184635849769805e-02
-3.263626395098029320e-03
-3.174709159862842967e-02
2.824196913943177734e-02
2.679088625446324201e-02
-4.143870109727343376e-02
1.002919724048396688e-01
-3.208659935307522915e-02
1.108361423923343025e-02
1.276293476924905690e-02
-5.623022495064855519e-03
-2.189009761503157847e-03
1.582654901369107137e-02
3.737156824698661950e-03
3.118202438453065994e-02
2.290664979440260041e-02
4.018066603914061119e-02
3.188967981348600489e-03
2.205926131051239025e-02
-1.496701373972086913e-02
7.405255742153915577e-02
-6.264205945664791386e-02
2.685076673629716026e-02
-1.760716338886814114e-02
2.271766319708801163e-02
1.238675445107428885e-02
-1.635325605139303917e-02
9.997814089023115969e-03
5.385589377351163165e-02
2.728124892415539904e-02
4.782627512034087758e-02
-4.207568837237829484e-03
-1.010765438975003150e-02
-5.691580404201612708e-02
8.801524122067583278e-02
6.245139825166212688e-02
-5.675638377446956540e-02
-4.514798073088455155e-02
3.490392265785002834e-02
9.600465570227534329e-04
1.248107599561176784e-02
1.476467087255350918e-03
2.427319695539154054e-02
-5.727899905104916201e-03
2.565371263323434903e-02
2.097030799104349086e-02
1.205076165962459811e-02
1.196474149613102611e-02
-2.479339249808631962e-02
7.847391388119095978e-02
3.013634505806983555e-02
-5.577128819919918712e-02
-2.727464715310823351e-03
5.993667820390324863e-02
-3.738612288494103097e-02
7.046311307614949726e-02
6.386089664083272055e-04
3.969517981964232334e-02
1.502853368195422590e-02
-6.956984904701091210e-03
3.010422720773231475e-02
2.564693025844722030e-03
-9.822039604412413638e-03
1.422056537666538389e-02
1.853264842249613409e-02
-9.319100960134552025e-03
-4.323938501796575906e-03
2.939607706194324876e-02
2.738848379551850343e-03
2.651182392150097655e-02
-4.169724734929913801e-02
1.128035770858899500e-01
1.394502692439236746e-02
-2.334401380354345079e-02
-1.317644200560574852e-02
2.805386579612778597e-02
-4.388674872035847052e-02
5.533144000619749647e-02
6.376460290253516128e-02
4.632368441236134338e-02
-5.839271620799557638e-02
-1.488094360751590628e-03
5.996857307134728643e-03
6.248963390473250001e-02
2.459519870924253837e-02
7.829874128050251514e-02
7.157584340393130518e-02
2.364089830913540524e-02
1.506510750421830025e-02
1.321937843659237721e-02
-9.677242088537596487e-03
3.763264417335276946e-02
2.907079157134617731e-02
-1.987870204884834013e-02
-2.600376360916445417e-02
-9.216698615265306316e-03
3.441496578187797084e-02
9.653135178309790732e-03
-1.220449163118880742e-01
-2.170965184954670724e-01
2.467943987129839201e-02
2.690091319386667124e-01
-1.299547000794039064e-01
-3.079016947890966804e-02
4.243092415091931358e-02
-7.722871725436952772e-03
2.392288316553581318e-02
-3.289745890654227622e-03
2.715534070667180444e-02
1.210211175001996153e-02
-9.354005592407510505e-03
-4.239671337600725565e-03
2.710994149286127808e-02
-4.688277481849145722e-02
7.187621212551675853e-03
2.109004268641023749e-02
-1.646102194753429337e-02
-7.862363228355651046e-03
5.672553061100593652e-03
2.753546021328245885e-02
2.826567895339793246e-02
1.863362333394458226e-02
-1.177015179258988908e-02
1.851949593730206622e-02
4.972174539002960358e-02
7.788034474225158377e-03
1.173787962063488344e-02
2.018552534328299508e-02
-2.683731193075855614e-03
3.043503013838400051e-02
2.532922319632491259e-02
4.887681917439512524e-02
8.643233143596518175e-02
1.451795318427184789e-02
-5.500211772647434216e-02
3.639881375439335542e-02
-5.311790219752676734e-02
1.270354664853812210e-03
2.822841860440825634e-01
-2.649804146537300120e-01
4.013413143372446257e-02
1.507293881423099613e-02
1.032826828502031447e-04
1.320388900660995901e-02
-4.251705937122873813e-02
5.716184801763746215e-02
3.690652774572145134e-03
2.331692716015054678e-02
-6.730275345170566581e-03
-1.406192922535742795e-03
4.385470219734943775e-02
8.010565359814370012e-03
-7.213848649379617228e-02
1.493388493040197496e-01
-9.066418861478720004e-02
1.358367861149267775e-02
9.970956451218260241e-03
2.659073724483107526e-02
-1.776834240644786789e-02
3.041849148416275739e-02
9.758162850927121212e-02
1.245010947904701126e-02
-6.621421685691109005e-02
5.929112783986445478e-02
-2.820652006381374477e-02
1.121067196572314018e-01
7.690137389833306969e-02
2.794063247499956049e-02
-1.813929677640513383e-02
2.162565102755165114e-02
4.528887581840401744e-02
-6.437320698947135433e-02
1.637846705424617078e-02
-9.979636522650459085e-02
-5.979063569493336949e-02
-4.357836666632497469e-02
-1.919211827337052867e-02
-8.471773693310868936e-03
-6.325940031228549643e-02
1.612832876986303177e-02
6.039076862062131568e-02
2.517587905024054606e-02
-2.610570314441673645e-02
2.791293061680022447e-03
-5.379198170588184169e-02
9.452425486515547703e-02
-6.763130844934206465e-02
1.738933683676013864e-02
-2.405157026726767455e-02
-1.898168544113532086e-02
9.590774348809505412e-03
-5.985649229014233796e-03
8.969264227779216725e-03
-1.333795113933522458e-02
-1.889533711761481882e-02
-1.144465826653084939e-02
1.856199670029479165e-03
7.432836612670357113e-03
4.307752048879942564e-02
-3.830380606454819592e-02
-7.111710015333505552e-03
-1.525452470058241694e-02
4.359699760757296261e-02
-9.662181331305141896e-03
5.125217624658540139e-02
5.305914586305582326e-02
-1.412978077819770917e-02
7.616122224208976554e-02
-1.994058991683367310e-02
2.791828732066670149e-02
4.649370459761792418e-02
6.224305578152211638e-02
-3.819211531940425175e-03
7.580665592154423038e-02
4.516850031140373645e-02
-2.010265879350825458e-03
1.805514347673575770e-02
4.888046991146310916e-02
2.361086061547013060e-02
2.764198002217121974e-02
4.408482532704205425e-03
4.786868587834081090e-02
-2.874959607041494003e-02
-2.083498207741940611e-02
3.893345211693999275e-02
5.235254189768667743e-03
2.896399407149607974e-02
-7.161867007107880490e-02
1.888165123652618682e-02
-4.162674654408515806e-02
1.769196552928464783e-02
4.959338422840575689e-03
2.560931911317831933e-02
3.538317346364783234e-03
4.256762979272821212e-02
6.394972385299624307e-04
4.180079844060946570e-02
-6.017138579971881285e-03
5.317034471772785764e-03
5.916784984903333822e-03
-4.602815964564843654e-02
-5.012607997924245495e-03
-2.208029977802805632e-02
-5.995839395894098089e-03
4.881015509841590827e-02
2.012869800051930724e-02
-2.976266031057495098e-02
7.305854850984783155e-02
6.406398197427609631e-02
7.988140094513651590e-03
1.380432260858643900e-01
-1.418963057337130351e-03
-5.051682060686890630e-02
5.384111031549010384e-02
6.295371659054316282e-02
-6.728030168060339378e-03
2.425964817873893509e-02
5.627349163226402773e-02
1.820415125965624270e-02
2.588930505388264969e-02
3.999981779418582128e-02
1.152076237949950510e-02
-1.294573009082888859e-02
-1.493911171031037100e-02
-6.394219928426170263e-02
1.773490749424186941e-01
4.921221962588040455e-02
-1.543362955903024858e-01
1.337856362835636581e-01
6.780723394602983234e-02
-2.039454760968562042e-03
-8.784916361157524278e-04
6.499315009098904916e-02
-1.977359997033345529e-02
2.841259259978579088e-02
7.199060625308506545e-03
4.932094470606607217e-02
1.787422046465048098e-02
2.943819265200620094e-02
3.153884732102230082e-02
3.471154938337095430e-02
2.967742859174293812e-02
6.694177029127468259e-02
-1.742982959778305307e-02
1.785838643637216450e-02
-2.110780314766191879e-03
5.390010302305836554e-02
7.278716281627861662e-02
2.082991155884927892e-02
1.451879333583860898e-02
6.059156748191529829e-02
1.963448405981615963e-04
9.541882762947651031e-03
-2.457439559138219209e-02
-6.349787808580131809e-02
8.050029480009879279e-02
-1.131775509104260280e-02
3.589285809645614833e-02
1.138674906361885064e-01
-6.493101332890605093e-02
-3.993043580181998564e-02
4.250520187015349727e-02
-5.986847475999490520e-02
4.172165066106980902e-02
6.127947436273872839e-02
1.876800150438473480e-02
-7.223272245374667833e-03
2.772347020034904297e-02
-1.895955006840921442e-04
3.861282935839427388e-02
-3.647871841545802241e-03
-1.184945476219567695e-02
2.987929720659998623e-02
1.997201459210096175e-02
-1.155122146500398017e-02
2.830094951807460291e-02
2.200519034865289214e-03
4.251315949392697746e-02
3.307804503420541664e-02
4.701454116052605769e-03
-2.957183437227595135e-02
7.383524806191554823e-02
5.533434649429058716e-02
3.086861486035852309e-02
-8.205328840352921205e-02
6.538148193458570567e-02
6.952285329331986397e-02
5.254926491110789577e-02
-6.614771671543451248e-03
4.467833967365808512e-02
-4.447679148062122501e-02
5.650981366164975483e-02
4.203077501908425440e-02
-1.377021876088879715e-02
2.997709416279370487e-02
7.218975953818107527e-02
4.534615654409734908e-02
-5.438703384572640687e-03
8.218517597830610200e-02
-3.731985564784601195e-03
5.522656982454554608e-02
-2.128557336121916777e-02
5.814384697002727975e-02
-6.854837477056285877e-03
2.763802304139550969e-02
3.109889594156678427e-02
4.157457706552269983e-02
2.879987708329001528e-02
9.694961200057194972e-03
2.061244753423263631e-02
5.327758085472722449e-02
1.865117306304009404e-02
-3.351800355420353483e-02
9.690456046319284589e-02
2.324575281478002964e-02
6.414561625263681677e-02
1.807474341637016479e-02
9.969570454703502449e-02
4.237767638625888900e-02
-2.581319307285401266e-02
8.347617979407151445e-02
2.547683538011202842e-02
-2.437572270639032368e-02
2.656192595449091698e-02
6.995966787193008685e-02
-6.374305523975110077e-03
1.800499964023800636e-01
-8.023806206357209092e-02
2.636766212182983793e-02
1.158153437875864000e-02
2.322496868806744885e-02
-4.918306887655043980e-03
-2.485667235528699059e-02
6.936725807756372042e-02
1.036729429339033892e-02
-6.022638076055297773e-04
2.005180958549557246e-02
5.008450345074422216e-02
1.064472701139029809e-02
2.559824107373187552e-02
-6.092578877540999471e-03
2.515826726383463274e-02
-2.341504614229639181e-02
6.214617734591132425e-02
-1.322181033461711230e-02
4.364121190138359196e-02
-1.068219068352482815e-02
5.717890574445494423e-03
1.214374192777256667e-02
5.823715505607118814e-03
2.013446765325554999e-02
5.325633468991175512e-02
1.671714428538306763e-03
3.174970258884290963e-02
1.968459902080321733e-02
3.283167562434896602e-02
8.802171982030593256e-03
-3.869964101729683748e-03
1.639715004506125950e-02
7.033419455788392227e-03
3.886990850011873277e-03
1.214002490116805610e-02
-3.954709127789479695e-02
1.118415194820143732e-02
-6.653573826110426026e-03
4.390658052902063346e-02
-1.259121768564641641e-02
-2.183992695943604012e-02
1.690606516658399450e-02
1.803922120030820864e-02
2.878876983199263329e-02
-2.102403789375317800e-03
1.123562314159687325e-02
3.216083571171202138e-03
1.256905437800082126e-02
3.460045752734552948e-02
7.942883457080274212e-02
6.573501912727008900e-02
1.069162064306672377e-02
1.129369493011989078e-02
6.734962570932512271e-02
2.260059451333873426e-02
9.542724937351021453e-02
7.539645311786924431e-02
-9.494128899840914571e-03
6.931523325601984808e-03
-7.857101656530685041e-02
2.694713836166151566e-02
-1.289206857201952161e-02
-1.796488944931806664e-02
2.074133326637572772e-02
-7.903675133321907964e-03
5.471952514695610503e-02
1.837346509501092129e-02
2.621736173598554487e-02
-2.457088188092648728e-02
-2.888306814693075708e-02
2.659808161260546200e-03
-4.972304457335519068e-02
2.328796617794215429e-02
-1.742921047620793473e-02
5.439736320081189902e-02
-7.315224936238262643e-03
3.130829015863412224e-02
-1.200667323339255077e-02
-3.343080753296634455e-02
-1.835958628612788246e-02
-5.020030213715775957e-02
-1.240186487678052174e-02
4.147821096527626317e-02
-4.818900128268155392e-02
-6.216908768438722532e-03
-2.227086520659238289e-02
3.343627893256417849e-02
-2.005913405835890728e-04
3.170101188785090507e-02
-4.765975725218662973e-02
-3.612777397025546122e-02
2.685771890806099016e-02
4.246300519570156418e-02
-5.173944784782835704e-02
-8.750741438708020681e-03
-9.486878500299500416e-03
3.428934775502323618e-04
1.257124931051101235e-02
-2.165039110794220178e-02
-3.086698376474106276e-02
-1.894739233857434257e-02
5.149526568541062943e-03
-1.222920291205076282e-02
2.460224172855651759e-02
-8.877640180218637767e-03
3.751567132851807429e-02
-1.180057267673229049e-02
-1.729199372116685396e-03
-2.737658785585406207e-03
-2.132508034986990708e-03
-1.789456908002629021e-02
2.122830513531370755e-02
-4.420685911470378926e-04
8.970344469705748836e-02
-8.372114778953942960e-04
-2.949613202794587608e-02
3.567422628254046657e-03
7.351978828652905307e-02
1.153765581315546740e-02
-4.797882547812992726e-03
1.854647151309229969e-04
2.699025404254706828e-02
-3.770553422878020200e-03
-3.419520099210870967e-03
2.398231876123047002e-02
5.566675950461563716e-02
-3.720731806255406227e-02
4.108694574566040814e-02
1.962171391437061985e-02
3.700204956576236270e-02
4.464114006790831368e-02
-3.888132839032110155e-02
8.922218557979277875e-02
8.633701720973174787e-02
-1.701466401919704552e-02
-2.930180871408638588e-02
3.336310767935701804e-02
9.896560996257797171e-03
4.146923969698002033e-02
-1.033242690575697509e-04
-2.166453419841540828e-02
2.271730454091236417e-02
-2.548819007557279193e-02
3.094586642842944713e-02
-1.889398901073913173e-02
3.949530319826788372e-02
-2.768407671475392462e-02
1.528026321913067420e-02
-4.185835596382525559e-02
3.011532647656167683e-02
1.881596764057125171e-02
-2.333560886407903823e-03
-4.939673782976106153e-02
6.824867637928377917e-02
2.751295427320554765e-03
1.937552401596831508e-02
5.061494864699866980e-04
3.182962242612585868e-02
2.892890010102755483e-02
-2.804362435102625284e-04
-2.424311406272749991e-04
5.637641274851490358e-02
-1.570469807566121645e-02
-2.608815095154404240e-02
-3.502978333716533221e-02
7.097558263660719291e-02
5.484372252367508693e-02
-2.091743132267342986e-03
2.889499159128128269e-02
1.683990545338609479e-02
1.665613074091409906e-02
2.233616204798605231e-02
2.953913176106937044e-05
-4.553390977059978972e-02
6.347899753019303759e-03
-5.611744878261548664e-03
-2.285444843004302840e-04
1.037817036574328888e-02
2.232512754166848801e-02
-6.529016338786863827e-02
4.777852113260960820e-02
3.317542299982556564e-02
-1.978665752735420114e-04
2.863262911313513293e-02
-6.389396884473397265e-02
7.925174966107384478e-02
1.528277294400059994e-02
-8.858951512563773001e-02
-1.013997439487468455e-02
1.333991538214962524e-01
-3.863556650924726554e-02
-1.031552480970354679e-02
1.217025466051513405e-02
1.529405001403016939e-02
3.374290694228543330e-02
2.604754227843519843e-02
6.271568932529048013e-02
-1.990091228384782696e-02
2.531610913306314714e-02
4.614549060233175126e-02
3.788170974448368256e-02
7.812173272364564269e-02
2.675166368537063022e-02
-3.531356710504418572e-03
-2.076243939750632705e-02
3.950627491855907003e-02
1.155032100721127275e-01
-5.795263731566469012e-02
1.169576832380370135e-02
8.768117099046235374e-02
-4.913294667887146971e-03
2.883872800136177972e-02
9.755058329776478132e-02
-9.039680859476595387e-03
1.328652774211471765e-01
-5.405263523165881878e-02
1.629889444692045330e-02
2.649759863493361678e-03
6.474520399795546943e-02
2.760657439154989845e-03
4.527321423557473246e-02
-9.216365084556477072e-03
6.669182261061812333e-02
6.149182798711061437e-02
1.033077225655931741e-03
2.984273386093216907e-02
-1.954748983659815309e-02
4.019324369204646530e-02
-8.477887989913002187e-03
4.002496740053596014e-02
8.104894524875727591e-02
5.641961145979323966e-02
4.844940178378909224e-02
9.420998396789004303e-02
8.604694968464920990e-02
8.723459777679742899e-02
1.691351959927089865e-04
-1.002266201463264395e-03
4.856149755644345589e-02
-5.112344061806606277e-03
7.426017318130195832e-03
-2.724613974653955495e-02
3.347976391171880728e-02
-1.489689539840144406e-02
1.945443681535374836e-02
-6.479444898168651434e-04
5.092784564479280185e-02
1.026623649959423901e-03
2.532372029260332447e-02
-4.176607482782634939e-02
4.228681242176479671e-02
-1.346909080832792149e-02
1.204335913152831949e-03
1.571712664296676110e-04
1.921956870862784328e-02
4.279806081948223095e-03
-2.307387884535794242e-02
1.683815690370815688e-02
-3.568275214337113255e-02
4.262219922146570639e-02
4.182868988940757760e-02
2.263510611606012191e-03
1.800756980232520732e-03
3.586906552881474752e-02
1.248140448673051850e-03
4.317394406232022419e-03
3.601225066693558574e-02
2.242370523391645776e-02
2.123450760529843606e-02
-1.134604603611899520e-02
4.254166803678494091e-02
3.756293456772752393e-03
2.463525413420297738e-02
3.485397006686286048e-02
8.131715469060596391e-02
-4.218267707986766979e-02
3.379641764558227734e-02
-5.774087433598307229e-03
3.264132689788912245e-02
6.060912665000195432e-04
-1.452122088793572630e-02
3.987306586698391442e-02
2.971818848845453331e-02
1.372254116521798295e-02
1.645706442708805284e-02
6.633270114422562536e-02
9.946639228632503382e-02
6.707155455377700193e-03
-1.041222339874203762e-02
3.976265958844193982e-02
6.674516063680080435e-02
4.741841238735977626e-02
9.420959547732365991e-03
4.205920170459576113e-02
4.280182132986221077e-02
1.200043216773054588e-01
-5.353747177145917746e-02
1.449618909793093380e-01
5.038714542039324229e-02
1.494370085689444849e-02
4.854362876219875389e-03
1.490786375035835221e-02
1.286961343519132939e-03
2.036072417013712332e-02
5.992389636471062708e-02
-2.318227020550311934e-02
-1.043726600973615692e-01
-1.942928880375838219e-02
-4.930315745016722317e-02
1.109966533067119343e-01
-2.680815972349881449e-02
-3.204462113093109465e-03
-9.932161199109224015e-03
-4.403539201020212346e-03
-1.096819381934044380e-02
2.769429002087675507e-02
-4.590479638091671255e-02
3.107948814324856812e-04
6.299585624793602179e-03
-4.365325060418756564e-03
-4.509456126633781814e-02
2.571380288396807323e-02
-5.005929933517538899e-02
2.301966158282375829e-04
2.511473239014438974e-02
-1.485522708320452523e-02
4.875352135171828749e-02
1.460890952810345311e-02
2.787102715968448052e-02
5.229815138769300376e-03
-2.856622146173659615e-02
-2.092711899027488442e-03
1.917403006386786402e-02
1.609072767844832441e-02
3.392557156146303043e-02
1.751229258606379346e-02
-2.800854080611570041e-02
-1.887895082379964506e-02
-3.852191664350002043e-02
-1.373387897558986381e-02
2.337423915801295493e-02
-4.275116268587630941e-02
-1.273621760112009227e-02
-1.063558373204953611e-02
3.915688062417066462e-02
1.948692410931318619e-03
-2.838560689068536647e-02
2.850141557175156493e-02
2.549520330770960186e-02
2.755462467024782924e-02
-1.697409007813410753e-02
9.988494353357690869e-03
4.531978989462670526e-02
-2.186684643740388623e-03
2.471465302570008404e-02
-9.614783289975603608e-02
7.206788469146951925e-02
4.885101920127521424e-02
-2.392774407571351958e-02
2.114144264140849216e-02
1.075186852500298329e-02
-1.703012085989596969e-02
7.696547563926348090e-03
-1.314620828165846689e-02
5.907467341482242063e-02
2.826929370154696031e-02
4.922829488541058396e-03
-4.422371310108941245e-02
1.039827860699427120e-02
4.203296983535631526e-02
1.881047695226456540e-02
-5.109527850900397183e-02
2.391254104986950679e-02
5.827493439143305309e-02
-6.510314687723761651e-02
3.354156696934396109e-02
-9.151620576796748452e-03
5.099375914883585992e-02
-1.291304723072927985e-02
-1.743402975673102873e-03
-2.635176118659376954e-03
6.614728214801690598e-03
-1.268773121629562795e-02
-1.444742042317592734e-03
6.224475130337303597e-02
-2.975441694723635067e-03
-3.799059862716447356e-02
-2.397915106598258461e-03
2.032339072522049150e-02
3.344441567172973251e-02
-5.091760092907460233e-03
-1.230113960439949139e-02
4.420216291357492722e-02
4.651027383973049822e-02
2.345131276879564020e-02
6.964470859053473184e-02
-4.160132376280656352e-02
3.559558107655469428e-02
5.310343106193782248e-02
-1.271597051466510919e-04
-7.724945671296223892e-03
-5.845095938367617094e-02
2.383410735436264360e-02
4.658522170735590606e-02
-2.046313356241036274e-02
1.462583574643350204e-02
-2.955591984696059882e-02
8.733537362859644659e-03
-4.306149585205698571e-02
-1.434863883932013806e-02
5.591718071747520113e-02
1.332601736401861636e-02
3.375046093530720270e-02
-2.432482817042580514e-02
1.985329526893497842e-02
2.699437330846587990e-02
-4.204151680449252915e-02
-8.419127931142300625e-03
8.070144464470185852e-03
5.002292380726913734e-02
-2.363570507333467852e-02
2.609594585729113625e-02
-8.806812994155865937e-03
-6.197626047813376005e-03
6.866328081755068702e-02
-6.674173281776041300e-02
4.901523890694914343e-02
-1.046533198658505803e-02
2.579536193560438839e-02
7.647018777412561974e-02
7.738843378874094014e-03
2.683537557393744777e-02
2.624181347934340103e-02
-4.415696475706187840e-02
5.139420788170667720e-02
4.273853747798250780e-02
4.749955001082950545e-02
2.965235155704082359e-02
9.220301352460547051e-02
-3.923853970430890570e-02
6.169470256311582190e-02
-4.877005202654327576e-03
-4.161457912420818417e-02
-3.976494913733441550e-02
3.457338272462440187e-02
-4.570754860139292219e-02
6.164507803750662873e-03
-1.772965066907605802e-02
2.838352684345579746e-02
-1.113750136573976590e-02
-2.926762725354103978e-02
-1.686550784302021100e-02
5.624253299669979000e-03
1.991683517406550585e-02
1.080752129426021391e-02
1.713177062636450643e-02
2.238103855138895426e-02
5.113337607548862351e-02
-2.726111103837336458e-02
2.862945302570363282e-02
1.607608782036384909e-02
3.755806071283673830e-02
-3.506559784117069256e-03
-1.855180220683783077e-02
1.850804700680130921e-02
1.416559873478062670e-02
-9.937149019041413567e-04
-7.366911123216191015e-03
6.691843248787598952e-02
7.224207479553879097e-02
1.103940682310671217e-01
-2.460431241742733199e-02
4.539903700768466166e-02
-2.761099353122098421e-02
-3.384079776579174137e-02
-3.367371502561788965e-02
-8.751178843366069771e-03
-3.769382426754841475e-03
-6.080222184154937537e-03
-1.258390003652065658e-02
1.716544089103466675e-02
-8.651944347801698854e-03
-2.204261616218294861e-02
-4.202581416254203006e-02
1.873832531581021144e-02
1.045031758098158292e-02
-5.897617895258466802e-02
1.921540114960018641e-02
-3.853014827129674913e-02
5.075818067644322085e-02
-1.925653602007004750e-02
-6.387667946952113596e-03
6.225062204840359215e-02
1.014960369037136712e-01
-9.624788356101676712e-02
5.370158382129908148e-02
2.637681886199017001e-02
-2.325296981237201521e-02
-2.231042606387667604e-02
1.251215211680500872e-02
1.371039415482138146e-01
4.490382197675968357e-02
4.344509869028057025e-02
3.962418682080892651e-02
-3.109528795405891444e-02
-5.879839187516999743e-03
5.633456937584657709e-02
2.396997131270506287e-03
8.474902881709001079e-02
-4.487680529641169258e-02
4.500034379746553626e-02
3.577747817070098257e-02
-4.379327325312321051e-03
-8.217187504665046660e-03
9.337912406874870896e-04
-1.797823259557485009e-02
-2.367572648252624923e-02
2.414481727286421631e-03
1.930861466588718045e-03
-5.620514573801371760e-02
-3.668311923181843959e-02
-8.678135469960990278e-03
8.054381065918181370e-02
-3.344027942108573903e-02
-2.468456587560030613e-02
9.836807750081000279e-04
-7.725489345855596213e-03
1.151210345458597573e-02
5.915206621889268490e-03
-2.064326195105437023e-02
4.584750101804591083e-03
5.605243197600628946e-02
-5.469557489573340092e-03
8.211029688948379146e-03
-2.506418631349127679e-02
-1.953952409287262881e-02
1.230510306385790287e-02
7.716908005852562979e-02
-2.281202799100423562e-02
1.958153619330715856e-03
4.862516375563785687e-03
1.473190780663102828e-03
1.901222116187639699e-02
5.547466539236545202e-03
-3.197289768603139848e-02
3.807619309079601777e-02
1.503661041727122338e-02
3.488270358287115513e-02
-1.813305788759667081e-02
4.983758438397156709e-02
2.472030915948630891e-02
1.529286617214209443e-02
3.156680634361741511e-02
-2.340577860654846631e-02
3.235200734513554721e-03
-1.949079551665633403e-02
6.072196123927398048e-03
2.743576956146487333e-02
-2.690148692882754489e-03
5.195320269323255857e-02
-3.207943559655035415e-03
1.656190152603898014e-02
-3.586241913558163574e-02
4.731016082629491137e-03
4.474590079717399860e-02
-7.397159757233762178e-03
-2.055142153648281678e-02
4.028083248256653093e-02
-5.434800123510274972e-03
-1.972118160987967883e-02
4.698023107961768474e-02
4.590185843412930566e-02
-2.007360863370255544e-02
7.100621265563566986e-02
1.996844218517468406e-02
3.453703164662247360e-02
1.172115946226131022e-01
1.528064686533570082e-02
1.004435333583990619e-01
5.853270361651441434e-02
1.472370576608650339e-03
3.715836330030031220e-02
5.429166943574692539e-02
4.493722853970716358e-02
1.105818945184044999e-02
3.016338924533390475e-02
1.153802364551426152e-02
1.863584119058936395e-02
-7.467435950874401485e-03
4.558990789555772416e-02
-1.053928098400125357e-02
5.025987613976989898e-02
-6.194479858718016096e-02
-8.952100844482169251e-03
-2.314601740093680249e-02
6.832444736809684116e-02
6.573077331517795940e-03
4.085158172451142100e-02
3.132110979821245422e-03
-6.441780834663912714e-02
6.117252888121926802e-02
8.591665592293740161e-03
2.869752178952911237e-02
5.173268120553542460e-02
-1.297839566150038593e-02
-8.855133288119709789e-03
1.246087267233120244e-02
1.328963145107264765e-02
2.163887369556460882e-02
3.488503859316516298e-02
4.465528611115177071e-02
-5.520655190658141365e-02
7.318636759444885342e-02
2.303435917650631382e-02
1.016276532078785877e-02
3.965017377445256841e-04
2.957301420400959557e-03
5.435855988111182313e-02
-1.989641598404690015e-02
7.193920522150509811e-03
3.626542745884275831e-02
-3.693794029033581339e-02
4.863256587515696339e-02
1.517529036088971495e-02
-1.072176924492485028e-02
-1.056712644720825267e-02
5.751419776057975497e-03
7.291634384970402394e-02
-4.808477768294672217e-02
-7.416617242912026953e-02
4.727676422838777981e-02
2.856620292294254071e-02
3.454573877616562427e-02
-7.549657509730112182e-02
1.365411859360676772e-03
2.185330323794820728e-02
-1.331561919542911809e-02
-6.706751593053006388e-03
2.337228098925780984e-02
2.551204468344714371e-02
2.984969969944328838e-02
2.875944609257130580e-02
1.414811561100837167e-02
1.430134812686167933e-02
4.307113498140813235e-02
-7.374805675619389156e-02
-1.353550071506015584e-02
4.975561492893820770e-02
2.908799749506663090e-02
4.492039940689362965e-03
1.310169457474508192e-02
-2.526245461777953949e-02
4.359378215594400530e-02
-2.867827022207780630e-02
-2.679258962895580964e-02
4.769832855202316146e-02
3.449743286409323595e-02
-2.671711116586239498e-02
4.351703669587347889e-02
-2.755284200109664461e-02
5.870808334979860099e-02
7.995422170594901345e-03
1.632869616953946945e-02
1.024744087765054879e-01
-4.306922395842516238e-04
7.323207636664719189e-02
3.264157826983193900e-02
8.050726881796510526e-02
6.365721052145989489e-02
7.428931665273563745e-02
7.825746219964901940e-04
9.178231507350931295e-02
5.404157747126303590e-02
1.800128181222704349e-02
-4.825982283718499577e-02
3.369958071408529765e-02
-7.935745203876887199e-02
-2.228845645050681057e-02
1.168786259583354248e-01
-8.346133542320055554e-03
2.505853873108676577e-02
-4.411744459720878808e-02
5.069822039470095465e-02
7.319862980465730029e-02
9.073866086908988215e-02
-1.197146521992604740e-01
8.903442154573593115e-02
2.501981688648813318e-02
2.571409527208112777e-02
7.532282209823826236e-03
-2.707128432993766154e-02
6.607905873838415545e-03
-3.434516878046345312e-02
5.360158995833597118e-02
3.549060046273311286e-03
1.438567979419991261e-02
-1.031633660729003310e-03
-7.597638516638971495e-03
7.855459117116492251e-03
2.738326290060988377e-02
8.316512312084234360e-02
-4.003252322405059793e-02
-4.538031813951626248e-03
8.634835557114195481e-03
6.016820643231612920e-02
-3.871485721667067281e-03
-1.882263020480889892e-03
7.302680824414320426e-03
9.997839907174510543e-03
2.090668968993303345e-02
-2.231448796509050148e-02
1.469484723169767193e-02
-9.966535397349041148e-03
3.552785570478667054e-02
7.161543328542130382e-04
-3.180893755055391736e-02
9.500985920102422710e-02
5.170731948193729721e-03
3.904740653319072052e-02
-3.334881451687810028e-02
1.227887240594460749e-02
1.268999827936645453e-02
7.114964086313513292e-02
1.160588774537529844e-02
3.704681599338788267e-02
-2.250308323649785613e-02
3.992880311621571643e-02
3.230610808299516634e-02
-5.602345692745136496e-02
4.952945668881891805e-02
1.110423405686749021e-01
-2.487980156267588505e-02
-9.592217764635191379e-02
6.908480151676532621e-02
1.447338740928216794e-02
1.830974286095976566e-02
-5.492507657975176372e-02
1.120441664321414343e-02
5.780987938166926021e-02
-4.064507105734604941e-02
2.057359254014778926e-02
3.260828442881158473e-02
1.530370634913946759e-02
2.653908752891820377e-02
-1.919690846679888985e-02
5.133008177556819263e-02
-6.233263215867701490e-03
5.780898562167036125e-02
-1.930371932521990352e-02
1.077171789867104046e-02
-2.042140568805672629e-02
8.715751351036526984e-02
7.263229838026630247e-03
8.397611304950647337e-03
1.762577189045577697e-02
-3.458140333735881811e-02
3.989443187515706590e-02
1.988298652545639200e-02
-6.593239198339873042e-03
-3.785605023685323367e-02
7.692593595211616453e-02
-2.052830211065903576e-02
5.345625755819316538e-02
7.455835669863741799e-03
-6.678635831450785432e-03
3.812901224641684905e-02
-1.129534605590820640e-02
2.038992770601932847e-03
2.764723163551363605e-02
-1.266929787771431393e-03
1.348481970328507806e-02
-9.253110727469593400e-04
1.228238244153301295e-03
-1.170435797801483435e-01
1.173039633165466888e-01
5.617011335390031945e-02
4.126993288706115592e-02
-7.052994362661157979e-02
1.020356736103638085e-01
9.516037611348338032e-03
3.063056001437391984e-02
2.596106168251508528e-01
-1.083682979164297677e-01
1.870669457086693299e-02
-6.324044466794953578e-02
1.617098810424000277e-02
-8.749317380907228880e-04
-4.751463355908258634e-03
6.739457339400822811e-02
-2.385605449996131000e-02
3.022822402097968819e-02
5.281961473594876111e-02
1.242637666509582850e-02
4.160673833650907483e-02
4.215227418657985226e-04
9.687646241515190937e-03
2.801712411824430760e-02
3.710662434423950273e-02
1.117002793171106845e-02
1.421080676624959516e-01
-5.291302428348876319e-02
2.490672803648985578e-02
5.903221322091889434e-02
1.140461719290786213e-01
-1.700913727031583278e-02
8.537692835480203968e-02
5.372752598821195491e-03
6.051932314218655407e-02
-9.783438215520634529e-03
5.389443988764397453e-03
1.897520190345947100e-04
-5.180350439804493057e-02
-1.556912620401473824e-02
1.071310411181478628e-01
-5.537074661599339365e-02
5.454329186858286604e-02
2.293232510077714004e-02
-3.337699552010575665e-03
7.491079904904107689e-02
-3.146331271151847631e-02
-1.731720375810463786e-02
-3.145700883150892579e-02
-5.885660748108101359e-02
1.941561354145955320e-01
-6.516888625404648749e-02
4.889742435126631648e-02
3.888359286389220237e-02
-1.616325515981120731e-03
-2.787396773260808480e-02
-2.240692935060573099e-02
3.397038712608635436e-02
1.700276913255116540e-02
1.286465316294904682e-02
-2.910931607160049950e-02
4.145297238003475826e-02
-7.881542242076378102e-03
1.226437886775966213e-02
-4.401565998872758456e-03
4.010734039343377688e-03
3.956933040248888922e-02
-4.479727049464532485e-03
1.856026480978489879e-02
1.335077808694040691e-02
8.286373074085418011e-03
4.234765791394590195e-02
4.062689007937336783e-02
-6.438442270193078798e-03
4.493455061569395781e-02
1.112293982562542194e-01
3.856006018604674068e-02
5.994281659404299134e-02
9.069165610542162526e-02
7.471535393326478314e-02
6.231697662701618512e-02
5.212994101273160652e-02
1.028176719678830509e-02
2.278265436751958362e-02
5.256664250877296496e-02
-5.205001692934208002e-02
-1.246874143319898209e-02
-6.236834198420915243e-04
-7.749792995384718886e-02
-6.548299507351584836e-03
1.940529840311011611e-02
-1.448488148152460298e-02
-5.079023086926093278e-02
-1.357485087461962614e-02
1.829823104952876811e-02
-2.239823092280079919e-02
-4.361933360753300626e-02
-8.132958191520156532e-04
3.767595007859081413e-02
-1.046077312093740552e-02
1.890420131437142715e-03
1.308883856986664540e-02
3.494234903616177945e-02
-7.830066118776901618e-03
2.962946628690676931e-03
5.363585857511532495e-02
-2.949335507648331856e-02
-4.840891863832297304e-03
-1.337234695045985688e-02
8.316748939862783629e-03
2.998061170535404329e-02
6.768583741527667286e-03
-1.536184237483206871e-02
-4.935641478729824172e-03
-1.657882271831390142e-02
4.940859098070848887e-03
-5.638159148456001191e-03
7.674193570618381699e-03
2.358375334575057991e-02
1.846557345395760663e-02
-2.752633884264055197e-02
1.446523067318672418e-02
1.437520317808349546e-02
2.474677794930268959e-03
-1.127429205093521958e-02
3.234172531037504683e-02
-4.936015907630819655e-02
1.982459858704821443e-02
3.506477116854878062e-02
-1.749877457079085374e-02
2.627321653549996583e-02
3.642685456020089418e-04
-1.975633847152868938e-02
3.651393674920910826e-02
3.440445522014812241e-02
-2.376477370362728436e-03
1.592278524934132022e-02
-1.308798511567355050e-02
-9.725462778235272054e-03
6.300197675007268572e-02
3.403581370966124453e-02
4.716003784396960441e-03
-8.308010608196081392e-03
4.996964146016003028e-02
-4.416843615068488660e-02
6.742279523623739834e-02
8.735093331238896752e-03
4.653293801421742870e-02
-1.994154902449185585e-02
5.546585107345558541e-02
-2.540766163450758341e-02
-1.504430362986797221e-02
4.555467401050128373e-02
2.190355824924061778e-02
3.975153004411424718e-03
-2.207754796594318947e-02
2.624037772010723302e-02
-2.125746084336865849e-02
2.788535535709657509e-02
1.282349585541164849e-02
2.515827154652483522e-02
-5.984463088910185746e-02
6.245290531254443778e-02
-8.394258237760521268e-04
-2.191459877518386890e-02
3.486474394010241618e-02
-2.237332767682320700e-02
-2.939113376311430770e-02
3.996812712079678143e-02
-1.027889976378459913e-02
2.616107672956458075e-02
6.094197752650742927e-03
5.895996993920848972e-02
4.313104868934747316e-02
-4.027217557200035714e-03
1.673851061953168795e-03
2.578227231760177318e-02
3.625235464002241059e-02
-4.762466755951644259e-02
1.641414358607113932e-01
3.714030753845198873e-02
-4.896552143740029450e-02
1.505288702362905795e-01
8.925255030519663180e-02
6.441385375256514223e-03
-7.803082245265779981e-02
6.064840922245084975e-02
-1.526880858275447839e-02
-1.769429951047263305e-02
1.721126786831472799e-02
-1.997278513772693387e-02
-1.086810925016390428e-03
-5.480960577857185712e-04
-2.328331125661919909e-02
-2.972304764061683979e-02
2.078794558040941709e-03
-4.102189536050504515e-02
2.520981896041396553e-02
-8.506190547957537262e-03
1.980284507299412411e-02
6.218707993973726644e-03
1.190508653966171337e-02
1.292158782382957227e-02
-5.517549866145299298e-02
2.220328441452079637e-02
-1.859533434035531840e-02
-4.359742045869863247e-03
-4.127749171622530078e-02
3.616660328040532946e-03
3.130041977800734898e-02
-6.309334191853133156e-02
3.865722115135095116e-02
-1.674084444274925865e-02
4.704644436169358457e-03
1.243201300003926590e-02
4.371533681264749838e-02
-2.619038113634264420e-02
9.178172990765354200e-02
7.468535132079434646e-02
-1.678097807539709052e-01
6.910003587542945525e-02
-3.330441798440708645e-02
4.509935712236612382e-02
1.153466381642131999e-02
-4.363161643334079187e-02
8.727696500603787655e-03
-5.439540596219938351e-02
4.412836527549779397e-02
9.644416222043483700e-03
2.625859915313455417e-02
2.366625038231928713e-03
-4.755447706574544853e-03
-3.660022047796962497e-02
2.971839275433185712e-02
4.539947552056999847e-02
5.259345958172678692e-03
-2.842222846904940425e-02
-1.160940432411750045e-02
3.579637101896460116e-02
6.545103433551524574e-03
-5.094987692166874638e-03
1.209205597401254995e-01
-4.271902911289360283e-02
9.390436738689666996e-03
-4.572992378129359103e-02
5.610186496681257573e-02
-1.880664046064906003e-02
1.571102436398175151e-02
8.309328460843579123e-02
-1.308354409977385835e-02
-8.200903814293614147e-03
4.033769746727822181e-02
5.579991069293299688e-03
-1.901706681389425668e-02
7.061360886126388792e-02
-5.056975400859808900e-02
-9.702055801517950329e-03
8.851391103666816917e-02
3.642364954984822489e-02
4.655406428364372573e-04
2.196309299120713376e-02
6.852646282227148333e-04
3.100868035982484727e-02
-8.018139611482499873e-02
4.300826302692373204e-02
-3.970023830551672184e-02
2.610373764190354606e-02
-2.354799126907014539e-02
4.632108854373262474e-02
2.208584394792700856e-02
5.757670606796794210e-02
-3.290434951084431070e-02
8.794639592741781975e-02
5.927735244659126934e-02
4.987080240548280585e-03
3.892151527588527671e-02
-1.246528001651570072e-02
1.028834584255879925e-01
4.418717461353605103e-02
3.737323194758213063e-02
4.340328723252362408e-02
5.048814434888271307e-02
2.521296254936045145e-02
4.923878167470530087e-02
7.281323008657247797e-03
1.761029728513840986e-02
7.067278114102881759e-02
-5.423183788801932970e-02
-7.961499053339204934e-03
1.225719478988998024e-01
-1.578553701062568315e-02
-1.806452864299590289e-02
3.839090630347263833e-02
1.566661837256444478e-02
-6.739460413577513798e-02
-8.661790323434725991e-03
-9.225803942652133216e-02
-5.384091800927581772e-03
-1.404276647075253237e-02
5.761571398401477140e-02
-6.912978662485969039e-03
-1.265848482222509119e-02
-1.526028535404022612e-02
2.456081865638215511e-02
-1.060064028113205659e-02
-1.911090502510148781e-02
-3.510033718967364713e-02
5.227525559120449472e-02
-1.798906832638325071e-02
2.575567572728920673e-02
-1.523040191626856554e-02
-2.709799146369640255e-02
7.069729070889207989e-03
3.247994064673909165e-03
-1.185871868521815031e-03
-4.463052826554858576e-02
3.750963218417502354e-02
-1.647608287627955193e-02
-1.891702702342423770e-02
1.354505743802913997e-03
8.492635186123420610e-03
-2.185688205778935078e-02
2.847556150781227480e-02
1.700379648187166914e-02
1.093498718925633995e-02
-1.678487674723916356e-02
2.409803872734594954e-02
1.026417349859376493e-02
9.491890380368239732e-03
-1.647314166436464333e-02
3.884501054316102930e-02
-1.436021703379264380e-02
-1.585948524600366838e-03
1.952884083419736960e-02
-4.687002337639301075e-03
2.374953111784483539e-02
1.199092817606950412e-02
2.976929927825344713e-02
-4.299309814691598675e-02
-6.088375802073775489e-03
1.189153333346526509e-02
2.211795730813159722e-02
-9.006068055591232024e-03
-2.433251156780880109e-02
4.620322646357166718e-02
7.421111065730512379e-03
8.042987715773941559e-03
-7.670908365924322680e-04
2.179173166358649993e-02
8.970707714544223776e-03
7.087966880708651551e-02
6.633186080326947121e-02
-1.049351611387803196e-01
5.705081124611899313e-02
-2.881572273526344929e-02
1.992750366670565931e-01
-1.737276101078117918e-01
2.892237224040261623e-02
-7.133042676641832003e-03
3.388508886902696915e-02
-2.875905178969029308e-02
3.266020312051232111e-02
2.295753249046028621e-02
-3.946441433311687064e-02
1.239831605557228933e-02
2.452017245503923526e-02
-2.736812897297014047e-02
3.909697214244500785e-03
3.909788196172403474e-02
9.998454956696489759e-03
-1.441941496509313581e-02
-2.754637800963410932e-02
2.565080641395955929e-02
1.040249868701570435e-02
-2.804298396614846034e-02
3.262744414200047238e-02
1.497542880400692944e-02
-4.696728137292160987e-02
1.547285951059684805e-02
5.500197206871026978e-02
-4.824686273967038197e-02
-1.175248973357612137e-02
-3.006292669126642281e-02
3.562320072315694475e-02
-1.408092149088435718e-03
7.265608056223893385e-03
2.849001135521511685e-02
3.312120613475011410e-02
-2.252241205398641810e-02
3.175737804373746087e-03
5.883945031495674272e-02
2.943611616592134439e-02
9.771082639423500638e-03
-1.144042868796635304e-02
8.856256941392803839e-03
3.975585187586849756e-02
-3.685654303546948007e-02
-6.733571138720195748e-03
-1.559120398030700017e-02
2.138175645437057071e-03
4.953097779326087746e-02
-6.284146634036646972e-03
2.769040911674292005e-04
-5.424057476673516121e-03
1.760974792495706431e-02
-8.030185169467585204e-02
1.737258349513970401e-02
1.458415097680292316e-01
-2.091467304915983760e-02
-1.536917479588881807e-01
5.946206899173289706e-02
3.932335303425160689e-02
-1.189769450731783529e-01
2.829578306343272232e-02
-3.947418245667111414e-02
3.744323955600559195e-02
-1.373145323686020269e-02
-3.087781082639295960e-02
-9.297985144054443651e-03
5.809948676553799984e-02
-4.636999795006913061e-02
5.338876183987406598e-02
-2.493891373340550999e-03
5.759020025996264280e-03
2.114807440848620601e-02
-1.318799363912104283e-03
3.920736970359683937e-02
9.494925526588593456e-03
4.830199190064776715e-02
5.275679074512451550e-02
-9.884498644626882324e-02
5.092809390682062620e-02
1.710033550291867321e-02
4.916467495878817928e-03
-8.916833627801157292e-04
-4.916154958775065253e-03
3.456414262476448229e-02
8.562301821146922620e-02
3.001445310944950151e-02
5.482416910908671781e-02
-1.285883820743638495e-02
6.366880503086624898e-02
6.240929698503583367e-02
6.468751101754355304e-02
6.375157071246562168e-02
-4.096085134688287610e-03
3.655900983190418785e-02
6.399984282548221159e-02
-8.580424662271823877e-03
-4.444358634611433878e-02
1.118810375174890126e-01
7.055581768604057835e-02
-1.652363778097143410e-02
-1.005153933296454305e-02
7.297677154067661043e-02
7.298837854790529711e-02
