1.323363693804116559e-01
1.020480075152469246e-01
1.869044969675386914e-01
5.843520397256208448e-02
1.154092902457069247e-01
3.798519346714751554e-02
1.141820949549449682e-01
-3.141895033806557658e-02
4.128876687683017549e-02
-6.964018618966129337e-02
1.691732983386531539e-02
1.790555771098074900e-02
-5.006100234321981396e-02
-1.183898104250362404e-02
7.648927337728730208e-03
1.256564992551423010e-01
-1.978383383706998622e-01
5.746696030441376252e-02
2.307988925996465671e-03
-2.212693653468696467e-02
-6.283735160219043603e-02
-5.620256801283483178e-02
-7.621708257755478721e-02
3.318001762893040690e-02
1.580771700208125768e-02
-3.772948904995702263e-02
-6.231898504742015149e-03
2.519347096239627284e-02
3.705568878303098362e-02
-4.926012428934665142e-03
-1.907501668894231311e-02
-8.342527758025983231e-02
-6.615801010114666370e-02
6.707889060607548359e-02
-2.701235474488742835e-02
3.510460311364026892e-02
-2.497936526795380835e-02
-4.177518568159194201e-02
6.528797583946094329e-02
8.277355158293245307e-02
3.733730996128280244e-02
3.821670938488531954e-02
-1.062998921495385100e-02
2.144311306471170450e-02
-4.707549039796939810e-02
4.947658818215609593e-03
4.020386920092740984e-02
-3.218061872906032711e-02
1.312028969824653724e-01
-1.416301901105305461e-01
9.288586398700419619e-03
2.484064557453359232e-02
2.734683648343643955e-02
3.073154821066015688e-02
3.500251873541644632e-02
3.569214749110653090e-02
4.503119823776977060e-02
8.997376138198301398e-03
-8.074871647604997538e-02
2.580672201511601677e-04
-5.253004846526954791e-02
-7.624585940052397426e-02
3.581259629919224252e-02
4.330487925999347565e-02
2.648573445883185482e-02
-2.598690106866041391e-02
5.942064971523902499e-03
2.495007892274042887e-03
6.789989134619997188e-03
1.619960300326019065e-02
-5.376556983628159175e-02
9.299304054879949100e-03
3.242087401453761647e-02
5.353363574539855840e-02
-9.757062777736476289e-03
7.630868405558549269e-03
4.940815930956569957e-02
-2.909645370992261851e-02
-8.559681471063791680e-03
3.151920911498973937e-02
8.833382642188752909e-02
8.147796711988458673e-02
1.536071768553741272e-02
-1.124821774977118743e-02
1.194676971673702855e-02
-1.243633606290384525e-01
-8.979056788712296011e-02
1.758344642609155004e-02
-4.594853215031924343e-02
-1.030719052402469076e-02
-1.025595701442261476e-01
-4.733914761877518890e-02
-9.411353296991801717e-03
6.864541449306428567e-02
1.254095848070948815e-01
-4.285757828964882610e-02
-2.248711017912058407e-02
-1.464939840003824656e-02
1.693045402372625810e-02
-4.696762933112147431e-02
-3.039513239632423910e-02
4.998390557604052986e-02
-2.004691367710868116e-02
3.594195772906903091e-02
-1.732788950900242264e-02
-7.324663998585886904e-02
1.871340395667606474e-02
2.752748817756253685e-02
4.318095944236895189e-02
-2.691285172596026218e-02
4.919602579945159954e-02
-2.731011253818435916e-02
3.208385890877453461e-02
-2.770774927101096741e-02
1.265721845444555960e-01
-2.086572611475607797e-01
1.123343323114844722e-01
2.421442330723083333e-02
8.259784400095139534e-02
-7.525062907300780757e-02
-5.837892722038951626e-02
-8.420757901300504611e-02
-1.543613493134536434e-02
1.946919643367850394e-02
5.182700056609660690e-03
-1.883573796450471738e-02
9.850692992727267012e-04
3.569914819328385419e-02
1.200574415140662340e-03
4.096159432679150059e-02
1.179800428593668626e-01
3.581357628969814022e-02
-8.709703433016566243e-03
-8.079512416939757524e-03
4.389307987770796338e-02
4.755740038311113971e-02
6.703702027448740774e-02
-2.458472243923187292e-02
-9.425502647984299043e-02
1.271975004488532825e-02
3.586871113820268991e-02
2.882123324158050726e-02
-3.340469271696914350e-02
-9.012885853699129091e-02
2.859150783004837243e-02
-6.588697798396061199e-03
4.503951158230950352e-02
-4.148536853154459469e-02
-9.740051273640269736e-03
1.386748611692482751e-02
-2.091477749497470257e-02
1.146803673654472975e-03
-5.180685981537109380e-02
-1.518996419232609106e-02
-1.599679381450311647e-02
2.401322672870775596e-02
-1.370736330601155135e-02
3.537387936509420877e-02
4.731159656655282292e-02
-3.951421615535018889e-02
-1.279246751518573269e-02
-8.859837033749276558e-02
-3.441118797839613080e-02
1.596821956501964443e-03
3.469115714019562619e-02
4.260376208759752981e-02
-1.458372848118585398e-02
7.142484830950478203e-02
8.110493993223601150e-02
3.461705743710296462e-02
3.743371366904450770e-02
-4.738227119053251696e-02
4.764464739842697028e-02
-5.475939415057601289e-02
4.806170913667977274e-02
-7.014046631417562849e-02
-1.081371601261344080e-02
-7.187621981870157169e-03
1.485135319640507046e-02
1.924375663532746847e-02
2.388473580912499339e-02
-6.818138121539854546e-02
4.402608100841046840e-02
1.968646688962938460e-03
1.052214321240695222e-01
-1.576305775433336706e-02
1.045462346088004910e-02
8.998926166118867420e-02
-1.049660638597613334e-02
-1.303651192390299640e-02
-5.326865814438784541e-02
-1.020655076880733342e-01
3.023138690770971887e-02
-3.381907715508900014e-02
-1.295136043377826708e-02
1.872431107684059334e-02
-1.067941855351621921e-01
5.687473382287802637e-02
-3.215028962019844672e-02
1.584897242976869916e-02
-6.614541914089679120e-02
7.211849939239426896e-03
-1.299789391218241809e-02
-7.344432099926999531e-03
-6.951330885369702561e-02
4.517185614906982227e-02
-5.808513368562892576e-02
1.862676198757547835e-02
7.149756339284478457e-02
1.512872362899039987e-03
1.810320989414552009e-02
1.975636657631233556e-03
4.865085572499905017e-03
1.824595129890168796e-02
3.691094628465786676e-02
1.277951204283869768e-01
4.079189168910530433e-02
9.482705898478827056e-03
3.973179641116197230e-02
1.619924948682808716e-02
-1.807124080407919789e-02
4.669743220418045432e-02
3.261780280968407109e-02
3.622921556406465127e-02
-1.225708822860156477e-01
5.874330141483252721e-02
-6.577722334762113598e-02
-5.621844360501852128e-02
-4.535723159217555644e-02
-3.330421793121825236e-02
-6.714848093275391228e-02
1.312439967339248947e-01
5.051229978663214215e-01
8.111468810822053399e-01
9.742238813048946788e-01
2.644671915821947272e-01
3.644713136210060989e-01
1.453983707483263998e-01
9.100877966522238904e-02
1.659241988168446980e-01
2.069884874800080599e-01
7.595880789853426407e-02
7.454068847381950524e-02
3.148979979723896122e-02
-1.110253049165739886e-01
-6.876369370646103762e-01
-1.338802773053556994e+00
-1.169512022303838217e+00
1.198219950131455547e-01
-3.299933250130258622e-01
-1.728399832405208281e-01
-1.532657948452952612e-01
-6.537580833728909302e-02
-6.858546730494943788e-02
7.048058076583395282e-03
4.887496689189300275e-02
8.308018099749141239e-02
7.396919489020986616e-02
2.796021957590689305e-02
3.449245926681403923e-02
-1.025578966899484169e-02
-4.841593263504588573e-02
-5.563433430928375195e-02
-1.011846285467623979e-01
7.332793540601156498e-03
2.196947201073559675e-01
2.223237523199912691e-01
-7.107076834162064094e-02
2.683649211106301467e-03
6.668901345572290917e-02
-3.712613175183106934e-02
-1.484330871671903779e-03
-1.177449357428062282e-01
-5.380575747518594187e-02
-4.967608367046742052e-02
3.267414954212700777e-03
9.620391807458368583e-02
8.732292534278605911e-02
4.554803392673672374e-02
-1.037658045352339228e-02
-4.194168220789400853e-02
1.374759381679996123e-03
-2.853330328401761096e-02
3.025235355415774666e-02
-2.228830361904880070e-02
-2.767963529731400918e-01
2.139469419490432345e-01
7.621302271381925897e-02
9.105338922112488076e-02
-7.208063708589423912e-02
5.380485118495508673e-02
-3.128569229639555083e-02
1.704035313553695086e-01
4.473654022948399950e-02
-3.799947794816381508e-02
5.207905536653584244e-02
-5.231179646306593350e-02
-7.213622140589336096e-02
2.246021122389544461e-02
3.437728943117442895e-04
3.907584863293952354e-02
4.858797984369845474e-02
-1.550429840553506078e-01
6.056186806998532790e-02
-2.280428448723071863e-02
-4.296180992265804383e-03
-8.249903499334250434e-03
-2.750152204320348640e-02
-2.154262085294528575e-02
-6.262453035431206350e-02
8.067444926278423412e-02
-5.168322061915583965e-02
1.144185647262427885e-01
-7.334063467128704161e-02
8.377121228431885780e-02
-7.819840261209315413e-02
1.588748900352676338e-02
2.776562707631102800e-02
-8.223553962610677392e-02
1.041132672939226039e-01
1.730525083295543498e-01
3.705032690854760391e-01
9.206652628377677561e-02
3.049519907133054208e-01
1.976536273158125204e-02
2.418136189080633269e-01
-2.061299023882031400e-01
7.617389083379530468e-02
-1.999716074692557133e-01
2.666684853256370280e-01
6.427142200190540111e-02
-1.359195631252430869e-01
3.880648954443451787e-02
-5.939441413107953392e-03
-1.013915821341521833e-01
-5.577777541236007830e-02
-4.346935362989656770e-02
3.608051664816105952e-02
-2.417385852613984365e-01
-1.560960376069984723e-01
-7.162576214279267606e-02
-4.804525978195264280e-01
-2.005973294401533491e-01
-1.595895904404195376e-01
-1.908617618574188768e-01
5.610193018339518570e-03
3.721749503823793687e-02
-8.796578747076352900e-02
-8.232275162512871225e-02
4.682478839351680855e-02
1.723640759289073480e-03
1.517316646457503521e-03
-6.158395524324958292e-02
-5.883397447072525460e-02
7.194752670357278806e-03
4.537885321715687259e-02
3.822815505781924916e-02
-4.119201809749567511e-02
-1.581912103539905370e-02
3.635984987691011361e-02
1.429045389060954775e-02
-1.583659442192526454e-02
1.411715381416189970e-02
-2.562191991284776954e-02
-3.430449167216633594e-02
-3.483728560019715842e-02
2.554447467338757591e-02
4.024270431517242008e-02
-6.720478623669398632e-02
-8.347337243106582594e-02
-4.297925480497728074e-02
3.098845328514975017e-03
-4.161758521413629064e-02
-5.289991210875877314e-02
-9.515408646819438487e-02
6.953841239919762718e-02
-6.857404113459346362e-02
-3.743201327954319337e-03
1.764185480157904468e-02
2.250643510091015695e-02
8.492097444810597917e-02
2.707286541632378946e-02
3.853858349122200183e-02
-2.547298475916130647e-03
-6.325811020891519698e-02
5.368453541899286668e-02
-9.124480518487550207e-02
2.186902337381518846e-02
-6.170323458305736197e-02
2.856891708040810648e-02
-1.500432129560814662e-02
3.943228171793798642e-02
1.407389835424821371e-02
7.018313826524032184e-02
-5.265265327944906176e-02
-1.250656144339168385e-02
-6.159455281137868506e-03
-3.147304946066899894e-02
-7.979897902960766953e-02
-1.985025283328888113e-02
-1.809290546004730521e-02
-1.231221185946087954e-01
-3.181025514769412338e-02
-4.018376851312379511e-02
-1.095051067679543161e-01
-4.265798078162827411e-02
-8.157207541299231479e-02
-2.879605459545328192e-02
-1.178641712452123957e-01
-6.812443827701386567e-02
-1.011410732316506828e-01
-4.778353866945179995e-02
-1.654213136184470578e-01
-4.648681254540108776e-02
-1.278553290142089016e-01
-3.743611363762637534e-02
2.524763440902942982e-02
2.986525931308144435e-02
-1.126535268919583443e-01
4.576027412872074596e-02
-1.699757625071201261e-01
-1.024791078889712020e-01
-5.737359169670707554e-02
-2.687160115503399171e-01
-2.121440371202404796e-03
9.017708265917782906e-02
3.944992987009274255e-02
3.708651879243551885e-02
-8.276297146686789619e-02
3.995090759946166858e-02
9.099141109860366117e-02
3.017064505946758998e-02
7.072966945909305025e-02
9.443725568297346717e-02
6.567108467269400229e-02
8.481631683856839798e-02
1.528119339772259222e-01
-4.470985594986731128e-03
2.785515347519271906e-02
-8.992360117818964244e-03
2.692864775796062482e-02
-6.855124684679199387e-02
1.055907536752256071e-01
1.281417694608075752e-01
-2.088050920846087205e-02
1.625555533012111864e-01
-7.837659667185002677e-02
1.576159332256144574e-01
1.279221330242425736e-01
7.293834915319759998e-03
5.762401402212623258e-02
-3.799220410952361404e-03
1.439710221184267169e-01
7.965438020577848832e-02
1.801603417433464971e-01
5.113773929648383898e-02
1.129854872581587642e-02
2.588607304965010944e-02
1.940987733404367921e-01
1.207417525477600673e-01
4.916905922437039833e-02
2.642116307527951347e-01
6.218231564842079638e-03
5.285303124439134914e-02
2.026113558698611206e-01
1.222229897836508115e-02
2.670568237486921626e-01
8.774579881362760958e-02
2.248110363778025710e-03
-5.482943125086622155e-02
1.862868361355061175e-01
-2.007547426251063971e-01
1.452589341022552660e-01
-2.884333299040578100e-02
-1.049193290548613988e-01
1.447254971060682183e-01
1.267653500351080265e-01
-5.979758900605367661e-02
-1.606589645260365351e-01
1.058819769900357921e-01
5.831646243848262468e-02
3.245437568685286545e-01
-1.642849182023846388e-01
1.774961448422135435e-01
-2.769023305312695235e-02
1.273773195763116817e-01
-1.472739072017744399e-01
-1.235919400588204042e-01
1.101330159763921068e-01
1.057812447418968738e-01
1.265621126127392491e-02
2.152718083757175771e-01
-8.291033292972987967e-02
-7.139091571538538905e-02
7.285061168457980518e-02
7.119034326090804832e-02
1.846376566110966705e-02
-4.469573283104058548e-02
3.056203580345270843e-01
2.468811070824117049e-01
-2.074594424350919286e-01
-1.552798076237836833e-01
-1.093783661268981355e-01
1.525987287244255208e-04
1.833450603601090578e-01
-1.759577825301640308e-01
-2.305358278480861695e-02
4.298023641226676739e-02
-6.449555511615637053e-03
-2.099425846258098638e-01
-1.854037945775647428e-02
-3.562414971014685183e-02
-3.706231948424797973e-01
1.920468512487825685e-01
-2.129418682904831439e-01
-2.121237411765404257e-01
-2.816875961003890705e-01
-9.844382216742537661e-01
1.349150442859159971e-01
-1.737388693887097213e-01
-3.367512319684634603e-01
-8.076491222417558902e-02
-5.787711693842337302e-02
-6.725844221594956540e-02
-9.365592380675519246e-02
3.983078071054997095e-03
-3.050678277830316462e-02
-2.448097305906300758e-02
8.308300692530515286e-02
-3.706848685507348196e-02
9.550973110249691422e-02
4.834695028863212479e-02
-1.311767832766668439e-02
-1.991205555588289600e-01
1.527439381458767231e-01
5.685028589552441197e-02
8.275261145673840080e-02
1.908203138651919650e-01
1.844072089331446618e-01
3.072316034821349212e-02
1.685325324600813607e-02
8.039118474988332652e-02
-7.167765408533682825e-02
6.886661078021157067e-02
-4.395037430649526705e-02
1.347647782422772000e-01
4.944683984451788555e-02
6.354248279730914661e-02
3.495050477377302511e-02
4.927594093596312369e-02
-8.221900324167173701e-02
6.360003750615747520e-02
6.153634149184311619e-02
5.975955550240329150e-02
6.187957947472525616e-02
-3.609639563996287596e-03
2.228814406350989805e-02
2.160049732834632211e-02
4.663866760889863461e-02
2.635611218791488256e-02
3.907569163325782385e-02
-4.451917844928610091e-02
-1.730443797720778928e-02
-1.564316538268327103e-02
2.824875414353980943e-02
-5.580839619172934390e-02
-3.551386524010476629e-03
-2.033992054571053670e-02
-3.976359689542022235e-02
5.787056235749375721e-02
-1.091489896362193290e-01
-7.425531496724732672e-02
8.423258964925399439e-03
-1.031308390679550567e-02
-9.694507724417236738e-02
1.993821108766053243e-02
6.204987640487352740e-02
-2.320673884213770785e-02
1.162890914595316946e-02
-2.887908003686251793e-02
-8.426336306593713507e-03
1.924750900481601856e-02
-6.131487313740207473e-02
-2.797341451556505793e-02
2.669821924686303612e-04
-1.523143225051350191e-01
-6.811819874777493844e-01
-9.603097587181445016e-01
-2.464526020026991671e-01
-3.780277678783889317e-01
-1.284094568730519415e-01
-1.783723475693181071e-01
-8.216042916656787765e-02
-6.496302910312160006e-02
-5.934869227385634188e-02
2.439260839574255990e-01
1.415754027686136340e-02
4.692494265363321149e-01
1.162225046229245162e+00
7.287635919635886417e-01
4.195369151355187731e-01
1.548924885475727320e-01
2.955426082933109155e-01
1.448596703850306422e-02
6.895355329759753071e-02
2.989498388901013493e-01
4.401953777102235454e-02
8.538604641175845042e-03
-3.724855304150656576e-02
-5.071518117492054833e-02
-5.701721394374228979e-02
-8.509709332592450826e-02
-3.125082761319617486e-01
-2.923344602254760449e-01
5.195722121608050692e-01
-4.711872195270735975e-02
4.908911898669205548e-02
2.477943833148746056e-01
4.930714484844838860e-03
-1.951391035675111296e-01
4.881999136299084580e-02
-1.226041251421225720e-01
-3.115800370013349294e-02
7.353961254382333779e-02
-6.857982611823790209e-02
-6.888692962880038628e-02
-3.421504060720138157e-02
-1.341157463605246146e-02
-1.776757577370651625e-02
9.051870675699767027e-03
-6.363206206707944755e-03
-4.257940002627731008e-02
5.919549365194106544e-02
1.128752235470094172e-02
-6.406788155547184227e-02
-4.526895441252316854e-02
-8.113429815353086216e-02
1.879560201569290337e-02
4.503492349625545094e-02
4.354565869964820146e-02
-9.110239619408369224e-03
-8.388821642266006129e-02
4.509522038754476547e-02
-5.332128508135359525e-03
2.291191836680734617e-01
8.943437154842742709e-02
5.292471699591554113e-02
-2.307228027722497618e-03
9.464914411278042838e-02
-2.767680997901520584e-02
-5.213961086462318845e-02
3.581028851064884527e-02
-5.488933710021513118e-02
-2.853345920098192962e-02
5.259742117439025755e-02
-6.520277027823398464e-02
-4.165439213493918325e-02
-2.498113043922453244e-02
-1.411196388477208574e-01
4.595107629916905800e-02
-3.672663430372199306e-02
1.736064767418536020e-02
-7.614607399856189451e-02
5.723841435086009927e-02
-5.231103218255388904e-02
-9.109983005223861591e-03
-1.400882749445474806e-01
-7.906835651080952598e-02
-3.317478190185750575e-02
-8.996084557838065349e-03
3.483709287600035565e-02
2.901517598036255086e-01
2.568403417169375924e-01
5.127124125942733590e-01
1.775444457706935597e-01
1.131986980911527052e+00
3.999898971357566113e-01
-4.168384034991085008e-01
1.406742073470682308e-01
-3.642194282644641845e-01
-4.374260949591548403e-02
-7.049730699693615987e-01
-1.969596256810250690e-01
-6.193835838097013768e-01
1.023869488162383740e-01
-6.466468952809104054e-02
-1.517403547834574873e-01
-1.355426910869186319e-01
2.597855522799614320e-02
3.428458223591795972e-02
-1.578233210457093416e-01
-1.445307677904738479e-03
-4.463897340389368909e-04
-1.439283825804784644e-01
7.497275057114106273e-04
-8.445448619161866066e-02
-2.137588189095633237e-02
-1.582254281801305854e-02
-5.556686289915593879e-02
5.358325101504479021e-02
4.733140832785830837e-02
3.056650933249672672e-02
3.907543277384808306e-02
3.870695510103647208e-02
5.644209535278339046e-02
3.096457900459598234e-02
-7.531888087105537144e-02
-1.552918304223694507e-02
1.023722980393433207e-01
5.665946542123821011e-02
-7.428187630948708368e-03
9.544131561522947726e-02
-9.023918224362847962e-02
1.608231122459516105e-01
-9.527940552421323983e-02
1.300040692264978481e-01
-9.885162305414425810e-02
6.048762089201645958e-02
5.924908536310988932e-02
-3.827690945797643934e-02
-8.429988866498019928e-02
-1.245055449769401877e-02
5.613149258903385452e-02
3.605409487893417725e-02
7.051508099012876452e-02
6.441039528030959027e-02
2.598089993834931111e-01
4.113732280223883486e-02
1.326914939531896043e-01
3.037771361223234323e-01
3.113511509908649111e-01
1.604630628851531210e-02
2.207717378705564837e-01
-6.871884379181966707e-02
4.953579951180424844e-03
-2.565517095368089473e-01
-2.691654423936757912e-01
-1.085131305562467008e-01
-1.075822100735892850e-01
-1.431672658086901306e-01
-1.517134573345974846e-01
7.604117734632187542e-02
-1.429612922390733898e-01
-2.580711315182820376e-01
4.721288147099561572e-02
6.527409823128527133e-02
1.519589017171748754e-02
-4.750120986732919715e-02
1.242367631027926217e-01
-1.989725785867027183e-02
1.589241997275393226e-01
1.196310544798999051e-02
1.734817451694226909e-01
-1.672552540791989450e-01
1.290178382971828019e-01
1.455129574641386148e-01
2.077130699937431713e-01
-1.071573058397536603e-02
1.342800717445559455e-02
-1.991385334866564716e-02
-1.606903978737229122e-01
1.914842021301735586e-01
-8.514381405865752150e-02
1.917612924713543165e-01
-1.273819816389009929e-01
2.312369923707716934e-01
-2.443520284874288184e-01
2.599610680839277710e-01
1.914916140357240948e-01
4.248909036024456354e-02
-3.597449572409731067e-01
1.927803629800622920e-01
-2.620582006597710900e-01
-2.278907368085856654e-03
-8.280188581268317638e-02
-1.028820791878718721e-01
-3.000419727833632533e-01
1.049665711176028804e-01
-5.840905066471571011e-02
-8.198098770026619742e-02
-1.136505662561259761e-01
-9.741638763413550117e-02
-1.223336855347587349e-01
7.173242452200560837e-02
2.306204113042382292e-02
2.556312434899694203e-02
-5.660336460728519065e-02
2.731020342498833783e-02
6.474817637251775726e-02
-2.399213053951364527e-01
-3.579871471972870256e-01
-1.143291335578428686e-01
1.292736027151370759e-01
5.130533776830079051e-02
2.421927473742113979e-01
-2.295978905706898832e-01
-1.936881592974539212e-01
-2.233808283315478690e-02
6.641674908644541742e-03
3.252103164318558698e-02
1.563867710564574298e-01
8.734294108202056428e-02
-1.664936380572832608e-01
-1.509071766499522071e-01
4.391802201689452845e-02
2.264449485952292340e-01
5.520514277478062726e-02
-1.027877538889954562e-01
-4.537487718570956674e-02
-8.027952973041650730e-02
-7.455077098464987784e-02
2.808734756517760819e-02
3.103748685566575308e-02
-6.277866195100331725e-02
-5.767193328757561771e-02
-1.512112141792600339e-01
-1.756454441817200188e-02
1.366220623111942811e-01
8.977216108688977625e-02
-1.390862265506275786e-01
-1.460794084506016888e-01
-4.411435912057716513e-02
-3.941348779686328768e-02
-1.678910846221788877e-01
-4.432535574009763800e-03
4.705165209695465894e-02
9.498916604453075396e-02
6.771818511367599935e-02
1.053700972144271941e-01
2.363387656333520159e-01
-1.002747831217034036e-01
-1.413526614904208334e-01
2.994044879856926356e-01
4.066069129012726546e-01
2.258834217942976286e-01
-5.826026686423895623e-02
9.716336654836961462e-02
-4.231458591580871537e-02
-4.748870543997837229e-02
-5.166483310726184275e-01
-1.292455430672946881e-01
6.605858168451472778e-02
3.681973707155607872e-02
5.915093341351740364e-02
-1.771647171875441462e-01
-3.240770754191701908e-01
2.814102559865166442e-01
-5.002859627765585682e-01
2.566853211902496434e-02
1.041215284347790648e-01
3.847806260488790264e-01
8.335747276126763070e-03
-8.509369653625224739e-02
1.227322158070569269e-01
7.265033660486235056e-02
1.026004855270904459e-01
2.239948476678941536e-01
1.551433553684485912e-02
1.077109644402712103e-03
-7.302744687075875263e-02
6.668607429401923747e-02
1.934667740455383866e-01
7.862061504657013034e-01
-2.766542716377975442e-01
1.190073859792947636e-01
2.714188636598872106e-01
4.517118829079955211e-02
6.396274601602065790e-02
-4.129602444345266410e-02
3.824861217559054338e-02
-1.128616531258463118e-01
-3.803733174177702930e-02
-3.045127951376142561e-01
2.922915957181978705e-02
-4.185112517882631500e-01
1.030769449756056833e-01
-3.041337175979013097e-01
5.684948342954924266e-02
-1.890233594611785972e-01
5.007545886676635638e-02
-3.170904329020308166e-01
-6.685928684955297352e-02
2.262143718885965132e-02
-3.813207646820246377e-02
7.166098095479676855e-02
-3.323575990154909593e-02
-1.297830183766705489e-02
-9.646675897364945240e-02
-8.695558184192246631e-02
-6.164742315669534678e-01
-6.978155686191787055e-01
-9.828186072203427548e-01
-7.950613070179893271e-02
-1.140598112615687360e-01
-1.874283415121415566e-02
-1.882849530044324038e-01
1.275085124295847680e-02
-9.478816515344838656e-02
6.572095562009921954e-02
1.968303059885194717e-01
8.684610742398468641e-01
5.209116979086019228e-01
1.312300190627107566e-01
1.702785313033042536e-01
8.409501912592752537e-02
5.232374553639330267e-02
3.804153980274257996e-01
1.476558995009884523e-01
8.890246600812484745e-02
1.446152971821755839e-01
-9.226800824134498771e-03
1.775181560454514636e-03
2.290866508041440640e-04
2.154363067383993635e-02
2.177955721906951834e-03
3.277387391254833054e-02
3.357943831241870514e-02
3.306444897689236190e-02
-4.824474998423702171e-02
-7.564956968840837181e-02
-8.485327137529735664e-02
-4.327365883965831467e-02
-2.607237940681951804e-01
-1.599024930302461456e-01
-3.492797967464846276e-01
5.960939080315518293e-03
-7.947139767214059236e-02
-1.282047940190216562e-01
6.835113608044951494e-02
2.754753804792770336e-02
-1.074234015489551053e-01
-5.357753641023248886e-02
-1.431537762113242185e-01
-1.491538217545597678e-01
4.068436308199887552e-01
7.415119664062121974e-01
5.283417124951641508e-01
5.020648629573861710e-01
1.659026304522442929e-01
2.351397566736653510e-01
2.078751568795871585e-01
1.965006160744825203e-01
3.480116377873531675e-01
4.757942152984161871e-02
1.691752428351837520e-02
-3.624871597323089945e-02
2.679439749345831345e-02
1.464948663960840280e-01
3.541498193652827670e-02
8.092612666665521814e-02
2.280867727374664700e-01
8.288684770716198136e-02
-1.613003905092611975e-02
1.490690173119447182e-01
-4.024618214739467820e-02
-1.078187847592133181e-03
-1.206374281542888366e-01
-2.387735999357730454e-01
-1.996990841441348419e-02
-1.447586876265971878e-01
4.071044561895797997e-02
-1.188399850942632313e-01
-9.126913167600590737e-02
-2.772509120934116278e-01
-4.042575107643540944e-02
-1.680575213673389245e-01
7.623108294313135636e-02
-3.076967320585138194e-02
-1.690059616930602096e-02
-1.586235674310443322e-01
-2.160423517880466215e-01
-1.879137670036011010e-01
-4.607150565361075450e-02
-5.854183865588952207e-02
-2.426429243849907019e-02
-2.059208592740343069e-01
1.441524435449724473e-01
6.211827558480687711e-02
-1.467800037397545554e-01
1.344317285625737934e-01
-1.330644826773951794e-01
-7.344031638946636742e-02
-1.644176562092698746e-01
-1.948172195249714411e-01
-9.423496526897540138e-02
-1.233926201309230031e-01
-6.229190301217703979e-02
-2.518758789844991255e-02
-8.750489713762693578e-02
-5.005349593346759829e-02
-8.242653062447533041e-02
-5.369153394185372657e-02
-1.008702915849158527e-01
-4.845741457032223809e-02
-1.308925134588502237e-01
-2.104970270473421889e-01
-1.332627092664492030e-01
-2.292717675037191441e-02
8.439252487227065502e-02
2.021163925356521049e-02
7.412054930519185181e-02
-5.161365810607315696e-02
-9.249323710561745127e-02
1.374043890723020966e-01
7.890557487796864833e-02
1.049185672277877929e-01
7.414694577447852875e-02
1.218735667677958018e-01
1.746436845983909414e-01
2.464162315154133295e-02
1.549386327287232412e-01
1.119609493587272186e-01
6.170891207787549543e-02
5.511912707630209352e-02
3.208012268461283688e-03
7.763578160325548816e-02
-6.360948522006883848e-03
-7.311251352910352885e-02
1.919509463165701424e-02
7.322596187524013644e-02
-9.912053969875487744e-03
-4.709774213897345574e-02
4.371748659999280529e-02
-3.151340268244938458e-02
-2.429424960832239980e-02
4.148246359987713822e-02
-3.053983238576998133e-02
1.827735901831718454e-02
4.755447943254286630e-03
-2.944913801184300545e-02
-1.501036123412333341e-02
4.354619754639109386e-02
6.697955301861170663e-02
9.110050896615415339e-03
3.792970272693813039e-02
6.927074719905461364e-02
-8.508519609441940468e-02
-2.670036879997574747e-02
4.612369509340053658e-02
6.102068192312747746e-02
1.610025200740639734e-02
-1.272539394704944038e-01
-3.008046440595737656e-02
-1.237740848928873399e-02
1.174455932153531910e-02
1.506907813342275027e-01
-4.560913322799848429e-02
-4.990724892655218348e-02
1.168833574462035431e-02
-1.088584961514145293e-03
4.010627452410804789e-04
5.134013845745538651e-02
1.999731825881726974e-02
-6.932832277947630073e-02
5.758276313863785328e-02
-4.056580075935174723e-02
1.088554982237394109e-02
-1.662339712243849276e-03
-9.189392928253362633e-04
-7.793296454497129766e-02
1.942541190759647374e-02
9.506362343654399527e-02
-3.243039722835080324e-02
-6.129750081415872090e-03
-4.926754398708143960e-03
-5.614434683908671626e-03
-8.227656583136574997e-02
6.193738371432104539e-02
-1.535497914996427835e-02
-4.721170792344234202e-02
-3.036727573568624803e-03
-5.236862230690923076e-02
3.185670628090188361e-02
8.565752493888316443e-02
-6.978626985015214113e-02
5.511848244387972801e-02
2.515278143186822427e-02
-7.843943800199061622e-02
8.903863368247502685e-02
-1.134538249896349313e-02
2.360614474210825930e-02
4.514994406467037064e-02
1.102997912043639367e-01
-9.895453910285970101e-02
-1.344276353846988736e-01
3.379467801039232923e-04
7.306117793196936772e-02
-4.922457874851996623e-02
-2.773901154448350087e-02
-4.760087703013383270e-03
6.847996464279529349e-02
-7.977929927812714428e-02
-4.144585006955200934e-02
2.228961521953997521e-02
5.140501668321494771e-02
3.157835248795732436e-02
2.102799101536867443e-02
1.020508833107338781e-01
6.889713548125012132e-02
1.085463150552728601e-01
1.706216024881488380e-01
2.959386988750181136e-01
2.073062704919302612e-01
-4.304944310561941573e-02
-2.884816208477838373e-01
-2.626449772151449175e-02
1.784209657547875805e-01
-2.025139585595549935e-02
1.509944039325603234e-02
3.088500507864723119e-02
-2.280098796812821960e-01
-9.918130055572332848e-02
-2.702068800131009890e-02
-1.873026354478672661e-01
-6.413871684908716009e-02
-4.169431209905079955e-02
-2.120085370455009055e-02
-9.104640294726426553e-02
-1.075318372372901371e-01
7.778918564906960043e-02
-4.789464833763735357e-02
-1.976010300289222366e-01
-5.221258640713882099e-02
7.600210584756161847e-02
-8.475333702448793749e-02
6.159568100684822967e-02
-4.032190195416520545e-02
1.076019805541402891e-01
-5.289234972863750273e-02
-1.299597372263480988e-01
-3.206361524179793254e-02
-4.163247711457050693e-02
-8.947087480056925904e-03
-3.447529448890617344e-03
-3.950164188864848519e-02
-1.984497211426008711e-01
-9.838556222559158293e-02
8.754727379954285738e-02
2.873942695461146474e-02
1.443242381225445237e-01
1.803226074548552882e-02
-1.013044724718362710e-01
-3.292860450386338178e-02
-1.272117413948713194e-02
5.630923480937318620e-02
2.036645911050351809e-01
2.671058236484825654e-01
-5.949523900274047983e-02
9.394668465430097704e-02
5.169828866737766759e-01
5.682300228525781760e-01
4.141339190323056751e-01
2.174284897282068307e-01
1.094261714510601918e-01
7.876923227968864183e-02
2.695635492101527975e-01
1.539787573592329428e-01
1.086211487223793654e-01
8.359808068923013646e-02
3.301598043534182542e-02
-3.200706393556253526e-01
-1.882403668845217259e+00
-2.401335664720422869e-01
-5.265946837944420755e-01
-1.491962544129168400e-01
-1.408933410180006063e-01
-8.480863880173562450e-03
6.136391750831761416e-02
5.305487888144694297e-02
-3.902102006973542231e-02
1.472378877495973855e-02
2.142494998791513033e-02
4.142326201673158376e-02
4.566886136676637925e-02
7.208609115144547219e-02
3.054333934429314876e-02
-4.016801647365255551e-03
-7.123966884513114467e-03
3.280324969532385365e-02
3.131867660723528651e-02
-8.832574764224447594e-02
-1.203169155019686264e-02
-1.323816479990866900e-02
-4.525944156665883886e-03
3.198016608011794437e-02
-1.409484912995942994e-02
5.547951433829363677e-02
-7.201210456715831376e-02
-6.510868436669672854e-02
1.131726347806203715e-02
-1.311547432272530157e-02
4.771705024588276944e-02
1.169398614955076132e-01
4.600834823948942581e-02
9.597860523635434737e-02
3.300866655288482027e-02
1.472621864477367641e-02
5.998648538920167694e-02
-1.156250908119395432e-01
-2.125705300072587220e-02
9.155866058651533634e-02
6.270511489802404678e-04
-3.277668827433680848e-02
-7.563308217949762935e-02
-2.850893723076557682e-04
-3.260127839249193915e-02
2.865210535591031574e-02
3.392145297179859770e-02
3.930405144206744472e-02
1.592576449608662861e-02
-6.853440156077822420e-02
1.294724474483328371e-02
5.798365322329565585e-02
7.860959504318214275e-02
-3.140917289373586219e-02
-2.357831914927549857e-02
1.599812292076845666e-01
-1.636261829757641381e-02
-1.379698215473016375e-02
4.771426654779386406e-02
7.245931365728659757e-02
-1.204166598765670990e-02
-6.794903491300859077e-02
-1.031251296476461653e-02
-6.641668195683555175e-03
1.077620592577531282e-02
3.531163762615367741e-02
-1.976103285588832678e-02
-8.346216523300412082e-02
-1.359130025097434434e-02
4.367736964189294219e-02
2.944122112830464821e-02
-4.570776240839113241e-02
-2.346744476054666781e-02
9.799803783991446748e-02
-4.274648602312636908e-02
4.107665296829281915e-02
-4.455747478176660947e-02
-2.924807266445868595e-03
-3.823891696238029825e-02
4.820701669526171462e-02
-4.235439934362463660e-02
-1.073729981829677112e-02
8.981444261202516099e-02
4.121560027128291608e-03
2.291156625516058143e-02
9.742683691313015759e-03
-3.642308588394203156e-02
-2.803684724298548259e-02
6.558869034347560023e-02
-3.992576008395932324e-02
-1.091729718440832692e-01
6.824089270936926910e-02
-1.422006870753068919e-02
-2.984842218484150961e-02
1.070735243916648080e-02
6.698574877852020437e-02
2.431745151466608787e-02
3.259241156372140458e-03
6.528488398716264518e-02
3.879246580151563678e-02
5.872981285984817112e-02
3.856462723600667664e-02
-7.388988110018557265e-02
-1.095085422393149294e-01
-7.992510486361556477e-03
-9.383621792003350726e-02
3.273847100869777677e-02
1.016377291515541681e-01
1.697486202345099143e-02
3.831910628939007996e-02
7.045493901393182212e-02
-2.451781575854048920e-02
-1.091157522610348637e-02
-4.133706846804568319e-02
1.620600869290105550e-01
-1.181930178029871360e-02
-1.394473381649142807e-01
6.206644453542682627e-02
2.273799761762506852e-02
6.276755653533623580e-02
4.551468904750925748e-02
-5.221464894517164473e-02
8.498900596269310173e-03
4.687212268798373466e-02
-2.661884099011110894e-02
2.601532151392241254e-02
-6.659792131020315920e-02
-1.212407831269101538e-01
3.101369242657377352e-03
-4.543772583153513935e-03
2.879075918290061736e-02
1.296955412860103241e-01
-1.228996966200194135e-01
2.067235925414545941e-02
-1.449971967567686149e-01
-9.549627140708268069e-02
1.762409175951234752e-01
-1.372097796939684422e-01
6.181166688715763330e-02
-2.620741021897347867e-02
3.664282038974768507e-02
-1.163897789775289598e-01
3.609720531909434843e-02
5.755256555852860528e-02
-5.070035830713073149e-02
4.464998348488052188e-02
4.113469634853623991e-02
8.391771151923238872e-03
-5.767790133015170129e-02
1.585353888038782202e-02
-1.686018360624262982e-02
6.811831488249719957e-02
1.027702753138224484e-01
-1.864320400122504440e-02
4.132642838903571175e-02
-1.929725065570750131e-01
-5.375513944856092491e-02
1.255230860361531142e-01
-5.076352533536154787e-02
-5.728263123177692456e-02
4.068689059312833450e-02
-1.046721207818872429e-01
1.173996334281616344e-02
-3.062594578011260463e-02
-7.778067461892143597e-02
4.243068488457196058e-02
1.284678378508809227e-01
2.566862752357000274e-02
2.314594519595840685e-02
5.326070748708657161e-03
2.200158143671347016e-02
3.810375904068737801e-02
-2.893712690118930078e-02
4.916381539971234615e-02
8.887636623281716663e-02
-2.796410802617917135e-02
-2.446767850487476664e-02
1.656005538492759388e-02
-2.229070882743026602e-02
1.575890414121609157e-02
-1.619384927050917244e-01
1.541427917814149062e-02
-6.693222054409023181e-02
9.042299661155578372e-02
5.908095234638079812e-02
3.283762331346880975e-02
1.472776770412751943e-02
-4.815185018980094878e-03
2.979828692049580827e-02
-2.916809943214134296e-02
-9.311845794007270194e-02
-6.121267329960911052e-02
1.952665982456217031e-02
-3.341968885671426671e-03
3.099642216751353693e-02
-8.447757160530639312e-03
3.680882907875029225e-02
5.419783605640754454e-02
-8.897807135549301583e-02
9.156175803678844038e-02
-7.293321846979397560e-02
-3.383307263791003605e-02
-2.818190391798691685e-02
-9.273935611778255303e-03
-1.489263601979230051e-02
-3.846174869382511241e-02
-3.571796316632057725e-03
5.332056770265852091e-02
1.412876697663923709e-01
-3.480622411528295872e-04
-1.350965508370594037e-02
9.446203395227760480e-02
-1.031856939122114368e-02
-3.730022488983101344e-03
-6.612252846623613289e-02
-2.192641723084790342e-02
-6.712395494525720541e-02
2.266863296784031589e-02
5.973529141034383816e-02
9.334973329055503213e-03
7.026819957629492318e-03
4.534538948517709278e-02
6.502366451876252784e-02
-7.191779190256993026e-02
-9.602724488616724841e-02
4.976593416316418134e-02
1.106438238166106980e-01
8.137816308286183187e-02
1.215975073263876882e-01
-3.010064146706450602e-02
-1.519752040065215914e-01
-1.308575431256305266e-01
-8.673624837923467334e-02
-3.447434530514231071e-02
1.250412188808529557e-01
4.935254584126081562e-02
5.598676299352033786e-02
7.723015226426236876e-03
9.354873797736953933e-02
6.345032715505567744e-02
1.195097053173467365e-02
8.065468825271586428e-02
-1.126796870269651876e-02
7.190559264702384157e-02
8.214072102459929470e-02
2.387889990323419434e-02
5.077997124568730397e-02
5.506400657546834526e-03
6.722147297380257069e-03
-5.334265376487696414e-02
-4.426890035262280587e-02
-1.311681841265421519e-02
-8.935416373320542727e-02
-1.052541366693956482e-01
-5.578753065817648737e-02
-9.392126704587154540e-02
-1.683046254120776075e-01
6.348860967853331427e-02
1.003665379447104822e-01
-5.937516343072923863e-02
2.503950607395555306e-02
2.344428608773207329e-02
1.299659902742526518e-01
4.373623467419514577e-01
5.429063655540810052e-01
6.969338428650979633e-01
5.295889129399194983e-01
2.054931839648112268e-01
2.405481313821624667e-01
3.249016453613288724e-01
2.640137960221639601e-01
-1.198038446724630085e-02
-5.554941567428890031e-02
6.268742725039147534e-02
1.072511423518423407e-01
-9.197292152446433222e-02
-9.434821764248463305e-01
-1.194623529311348076e+00
-1.042159896462258040e+00
-2.559448199750467556e-01
-3.657059339293760453e-02
-3.656376231636896956e-01
-3.470698920714331004e-02
7.374944755604262436e-02
-5.383677414044851263e-03
2.229038742255515931e-02
4.245815372932051218e-02
8.210689186289438224e-02
-5.569153260380410586e-02
4.778523213427142424e-02
-1.816282176274652480e-02
1.086329071843405575e-01
1.707419368271485480e-02
9.694446495475603220e-02
1.065709640828976443e-02
-2.738749658594282627e-02
5.036313070220913707e-02
-1.730328941368302828e-02
6.554659994193119676e-02
-7.563227825745107331e-03
-3.495048407845233185e-02
-1.398027797077782027e-02
7.328160298183615529e-02
-8.525635259466821103e-02
-1.988155932250226104e-02
3.162831114281049183e-02
-3.621126378025198156e-02
1.011353785104181224e-01
8.566484899896557870e-02
-1.260044064768080230e-01
5.884743694237357103e-02
2.864683590812449124e-02
1.104009303702236378e-01
-5.649159332826957786e-02
-3.597719644079272212e-03
-1.167184342494095861e-01
3.512139683920385141e-02
4.996647477220769740e-02
-2.194669585555690527e-02
-7.477707861040623627e-02
-2.515639434281385922e-02
1.919397843615290589e-02
4.675422845996969612e-02
9.986911840377156457e-02
7.987038610759195079e-02
4.354365102289226019e-02
-5.552159923121464946e-02
-3.397669496235331682e-02
7.494322563444165419e-02
7.396942004538106796e-02
-7.534276659897141959e-02
-1.468499562479400611e-01
1.518333923078371284e-01
8.508450809422747618e-02
-1.707639799736051850e-04
1.664454481158476606e-01
-1.564274552625681200e-02
-9.505355768977734321e-02
-1.355037067550507734e-01
7.350916279139653453e-02
-5.912869856035537358e-02
-8.696501899404417146e-02
1.079740442857154981e-01
2.767974596608687166e-01
4.810213793129666793e-01
1.691667115377233077e-01
-2.374856062772953691e-01
-4.096092437979839129e-01
-9.511485050460050106e-02
-1.260087047797033843e-01
3.534168768013032924e-01
1.752762493074991670e-02
-1.075035634638926707e-01
1.084770763767638341e-01
9.919037174081363206e-02
1.290648962340061046e-01
1.640899599215417115e-01
5.577839197061421755e-02
-2.335270452850507217e-01
-1.812964059482472523e-01
-4.451095773868659622e-01
-2.806540613281436891e-01
-2.370490328084396414e-01
-6.198020470826395151e-02
8.251367109122765414e-03
-1.173940748108638459e-02
1.712933270996021273e-02
2.114940782653964430e-02
1.813938332863627434e-01
2.460305561128262389e-02
7.619605888902680757e-02
-5.257909539112384095e-02
-2.951231689613575265e-02
-2.601978552736870093e-02
5.071351992400080499e-03
-5.467144609710009734e-02
-4.277594657963221247e-02
6.524897161097044374e-02
2.417473471307824643e-03
1.983422280134163398e-02
3.903040587379488779e-02
4.250797445403206587e-02
-1.074030628268026338e-01
-2.561847359248509148e-02
-2.677471196101260942e-02
-5.912867481075933379e-02
-1.587174314131136466e-01
5.193388984237929523e-02
-1.440666953186393318e-01
4.255908860376614311e-02
-1.330657293947338365e-02
-5.397900911246777261e-02
1.049602888770007486e-01
-6.831038547252636650e-02
-1.070966887745154333e-01
3.608874437828205051e-02
6.548183386459455191e-02
-9.341857674298663372e-02
4.519710835338273253e-02
5.716121617734037930e-02
-1.667358464077722813e-02
3.053869812865866659e-02
3.644465566096553866e-02
5.503627582601544610e-02
-1.116307741359071903e-01
1.115614918494562263e-01
-3.397849501750115769e-02
-2.846551818494744840e-02
-2.915636288980875956e-02
-6.587451716188386097e-02
-2.882912313244150385e-02
5.769546789948129008e-03
-1.476255113482010869e-02
6.097086920569112084e-03
6.991712146460411260e-03
-6.083858130214146037e-02
-5.218622626716425128e-02
7.033315395172742845e-02
-1.508976423631599138e-02
-5.682048049422743635e-02
-4.639249565593669272e-02
-1.688486004182889744e-01
-1.278653482903723548e-01
1.743451086723796228e-01
-1.064568542072455576e-01
-1.045078843002636149e-01
-9.493441328116396238e-02
-2.412160793694305416e-02
-4.878520422755679847e-02
-1.543663252062751068e-01
-7.148809125306951340e-02
-1.123134209319489041e-01
-7.274826820684678064e-02
-1.194541699547178315e-01
1.710023782263133535e-02
-3.215659383174890307e-02
-2.596342411082508059e-02
-1.151311189046813344e-01
-1.025318237390838022e-01
-5.116083718574156169e-02
-5.739057479997548145e-02
-5.286923528162686819e-02
1.071501459097311953e-02
-2.346058331196733959e-01
3.091514928172673926e-01
-2.391402641024676923e-01
9.891716148753107452e-02
1.362063966013890848e-01
6.695948535650957101e-02
-4.595577132907246315e-02
1.320677678524676546e-01
4.762134531315229818e-02
1.358791972736924647e-01
5.266414580653620142e-02
1.634022242270155023e-01
-5.927550526544654586e-02
1.926140496990705331e-02
-4.279361866910717099e-02
-5.220941319144872805e-02
-2.100003786873568673e-02
-1.385075619110702830e-02
-7.318302945701403439e-02
1.060044269473418010e-01
1.072434654925856906e-01
2.480882821144640704e-02
-6.676516689271617955e-02
1.112710630574297865e-01
1.208606413089940296e-01
2.211018199478712032e-01
-1.001497965655997052e-01
3.481591105291628740e-01
2.095544471395160424e-01
-1.150825404894730425e-01
-3.554856346851124616e-01
6.570396156842893409e-02
1.459506940591222546e-01
2.792047587638925021e-01
1.341734463259677823e-01
1.322376055847399867e-01
6.648094868765036525e-02
-6.411802178963274534e-02
6.414457683471178236e-03
7.976279083756064592e-02
9.839037686359367041e-02
3.830068780142856233e-02
4.650621119156150146e-02
1.239220447675846576e-01
7.771774530268807379e-02
7.590465871657769981e-02
8.859424450774265603e-02
1.037019127897097492e-01
1.100764301822276386e-01
-1.023726803365618415e-01
1.511779750490056806e-01
9.827434481982906533e-02
-2.413064355536879979e-02
6.630296908797637945e-02
-8.781208938174299428e-02
4.234973552985837886e-02
3.209282658411560796e-02
-9.163982777580780004e-02
-8.540138582585446751e-04
4.320390938601538500e-02
1.066401169411525934e-01
2.013395132287775502e-01
3.773807370724940186e-02
1.110872395049728595e-01
1.038712379709350597e-01
-4.044023122865042508e-02
3.747990907383191156e-02
3.262686549526871982e-02
7.826090304846937407e-02
-8.285700016344853258e-02
3.671295396267418298e-02
-1.735729895530200850e-01
2.188191159328609428e-02
-1.439975712641133887e-01
7.918542309451746808e-02
2.030285193224914686e-01
4.136375662065739506e-02
1.409605654896941944e-02
1.511942006020368656e-01
-2.425373683991484952e-01
1.592726927920488644e-01
1.815639768558676148e-01
2.043632981224487721e-01
-4.059548285403558748e-02
-1.330830728391114992e-01
-4.176644498255661225e-02
4.555645127848641923e-02
-9.533217280412778494e-02
-3.116060389935872421e-01
-3.567660654420821142e-01
4.218040085258838168e-02
8.523665637294290665e-02
2.805446106492323621e-02
1.899281055773364424e-01
-8.626776833231759867e-02
-2.026789725579834084e-02
-7.859717004596361578e-02
-7.587740387320235369e-02
-2.916850346145459794e-01
2.043382724581972176e-01
-1.932449952052151809e-01
-2.021989758067261334e-01
2.163163254611732977e-01
-1.469052446121670297e-01
-4.081851958896631771e-02
-3.293809634503910289e-01
-3.935241152664224473e-01
-3.987424957093923528e-01
-3.219879667338476636e-01
-9.171173925086091583e-02
-3.200347224393165768e-01
-5.114838641010831938e-02
-8.107132690542688536e-02
-2.178463588303874640e-03
-1.418345405281587479e-01
1.457411988006059207e-02
-1.012256137929741784e-01
5.984466235587188737e-02
3.056863008190134276e-02
2.213577095158251930e-03
1.113732369728163696e-01
9.882295490247083869e-02
1.012448352085707631e-01
-2.655590822936405859e-02
2.201285354070200637e-02
-2.690883482638801137e-03
9.402936001145877076e-02
7.414505278536900890e-02
1.811770114406404952e-01
4.400172040665171341e-02
8.771919181255584397e-02
5.844310650230484516e-02
-6.359557868985557527e-02
-2.165682911848380160e-02
-9.913194407429010840e-03
8.141818924346150288e-02
1.074311816690817628e-01
6.039018928448181694e-02
6.646369253508237207e-02
9.276166266101880387e-02
1.718344217095528091e-03
2.148484737309839729e-02
4.383145528429513438e-02
2.211590441280864017e-02
2.750168998526341529e-02
3.787358753696904584e-02
-3.569566574474007659e-02
8.411290446156219347e-02
5.758344542724771337e-02
-2.446479723341228943e-02
-1.277643859873207541e-02
-2.549614544109729541e-02
4.755640757368410215e-02
-6.279632253171658907e-02
3.030943618237504078e-02
2.142883077242540776e-02
-1.558445794286760638e-02
7.236442897016694131e-02
-1.285717402192564363e-01
1.598515291016038009e-02
-4.377439428551525846e-02
9.637030703693633127e-02
-6.812651813315746818e-02
-1.014291336179726222e-02
3.495475527540723576e-02
1.099519853184153656e-01
2.331832446555643160e-02
1.334717600581746336e-02
-8.904238058384339460e-02
-1.073200922063957952e-01
9.574775985250573440e-02
-4.652555953741251138e-02
2.761944738714677133e-02
-2.079872126197311252e-02
-4.646869997774729505e-02
3.959249834304048171e-02
3.770188867282429912e-02
-5.987769184024193531e-02
4.681373699068338418e-02
-6.663890941512283506e-02
1.581401307625744102e-01
2.778940107986198338e-02
4.572435258997847168e-02
1.514400719695467856e-01
1.512968202231670077e-02
3.890877572560148129e-02
-3.684320337162059339e-02
-1.020010468282242337e-02
1.839183242918313727e-02
7.861304399702497003e-02
-9.569018286929183159e-02
1.157303062070096610e-02
-4.417678023905809853e-02
-1.038262305601008045e-01
1.871337306283967217e-01
1.051381881162783694e-01
-1.775620635484436993e-01
-4.555106668992325858e-02
1.304058746063911367e-01
-5.105089639842062127e-02
-7.838097499533415446e-02
1.157352680147849186e-02
-8.135980056003562153e-03
2.160060431614490087e-02
-4.474805676521257519e-02
-2.865675849219321203e-04
-3.644011644141983280e-02
-4.365946791349278877e-02
1.110970285819127684e-01
-6.606293520569336830e-02
4.772865293507124601e-02
3.581267096658462268e-02
-3.013881702744400717e-02
-1.147165528052107447e-01
6.529308383799373519e-03
2.297818586640114000e-02
1.364386502043627714e-01
-3.071566600739911168e-02
-1.415453421132079233e-02
-4.956306180832982522e-02
-8.021079335194816751e-03
-3.689857136732521692e-02
3.787256788232127441e-02
3.380454336994343639e-02
-7.368244276684644822e-02
2.922075484058609188e-02
-1.145931947185761975e-02
-4.068016501409186386e-02
-4.308657836954762205e-02
-1.885023258806107702e-02
9.889305042063506468e-02
3.454932800919192221e-02
-1.054242136227285034e-02
1.145916280502494141e-03
-2.521014077094837266e-03
8.009955595897232106e-02
2.011081396152509734e-02
-6.434313945582895156e-02
1.524067566532137478e-02
7.677635554996154431e-03
-5.970220241809540140e-02
8.880838004567201058e-03
-2.085565898337333329e-02
-3.884656995391287670e-02
6.067628055253146413e-02
-5.540500949756407140e-02
6.835385532351867521e-02
-2.074107199482096847e-02
6.875553794809181104e-04
-2.354861444736325304e-02
5.993140922754666700e-02
-3.838814210127763915e-02
4.239887108020724132e-02
-2.291826321656034986e-03
2.194426258462447987e-02
6.302542090162277511e-02
-1.002671687086972678e-02
-4.239868639586661346e-03
4.113863603262152974e-02
-3.792961485471451483e-02
1.330421617522821176e-01
1.747749669830911401e-02
6.870345294566461425e-02
1.077345613144473219e-01
1.198483966740746254e-01
-1.128928785733946533e-02
1.788384276637355330e-01
2.253903828324379383e-02
1.921111530208142459e-01
4.109554649731259057e-02
3.000210721995799634e-02
1.662749921525183971e-01
3.137730170140289876e-01
1.496563917057247839e-01
1.068191032589018152e-01
-2.614633176572889878e-02
1.098981758676189913e-01
-6.694301918135607543e-02
7.938363005502477310e-02
2.633985663243708364e-02
1.369680562081075359e-01
-8.563248773113085743e-02
8.443853115483425376e-02
1.188112775103646601e-01
6.132737063843779479e-02
-1.022485689432096195e-01
7.002771005085409173e-03
8.289935907733694820e-02
-2.180752984580561910e-02
-3.035863922343809973e-01
-7.872967062585529974e-02
3.528999623150145398e-02
7.001783843050589373e-02
-1.529438088152950681e-01
1.274100368463918810e-02
-4.931656984090204698e-02
-1.289221486184415066e-01
-8.527269118766510336e-02
5.646167333017351048e-02
-2.634673159849158508e-01
-1.076170120792697693e-01
-2.794490899856094321e-02
-9.641675641614956549e-02
2.295396519648386369e-02
-1.388058778512905322e-01
-6.014623185081423989e-02
-9.929948664791149460e-02
-1.121704911738581334e-01
1.765502965546382474e-01
-2.011749688244624246e-01
-9.966541301201504999e-02
-1.263995612456565443e-01
-8.535921228295864638e-02
-2.028448006152906713e-01
-9.071434444742433600e-02
2.999800299579128901e-02
1.493529594970500474e-01
-7.574845078379617569e-02
-1.282561269782386548e-01
-3.288992704855698418e-02
-4.956785352889987728e-02
6.754076224787643190e-02
-1.098946542589673420e-01
6.697549025248542010e-02
-5.864755537704340049e-02
-5.552325324401614220e-02
-1.135283751935824703e-01
-7.014806518927527157e-02
-5.953301692684805774e-02
1.389935795992782407e-02
-8.251795196161416934e-02
-1.019411252554350972e-01
-1.581665757396736871e-01
-5.222778756191530369e-02
-2.282118483944726300e-02
-4.463266747885104302e-02
-6.298397251855582246e-02
-2.065561867243164568e-02
-1.345818237681793428e-01
-1.780051919504639091e-01
-9.399838964516083958e-03
1.128391915824147329e-01
-7.148008924967536037e-02
2.966466222757330878e-02
5.386118790783475663e-02
4.651665763471035664e-02
-1.283642439229983577e-02
6.159757592782563046e-02
6.486908323178296187e-02
3.427078141851674226e-02
9.849900950248681453e-02
1.123628516568566243e-01
3.493698111280534317e-04
1.711039529292016914e-01
1.633664763616706483e-01
4.934035281383235272e-02
-1.827426800856271627e-02
1.067984328529449078e-01
-7.970307872517413614e-03
-7.093558141791113381e-02
4.200301049672113679e-02
7.580627714450428878e-02
3.884760118505806159e-02
4.297978773491062908e-03
-1.289130133382488178e-02
-8.875129727466346541e-02
4.629498000907256161e-02
8.479773197295256693e-02
-2.715801162580231895e-02
-4.010722699773104638e-02
5.672400325835964298e-03
5.047754357961284355e-02
-8.938252614249590777e-02
7.905913415124737192e-03
5.918649493503808090e-02
3.008026427796208629e-02
-1.140773123802690248e-01
-8.249132290359556877e-03
8.474231237042191556e-02
1.512642522259982289e-02
1.610008079486949240e-02
-8.508457596047709626e-02
6.709305774479303042e-02
3.168419510264471051e-02
1.403734758912759950e-02
3.191349433781616451e-02
-3.672729735145383034e-02
1.472454240029497617e-02
-8.021941246811260112e-03
1.392251847077860885e-02
8.227840962212892850e-02
1.834644553415668844e-01
-2.605838472511778914e-01
1.511473369890488638e-01
-1.298497011217548125e-01
6.290767905105366653e-01
3.016726499016110230e-01
5.093365397264136840e-01
-8.768122508451650643e-02
3.253924761516966413e-01
7.111685569571934984e-01
9.525913773544232577e-03
7.938159026042092281e-02
-3.748856011498347823e-02
-3.052262948171574272e-03
4.578924209693164410e-02
7.633926456187256626e-02
-1.431890404554031215e-01
-8.273032369767603367e-01
-6.322040705994844689e-01
-5.546873904185198878e-01
-9.160121647608546747e-01
4.508682055069606620e-01
-2.692487331153817394e-03
-2.773123426068203196e-02
-1.839190743128588448e-02
6.594744522381225382e-02
4.234173041220597178e-02
5.586376996272402612e-02
2.366312064780552379e-02
-1.329315312754397044e-02
-1.079492404350221590e-01
1.925129258869631016e-02
3.982163335761659817e-02
-1.077270331831784410e-02
-1.168858413306108207e-01
3.325563470951927759e-03
9.742270792360518267e-03
-4.784147812212660028e-02
-5.144083416503205004e-04
3.718541823992212864e-02
5.821237514115025491e-02
-5.162481844587441665e-02
-9.299269623094158499e-02
-1.374978774467416898e-02
-4.961701659734683162e-02
5.706726543120664574e-02
5.728918073404567525e-03
9.058547959856873277e-02
-2.893425116452726445e-02
6.147793022780120853e-02
4.337207879519512643e-02
2.211539358743525377e-02
-2.956740855351217001e-02
9.715096928913160039e-04
1.541289091959174677e-02
-1.489910786913043080e-02
5.821666293116840862e-02
-1.061747631843858869e-01
-1.372282941199968499e-03
3.955525403612296896e-03
-1.821849945086634337e-02
-2.549594214970100914e-02
-2.114105575415744023e-02
1.069138873457990968e-01
2.337592360908168077e-02
2.480835490092602943e-02
-1.302968776934502748e-01
-2.486508655894483638e-02
1.787929187020239133e-02
-2.543853909235736094e-02
5.494968052060595493e-02
-3.019456176200240038e-02
-4.228413970656805937e-02
-5.019166569944742695e-02
9.683188160401040578e-02
1.097207548498878998e-01
8.502644002520513833e-02
2.977696006619076109e-03
-1.352275367971929321e-01
7.518096021768690129e-02
6.132233054287313315e-03
-3.924731145621453837e-02
-3.540793095131859053e-02
3.019561465539588596e-02
7.207811694463868435e-02
-3.987847906029638734e-02
5.827001560704138383e-02
-3.518073999267452845e-02
3.122669824290021448e-02
-4.778635381249792674e-02
4.916142588974264233e-02
-1.072023238363405268e-01
1.552851838226174987e-02
-5.569120608118143662e-02
-3.643904938755079814e-02
6.422918986466581714e-02
-1.048515171905720494e-01
1.552644833767422711e-02
-3.088451370427614320e-02
-5.867377193425428461e-02
1.942190871552756590e-02
-2.371911843878256321e-02
2.263512100214903552e-02
-8.153007206133829066e-02
-2.343681869444111041e-02
1.212183504851991195e-01
1.352252281681230739e-01
2.425394439520663359e-01
1.873044716977367574e-01
2.586125828090411471e-01
2.763272231780469212e-01
2.701913232201131332e-01
3.169741175017704582e-01
4.283957056544243081e-01
6.431499323451033145e-01
2.277008435389793473e-01
1.411594082582131870e-01
-9.464040990304008194e-02
-9.081134548773843462e-02
-6.460923329550731786e-01
-8.174693137031626700e-01
-4.402004072806331991e-01
1.569402187853666947e-02
-8.976495574472161121e-02
5.357095242058919349e-02
-7.383362107004635966e-02
-1.618518566356753619e-01
-1.236138066897112947e-01
-1.960945742585246954e-01
-9.506874731223786956e-02
-8.537259291876831899e-03
1.702043136565474166e-02
-6.062728046922346431e-02
-1.877584359865877850e-01
7.067205297481335413e-02
-6.068312270326345348e-02
-6.805120152426416547e-03
-8.524138758755095413e-02
-2.244594995459391409e-02
-7.067698784522237487e-02
-5.318723481403163367e-02
9.080535120481911596e-03
-1.500710954182391810e-01
8.903534378575564401e-02
2.245574081590691329e-02
-4.385302783296135543e-01
-2.304688991138346271e-02
-1.448139695178597350e-02
4.148832515295172718e-01
5.628777534193551979e-01
5.447776627263105631e-01
5.668074745132255510e-01
3.186058619865377306e-01
-1.281067266660897708e-01
-1.857788883782925116e-01
-2.337900866770647734e-01
-3.760073885805151339e-01
-3.182567890372537400e-01
-1.799058145847178269e-01
-7.176412534091358708e-02
-6.649699051676029316e-02
-1.408275021767629032e-01
-4.110747964638321317e-02
-2.479574153011051066e-02
9.867662692055601328e-03
4.304220835662967565e-02
1.942963521273189872e-02
-1.048126491413590641e-02
-8.474006097136738136e-02
7.604410200777546314e-02
-5.821131755495999316e-02
4.371990554098045823e-02
-1.117227326635367515e-02
9.853810400301948880e-03
-5.260154624242260185e-02
-2.521649830271593604e-02
2.193577614653354629e-02
3.230899973278221482e-02
7.323136999634773103e-02
1.490702936515977441e-02
-4.737937341494115329e-02
1.146218962305327327e-02
-1.678654340749535095e-02
2.904866470970683678e-02
-9.013001401434024562e-02
4.216657787230923549e-02
-2.011089095267151565e-03
4.118101462788638020e-03
6.923510689395361885e-03
-1.233403035354775808e-02
1.380016736965141051e-02
-1.467043527474686526e-01
-3.213854988771141369e-02
5.864349965198373954e-02
-3.070330129188626744e-02
-6.277738905499746780e-02
-3.762532589293280522e-02
-1.366120062734967611e-01
4.173371744873239503e-02
-2.023972875452457326e-02
-9.018594848533320607e-02
-1.188616490816196969e-01
-6.051714880833417021e-02
-9.851759541235681136e-03
5.670985634840265688e-02
-1.285181763226754016e-02
1.758965584738969856e-01
-8.630693376203266154e-02
1.108245653454898155e-03
-9.076753539772924873e-02
-9.587230259669614341e-03
7.332376948930552363e-02
-7.039250449747505231e-03
-1.988169012872473829e-01
-1.449221035247855692e-02
-2.071614820162322457e-01
-5.430544931573669798e-01
-4.093789415664721432e-01
-1.465105843693714771e-01
2.229988673880666239e-01
1.754001335871355509e-03
2.927990851414873918e-01
2.197373772071243292e-01
2.280822524170475762e-01
9.667016061748985589e-02
3.052948832062403750e-01
2.287936541857788775e-01
1.751729744001716826e-01
2.485283703033928093e-01
7.804562602366414692e-02
7.740965126513818517e-02
-8.411105263637591589e-02
-5.615046615462247412e-03
1.273131937675745506e-01
-8.560275192782280940e-02
9.413621430463436912e-02
3.110975360842644505e-02
-6.183610955712331991e-02
-8.177998588432566773e-02
-1.661504402161754698e-02
-1.039958032044241282e-01
1.720651043210896444e-02
1.141438515553963029e-01
-6.383551542119070277e-02
-3.553099158266529584e-02
4.813270540120722502e-02
-7.368581363984662291e-02
1.479219797400267364e-02
-1.311837701029677089e-02
2.979642172848983792e-02
2.733218396443235290e-02
-3.495012593057814781e-02
-2.096819865281504200e-02
-1.039345158027222271e-01
5.048335878777530233e-02
-1.272543080753219535e-01
1.606057596436405834e-03
-1.999608301397854185e-02
-9.029957493898792265e-02
8.248053756153823565e-03
-1.186434325695718585e-02
-3.243059250557454171e-02
4.641369924853020607e-02
5.477888491570135493e-02
7.368369607675261113e-02
5.213841638296609626e-02
1.830610655423135780e-01
-1.495506493298823063e-02
-1.052543064942274842e-01
6.944460566780685795e-02
1.180380818312763008e-02
6.829743381651252887e-02
-2.183573941714247735e-01
3.814804471625995314e-02
-1.159330189591586263e-01
-6.839591115944401722e-02
8.699448882168139829e-02
-1.669287302566987985e-01
4.452600014827244601e-02
-6.517302797636158329e-02
-3.106697268455141034e-02
7.691780583714084851e-02
3.644826463014703977e-02
-6.701103209776039515e-02
-5.320736676372610913e-02
-1.653291583342971771e-01
-2.752303642308706055e-01
-5.338883125188523815e-01
-2.235835604361726958e-01
3.087347903261156712e-01
-4.386462361301337043e-01
1.191503806567676821e-01
-1.048660733488520763e-01
-1.606041882508879234e-02
2.190061980189230151e-01
1.823313092057383122e-01
-1.058579394598256895e-01
5.209745041014419292e-02
-3.228795493010541695e-02
1.003507284205190919e-01
2.652220820802521639e-01
2.120921348743036172e-01
3.641723751906163487e-01
9.579768879535924264e-02
2.676927282950717357e-01
3.816246083004485451e-02
4.422701343570983323e-01
5.864318550187398553e-03
1.388814917528293502e-01
-1.198072173386579981e-01
-2.477490137647857596e-02
-1.713286175158028612e-01
-3.585575806364656171e-02
3.030093258969124292e-02
2.655634435798153933e-02
-6.252747831150613084e-03
-2.180234071763418116e-02
-8.954330743500643619e-02
-1.024225915479735349e-01
1.044670022513542046e-01
1.850119197372029622e-01
-5.764578392324166967e-02
-5.186934444137152739e-02
-2.321997169776147951e-02
-5.337256251933506640e-02
-7.046576753572757201e-02
-2.290324644844822857e-02
3.735142341273682380e-03
3.491605078505280457e-02
2.161917549296256125e-01
-1.350603037975644204e-02
1.722302265156284984e-01
2.853805004220358321e-01
-1.917080095739661927e-01
-2.005708228878889665e-01
-3.429190202632331763e-02
1.280171717673787846e-01
6.997961781980764628e-02
-8.538396851743475235e-02
6.858732081158269538e-03
-1.042458940614881813e-01
-8.300810981754343232e-02
1.403646003898322836e-01
6.230499557944543798e-02
-3.741532174819989232e-01
-2.018953356136542754e-01
-1.042015623937641439e-01
-1.110846516147970392e-01
-2.175715064210126115e-01
6.320492377899496195e-02
-7.696546648981905658e-02
1.701982279434675893e-01
3.283161257844972175e-02
1.787639655934977478e-01
2.963028898051217608e-01
1.607330097918499567e-01
2.758846641696537927e-01
-1.126002843414813520e-01
-6.210182794286941282e-02
-4.387117539687839657e-02
-6.692589448868649371e-02
9.373725222410491352e-04
-1.060328437863140155e-01
-2.030686150304965298e-01
-2.186335282274858363e-02
-2.893899511717977213e-01
1.419340671618051289e-02
5.086887977044525500e-02
-4.794247818860473964e-02
-2.673851074059666738e-02
-3.303656200944397707e-03
3.197300481736360667e-02
8.188765688088361916e-02
6.744466539016638618e-02
4.040120959813523621e-02
3.420569601364558537e-02
2.205629075419590635e-02
9.953967815926965945e-03
-9.002476486040078552e-02
-1.658838780780863831e-01
-1.771889494452827118e-01
-2.154373583252982838e-01
-2.672309303257706659e-01
2.872171083036238470e-01
-2.287482174430893467e-01
-4.919802549701539074e-01
-2.534638106551845849e-01
-3.518529780369061832e-01
-5.983360259103023271e-01
-1.455639558878076834e-01
-7.280033831770423014e-02
-1.413205400835398085e-01
-6.831119285097370097e-02
2.518084520308179128e-02
2.325214969007765031e-01
6.631566705030269571e-01
8.126255764081542488e-01
5.399463416630547741e-01
2.732433675179704036e-01
3.882217675866805884e-01
1.603061364960365331e-01
2.684161236640560458e-02
2.307450881124150852e-02
-1.413924658064663088e-02
-1.254529861391099656e-02
-2.159410471337503690e-01
-1.205238909730647484e-01
-2.786049141210605318e-01
-2.055295675857511384e-01
-2.219321532204602820e-01
-2.383851745259209232e-01
-1.107844903181126467e-01
-4.710272875997496833e-02
-6.757160952117030606e-02
1.410878012862085140e-01
1.304289356664785626e-01
1.986354787308313163e-01
1.867859896069954950e-01
6.896922264911770073e-02
1.156555591799362515e-01
1.563453136834193624e-01
6.105370546659669162e-02
1.542261936918948306e-01
-2.776841110362698525e-02
7.894627460595579627e-02
9.189709337862636551e-02
8.820404421571902825e-03
8.216694981523521568e-02
7.166258602317673171e-03
3.850611318584889337e-02
1.724790937814282138e-02
-7.883745758715027252e-02
-4.606582586996395279e-02
-5.145267072380736717e-02
1.976526430075276411e-02
2.211341477567630581e-02
-1.932154115159362417e-01
-2.765853665138653245e-02
-7.131867280290681010e-02
-1.104744495565297274e-01
9.369954987886951192e-02
-6.049294127761960238e-02
-1.641285180316462075e-02
2.518968145147384985e-01
2.314842619814476421e-01
-1.030595894736488494e-03
-2.230636791860502594e-02
1.427225404465330173e-02
-9.898791216778385707e-03
-1.392785007812354439e-02
1.316175680341209221e-02
-5.440765834779333343e-02
-5.946179266992285273e-03
3.810273410811540473e-02
-1.570856418997419388e-02
-2.905968862091452484e-02
-4.653602414226891415e-02
5.100045032364528257e-04
2.108149017901964767e-02
1.259627216639408812e-02
3.254184123686914426e-02
7.930296247305035351e-02
-3.909565815681304013e-02
5.139690752215579639e-02
7.266040223320111187e-03
-1.181166565401561841e-02
-4.751914565171708876e-02
3.112347785991377222e-02
9.296361278262606220e-02
-5.156560353324812253e-03
-1.692023772027412612e-04
7.519174199997101515e-02
8.653863066651235059e-02
-1.553099357489485036e-02
6.821634785763208871e-03
1.902642874885230109e-02
1.558945766339431965e-02
-3.839205081651243540e-03
2.527382777353295168e-02
2.424043070519013576e-02
1.776400562785943049e-02
1.230833529018770106e-01
-8.067979180160861352e-02
6.153651506392732173e-02
-3.279120802537583423e-01
-2.075442626705799494e-03
3.736758895913187134e-02
-6.760649968806650700e-02
-6.192257706707993137e-01
-2.214232015582955626e-01
-6.624752381826041515e-03
-1.003535258026902882e-01
1.980380106522170724e-01
8.509083047671778602e-03
4.709243132715897340e-01
5.919563517564725014e-02
3.383895291482909295e-02
5.407421582392770570e-02
-2.034558693330190682e-02
1.431414800302283075e-01
1.691228189991832720e-01
3.702590920691313514e-02
1.513514654197704997e-03
1.476025097242719131e-01
2.661140824711810682e-02
8.002933052109470480e-02
-5.601372724472070824e-02
-7.060006243078287280e-02
4.060155985950965329e-02
4.541812692437635635e-02
-1.250518146727585267e-01
-6.474904929696843892e-02
1.199334014108947161e-02
-1.070430707087581396e-01
2.831927273292423122e-02
4.844631154994522571e-01
6.471454157934712903e-01
6.880229763657259578e-01
5.807438599217428221e-01
7.357845850664903598e-01
2.400650455205587952e-01
2.954344787265337224e-01
-2.805477569092094670e-01
1.135708998993816832e-01
4.857333664494156711e-02
2.574529933650693096e-03
2.518509896951436344e-01
1.537559891700211734e-01
1.047963127584149168e-01
1.357955372134819760e-01
-3.434769555642707695e-01
-7.813384169448208683e-01
-7.209997101406189213e-01
-2.109838140342181312e+00
1.809231942723561193e-01
-8.886502780881060104e-02
-1.708721238184831293e-01
-1.133165375769810100e-02
-1.706258726269428011e-02
-6.226707240516584675e-03
-2.151193758175272697e-01
-1.515400016884839163e-01
8.393647382175588312e-02
4.491875006549790605e-02
-1.202461169986217097e-02
6.272139582693757320e-02
3.617301662558620231e-03
-1.351942753276957378e-02
-7.243105329760060607e-02
1.064261962752758028e-01
-6.308292819886893166e-02
-5.998234952169857748e-02
-6.570858566639793674e-02
-7.695515034660993514e-02
-2.050386848546259244e-01
-1.934864747458136802e-01
-1.119422268602545262e-01
-4.144821926307222237e-01
-2.358362301491921942e-01
1.317187880811267753e-01
5.089553255563047940e-02
-2.865627745188883968e-01
-1.906024474920136602e-01
-1.228072475976498684e-01
-5.955376033466822094e-02
1.550195153933430214e-01
2.375103012241278899e-01
2.130605121834143190e-01
4.709871313148610850e-01
3.326965269242533330e-01
2.789101574926091121e-01
5.917097455866088956e-02
7.805242424699938841e-02
1.185988624627972859e-01
1.223357979104687937e-01
1.968878044087764290e-01
-7.598656514288729125e-02
3.007675209999793875e-02
-7.797066430719550370e-03
-2.057247136050314312e-02
-1.294323574606404403e-01
-8.405294912085213566e-02
-1.822005171403656004e-02
9.396376051152637368e-03
-8.479795176933827006e-03
7.156246999209484039e-02
-2.555383985731778107e-02
-1.214684261221067457e-01
1.457045279552260930e-01
-5.649412481337632436e-02
-6.617815845049319912e-02
3.185655805789257972e-02
-1.879339608720802246e-02
5.809933522183922255e-02
-4.549503784449904914e-02
-8.560365009959562677e-02
4.406272175569292404e-02
-6.073544966163423736e-03
-1.254836752652771330e-02
-9.568552622595124027e-03
-2.291794687623565936e-03
2.383666364987882189e-02
1.231992373645203996e-02
4.285851369558849044e-02
-7.445145744855972709e-04
1.249059257429808133e-02
2.337696438002227761e-02
1.976735309619977871e-02
3.145558394334571628e-02
-3.380427138311700719e-03
7.156277059887622416e-02
-8.422622686058388319e-03
-8.199059076156806070e-02
2.784577346981567322e-02
-3.598191962544031175e-02
5.540517282829458823e-02
-7.448461860217217567e-02
8.135989571866073314e-03
1.753258320278986218e-02
-2.945008556083838006e-02
2.177240543737436144e-03
-1.776275822942620635e-03
4.056556243880232032e-02
-9.167462788114264308e-03
-3.305989779056073274e-02
5.053541715630702202e-02
-8.399717531747832866e-02
1.558488446846163430e-02
2.125705119052849826e-02
-2.039797214908872433e-02
-5.448941234060084016e-02
-5.500319179936082568e-03
1.822078151788240896e-02
6.961555633628950523e-02
-6.560458776079276799e-02
-2.813274795298921147e-02
3.798811998447895744e-02
5.586412962407137639e-02
-7.792730388994237312e-03
-5.059374546764906083e-02
2.314816822444406424e-02
4.325925425178347300e-02
9.511254096562303528e-03
-6.165201388874669980e-02
3.397761840026871510e-02
1.432732871338707062e-03
3.770130856939579722e-02
-7.482881172989089280e-02
1.764751363523343886e-02
4.463353726317968034e-02
-1.059972591811833044e-02
-3.185644753762030545e-02
6.571825532585512386e-02
7.482831323714211891e-02
-5.185268726949950752e-02
8.771983676720694623e-02
-5.890010458038343749e-02
-7.860980899459103777e-02
1.277694650953592470e-02
3.242940976416824883e-02
-7.276513048164049216e-03
4.514907007695279084e-02
-3.197103963008209038e-02
-4.096649481352913902e-02
5.666604238347651423e-02
-9.178935228114230849e-02
1.976784868987381816e-01
7.176808375102575743e-01
8.844405572721598663e-01
4.390788157396893210e-01
5.359642483896912557e-01
1.682893356042967359e-01
1.582448809451731386e-01
3.433671275895903152e-01
-1.147961635840933498e-02
-7.573298647453806376e-02
-1.962656824157531510e-01
-2.865068576077947626e-01
-3.676293544814726033e-01
-6.511508096024899439e-01
-1.924656467030496421e+00
-3.368267534134185975e-02
1.897466387032887419e-02
-1.303279577864785987e-01
-1.514940442156688660e-01
7.035562049797425277e-02
-8.239525681265347234e-02
-7.992696798708488759e-02
7.912179261100557928e-03
1.079504893036306312e-01
5.867168411573769199e-02
-6.761046950102824263e-03
4.411694842773361547e-02
-3.351953011643012820e-02
5.906958534217365830e-02
-8.222308965095977140e-02
2.251395517582933242e-02
-2.418303310544383730e-02
5.248085780284750951e-02
7.446585183007670139e-03
1.764671033830435970e-02
1.381471380023845119e-01
-5.071405269805273619e-02
-6.028047986162567845e-02
-3.128525272121168016e-02
1.674366622524568471e-01
2.289128394958039603e-01
1.941828111460088338e-02
-1.697687938594273638e-01
-4.400499168161477875e-02
1.101276906305007491e-01
-3.885001902580380306e-02
2.011594432049182771e-02
-8.677964150203833216e-02
7.686974106021833564e-02
5.810515223608823943e-02
1.821543849772051249e-01
2.418307997574372370e-01
5.903936825529019355e-02
-4.108046695384334063e-02
-6.795780212151186772e-02
1.742988480022643893e-01
-6.800151502721089869e-02
-4.019935212319741824e-02
4.420142124812018875e-02
-5.608316938101571419e-02
-5.220745027521322273e-02
1.107754481673436098e-01
-1.023093327224466331e-01
-2.670355480015556560e-01
-7.971358739932597748e-02
-9.173897396400344795e-02
3.183095245065666046e-02
1.029103521544474410e-02
-3.839405633998354411e-02
-1.725017041220984759e-01
8.183432562661232743e-03
6.290726275678780975e-03
-6.684510438923750575e-02
-1.818822735429171111e-01
-5.395349514977591104e-02
7.913894123681752824e-02
-2.157288257262821723e-02
5.095247622113391328e-02
8.108753094746440349e-02
8.230828783618013289e-02
-5.863156984685490708e-02
6.122801851334934431e-02
-2.101698949257042870e-02
-1.658298653699857572e-01
-1.443191591503397431e-01
-5.985113086197976773e-02
-3.816810121781725323e-02
-6.383083989966066574e-02
-1.071057564874804136e-01
-7.913783134108717809e-03
-5.562673831454979789e-02
-3.230857639211750371e-02
6.586620190124287122e-02
-7.888801218109027513e-02
4.840205609923125402e-02
-4.519125992200862842e-03
1.847210262749705567e-01
6.627959278711424707e-02
-1.736016348278712762e-02
1.665661581584569340e-01
3.852724922509135480e-02
9.092905324920619314e-02
9.732445984445625697e-02
2.706442832702633527e-01
3.891263387718222333e-01
2.460082730231946332e-02
5.083257236937789580e-02
5.477030893083216778e-01
4.083615242972685744e-01
2.488447686808591131e-01
1.643681656916629874e-01
1.386164336005267506e-01
-1.951821687261379445e-01
-1.896669266097170681e-01
-9.959971360416133290e-01
-7.720621514274583763e-01
-2.497216530281144709e-01
-9.344975141280971453e-02
-2.651813583255708262e-01
-1.011576041096195477e-01
4.332291488326842771e-03
-2.432160628317015655e-02
3.033671326095932833e-02
-4.227415403408334160e-02
-4.515204951470188494e-02
6.616038701104834385e-02
5.035280773768568974e-02
1.204969392944492401e-01
-1.707191267972415702e-02
3.902130154880892321e-02
7.999891051712727796e-02
7.438080190069946973e-02
-1.357615530730615395e-02
2.411816975441331487e-02
2.055952534125793027e-02
-5.279063180728307131e-02
3.763184948601357854e-02
-4.149754319464567937e-02
-3.043688325739374659e-02
-4.068447552305419490e-03
2.357049621759627241e-03
-3.414414351193347658e-02
-2.176190081392558734e-02
-1.677311195885237277e-02
-2.123932977565650207e-02
1.112896359306135910e-02
3.942423018353444913e-02
8.709470122867690386e-03
1.007840958239467899e-01
7.826704695306045678e-02
-2.698701706867898467e-02
1.558335711923212151e-02
-1.283679496137181755e-02
5.116418151430824485e-02
-8.253836920229738403e-03
1.483613158262534273e-02
-5.438206413647442977e-02
3.377529249576596143e-03
5.555586752718755759e-03
5.210166234283885277e-03
-7.752134835779037059e-02
-1.127843993048793965e-02
2.183748768473880129e-03
-9.621512965910093695e-03
3.556526445095346822e-03
-1.793096592570704584e-02
-2.836057011686613644e-02
2.165888651243295243e-02
-2.177269745619797928e-02
1.188323601106253818e-01
-1.908135107258271748e-02
-3.100434411686956923e-02
7.704749540814533060e-02
6.844750716918591993e-02
-2.391557865308299724e-02
1.197337765997009140e-01
4.417078268644341471e-02
-2.337395392635114883e-03
-4.168221103055890636e-02
8.009953359049407084e-02
2.406566707125173954e-02
-2.311487041094359776e-02
2.206500110185651009e-02
-8.203309178149910397e-03
1.156364408685122379e-02
1.524372200548182454e-02
-1.373153250851029059e-02
4.401147802445961460e-02
-4.124392912717566619e-03
-1.066045570034944295e-01
1.068104308442877348e-01
-4.499762058764384537e-02
-6.448116686863529512e-02
9.963102362995383474e-03
-2.633619847570179209e-02
4.895338380853237609e-02
-3.530468651692768300e-02
4.805029025786359750e-03
1.201770357745456964e-02
-6.120316909623282897e-02
3.166049002990850569e-02
-5.786253842129963909e-02
2.399948904537417896e-02
-4.479340980576180381e-02
3.911500204203079839e-02
-1.573430766270740924e-02
-4.386278694451713894e-02
9.430260461335215894e-03
-2.377234894643498464e-02
5.682468566672671528e-02
-4.598563159245344298e-03
-1.734854911014606024e-02
3.545277365535916096e-03
2.033831037061668151e-02
-1.775376663219312146e-02
2.417728039481237268e-02
-3.934387855955129298e-02
3.474662630460598114e-03
1.451022531247551928e-02
2.257048726417930709e-02
-1.083207018586646551e-02
-1.135065947278406269e-02
9.428475476648561296e-03
2.008976389625369285e-02
8.332413154507356534e-02
8.960684691484867292e-02
1.034640567703513925e-01
-3.438306913260560926e-02
-1.069268506910043687e-01
8.405062890589369562e-02
-4.471544858773101455e-02
1.248364717177314204e-01
1.319856301325473581e-02
1.990814993167019931e-02
-5.104949100385211547e-02
-3.661697572537321588e-02
3.123668765059047642e-02
1.734077040880026462e-03
-9.930177368890157064e-02
2.013547598383397599e-02
-2.562150373302425968e-02
-1.270632028232565602e-02
-5.595252333511840925e-02
3.917607509379338743e-02
-2.667064313691408159e-02
1.129621313781768444e-01
1.040442700309716917e-02
8.700778444351704721e-02
-1.045757746736735855e-01
1.112279495977284705e-01
-7.933282294971025217e-02
4.628656814674612235e-02
-6.182906215551683439e-03
-4.310987994689781388e-02
5.650578857164186009e-02
-7.064542851575440416e-03
-3.096384773144385955e-02
4.249082870347588303e-02
-5.975287310402892932e-02
1.823591005453402067e-02
-2.342408919302482739e-02
4.453181581126625099e-02
-4.736033369734627546e-02
2.272123489787955877e-02
-1.515987645911048669e-02
4.197493471757353378e-02
-2.583428408112758978e-02
-2.663773258877084882e-02
4.797976152078459178e-02
1.308111539605310292e-01
-9.426913042601645087e-02
-4.309580706581929432e-02
2.246404595447482402e-02
-6.598538996467645523e-02
