-7.190051326299415346e-02
2.704647287855611523e-02
6.253241865470503258e-02
-2.778143671615017005e-02
3.468326940093145738e-02
7.696551998631955167e-03
1.833345448923228219e-02
-1.434410261826650143e-02
3.121651351991397427e-02
-2.931029273903241333e-02
6.726209589334516958e-02
1.345485555266758178e-02
1.212531852361257469e-02
-6.154993532222233221e-02
4.038890345349029076e-02
-4.575285273872248260e-02
4.609392751259280135e-02
7.145675296604866306e-04
-2.035835048537923408e-03
5.174795142152082555e-02
2.841399971530459041e-03
-1.116838282720579618e-02
3.145479619019321549e-02
4.572610711495363189e-02
-3.319126080029521572e-03
1.199922112671411578e-02
2.321052842122947601e-02
1.069160886136109011e-02
6.384274602562769324e-03
5.941047375156425538e-03
-2.227365724877492306e-02
3.179959877992164646e-02
-2.463943725259902517e-02
4.093080949255066547e-02
2.243113707259654019e-02
4.474479625079436779e-02
-2.416207918309423025e-02
3.722559055890920648e-02
-5.106503686853187951e-02
2.772942702186498992e-02
8.200108217361730401e-03
3.977922984360372782e-02
-7.223040391950809498e-03
-1.807679946582378856e-03
4.323499168206849930e-02
-3.106054639092007894e-02
-5.867071926280461452e-02
1.973393902145519074e-02
9.911751249781938777e-02
-7.208680820268188738e-02
1.922082803137242085e-02
3.435011874382679770e-02
-4.808676139448005669e-03
-4.628916834262548907e-02
1.928614967743189773e-02
-6.668285596715771424e-02
-2.621574870586408645e-02
1.452033750930629627e-02
5.157348116829173906e-02
7.593019399503036886e-03
-1.681804355506554688e-02
5.870183465471474904e-02
1.444433719741903405e-03
-4.155177668844836636e-04
-6.596435196428843996e-03
3.030905648036028022e-02
9.307186772543548509e-03
1.484805629497013349e-02
-6.462374315399624716e-03
6.624363187697611399e-02
-1.621111942760944044e-02
-2.145244032779661594e-02
1.202215816517285263e-02
3.640812059305918030e-02
1.644728687165585707e-02
2.578991560491821974e-02
-3.583209316810695433e-02
3.246578269691239443e-02
1.643238325080118023e-02
-5.066562709052239294e-02
6.336613965010120912e-03
3.315833223980850508e-02
-3.399822571898884760e-02
-1.442101727594851356e-02
-2.805861612152587073e-03
-2.333150895766386915e-02
-1.966047631166220264e-02
1.863264715332652033e-02
-4.717798255395915658e-02
-3.286889385283230797e-02
-8.029054300514187892e-02
2.461288256754569359e-01
-1.451232332696409943e-01
3.995912211954955745e-02
4.307114380489514976e-02
-4.598407178461289685e-02
4.774906477864938187e-02
3.854457181233063301e-02
-1.575570437672478216e-02
3.387379444228304920e-02
1.341435545772111729e-02
-2.459603292088996529e-02
2.404352164983019832e-02
-1.432474472488083107e-02
-7.992082993101848332e-03
-2.318253966079140277e-02
3.727246422728443254e-02
3.580979513440841339e-02
-6.105273902066611115e-03
-1.542131331677777661e-02
3.935232824520098344e-02
-3.221747264965003996e-03
2.661670031042450563e-02
1.263103772942301278e-02
2.187064715336313817e-02
3.628322502459988691e-02
-2.801419930005766626e-02
-8.151255368618812169e-02
9.206215083335839156e-02
3.507703667853341589e-02
4.884417143330083144e-02
4.287507554689564543e-03
1.260988290472670609e-02
1.248214323976838160e-02
-1.326570787152711942e-02
4.461216650263913341e-02
-7.874388547853862497e-05
3.561357135716479438e-02
3.175322103645961125e-02
5.488530990967948470e-03
7.702608860672646718e-02
-1.578582706115076728e-02
-2.521884410446065261e-02
4.028100215896309247e-03
2.663591299176814794e-02
1.902688010906604041e-02
-2.039624783921756279e-02
2.491192083874920610e-02
1.417735236614556422e-02
9.062652921528874944e-03
2.019056714215631751e-02
-2.749197184344753103e-03
1.150422591114902415e-02
-8.165949376952225114e-03
7.429577480934426714e-02
3.785160600863100855e-02
-4.169011366415942971e-02
3.051455129252814494e-02
7.606658693123106302e-03
1.435193555201172595e-02
-4.475645418755810206e-02
3.398895763876365328e-02
6.082030135176460378e-02
-1.458564511491790804e-02
-4.217932011912829682e-02
5.529409367134995035e-02
1.803480116034915023e-02
-2.061114639719678881e-03
-1.531296704327628558e-02
7.011913303395822181e-03
5.063236846050990503e-02
-4.053513606383871842e-02
5.281322362722301600e-02
1.446106761657773784e-02
1.230092206767439272e-02
-1.422511941571794232e-02
5.250421680800879121e-02
9.708315195831363625e-03
-1.902989888249532330e-02
6.013596821872346093e-02
1.609397493584696290e-02
2.995188132062246919e-02
2.551182059190366079e-03
5.994331839464782721e-03
7.310122825724557627e-02
-2.768282508065708636e-02
9.908670677845713218e-03
7.528502763927154458e-03
-4.081788787173025457e-02
5.296085234951548176e-02
-6.685859896518395185e-02
7.142639456631980077e-02
3.386890123279402004e-02
6.701438258014283389e-02
-5.523102017216702936e-02
2.690551189383799321e-02
5.366041284289342628e-02
1.166069296310901990e-02
-2.478480951546429244e-03
-8.868861890093449052e-03
3.149388532637636268e-02
-8.038450936508787989e-03
-2.510703945290135644e-04
2.333101501044001352e-02
-3.801888761619766355e-02
8.592328968663817679e-02
-2.270625637960855051e-02
6.465721302355045830e-02
-1.351841460241533580e-02
2.207603194007394173e-02
1.678386870476517023e-02
1.204498758512887770e-02
-2.025548039288721860e-02
5.396707511223484272e-02
-3.017986599610918141e-02
7.356214449101859676e-02
1.848663472021344276e-03
-3.376012873357327193e-02
5.907008237896820002e-02
1.662454820593436272e-02
1.694807533995930718e-02
-1.377364137013812467e-02
6.399758201585480089e-02
-4.364454450303362210e-02
6.583039670728521586e-02
-2.559137966817432927e-02
5.841730167349493824e-02
-3.821893423602079620e-02
3.043215853519725539e-02
2.163423745880553931e-02
1.433400448881337261e-02
-4.231128557078098727e-03
-3.556670885022109735e-02
-1.927785453278680824e-02
6.787327118070182741e-02
-6.746149359222744502e-02
7.759756410631815648e-02
-1.539688430191405930e-04
1.564662337863750863e-02
1.020625087840999062e-02
4.986985630411472359e-02
-2.352786581935557841e-02
3.065299462664192176e-03
-1.443969113463890175e-01
-2.795031266470917597e-01
-1.345018419845924462e-01
-1.746329871876321771e-01
-1.237547477041227306e-01
-1.212581558950059368e-01
-2.150647413338414582e-01
-1.387695289874352755e-01
-2.101296941554595121e-01
-1.691899319311855887e-01
-1.948096749828324981e-01
-2.353354096513893823e-01
-1.893377129877798215e-01
-2.663469178740989762e-01
-1.493702317040641603e-01
1.157827934474948417e-01
-7.724455793038917384e-02
-3.329548310924794474e-02
-1.509850626568146406e-02
5.611962152766621081e-02
8.689093752362455486e-03
-1.401531191150520717e-02
4.654025048305588524e-02
-2.755923258787974783e-02
-5.368486521433405573e-02
2.829678274143156494e-02
5.017177441394825993e-02
-5.306627868603620152e-02
6.760423749694041695e-02
2.868734365089741813e-03
-3.335215206510544483e-02
3.240238909134825207e-02
-3.841812393876117143e-02
-2.428218670991358005e-02
2.127725197050335526e-02
-3.862251991390371064e-02
1.516385027022940438e-02
1.329724020946034674e-02
-5.643282775906643088e-03
6.190853068961274519e-02
-2.032380763856821149e-02
-7.044458853845811733e-03
3.022092764371854881e-02
-4.327544478551891699e-03
-2.201581488788498242e-02
4.669398576075683288e-02
8.849369367770552885e-03
-5.497819640855731473e-03
1.751084235126892236e-02
-2.483017490321706711e-02
3.364307716893747552e-02
-4.289733886202918428e-02
1.098118919085128431e-01
-8.664776001193690014e-02
4.541996624223632040e-02
-3.453616576794130144e-02
3.187899170439332380e-02
1.525530970330626034e-02
4.193115546082589601e-02
-8.105518302291017663e-03
2.408414036028144051e-02
-3.229051699228919353e-02
8.834975682318899418e-03
-2.064553418402925028e-02
-9.994124272392221689e-03
4.304760098743130869e-02
-4.377835730900370148e-02
2.560371395210352466e-02
-1.023184227035328075e-01
1.324946781421554032e-01
-1.088187610736813110e-01
2.046469333043021976e-01
-4.301722116632857723e-02
-1.533943507189981272e-02
-3.562054660274622392e-02
5.663176008549729301e-02
-1.517785992587746859e-02
-3.860214992978053261e-02
-7.240674464656957077e-02
9.456176005467033241e-02
3.940756645522763141e-02
-1.031811374875547666e-01
-9.852237913047560969e-03
-2.578581422561122306e-03
-3.023549586819277921e-02
-1.074017989373187917e-02
-5.110946313723695178e-02
-1.240102919161566175e-03
-6.992333468452282055e-03
-6.058782982193233746e-02
-4.102583878220762703e-02
-8.184952820119642536e-02
-1.525282879927684354e-01
-2.211270609819519090e-02
-6.678671975259276028e-02
-8.854937172835450343e-02
-1.283768170304940559e-01
2.396164109118544688e-02
-1.509686745456222390e-01
-8.153621663437314593e-02
-1.050757653932108404e-01
-8.254671596015458745e-02
-6.100176825527665880e-02
-1.263506831386695395e-01
-4.092710919980318413e-02
-9.514328320597519040e-02
-8.908203287056140618e-02
-8.846705633230629584e-02
-3.462508452313515367e-02
5.934790798459772809e-03
-6.853575547697171588e-02
-3.505555895331149280e-02
-5.129139848192834118e-03
-1.210921826016157082e-02
1.896135626944359456e-02
8.805566024164261651e-03
5.990723318113782420e-02
-2.564107811467853520e-02
4.733845954898972808e-02
5.407538035190683628e-02
4.641656655534311116e-02
6.454950383654872725e-04
3.947272899326782075e-02
2.621682236978460298e-02
9.744810623599168414e-03
5.217659819401012505e-02
-2.143067377116962546e-02
2.313488965030428487e-02
2.990763263392874627e-02
-4.524606679604982126e-03
1.810929024246567959e-02
5.508192682092830084e-02
1.388066644750587074e-02
1.817919430640188572e-02
-1.559410493415874094e-02
3.865849362771488912e-02
1.509231197358636145e-02
-6.659789699042632100e-03
1.815864059601310365e-02
6.053828339896587252e-02
1.679471556410055619e-02
2.632367982821485694e-02
6.020285358222413064e-02
1.129669597541039724e-02
1.480186035595169522e-02
4.835005051913581625e-02
2.006542874224234718e-02
6.699772281584327749e-02
7.287853488694097381e-02
2.695187062800790539e-03
-1.972778793431539252e-02
5.177669620541322515e-02
5.971134088809670198e-02
-2.103196308948673127e-02
5.801171547396138939e-02
-1.217641671335569116e-02
7.479275834472123852e-02
6.604094070238399755e-03
4.604899351202606031e-03
8.474022590621976131e-03
7.347440633523083173e-03
2.567526233937205554e-02
7.731374391577469640e-02
-4.567803875350797543e-02
-1.275538848077703916e-02
4.423502116948919982e-02
5.353538709691398056e-02
3.086205683245427100e-03
3.773920559295890903e-03
3.764927846008844087e-02
3.342011949835354406e-02
3.361495175995981438e-02
1.351574216844588991e-02
2.537219328501934268e-03
6.441786899652809928e-02
2.686636310518733181e-02
-1.534765166812808793e-02
5.498849880545481073e-02
2.909887121728491413e-02
2.015099984082162343e-03
5.456959379391055492e-02
3.699533712225106658e-02
5.179055793101584176e-02
6.392852199606793850e-02
7.802586096838025689e-03
8.793209487156112072e-03
-3.337300489910024343e-02
7.900284817157163242e-02
1.531401013432367314e-02
1.936418494070953414e-02
1.229400183845522077e-01
8.130633625658595376e-02
6.654536956721403274e-02
-8.471882596171823043e-02
5.760509301105812274e-02
1.531120904622411752e-02
9.255528398055497263e-02
-5.990258132330989610e-02
6.211749521112610445e-02
8.213537039429376352e-02
1.059252928412483113e-02
3.139435789325867310e-02
1.854127962247365674e-02
-1.162600238766460861e-02
1.034185846956782624e-02
-2.492012306007639413e-03
7.390939443199761628e-03
3.674140866330048022e-02
6.461838246179610334e-02
-1.968302639610163690e-02
-4.390968367606146866e-02
-3.006327543072699268e-03
9.856693975001953878e-02
-6.016019792942992050e-02
-9.382134067520213686e-03
5.581565771178795439e-03
1.243257256005814160e-01
2.845215585905803632e-02
4.803446454681686850e-02
1.222874951715403891e-02
3.753052378280254814e-02
-3.472815256894468822e-02
-5.599897949270385422e-02
3.156906601057256345e-02
1.868624278686759413e-02
2.258903720722790776e-02
7.568125152188312499e-02
-1.748336480966983242e-02
-2.278724243802465743e-02
3.555939319447064262e-02
3.047105656745443397e-02
7.640846658170777350e-02
6.642721877654779450e-02
-2.598080735331390403e-03
-2.459689401806167477e-03
5.074059512624305712e-02
4.275497227477398354e-02
-4.234876500240743885e-02
-2.081027204065367259e-02
1.247270535330264607e-01
8.611511561128765146e-02
7.567115534948881672e-02
7.234035037823122877e-03
-2.282496151613173929e-02
8.880814131257137867e-02
1.386585764531006459e-02
1.462081727392711417e-01
7.550145939017101349e-03
-1.232752637758215419e-01
1.519369305493022126e-01
5.552060078155234002e-02
6.507922071400250308e-02
-4.626931554436746613e-02
9.822097304124617623e-02
-1.473646336038380023e-01
1.173311895249560810e-01
9.106495928053418010e-03
-9.294743371538441781e-03
2.659558050538086971e-02
4.453398116691473924e-02
-1.649918623069570461e-02
-2.263166161796780276e-02
-2.128902854711118425e-02
-4.958484861664147481e-02
5.714665249043658635e-02
-5.386903071311038155e-02
7.691409110775104807e-02
-1.236685592231027003e-01
-6.471065482759798260e-02
2.112333846310564256e-03
-4.976095977426465283e-02
-5.467019823425461889e-02
-2.921782318782628618e-02
-9.307006441155371568e-02
-9.381334673803895519e-02
-6.500937470064824253e-02
-6.796727335657869185e-02
-1.425785685936162561e-01
-1.328529460727366496e-01
-1.351865140397870424e-01
-1.683446727217506877e-01
-8.660442458842232405e-02
-1.093898769628509904e-01
-1.449209163433254899e-01
-8.564699921825751072e-02
8.883229659162151376e-03
2.329048460461499021e-03
-4.505949839833781057e-02
-3.339244237721072234e-02
-2.003900937805936158e-02
-2.934107319467888636e-02
6.808598316651516547e-03
3.943037040392683573e-02
-1.238358187298004530e-03
1.275769293725584341e-02
2.340287627522779842e-02
-1.802857661158965494e-02
-8.062063538842352550e-02
5.814505904221733967e-02
1.251954322973471839e-02
-3.261830009280969334e-02
6.560996664413157320e-02
1.303179124359162347e-02
-4.503927293406971913e-03
-1.548104617075912910e-02
1.701901808151655079e-02
1.653371042540307742e-02
2.977411022424510806e-02
-2.100871441067241399e-02
-1.502970309509624701e-02
2.499159094687320934e-02
-1.751371187549040712e-02
4.624586019265287257e-02
-1.980977630257597065e-03
1.456361324518269836e-02
-3.738021090872868050e-03
3.901296662624807038e-02
2.083911377838431472e-03
-1.079403789136121512e-02
1.460543190660604619e-03
-1.311217673666316766e-02
-1.350257947936118379e-03
5.357599776169421485e-02
-1.202186129248469966e-02
-2.055482877608694192e-02
1.914568499448686401e-02
2.380424331907996308e-02
2.537267479817460411e-02
-1.339760386022038202e-02
2.390232343484197455e-02
-2.835227994511081186e-03
7.930740464403862947e-03
3.260168952769938733e-02
-4.590190149011628626e-03
2.954880701675907315e-02
3.809906460395326433e-02
2.036217123926784348e-02
2.940439892505549487e-03
-1.308412025188154457e-02
4.802566794058622107e-02
-1.503218696943026816e-02
-1.078843373925669757e-02
5.388906323090346395e-02
-8.597861217995499128e-02
1.530097024155660235e-01
-5.094900553703446411e-02
-3.055320233217083056e-03
3.186032701632113967e-02
3.530744113934175532e-02
-3.722460427192838400e-02
7.919326837178174150e-02
-9.820266716720435496e-02
9.431083984251532881e-02
-6.119950021958360520e-02
1.355765753774392790e-01
1.206891195292893182e-01
2.637477332839427979e-01
2.614152108855265499e-01
7.293662794557399798e-02
1.668588590059592591e-01
1.239917503588527370e-01
1.575807834853226175e-01
1.614083453479701613e-01
1.651698777216529801e-01
1.349185410423595632e-01
2.295262696148010206e-01
2.006592312948744239e-01
1.276986329688455379e-01
4.206620340401698299e-02
3.724298494594868031e-02
3.318657276623167979e-02
6.370143654724588766e-02
3.506105557473197798e-02
3.477293216158613975e-02
-8.462321415888526821e-03
6.696266973098126407e-02
6.672475401532045047e-02
-1.628802046317708030e-02
-4.080621498356608139e-03
-6.434824775303341071e-03
4.288760061675222363e-02
7.572383908238983219e-02
1.124711836612742218e-03
-6.694300506893513525e-02
5.080307685813894442e-03
-1.012276490002322060e-01
7.179291034293304452e-02
-6.692695148943927919e-02
-2.453925105229444112e-02
3.063568067088758007e-02
-2.112778231566429105e-02
2.095615960163097272e-02
-2.974215730704498489e-02
4.596893414575962261e-02
-2.018086092744883833e-02
2.557830042455927315e-03
-2.719869161108585606e-02
-9.600689319000115310e-03
-1.081810061520480787e-02
6.228942462605805558e-03
-1.953048379288204947e-02
-1.894579536732186875e-03
6.956825259026338387e-03
-4.310451226563479649e-02
5.637593679595689911e-02
1.083308943591667767e-01
-3.180410940111569329e-02
-3.341372859252225019e-02
5.255775584402949674e-02
2.339008702893063257e-02
-1.510107683152709691e-02
4.594853512682817165e-02
-3.787557536393978963e-02
2.363809132343362360e-02
-1.161118266173739692e-02
6.659945318777260592e-02
-4.692184796319981421e-02
5.875012845785503035e-02
-5.996776615769223474e-03
2.641189352540068702e-02
-1.052403550396286726e-02
2.450574221208531162e-03
5.358198783525515430e-02
-2.124658002519203698e-02
2.792817402009400984e-02
-5.039592194346455452e-03
5.518026298518008410e-02
-3.572348209743268083e-02
9.120044968481679296e-03
8.083047901251846912e-02
1.279210694380181375e-02
-1.440773278589530665e-02
1.918451357459232884e-02
1.827452084543228564e-02
4.385441052918756522e-02
-3.254778331245421555e-03
4.758111246157706309e-02
9.513069016086665719e-03
7.709230410112741239e-02
5.832128052661956358e-02
-1.999530969427600058e-02
-4.241630105686393371e-02
-1.803448352499686935e-01
-7.559558279000534731e-02
-2.346545321106547344e-01
-1.493408145605648329e-01
-1.116568506935084193e-01
-1.838616093244286320e-01
-9.729132175552390738e-02
-1.965217548137910275e-01
-8.336859698080076320e-02
1.447157768106698342e-02
-4.968686167085077654e-02
-6.687627258803663377e-02
7.039278722778488651e-02
-4.555454431067304522e-02
-1.532177159732443436e-02
-1.476852073806769229e-02
4.688046875391073398e-03
-4.659250693148515865e-02
5.195032302753158776e-02
-2.920061180217881774e-02
2.474915502720282171e-02
7.881911270109236319e-04
3.330904208899188035e-02
-4.493282309261746599e-02
2.965608050619325878e-02
-1.974870157126188200e-02
8.540581134255112450e-03
9.961915162025727910e-03
-2.603663651851589877e-02
4.110306662549344237e-02
4.072920353032627450e-02
4.705220876785785183e-02
1.183135487573342554e-02
1.827592026756729490e-03
-5.667446238557031363e-03
1.774863485112116238e-02
2.062803217775257061e-02
8.230405753392204538e-02
-4.806449667809475218e-02
3.552312178176509488e-02
-7.362812599108539517e-03
4.485208741497901525e-02
7.982823174032822877e-03
-1.793938818282446793e-02
-2.687076058722604952e-02
1.001482487741548605e-01
-2.237468813731685255e-02
7.938852684841816998e-02
-2.224168797166338474e-02
2.843719504065064102e-02
2.879257615228680151e-03
-2.640095493646530539e-02
5.455132042598631603e-02
-2.352740940559492136e-02
-3.199685120349998746e-02
-4.905978113722323647e-02
-3.806246180224973075e-04
-1.339495437795458210e-01
-4.605373905820931563e-02
7.362463154708821789e-02
-1.080137505766065320e-01
4.424211030942449413e-02
-8.778048120096876294e-02
1.600544489947380022e-01
-1.437724527891487587e-02
5.243308016298488944e-02
7.980895727537189177e-02
-1.722820045591649807e-02
4.343475026668106379e-03
-7.250582487946868882e-03
1.061940883660996149e-01
8.144912613110347199e-02
1.162967159599273721e-02
-4.123821753813745189e-02
9.903311975679390811e-02
5.466234122141350356e-03
3.145941843180099368e-02
2.205111930876091711e-02
-5.358815412076747137e-02
-1.654365922743991288e-02
1.050837614737665585e-02
1.909645506632308767e-02
-5.290648735948631776e-02
-1.839902891555270786e-02
-8.073109468997299865e-02
-5.868074878592064586e-03
-2.594583245979251857e-02
-7.113631231213952966e-02
1.849827032617708256e-02
3.737251675557023978e-02
-7.997208633518174126e-02
-4.305600088566771677e-03
-1.142542370801579443e-01
-1.259919574158945704e-02
-8.975078734996527752e-02
-5.312239315904167952e-02
-6.947779077398839875e-02
1.775238174546518374e-02
-3.342534900383545282e-02
-1.038763792572447581e-01
-6.708897320375325352e-03
-2.038007328348870675e-02
1.173235567897433496e-02
-1.052728873173412460e-01
-5.516805301539280670e-02
-2.399637855677712317e-03
-4.805821446217577175e-02
-1.306465497112312829e-02
4.445558266399741304e-03
-6.034021843436500332e-02
1.102130510178800718e-02
-5.519117603975488839e-02
-1.077496816326920376e-01
-1.193433679832998640e-01
2.097531882123572500e-02
-6.301150730733989097e-03
-7.524626472298798219e-02
-9.047903631959980375e-02
-2.183398588619869796e-02
-3.427718239372113535e-02
-2.910121817211002229e-02
-4.455330901684817491e-04
-7.468911519963428169e-03
4.567894702848539212e-02
-2.240072750157041243e-02
1.133377298884316077e-02
1.567805772143684301e-03
-2.697577084546547502e-02
-2.992020815784770388e-02
-9.321802907869498889e-03
1.855073916284433189e-02
-2.376105417023403540e-02
-2.043818279422794648e-02
1.526446953819227126e-02
2.124536102525362985e-02
-2.896095357148854854e-02
-2.236963957596836694e-03
-8.099072962239262097e-02
-6.428637006935529474e-03
-1.722199108509336191e-02
-9.346504870294466971e-04
-2.896751204719721570e-03
-1.436042700237560171e-02
-2.724308522024721652e-02
1.127003418822332750e-02
-3.483657497540595949e-02
1.615375939274557582e-02
-3.169924516154421640e-02
-1.968539700938437900e-02
-3.938822850892023664e-02
8.548213272167531906e-02
-5.632040112665557922e-03
3.547227724008193001e-02
9.466344950081705817e-03
3.553523693157117913e-03
-1.103450884062932708e-01
6.029217008261888999e-02
-5.226958227354337738e-02
5.965060828751453381e-02
-2.852258973378242121e-02
-5.830521058277294416e-02
-1.144051019032261973e-01
-8.257552123343889217e-02
-9.411074465194756156e-03
-5.640560900068525285e-02
2.853882801875156153e-02
-1.400781940992373506e-02
-1.347226643594969797e-01
2.574800121437752567e-02
-3.568554419350845885e-02
-2.416333587624074769e-02
1.132251969808647368e-02
-1.334879494414828727e-01
-3.514898254929239851e-02
3.629418880445958034e-02
-1.745122357587464146e-02
-4.533062607786608050e-02
-1.064518242099489892e-01
4.183787490077130189e-02
-9.828183940247106620e-03
6.549955538792766319e-02
-4.925286529447728268e-02
-6.109755660311812220e-02
-7.719344155614427105e-03
-1.048839775091123805e-01
-6.846501609673377731e-02
7.213417723413578786e-02
8.071493271133575731e-02
-7.268656200568172909e-02
8.188839701789887848e-02
-8.250257841482389054e-02
-6.166856453107152913e-02
-4.472702115935864309e-02
-4.274380696263086615e-02
-1.738713826246517102e-02
-1.097126370215437685e-01
-5.756992543925048417e-02
-3.201140020942506992e-02
-6.026774312003561201e-02
-6.356217695804886741e-03
-6.420522464741154622e-02
-3.309913651448810959e-03
-2.234350205922269739e-02
-6.074677643149048456e-02
6.097972498488290344e-02
-6.042175069879383853e-02
4.725094509103090756e-02
-4.071590668773623911e-02
2.065727254320819453e-02
-1.095656131118042352e-02
-7.693744003965463998e-04
-8.754136992849631538e-03
4.399814333473616584e-02
3.718315900169821830e-02
1.549309166777754765e-01
1.574755314060325151e-01
9.433378474971904071e-02
1.828768811176034459e-01
1.470228176694411970e-01
1.671650067330471279e-01
1.644506365881442389e-01
1.837668568672140013e-01
1.443836266084100317e-01
1.355377414868766672e-01
1.800555764424696670e-01
2.973516388362190677e-01
1.665285345190824773e-01
1.628236345559873066e-01
2.010317457965420801e-02
5.906887625941044384e-02
3.214944630295635958e-02
4.877159891397257058e-03
2.781898747831092894e-02
4.358136891236577548e-02
-2.234959896759939127e-02
5.208082465147352222e-03
2.046640410866510263e-03
1.549540933209382111e-02
-8.231363446468941900e-03
-9.570928586378721001e-03
2.760032392562845882e-03
3.369210582577902846e-02
2.230435105508304233e-02
2.727582571681175239e-02
-5.065273842804455910e-03
7.479860667808294061e-02
-1.434844837025428879e-02
8.165937390580144117e-02
7.869812980924689727e-02
1.410229892674172147e-01
1.400319065842218214e-01
1.193353604159247960e-01
1.805515042478779697e-01
1.280843713374220094e-01
2.143983140655702779e-01
1.478279814752233023e-01
2.131537681902574421e-01
1.480150433794792941e-01
2.431501995425384421e-01
6.491693079392968357e-02
1.420445761195976153e-01
3.723094448325885153e-02
5.139789434172489790e-02
5.568589635128894100e-02
1.065950879860481058e-02
-6.136169036782852110e-02
3.043168715411807487e-02
-1.798469232654525962e-02
-1.148703930644373872e-01
-6.112230686993691542e-02
5.205103804641900145e-02
-1.071405051998530061e-02
-2.651196086919575812e-02
-5.061132544304187270e-02
-5.648974707406584361e-02
-1.210744237385769431e-02
-5.125792651042055531e-02
-4.718072596319867335e-02
9.272803186408731801e-04
-4.781369497976979688e-02
-6.888437207323687417e-02
-5.889495839366583330e-02
4.082530843876056720e-02
-1.210814475001106560e-01
5.234098733338468645e-02
-9.960053751802486199e-02
-3.026790379314012180e-04
-6.985731360917578348e-02
-7.346248036172740858e-02
2.970382664516169058e-02
-7.692779752892622835e-02
-8.679240096955105621e-02
8.221173406833076625e-02
-7.711074189188907302e-02
-6.307729078658841360e-03
-1.075744840866957319e-01
1.978210781165432031e-03
4.964449408710408518e-02
-4.377671948309701244e-02
-3.420522874569057598e-02
2.337819134032657203e-02
-3.303208726508098658e-02
-7.273430982292100611e-02
-4.653382328791294542e-02
-5.031488819128471929e-02
-6.947626401783194017e-02
-2.478757591639039332e-02
-7.979748350480281305e-02
-8.731467071586691830e-02
-8.936890547839185239e-02
-3.308704693160326171e-02
4.075510361784606683e-03
-2.485853898110492594e-02
1.127196106513895374e-02
-6.919260103482022251e-02
-1.038667831597923918e-02
-1.635790567555154423e-02
-1.937546361371373510e-02
-3.006485204998739225e-02
-4.604741076058435634e-02
6.262804933169066612e-03
-8.883361959404057276e-03
-7.050330551761983811e-03
6.928441621615964718e-02
4.258850648337950823e-03
6.723971007750878526e-03
3.286708110423599422e-02
3.055877255975941384e-02
2.815978123604718011e-02
-2.998602925770428584e-02
3.152255211894264275e-02
3.777955964259696597e-02
-2.990124842721350595e-02
5.970589689534969852e-02
2.006569664293979954e-02
1.379181349341461298e-03
-6.114169706670463493e-03
4.466933386952917813e-03
2.616607755682012759e-02
2.779075910052724446e-02
3.884346236307997802e-02
6.998003513411180099e-02
-2.757287497507914312e-02
2.389324750902642458e-02
1.449360484996290756e-03
7.421756527262872438e-02
-5.552035731293604448e-02
-8.731279927808545047e-04
4.802639768659219127e-02
-5.267457127087899621e-02
4.286765521189103700e-02
1.590284848583782551e-02
-4.436946388814245329e-02
1.227888815282964299e-02
6.752871799358289850e-02
-1.312568577763760860e-02
1.558018428908074238e-02
4.926771018840440247e-02
-6.670168194593766031e-02
-1.605230826372886291e-02
6.019372969902217485e-02
-5.705822606668449481e-02
-2.471370093019999159e-02
-3.630818908747573959e-02
4.733437083864538292e-02
3.822945169629503315e-02
-2.505264132101110014e-02
-2.794432221843680050e-02
5.952282394992264303e-02
-4.266012220406621702e-02
1.044321731561886901e-02
2.478307885371604929e-02
4.307289440438187393e-03
2.593502880557486262e-02
-5.558045131221396769e-03
-2.063571908021000906e-02
-2.399811125101779241e-02
-5.881427075099923685e-02
1.471812589486101198e-02
-3.584524823631368706e-02
-8.325898249680637256e-03
4.387307381060143868e-02
1.500494306246252969e-02
-1.812153129340787761e-02
1.663648688500019360e-04
1.914640232994561930e-01
-1.152774324031367453e-01
1.107417502193990683e-02
5.089181503657013578e-03
5.775088946043520355e-02
-2.287530433347037540e-02
1.913704661541780483e-02
-1.967329651379023069e-03
-2.666069883566302492e-02
3.599876486723691676e-02
3.000574829890261322e-02
-1.458662575981097562e-03
-3.038497113430293356e-02
-6.116769273632339209e-03
-3.302464555594356727e-02
-1.422489204140307134e-02
3.638943502030569932e-02
3.991315948124643520e-03
-5.414074874364083190e-02
3.487839577393478385e-02
3.345490251606901555e-02
7.003175763596385280e-03
6.511934217908755748e-03
8.131726890084662804e-03
2.361024514684082615e-02
-8.668528611334077108e-03
3.368285067935070792e-02
3.920245042418952358e-02
1.998687450062359636e-02
2.121307467251189530e-02
1.225020339281607945e-02
1.083825268418667134e-03
-2.065629561860007207e-02
-1.340457273974795908e-02
1.931392063517688856e-02
-2.510525900776630973e-02
2.932433410212154437e-02
3.809074976659813927e-02
-4.367211592353040933e-03
-6.634424389604726136e-02
6.658230617580929156e-02
-4.246479346919888875e-02
-1.064551956897652474e-02
-9.970614051772115627e-02
-2.484652997393017870e-02
-7.773029237745489317e-02
8.834889037717209848e-03
-1.841127325378015545e-02
-1.070724213611090048e-01
-8.996459040771229154e-02
3.512036119447500132e-03
-7.535750021228979079e-02
-6.313218133849139019e-03
-4.623420302727715425e-02
1.360385943075208097e-02
-2.006913778702321127e-02
2.802330114768632544e-03
-6.320673489339957707e-02
1.988073612372841248e-02
-2.132422186938414538e-02
2.664208570853816502e-02
3.039180986642305710e-02
-1.010750855383816399e-02
1.565014035165613465e-02
9.420451555764606036e-03
6.704954429820204551e-03
2.079215051498429362e-02
7.777258704148827355e-03
5.072287525110096007e-02
-2.361360963168462196e-02
3.382484881149599304e-02
4.801054296053686166e-02
2.481892079315130631e-02
-3.585855233424978250e-02
5.715701428940957868e-02
5.895862596462734390e-02
1.081625291300006286e-02
9.852143015384859370e-02
5.050181234246520212e-02
2.561967962064717538e-02
8.661514325816058180e-02
2.195589408152783667e-03
2.279993380295828112e-02
8.130457209660585383e-02
7.485665446548303570e-02
8.910022961024025023e-02
-5.703138404599804312e-02
8.093476617965633668e-02
-1.622328093349773362e-03
-1.955816677754648042e-02
-9.597059855450261467e-02
-1.439541889639451289e-01
-1.558332757867147422e-01
-2.010696073096549519e-01
-2.096793093428767907e-01
-2.415080638904057719e-01
-1.226481131313282291e-01
-1.526058413908070177e-01
-1.221682181107726500e-01
-1.811559803348113951e-01
-1.499416919357079436e-01
-5.753385777273299917e-01
7.914654940984663933e-02
-5.172892038994616332e-02
-4.376466675845210388e-03
-2.483578793296342332e-02
-1.374604939653923524e-02
-6.494520856168276186e-03
-2.475025808521861409e-02
2.804779597823975519e-04
1.907196884898900574e-02
-2.188383735705261984e-02
2.433987195422537483e-02
3.011196101530839650e-02
-1.953303126769323755e-03
-2.095746171502745406e-02
-1.056980395233127548e-02
4.862531554203173428e-02
-1.170005400023559419e-02
-8.065680344471987812e-03
2.823530937905088453e-02
9.698809084042659843e-04
4.896706758973398688e-03
7.509419209371548561e-03
1.236108396997794880e-02
-2.245016998272324898e-02
1.757833074208039331e-02
2.648801848490696387e-02
-4.802454938759855019e-02
6.523950949652729259e-02
-1.560469304443651804e-03
-1.720999446464158145e-02
3.264758050107032655e-02
4.420262646065266365e-02
4.605662922901014242e-03
-5.538982884416489283e-03
-1.538944064689729344e-02
4.444289820949124531e-02
1.968131682380838340e-02
6.665660335966092954e-03
-1.338366725294274674e-02
2.277663067881576658e-02
1.366249368229575933e-02
1.878987697410811411e-02
1.384087274789496487e-03
-2.680030439689263209e-03
2.640148114254542086e-02
-1.723778396597373352e-04
2.398624997052199725e-02
2.642138871468719882e-02
-1.771286896201877334e-02
4.093716012263248771e-02
-5.837122378324999944e-03
1.149373244841185278e-03
-2.866995127148292202e-02
1.372481594709521954e-02
-4.121860308624198874e-03
-1.164541158550694983e-02
-9.488857266416326347e-03
-5.655924750470041687e-03
1.813427052381040919e-02
1.361958636296973016e-02
-9.962202369390717530e-03
1.840027002543237478e-02
2.188062983116651622e-02
2.283754397825793828e-03
-1.839355359240627333e-02
1.634163498372916135e-02
1.304772592362492267e-02
3.536973622310661449e-03
1.321465357051641865e-02
-1.384034058264708815e-02
3.143976470466697953e-02
4.815695177795121552e-03
6.896076506315955423e-04
3.684255945455683356e-02
-1.827686347324584612e-02
1.385522432728710993e-02
2.965746377807014847e-02
-5.703215261398111684e-03
3.287906548814240049e-02
-3.407665637074133724e-02
5.890576415458227688e-02
-1.974474342356929285e-02
1.895258046137946253e-03
5.082094794569134988e-03
1.499364017966997240e-02
5.987707284834160870e-02
2.063234595701336077e-02
2.017510621569209087e-02
-5.495711524060442089e-03
1.107579849919873224e-02
1.663742870113001440e-02
1.047922609934042598e-02
3.697598718449340849e-02
-3.292051445710900137e-02
-7.847393613748282482e-02
1.000930116886082355e-01
1.387064286107255427e-02
-6.278900370753716376e-02
2.541007674141971401e-02
-1.082426279274284128e-02
-2.074974252979891118e-02
1.458124081650430566e-02
-1.095300554789668118e-02
7.892629984755521882e-03
6.075007389475774178e-02
-2.727323680822233559e-02
-1.281382411643555708e-02
5.889531340399015331e-03
2.928047692084478557e-02
-3.297180697527378468e-02
3.121096652880548175e-02
-1.381190770542160828e-02
-3.335121255153333797e-02
-1.559579547089504949e-02
5.134837353923026732e-02
-1.705937939698930206e-02
3.779022332969146636e-02
-2.461288922709013380e-02
6.627679565241827164e-02
-2.030796702320562461e-02
1.229167670497156341e-02
-2.780539205425554966e-02
-9.013520499131344454e-03
-1.352434672206134086e-02
-1.504582410571016562e-02
2.120073890321460403e-02
-5.404403068788144783e-03
-3.326313879210298502e-02
2.436347327804251270e-02
-4.878527020892971721e-04
-9.246196651309977754e-02
-5.190573053858578423e-02
1.282106210118950651e-01
-1.097757996790745122e-01
8.012626297562676358e-02
2.152789983952475492e-03
-2.423297089808362434e-02
9.825931959921879733e-02
-8.803945626689934842e-03
-3.193194408974331291e-03
5.688827684459948214e-02
-3.318194372522886154e-02
-2.834621162080310647e-02
5.500571631616296003e-02
-3.942849048417076258e-02
5.413318716624377497e-02
-8.793293014162043009e-02
7.691196569080729906e-02
-8.775806516890426873e-03
4.524749413629413491e-02
3.217365475649947189e-03
1.079189989689557233e-02
1.803096487541772791e-02
1.984367028824183740e-02
2.937359883432951249e-02
-4.300850825334359695e-02
2.324230628744816674e-02
3.916161763227903742e-02
5.262737224836597227e-02
6.373895724421028974e-02
4.356001878682970105e-03
1.518956438033378792e-02
6.658928404492977030e-03
4.361142923976740748e-03
3.191120178753789616e-02
3.892522613803007375e-02
2.975116229973275364e-02
2.191275560484474971e-02
4.136253605865529079e-03
-4.879666076001102498e-03
2.546529056990045128e-02
3.855601803125409399e-02
-3.718649376184820360e-03
-1.688354431090117319e-02
8.795394661261494995e-03
4.297517279437856885e-02
3.402861710681868990e-02
-4.139899130012195290e-03
-1.567952841006729076e-02
2.012024141741415931e-02
2.255176860662207183e-02
5.155840944343599574e-02
-2.509415394501039731e-02
5.793541971080500702e-02
-2.606371253323259279e-02
-1.588299723910223393e-02
1.038558265729298304e-02
5.397719224880236089e-02
1.845731552823984614e-02
-2.705247142359476671e-03
-6.971117394610247021e-03
-1.968140314847885430e-02
6.840085058747678859e-02
9.664775804136870388e-03
-3.443352894402775671e-02
5.753882810071717091e-02
2.227141604574590927e-02
-1.286827974279390781e-02
2.346743564977561702e-02
2.265063061809138162e-02
3.772876033227503395e-02
8.670724136450961086e-03
7.914414886735106347e-02
-2.773817066614416710e-03
3.658947536126191252e-02
3.622728178906145513e-02
2.812223434500607522e-02
3.396547769823975160e-02
-9.609194748444252476e-03
4.383850528217594564e-03
3.279274443243421211e-02
-1.914712082700261928e-02
5.806408430930974640e-02
-3.065285109443174200e-02
1.069957142378382131e-01
-7.008281168995839777e-03
1.904755701174599275e-02
-3.130516818881372287e-02
4.910795466858746891e-03
1.736844825298628631e-02
1.194965513409345162e-02
4.027574623293501965e-02
2.189768499023823228e-02
4.241722182216298848e-02
3.559690214422092658e-02
1.603885693852134114e-02
1.265909159987665088e-02
2.003961278719309375e-02
-2.204739522342857860e-02
3.129930565241801493e-02
4.143499717489522449e-02
6.985113680632377975e-02
-5.863501525106910861e-02
8.060141602954487561e-02
2.848425243076809464e-03
6.104690341894091453e-03
3.275036872688121686e-02
1.006546942624612570e-02
-6.701708839307998549e-04
2.396703541964481654e-02
2.820938243890539279e-02
-2.794773909269903517e-02
1.838270916965533200e-02
-1.386679257275069341e-03
1.660761784245842060e-03
4.643189388105772170e-03
-2.229658953813449390e-02
2.711132849266402120e-02
-5.405439892807611946e-02
6.156393982112958602e-02
1.461104792918228173e-02
-4.896665681049686830e-02
1.541366866256197940e-02
-4.723297805729815765e-03
-3.480578185598780933e-02
4.007525617605676299e-02
-5.491465608620935829e-02
7.514720383894388234e-02
1.365567924507800519e-02
-2.557292818238148316e-03
1.357781730801720273e-02
1.194544433784262144e-02
-2.791157756643031923e-02
-7.577881703449744488e-02
-3.074643329037605732e-01
-1.736319129756525026e-01
-1.371332148066783385e-01
-1.824946396134525528e-01
-1.339409189593582794e-01
-1.445790989198124377e-01
-1.375390673805393094e-01
-1.541428787559190328e-01
-2.138590412781327943e-01
-1.987609972751226417e-01
-2.237900059999310964e-01
-2.452557171004983438e-01
-2.284890782091112127e-01
-1.120904767800103563e-01
1.625134017055029356e-01
-4.671357901126874101e-02
1.131031038416366666e-02
2.751021975017946958e-02
3.372783210174081642e-02
-2.801103448094647425e-02
3.469412909697175071e-03
2.371146173664156337e-02
-9.950903737571540827e-03
2.778598472238979697e-02
-8.258874021798161616e-03
4.568373586531987440e-02
-1.963009807239103621e-02
-7.880807250616456497e-03
-2.945851420796240933e-02
1.106368764027279919e-02
4.744094086068810848e-03
-1.394223376472749840e-02
2.178541471890853634e-03
4.701958413286873306e-02
-4.001425711902392712e-02
3.547019739008389072e-02
5.534058980810605682e-02
9.070137790636919467e-03
1.890633469290523005e-02
-1.773956979511220541e-02
3.953367534664844335e-02
3.637134288302692336e-02
-1.843286088919520241e-02
-2.702270081233449153e-02
2.821310149271698611e-02
-3.078395466657557044e-03
4.949879530675079312e-03
5.345055911923740632e-02
-5.751146638013264131e-03
-4.846966438050676756e-02
1.707148238980486787e-02
1.767690965015480953e-02
-3.328338381802094931e-02
2.881086104716356483e-02
-5.155313357026078749e-03
3.716639108237974193e-02
2.031618955275781707e-02
8.658993311904356754e-03
4.187098424978447780e-02
-3.581025734534191984e-04
1.675698723599085282e-02
-1.973196630449016581e-02
2.336197982586587108e-03
1.636916428948993491e-03
3.637975987884465440e-02
-4.686678900927088859e-02
1.392279972412152345e-01
1.009221636452972519e-02
2.246352525059092456e-02
-4.865387807017559213e-02
5.026528665867338597e-02
-8.013969171571225236e-02
-1.158958426268169931e-02
6.743293798467193956e-02
-9.183153553110107170e-02
-1.400605942216467600e-02
-2.552831528522981827e-02
-7.462981572352486714e-02
1.030594357218654333e-01
-1.347479458448842260e-01
-8.727439574071370332e-02
-5.781810561981590851e-02
-1.060877140628406490e-02
-1.842563592643291226e-01
-6.273523359237442865e-02
-1.337195044862937721e-01
-1.067435581021966423e-01
-1.216925483644511197e-01
-1.905233694473035255e-02
-1.257872650342604648e-01
-2.482026890312323542e-02
-2.133175770421499307e-01
-9.803236063494934205e-02
-1.392594822817065647e-01
-6.499520893051649595e-02
-3.565696467884570814e-02
-6.965552604058627972e-02
-7.157434464645016925e-02
2.187392256084084649e-02
-3.357921424420023254e-03
-4.308448617124102133e-03
-6.720903964030654210e-03
6.560054441352439203e-02
-3.128739784449798694e-03
1.269886361542132622e-02
1.930662815336345664e-02
5.850375090497457291e-03
2.023414441747365105e-03
9.996186112692432429e-03
2.066853187902206734e-02
2.905674417964520043e-02
-2.145572600591165099e-02
-2.256947885595954675e-03
2.091590931158980246e-02
-6.269709143101421384e-03
1.393635021692582639e-02
2.189273583911884036e-02
4.058833788353613699e-03
1.195829598997432373e-02
-9.922911511847506624e-03
3.963214089946914820e-02
-2.978301404802055630e-02
2.272058329831774109e-02
1.592092505280860021e-02
2.134514595430174813e-02
2.363079898161639381e-02
2.375537459903474813e-02
-5.802938812639282795e-03
8.228799154158329687e-02
2.629141847495473222e-02
3.949057637148586236e-02
5.299669902871709942e-02
1.395673647664869704e-03
3.054466454397164465e-02
4.399417528593997651e-02
-2.790557746933704231e-02
2.569107243712181327e-02
9.925155958309552981e-03
6.414744860110202507e-02
-2.258295841348340049e-02
1.600765764896081716e-02
4.886304078294289449e-02
1.657917798748062901e-02
3.697543138486281133e-02
2.214941606098104823e-02
4.221768630231867436e-02
-4.169710718816794365e-03
1.338711320599656612e-02
3.141460781402496960e-02
1.220297482664622901e-02
4.388488421230692799e-02
4.100474722268758476e-02
-4.128401890632911464e-03
4.620080278448630839e-02
9.663978126511375832e-02
1.733927739788020464e-02
4.661475186762949197e-02
3.254887525284008709e-03
2.618167594234367679e-02
2.635634381981653840e-02
1.667456303841514248e-02
2.962596002956508628e-02
1.579190036999512589e-02
-1.527989323615985308e-02
7.042206476313062416e-03
-2.338210732489813537e-02
5.212452250263526626e-02
1.343900361709116781e-02
2.147707479626528512e-02
5.914724707457055808e-02
2.303630756323470780e-02
-2.172536297597789032e-02
2.136548177960864714e-02
-9.079865406773454661e-03
4.036303312103206586e-02
3.644588255869486704e-02
7.171994809940836213e-02
-1.477626565915504675e-02
1.612596725761213379e-01
-1.752448580915090190e-02
6.940612453964843664e-03
1.054704676791383411e-04
2.775259171283646353e-02
7.860302203405920840e-02
-1.048098797964760326e-01
6.568972131925791824e-02
7.278752220300072073e-02
6.454311256236938688e-03
-3.678201722632775533e-03
-9.611549847262587654e-02
7.429250110509787175e-02
-8.043402686178778571e-02
4.595204812550493338e-03
3.582588357019688557e-02
1.016249828707579093e-02
3.367043105686803872e-02
4.671323406729394057e-02
4.414471367492472237e-02
3.544344617396300023e-02
1.377288023041207954e-02
-6.302912003741317770e-02
6.366975154406329107e-02
3.783413728010597693e-02
3.552861132514111009e-02
3.665223849702051173e-02
1.043393671468383424e-02
7.606211518500451130e-02
7.007490059837059859e-02
-1.128830639989284873e-01
4.201337553237503158e-02
-1.843589050973681170e-02
1.022259760370300592e-02
6.184242802392710819e-02
-3.950711282668250765e-03
2.704871676579734263e-02
9.641751735862771899e-02
3.467864434366144805e-02
-4.448349730122354295e-02
-4.751098251799838745e-02
-1.514179826327290840e-02
7.433890243112585561e-02
-1.083648844409934326e-03
-3.667988682042425640e-03
6.530890813565142471e-03
1.673514353346732680e-02
1.980266187711715586e-02
-6.534085942401909354e-03
1.092188120509213559e-02
2.971116771479917484e-03
-2.887725990279328692e-02
2.892603710075576651e-02
7.609085479477960268e-02
-8.495097020831142431e-03
4.176946507138347420e-02
-9.475603836795890370e-03
6.569989163805188548e-02
7.142869293476346304e-02
5.918844208025859921e-03
8.465462679366328458e-02
-4.806090459043010910e-04
3.141824689712041652e-02
-3.937206183096116086e-02
9.413179569077340103e-02
-2.595324151977129734e-02
7.507986756926099403e-02
5.057617981231822546e-02
4.206766695565391373e-02
9.558827807867750770e-03
8.948166751446860745e-02
-1.744656919576169016e-02
1.000168396728393638e-01
2.088841092551213530e-02
1.385013711610812853e-02
-1.596391908400364434e-03
5.347444163456599626e-03
4.888120418889473594e-03
1.819775331072890495e-02
-1.265851854647774902e-02
5.406270064797080027e-02
2.695245781292486542e-02
-1.098833710231572058e-01
1.186863687385133204e-01
-1.726676792232725022e-01
-3.993663229019215472e-02
-9.776707243280097215e-02
3.804571084157301608e-02
-1.346407679081037256e-01
-2.087747308534088075e-03
-2.978062377183503251e-03
-3.394932711486199628e-02
-3.576499190193159483e-02
-3.611462944200601044e-02
-2.161026422331351060e-02
-6.527765141236219204e-02
-8.629677962039440653e-02
-1.148596700279950200e-01
-7.345702453548644262e-02
-3.370204594264769593e-02
-6.732731277174061613e-02
-1.159812274193200154e-01
-1.091137511970627083e-01
-1.404617297165188239e-01
-9.374392271549014666e-02
-1.096902216610282643e-01
-6.663757796812369572e-02
8.419306247151904510e-03
-2.216846852421850908e-02
-4.730629059122663099e-02
-1.118176735607331017e-02
-3.986783588415978435e-02
6.348284858690687177e-03
-7.827252395719221101e-03
-3.511473198160185161e-02
6.550809630091904145e-02
2.310553054288719266e-03
6.072942898136613268e-03
-2.362852603386037670e-02
1.403047740862610297e-02
1.604344820475517991e-02
2.666737138494680581e-02
-1.361989949102345755e-02
-6.021746942221281595e-04
1.230313471622980666e-02
5.558900287289166714e-04
-6.725565742869679155e-03
7.076551353139562406e-02
-4.635888557753994194e-02
2.718974560909660429e-02
-2.428685795820241522e-02
6.497301190562948525e-02
2.400079808628262368e-02
-2.162871685241383318e-02
7.694622935588781715e-03
4.138000197076664027e-02
-6.676057643437000033e-02
5.062570524792090604e-02
1.549122667410596406e-02
-2.286774931315474491e-02
1.712625582287262416e-02
-4.747463703519074624e-02
5.653184434505895140e-02
2.263791755242885659e-02
-1.034045693922883320e-02
3.503934968399668309e-02
-5.963497661616604106e-02
4.222637776685490840e-02
-1.056081058368905229e-02
-8.035009889128960636e-03
7.595384789010867221e-02
-5.122285364096055421e-02
2.340760362389167695e-02
3.293527124469036033e-02
2.175427366485024189e-02
-6.057540959336791576e-03
-1.375056221899540257e-02
3.955167051342525775e-02
-2.290124182237144451e-02
2.569674976086648924e-02
-2.207864689337730481e-03
3.343439659779420120e-02
1.998682118691593942e-02
2.196107986783679168e-03
2.563615764238478742e-02
5.188735516979074008e-03
-4.855296539489628582e-03
3.100261201337978396e-03
6.819880286425576699e-02
-6.470674200570691870e-02
3.096124355196589253e-02
-5.313799255898015578e-03
-5.921347890894526969e-03
7.156795036797403142e-02
2.653779799773320694e-02
-1.305866624658543959e-02
3.016431368603071997e-02
4.006929994213584423e-02
-7.218186263601988895e-02
8.730354450440938607e-02
1.310066040981165691e-02
-9.020594215562330320e-02
9.046785045195289421e-02
7.760494630115771786e-03
3.159108212183221048e-02
-3.391333905864199472e-02
1.210176390208249526e-02
-1.548415571448553876e-03
3.244246295451665152e-02
3.544847273035445223e-03
2.579011823083224644e-02
1.864862776202683842e-04
4.722235954896463091e-03
-2.985079554116974385e-02
1.135729565294096161e-01
-5.894766965214677523e-02
9.618741440418547214e-03
2.550688796810627809e-02
6.571857788026318203e-02
-1.896248837845409402e-02
3.669881421799444515e-02
-1.139946764995779932e-02
4.888155999923102235e-02
-4.054580358781147142e-02
3.242423600968268732e-02
4.082210436427061162e-02
1.170549873306318128e-02
1.034283350773746411e-02
4.389863233279487492e-02
1.631896475106153072e-02
-2.807280340878548497e-02
4.357205399267495560e-02
3.594296749085464787e-02
2.969484804988196253e-02
-4.290983305515677637e-02
4.345496454885801330e-02
-1.101984840716712473e-03
6.450937731112409146e-02
-4.714452845371812362e-02
3.804774202528367691e-03
-5.208000462873170477e-02
2.921408850114412536e-02
1.123724722427806716e-02
-3.132484395807419442e-04
1.423965214475138470e-02
3.511407332766693784e-02
-3.510513741143392319e-02
1.131156429506315064e-02
-2.870161444078997773e-02
1.022745027036572052e-01
-6.434755624762525036e-03
-2.356675988777194933e-02
2.563082700421596971e-02
4.306122703987588091e-02
-3.099363430881829293e-02
-2.337421602064283441e-02
4.814361037696165968e-02
1.634709736637798491e-02
1.286825407695558511e-02
7.767559740517171463e-02
-5.809123309749351233e-02
7.040558775929650756e-04
-5.627829929206484318e-03
1.366891786952946844e-02
5.360956263086399248e-02
5.446424222882099986e-03
-1.526244193469554825e-02
-6.952749016763121528e-03
-2.875691626026119063e-03
3.374271909655296442e-02
-4.083096333818778123e-02
-2.696998418271445361e-02
1.194793735585983480e-01
-7.747752532332650988e-02
2.586889586488651596e-02
2.766258367991523970e-02
-9.036212109520069813e-02
7.013807617368171543e-02
1.711818139245794082e-02
-6.472924410158198416e-02
-1.207622771895317144e-02
1.904004347553852478e-02
-1.649231126392639718e-02
1.870921204365261908e-03
-3.943330738438884792e-03
-1.646487910427134327e-02
-2.976947466245893209e-02
1.085036730699863797e-02
-1.440150210538003982e-02
-8.565060225756353229e-02
-1.477189592779955089e-02
3.395816289771604046e-02
-4.700257016462001947e-02
3.309324362785411727e-03
-2.957440023770358320e-02
-4.780862094628776648e-02
-3.290969688602804477e-02
1.121456130267904985e-02
-4.151469320881667757e-02
-3.059166193511700729e-02
4.746608681103312022e-03
2.364187026926898097e-02
-3.019453074449903601e-02
-1.114597448284678494e-01
1.018820377680841258e-02
-4.909885461227291720e-03
-3.546065846864964594e-02
-3.989898488840328689e-02
-1.004375169200882462e-01
2.681115933239528598e-02
-5.804492815085508794e-02
-7.617372216272386143e-02
7.197930026907096990e-02
-1.490625452828142107e-02
-1.630591375176779489e-01
1.434911075239099151e-02
-2.082629049099480115e-02
-4.336172467985652257e-02
-7.347568496964131113e-02
1.263694776901632538e-02
-9.855508731279266632e-02
1.031665716860538512e-01
-1.028272549262010810e-01
-1.057797302281179332e-02
-2.997575295346735849e-02
-3.137970218819405299e-02
-8.552457608636945818e-02
3.897955323807801575e-02
-6.096960030726650617e-03
-6.392082974068410972e-02
-5.920042276420182936e-02
-5.970459194984258783e-03
-4.006664965822365893e-02
2.601761456579721257e-03
-5.115239855380435824e-02
-6.192724685052260203e-02
-2.948268799927276917e-02
-3.215864916370078652e-02
2.824372427735435953e-03
-7.431089572141097443e-02
-4.078400675000548592e-02
-2.417602439528713371e-03
-3.295141794145474423e-02
9.709418874025797092e-03
-1.076950549086744813e-01
5.409181654066442385e-02
-4.062253747256876213e-02
-1.274902463141531703e-02
-4.361032779211666821e-02
1.158648205747683443e-02
-6.658397586897069065e-02
-1.508392246700633599e-02
-2.228392720621357251e-02
-2.136587483456119096e-02
-4.206293505005476163e-02
1.915771714726637390e-03
-6.260810050522037928e-02
-8.199874442237839456e-02
-6.745484311452224629e-03
6.712574484493408211e-02
-6.171779511046212446e-02
1.582808661226137864e-02
-2.600534511751095325e-03
1.754638711893325570e-02
2.154593776847667924e-02
-1.983168002020316983e-02
3.674295033549915962e-02
1.824508244859825851e-02
4.404753622651238695e-03
2.031373148545793927e-02
-1.129798677687818276e-02
1.053229029553299362e-02
1.898321133352386114e-02
-7.480253756772499776e-03
7.989648268956659263e-03
4.504147954154944303e-04
1.912016072586238818e-02
-3.497397619945320953e-03
-9.325122638021703103e-03
2.008073206750028705e-02
-1.254416057665207716e-02
3.992469060065523961e-02
7.594409412403769870e-03
-2.454096181478349938e-03
7.242134876099304980e-03
4.508530653774921182e-02
-6.276065675615945944e-03
-8.341335288866633807e-03
2.240208795850211210e-02
-6.853944379371245191e-03
1.785902017036206102e-02
-1.818372596025499832e-02
1.589391308024801913e-02
2.717658596402798554e-02
-8.261522722375845215e-03
-1.188091008565532285e-02
-1.555684489082780411e-02
5.085998308819989974e-03
-1.169867376295221327e-02
3.262667411344815499e-02
2.622502726952387689e-02
-1.499429184420625078e-03
6.718067041871675360e-02
-2.531268408091085290e-02
6.084675301942431280e-02
-7.903806173380148459e-02
5.585485920934983931e-03
-7.011213453715461549e-03
-2.761933953058533578e-02
2.413938405736179571e-02
-2.569680565950348966e-02
4.674525822492650931e-03
-2.806609435084999812e-02
3.428130489739789066e-02
-1.676212848943587838e-02
4.508003696834526897e-02
-1.288854889159191941e-01
-1.226767933358580281e-01
-9.343254433651292101e-02
-2.185960756319024756e-01
-1.075624586510878500e-01
-2.820488213734726468e-01
-1.495286777998356686e-01
-1.310051596255389084e-01
-1.323370382180772686e-01
-1.365971284201854541e-01
-1.785907731004736654e-01
-1.255162356196824480e-01
-1.625267408886246767e-01
-1.297665235358379243e-01
-8.373533848271641489e-02
-1.150154648348686998e-01
1.719815907215670736e-01
5.569724507903734551e-02
-1.311247513018902466e-02
1.847762197366375602e-03
3.149583450877087906e-03
3.788319541743445651e-02
-9.946481776830187055e-03
1.152793431995414140e-02
9.029015632359631283e-02
-1.437208163275934501e-02
-1.623093584325410732e-02
6.183250940968421094e-02
-7.588659139407764875e-02
2.519140902398203999e-02
3.444110755224655956e-02
8.942119710851060416e-03
-1.150451922560562744e-02
1.188205417418988948e-02
5.831250715996055822e-02
-1.201984160572087956e-02
-2.852139593797775770e-03
-2.502732284052154327e-03
7.398056934529820272e-02
-1.920989708125412157e-02
-1.108307005697572838e-02
2.871916022358016879e-02
-2.695838765317115551e-03
5.397463380381083836e-02
1.731107556375357029e-02
-1.953410731671222089e-02
1.043640563842066285e-02
1.756939830298598695e-02
5.164597015348428716e-02
2.270580639159520617e-02
-1.411116139330016554e-02
7.613740941133047063e-04
4.604989068719558994e-03
1.280122884663343480e-02
-8.078285928723071690e-03
2.610204503867734338e-02
5.847958713078449389e-02
1.929446594972460821e-02
2.769312861297489742e-02
-4.518987159428775220e-03
-2.461999559430961930e-03
4.220943721349833949e-02
4.013508522826125802e-02
-3.232427137213926549e-02
3.569791452498219386e-02
-3.014163830913921607e-02
3.245777522358616468e-02
1.530749984074337294e-02
1.988183273712966145e-02
1.442425261096145703e-02
-6.561383763615686801e-03
4.230268508991791299e-02
3.386422709620768440e-03
3.843263828125934034e-02
-4.483824447314040812e-02
3.741107769219725876e-02
-4.533579364293893917e-03
9.266988815768380239e-02
-3.972598634890524283e-02
-1.604859163011109532e-03
1.876476955351706610e-02
-2.659791920043924618e-02
2.880443245844993908e-02
-6.990619116954088774e-03
1.570341602238585488e-02
-2.099835315812925013e-02
4.152976691215703314e-02
1.393576400372581632e-02
-3.400644211743693301e-02
4.826399044842598351e-02
-3.043420656974440280e-02
4.209297823101748603e-02
5.299402009336089125e-02
-2.877910888496891875e-02
1.086265548356213882e-02
5.069138337946508394e-02
1.187182982709287377e-02
3.194606120036427160e-02
8.625240730965620661e-03
2.884236889345877589e-02
-4.142543544817585410e-03
-1.180626954516396897e-02
-1.104987792721653928e-03
-4.589983801100210037e-02
2.578401568911266317e-02
-4.847923536107488079e-02
-7.281296679355908630e-02
-2.161943778623069135e-01
-2.001159623010371758e-01
-2.460660814952905784e-01
-1.574982705414392781e-01
-1.811004902009152040e-01
-1.680715220660975451e-01
-1.578887770978888438e-01
-1.220005325537190655e-01
-1.885067227172088633e-01
-8.431281593199660418e-02
-4.305546791864837963e-02
-6.878596816402629543e-02
8.384073886383087287e-03
-9.154621795533300632e-02
-1.119724368830765301e-02
-2.192264036756657458e-02
-1.878777820027689033e-02
-1.858623439628820373e-02
-3.862997620952825228e-02
-2.150875061756738621e-02
-3.364529879591304784e-02
4.167296351844896468e-02
3.324128714958052982e-02
-2.362960342988012358e-02
2.085323925014842539e-02
1.286807421542472685e-02
-2.724324006324798514e-02
5.398198316928726898e-02
4.381626453957651601e-02
4.516932991613846482e-02
5.319493002752360977e-02
3.099361570703044327e-02
7.908608130132310787e-02
8.066218469632295551e-02
1.217352741733715438e-01
1.244492676061975528e-01
1.497122158649909496e-01
1.027783980125638874e-01
-3.527395161191514833e-02
-4.248996485694342407e-02
-8.022515067413622802e-02
-1.720480926266471089e-01
-8.435664027742315052e-02
-5.039522464359702525e-02
6.576441666379571893e-03
-1.063589691615254157e-01
-2.240967150677140862e-02
-1.489268418555013580e-02
1.027907317951536233e-02
-4.394702989025525003e-03
6.154536539553737140e-03
3.018386065084176575e-02
2.068674387213730384e-02
2.321590665183407773e-02
4.202112454593487367e-02
-1.661131180012929281e-02
4.941052465459681853e-02
3.865554689798221533e-02
3.941190635021753208e-02
5.155959527315186197e-03
1.402669472507395501e-02
-1.083820471816227850e-02
2.605353826419196106e-02
8.950303605823840825e-02
4.533152383897696980e-03
-3.853983176433539715e-03
1.950560628573215494e-02
2.839254340785304920e-02
6.864502699538864439e-02
-2.697793247504360128e-02
1.214534916264769018e-02
2.950344612900438444e-03
1.528119474840246468e-02
-8.983759583154483919e-03
3.083143511928645303e-02
-2.181660440863881015e-02
4.080091800424011372e-02
1.083159424161973458e-02
8.636528762228458389e-03
3.851221012046825848e-02
4.496834659966922332e-02
-6.798666796596164116e-03
3.482021052112868349e-03
5.644514612401718007e-02
3.318619766011285388e-02
4.012702602657711171e-02
2.101823877896346476e-02
3.335713697044110498e-02
1.171230959646855502e-01
-4.183545358622933752e-03
1.010375418135509573e-01
3.072022284739855599e-03
4.988698626495181865e-02
5.045732112381844103e-02
3.528126015430538970e-02
9.668848739659813285e-02
5.065030293678819684e-02
2.175169561357051529e-02
3.345229826378010030e-02
8.519050443331874223e-02
4.953160991413849135e-02
8.668212797302449202e-02
4.968961027579948952e-02
1.346570000375719722e-01
1.048932943970172227e-01
1.864465314135341500e-01
1.961890306795801842e-01
1.067898344603593064e-01
3.413088625379813168e-01
1.242459051658812708e-01
8.983302178659682835e-02
9.554691979996829398e-02
2.954428066855271928e-02
1.273624488387580245e-01
5.827715701131180870e-02
2.558779345492600762e-02
4.809006701847338278e-02
3.048319562216939699e-02
1.580493304007065530e-02
2.859929481100800027e-03
-4.463408216120026695e-02
1.488352870826235297e-01
-3.101784046387881869e-02
-2.059894380972074335e-02
3.446661531406873535e-02
3.365330658946873166e-02
-8.021325540093427603e-03
-1.455459477833308604e-02
-1.086080304939828281e-02
1.425501375904004997e-02
3.554404881172123359e-02
-4.142888148907452467e-02
-1.464525051012685597e-02
3.461714829560710166e-02
2.252295221563879735e-02
1.772428726076568165e-02
-4.984225220876307288e-02
7.901990897468029462e-02
2.245470423593574905e-02
-7.843760368112455417e-03
4.210812472191473310e-02
7.757837393558965344e-02
4.101714601180680986e-02
-1.410479868169399464e-02
1.630342704847786983e-02
8.520140831521737582e-03
7.276032534771106897e-02
-5.300944174805487241e-02
6.413098443777651148e-02
1.063730947664945012e-02
-2.400492872013936657e-02
3.206103195870381450e-02
-2.780863210836999333e-02
2.248073127447137998e-02
-3.108283084958104320e-02
2.749468897575019916e-02
9.490326052163185200e-02
-9.589916436820555834e-03
1.128744723466700017e-02
4.180972076965434187e-02
5.196072075425593739e-02
-1.321604648071852788e-02
1.385240560221535563e-02
1.172255109122442990e-01
3.558183439097059586e-02
2.520593433544837322e-02
-3.861174105547839769e-02
9.573562567742405216e-02
7.121024337283438088e-02
8.450810157342779003e-03
-4.611947800353535798e-02
-3.368612969422157821e-02
7.239789870923228621e-02
1.646482414461458363e-02
1.129361487275223203e-02
8.249204254370820499e-02
8.485966140478799768e-02
1.774379567622836884e-01
2.378037464084850616e-01
2.921734963304872812e-02
1.936379696587094135e-01
1.913139002516202891e-01
1.493917780217755564e-01
1.338957203458283340e-01
6.562839871727507712e-02
1.191725717861598366e-01
1.167647650456184183e-01
5.487941294260107600e-02
3.128178695174788082e-02
1.238452596252144072e-01
-9.087888864056859611e-03
8.878449610954819438e-02
1.236966787954729974e-01
1.091860473642988633e-01
-4.034689992201739850e-02
8.538611072038007621e-02
2.884856912482550162e-02
1.884502252099734543e-02
2.855668460561404387e-02
3.098230909322159665e-03
9.957931291737504020e-02
3.546645436425749365e-02
2.535159959075769520e-02
2.345043728692763549e-02
3.231859507246123697e-02
1.206304617747843283e-01
-2.328739809514340092e-02
5.499175333608313787e-02
-2.446737728718082275e-02
-3.702088284526191316e-03
2.924803169590112217e-02
-7.264708900925995194e-02
-6.100192490762771291e-04
-4.802333171593185096e-02
2.313023670272375612e-02
-2.429111094756677275e-02
5.245268242248939117e-02
-8.974528865278057210e-02
-3.036033085886326310e-02
1.620590995273791732e-02
-5.123157899405942489e-02
-4.210097690271061982e-02
-4.728570533117216340e-02
3.117881726205263410e-02
2.146789148334221978e-02
-1.969251231916531800e-02
-2.309389320712568541e-02
-6.950452473274267018e-02
-2.844151537013610981e-02
5.695158927352843292e-02
1.278318801297098628e-03
-5.815748116264368023e-02
4.359008124502115888e-02
-2.109502202357446676e-02
1.251783161961142650e-02
-1.804105422440135942e-02
3.965044669670351324e-02
1.888530817197158276e-02
2.317775322075176989e-02
3.963093680462149299e-03
1.135312045882680837e-01
9.758202749997588188e-02
-7.950961806361510342e-02
6.473771306181944074e-02
-1.703946205706517031e-02
-7.298310659278002543e-03
-1.149562022870898592e-01
-6.415312817989896055e-02
-3.213249160120870696e-02
6.458703831006749191e-03
-1.850156487148323786e-02
2.661664592761190176e-02
-1.865593570331262538e-02
7.261403228140737853e-02
-5.476911560896607911e-02
4.995236127301495854e-02
1.881100585775531339e-02
1.147757949634517667e-02
-3.562506784504373275e-02
-3.039650930113841146e-02
3.617171923287868657e-03
-1.157530710859257933e-02
-2.909410031839988753e-02
-1.263613301046710713e-02
3.135958022901071812e-02
-1.905842070439223851e-02
-1.074797184462288752e-02
1.707530509403240929e-02
1.240411683879184476e-02
3.136315496359699806e-02
1.497490591661762016e-01
2.372529528696273315e-01
1.829140022974756752e-01
1.395400139716655719e-01
1.416713759421405761e-01
1.687738200316460380e-01
1.836052980783267896e-01
3.041740042449178061e-01
1.610660807113401538e-01
1.554156390419212941e-01
1.585280114539251994e-01
1.406259016073398982e-01
8.423664101852221253e-02
2.461639978559335140e-01
1.892584980865086586e-01
1.806687296155887190e-01
7.451007715215784977e-02
5.571219560707010854e-02
5.139816423263823125e-02
1.036535360710021808e-02
6.954906310063692365e-02
7.590443519022659069e-02
-2.210272059687913224e-02
2.319546915787244409e-02
1.680864435137480184e-02
1.503184565374081350e-01
2.378047166552910499e-02
6.117551659245647200e-02
6.667358531147646317e-02
6.932981322396913892e-02
6.200684887543295859e-02
1.120821445254017307e-01
6.552761556927780284e-02
5.746719897154611845e-05
7.088311858354794104e-02
2.682397701633365203e-02
5.172675191357495317e-02
5.146253288758592670e-02
-1.233161337726093425e-02
1.971886308649801328e-02
2.748641067833655638e-02
5.672477215136022266e-03
3.420087894074894108e-02
2.113626755936733395e-02
-2.710503220953456877e-03
2.521749225338793671e-02
-4.902520162776794616e-02
1.451335281804941313e-02
-1.759004564375869599e-03
1.263072609156940494e-02
-1.125050719453848762e-02
-3.392315000609603948e-02
5.273776126128720820e-02
2.775992344724673416e-03
2.414627742046099659e-02
5.359683901114019842e-03
2.238863327692248995e-02
8.352034376630172730e-02
-3.589894957189082580e-02
1.263638141104905244e-01
3.603772716482465943e-02
-3.591255725881432187e-02
1.182396803847774944e-02
6.489543570442020404e-02
-1.607126972170477147e-02
-1.827537629919598339e-02
-1.735183382101569347e-02
3.144388607144457670e-02
2.668036752615397453e-02
2.505712245576300484e-02
-3.100455389940408660e-02
-1.617611426314264148e-02
1.980862715023211026e-02
-5.566455653215340860e-02
3.748374690857892572e-02
-6.110744871390245102e-03
1.211386387521132431e-02
1.407531832436316119e-02
-1.349890505210078057e-03
5.482905287732389721e-03
4.536168451359672699e-02
-3.257965676495611779e-02
1.781951314730832389e-02
2.996780021117520509e-02
2.184362424127950578e-02
3.133289537949107174e-03
-1.662737704909480335e-02
2.452447038878164884e-02
-4.916636667366605824e-03
-7.153565879224210548e-03
2.292763104141569766e-02
-2.758496387275555933e-02
1.392600803267599399e-02
1.434521847816385559e-02
2.693739007186252143e-02
-6.189819197348598451e-02
9.234172126313316964e-02
2.336388667427787696e-02
-3.833786660412290964e-02
2.086947439415765514e-03
-1.929346932987848406e-03
-4.199704042320267366e-03
5.408948058481288096e-02
2.653827082139379595e-03
-4.017889561096937845e-02
4.307786754915152866e-02
1.870124526028836276e-01
4.210841202837027619e-02
1.754431031994502788e-01
7.622065954639804797e-02
1.854455284680169846e-01
1.802953022724158305e-01
9.420042247030917248e-02
1.512044732759686705e-01
4.607358529193622543e-02
8.760498625996701594e-02
2.186673798169758154e-02
2.053545369877377708e-02
2.479102792045714820e-02
6.951636250205228684e-03
1.544403483750239614e-01
-4.800176521176723055e-02
4.937125948863876207e-02
-3.188269770213385951e-02
9.102070734010414554e-02
-3.448070727674252406e-02
-2.173669529905277245e-04
1.479339663137122646e-02
1.331656599516824746e-01
-1.104071217302509955e-01
-7.877904630889985896e-03
6.855790054877490547e-02
1.080938265139011652e-02
-4.551832324119403639e-03
-2.905696450724169766e-02
-1.043003157748275955e-01
-2.475259378809680222e-01
-1.612051643536207279e-01
-1.957405473230615089e-01
-1.681218302067468695e-01
-1.401178465672874851e-01
-2.551050301188396152e-01
-8.940564305517219312e-02
-2.115829543126154511e-01
-1.650784250621118165e-01
-1.503747283430201254e-01
-2.445088258191203123e-01
-1.976591056554459769e-01
-2.102180725920619608e-01
-2.694878394627368556e-01
-1.338506261568328803e-01
-2.427570752131616161e-01
4.494405448523934588e-02
-5.911596357622759396e-02
-1.544140979524596946e-02
-4.543775216326059047e-02
7.779068011178327455e-03
-9.936176630920102310e-03
6.121495426581825827e-02
-1.050671977283603765e-02
-3.055051650871818195e-02
3.500534200540493090e-03
-1.900000104425553574e-02
6.649769978431006867e-02
3.006635494908357562e-02
-3.900494749398598741e-03
-1.580442121364685967e-02
5.480005789743467443e-02
3.719280657948295828e-03
-2.642600854125462528e-02
-1.372024021774574838e-02
6.188179570493704956e-02
-4.782737429630239817e-04
8.699107953267476434e-02
8.059545572520382395e-02
1.125563336780348589e-01
1.986202115424969272e-01
1.057189238933448072e-02
1.947904370549001229e-01
2.671636160454118336e-01
1.705933008989566901e-01
2.338598038433565562e-01
2.596800542341853868e-01
2.558456196410848760e-01
1.717194599970515156e-01
2.089554484517702204e-01
8.934766070565797191e-02
3.669297203819983644e-02
6.388652146913187391e-02
9.002028538387472911e-02
-4.105538304274864575e-03
3.536199606277298790e-02
7.689601573311992400e-04
3.048953711025640875e-02
-1.307598693991868927e-02
4.106742152059054268e-02
-1.292770054610026600e-02
1.386087811188746639e-02
3.892253925272285559e-02
-2.983300584652872484e-02
1.360878954909877474e-02
1.730570288623022729e-02
2.707978918540155169e-02
-4.954207279694310129e-02
2.349766704240474971e-02
-1.974207467132153490e-02
3.223953265706916427e-02
2.274402588929164484e-02
1.404881009162555275e-02
6.872912239574748179e-03
2.039971186925556082e-02
2.895602136668447985e-02
-2.352702298969599343e-02
8.468875943013124893e-03
-4.583829685683040930e-03
1.488758660658218679e-02
-1.772114890860300440e-02
6.104913106597233824e-02
-3.551150366212216247e-02
1.614268333218377843e-02
2.238200828115585045e-02
-3.983029845167669614e-02
6.483052330608332636e-02
1.966799729779286632e-02
1.856225546725075864e-02
9.216392891092588940e-03
4.649807431614993991e-02
-2.200542462911936337e-02
9.545299452937250351e-02
2.242507609450245659e-02
1.778674996166423883e-02
4.884798007734843933e-02
-2.607223434288641686e-02
4.282312593540366086e-02
2.916558798619289100e-02
-2.265183111477186637e-02
5.237574376176507701e-02
2.071622649611459463e-02
-3.459496184714204448e-02
3.235138698050284145e-02
-2.082938387541706862e-02
3.054036745141439427e-02
1.416707510991184471e-02
4.550162663728035684e-02
-6.092684533288028614e-02
8.170445220115041263e-02
-3.859227186794947362e-02
2.268787379320883271e-02
1.358889981283711856e-02
-4.454783268295014337e-02
6.892877432720931341e-02
-6.481084584186612430e-02
3.922201313313973536e-02
1.240040549035200529e-02
-4.645535259491914704e-02
8.028413672152771852e-02
-2.943107298648128811e-02
2.532554497887507059e-04
3.679161962426124709e-03
3.018235344421914962e-02
-1.014828244362862668e-02
2.114172017908546100e-02
3.630990131015719019e-02
-4.268781123848886666e-02
1.428616142518862424e-02
2.331818974203410041e-02
1.886824031354423711e-02
1.842316790048625138e-04
-1.090942668362352742e-02
1.803737312760304162e-02
-1.513233517492227308e-02
3.883246981489604788e-02
-5.229351443004292242e-04
5.385623848064888253e-03
1.938337533176015190e-02
8.437148523784547202e-03
-1.525138905185856840e-02
2.933680100911491978e-02
-3.420756106612840575e-03
3.178260612352084430e-02
1.454805548570688167e-02
-5.978612319562007921e-02
9.043546070004679360e-02
-5.735181986750360894e-02
1.440855419717191332e-01
-5.531064319842723953e-04
-1.153741142095438821e-01
-1.891772992140404730e-01
-2.541452223244241582e-01
-1.469700008367381683e-01
-1.519130315426944489e-01
-2.206897874052627939e-01
-1.790516201498416338e-01
-1.489017638710933289e-01
-2.506591301142792050e-01
-1.469456777322915575e-01
-1.956067419092494264e-01
-2.142620385711864750e-01
-1.022328115875325294e-01
-1.222093589083617926e-01
3.596938857073898183e-02
-1.388100116713744323e-02
1.684854286227277856e-02
-2.634058132254642540e-02
3.875753587750899176e-02
-4.836394418520170019e-02
3.998338383082079839e-02
1.175906556850629149e-02
-1.509210478231122823e-02
1.565591711850839243e-02
2.287627224553602685e-03
-2.010852833541197301e-02
2.030976142655473854e-02
1.662243950559744513e-02
-3.820317372019032404e-02
6.461792155448117803e-02
-1.571013340785244045e-02
1.601319618450309373e-02
9.392507572801363225e-03
6.319747005912289273e-02
-3.902784790487349303e-02
2.010115841392149522e-02
6.340167427401863752e-03
7.604748976570760433e-02
4.821515459940516751e-02
-2.810225062660277884e-02
4.444329548265676944e-02
-1.099240336659569467e-01
4.675025240326888959e-02
-5.542839480417960374e-02
-3.083946300978260280e-02
3.694281794253911899e-02
-3.226218124581411301e-02
5.175117209178298205e-02
6.898497764779738806e-02
-2.290150941889750741e-02
-6.510655573090985693e-02
-9.455812543956201854e-02
3.533979666914464218e-03
-4.420630676785812507e-02
-4.212074974231427849e-02
-3.194751255512807975e-02
-3.690591781073190858e-02
-2.204708589387505829e-02
-4.263476836497702427e-02
-6.042856592680566352e-02
-3.115971932878811024e-02
-2.039257636126244957e-02
6.058103717394500154e-05
-4.429958208148725846e-02
2.790353602235749741e-03
-2.339243704274558688e-02
4.271857618115668456e-03
-2.480897217798393173e-02
1.060828526951368075e-02
-3.351399331143760374e-02
-1.017720096693639290e-02
7.363901789606238854e-03
3.157453211033803275e-02
5.873801375857247431e-02
4.269068705380978448e-03
2.053418619832145936e-02
-1.407510657140395582e-02
4.486372055615126669e-02
-2.768330144770742365e-02
1.601655250891455620e-02
4.463504487456092283e-04
1.908987728180845667e-02
7.058907008045726961e-03
2.470386567350275203e-02
-1.083878708131027005e-02
6.939992028253502698e-02
-1.255872626058716912e-02
6.803299692903652662e-02
5.397903258623879680e-02
2.675512650660537631e-02
3.621624423999103559e-02
7.071280434816643035e-02
3.634707537472756794e-02
2.543153400333602460e-02
8.667280148422441821e-02
8.162908136483457144e-02
4.795971652954985481e-02
1.171248404251977113e-02
5.710156038943142720e-02
9.188069388184402775e-02
-3.911889209842665804e-02
-2.215767866602346564e-02
-5.552910719406509849e-02
-6.053234129766572186e-02
-7.758665046845028557e-02
-9.992233814681726611e-02
-1.840634199292416340e-01
-2.187199841275582202e-01
-2.334594728659129537e-01
-2.834425441687660752e-01
-2.568624940786398692e-01
-2.740776815139183142e-01
-2.746748405638653190e-01
-1.254644822721345254e-01
-7.264981196442008016e-02
-4.201504273254615812e-02
-4.035108060697831928e-02
-1.832674068779938450e-02
-1.349664957206438230e-03
1.426869338053490636e-02
4.310970404334953793e-02
1.658187812757748805e-02
-1.924103411301058761e-02
5.654474789664150347e-02
1.619729061612345741e-02
6.588008661492623062e-03
2.555307373957544509e-02
6.972319531074017487e-03
1.339986736403743148e-02
2.257970107543201543e-03
5.900686482617802098e-04
-4.129233380523977814e-02
6.041619979482576452e-02
5.677982979721877231e-03
1.362770392797268450e-02
-2.577834522220869007e-02
8.740507071500784250e-03
1.419520884481367123e-02
-8.813538946113813697e-04
-6.340917673877113567e-04
1.189556300734877919e-02
-2.099062782957216919e-02
1.906666840555808901e-02
2.584240840369161560e-02
4.566679675265810853e-03
9.174769001206955696e-03
-1.210228804832000002e-02
3.109023388354763967e-02
5.404664823763943339e-05
8.340345472864460138e-03
-1.076857287286797117e-02
-1.049491991884555012e-02
1.034412188071130896e-02
3.759294128483749858e-02
-2.034103758326289910e-02
2.228641697179952960e-02
4.117235007755127608e-03
8.547643882589902806e-03
3.177924946061828904e-02
-1.060193742811771020e-02
9.807217344628717942e-03
3.370144916476709024e-02
3.186068309933044306e-03
-1.586671149955339727e-02
3.165658100768184435e-02
1.556115190010872937e-02
3.383031801388694006e-04
2.167832571004492392e-02
2.663325642889523628e-02
2.992338327200581155e-02
-6.200422473932713785e-02
1.854180843897361430e-02
-9.990728124774961999e-03
3.913450659697412931e-02
-2.864117487110047836e-02
7.730541012302531018e-03
-2.849894087841162854e-02
2.023378505570157943e-02
9.037662357397707041e-03
2.188372509134917793e-02
-5.745756737884354613e-03
2.963478897042195158e-03
1.793823785742299642e-02
3.482506991703235993e-02
-3.038342940620448671e-02
1.095441886438782396e-02
-2.545752764292073117e-02
5.871099990472549573e-02
-1.940608865341695438e-02
-2.919630278476572846e-02
2.070294472319319720e-02
-1.182856653559768642e-02
-6.515593567660515027e-03
3.899812697037099291e-02
-2.297227862249856187e-02
2.995671805074823744e-03
3.453574544397186585e-02
-2.639178681665261400e-03
2.158071413292046367e-02
3.793468979211744169e-02
-1.181994906570515806e-02
5.476339921594340111e-03
-2.493392552627205373e-03
4.716720971557087499e-02
-7.997505462674234233e-03
5.125734716981254074e-02
1.086997912815927843e-02
-1.382370623525271992e-02
2.840367470774405115e-02
4.125343359361210299e-02
-6.571123193519912663e-03
-1.754256597165349766e-05
2.048699782118542853e-02
4.816872847331790664e-02
-1.492911150262734091e-02
1.003862465181626015e-02
-2.946694443817950409e-04
-4.131075249246585722e-03
4.233849618568428369e-02
1.824021700421582515e-02
4.196637455109054199e-02
-5.393519648918107534e-02
-6.354560908531464714e-02
8.531865317997845699e-02
-4.466199957786817776e-02
-2.453702142059029784e-02
8.253403275239358516e-02
-3.555824699425930158e-02
6.545082260080574942e-03
-8.351270236458693819e-03
-9.674787990843077001e-02
3.188142875781699997e-02
-2.295152182460425197e-02
2.573135900983354249e-02
-2.021991277434116024e-02
-1.803985462945274440e-02
7.518038854082570444e-02
9.662315186745965359e-03
-4.606023931747924710e-02
2.616208338891839319e-02
2.039549577226833568e-02
8.919160368076130968e-03
-3.502078802396276641e-04
-3.876260047694491534e-02
3.909468188770126584e-02
-5.542927545769015668e-02
5.096394895544582859e-02
5.070517423613410402e-02
-6.622387968576106017e-03
-1.270934847412617461e-02
-6.043512095628424466e-03
5.396662828890573527e-02
-1.371471604039915110e-02
4.038316204729983094e-02
3.043394377714731674e-02
-7.639228802461520140e-02
1.791695336313860187e-02
2.232158708929639097e-03
-2.198758934347747052e-02
1.344573647141276626e-02
4.902353071004993471e-03
-7.574604300938990280e-03
3.148926974710022919e-02
-3.894801548215441611e-02
5.973786792136841391e-03
-9.064062018782749475e-02
8.412716099395260716e-02
-2.943921907915180922e-03
3.571685872931835981e-02
5.090845824069829828e-03
7.907048128405463200e-03
-1.776764214897091909e-02
