-0.4, -0, -0, -0, -0, -0.2, 1.08028
-0.4, -0, -0, -0, -0, -0.19, 1.08927
-0.4, -0, -0, -0, -0, -0.18, 1.08343
-0.4, -0, -0, -0, -0, -0.17, 1.06268
-0.4, -0, -0, -0, -0, -0.16, 1.04581
-0.4, -0, -0, -0, -0, -0.15, 1.02474
-0.4, -0, -0, -0, -0, -0.14, 1.0193
-0.4, -0, -0, -0, -0, -0.13, 1.01966
-0.4, -0, -0, -0, -0, -0.12, 1.01136
-0.4, -0, -0, -0, -0, -0.11, 0.998978
-0.4, -0, -0, -0, -0, -0.1, 1.00594
-0.4, -0, -0, -0, -0, -0.09, 1.02221
-0.4, -0, -0, -0, -0, -0.08, 1.03282
-0.4, -0, -0, -0, -0, -0.07, 1.01801
-0.4, -0, -0, -0, -0, -0.06, 0.991285
-0.4, -0, -0, -0, -0, -0.05, 0.98201
-0.4, -0, -0, -0, -0, -0.04, 0.979261
-0.4, -0, -0, -0, -0, -0.03, 0.950793
-0.4, -0, -0, -0, -0, -0.02, 0.938665
-0.4, -0, -0, -0, -0, -0.01, 0.91278
-0.4, -0, -0, -0, -0, 3.1225e-17, 0.903964
-0.4, -0, -0, -0, -0, 0.01, 0.893816
-0.4, -0, -0, -0, -0, 0.02, 0.891637
-0.4, -0, -0, -0, -0, 0.03, 0.857527
-0.4, -0, -0, -0, -0, 0.04, 0.813503
-0.4, -0, -0, -0, -0, 0.05, 0.797443
-0.4, -0, -0, -0, -0, 0.06, 0.787642
-0.4, -0, -0, -0, -0, 0.07, 0.806925
-0.4, -0, -0, -0, -0, 0.08, 0.844858
-0.4, -0, -0, -0, -0, 0.09, 0.883719
-0.4, -0, -0, -0, -0, 0.1, 0.894541
-0.4, -0, -0, -0, -0, 0.11, 0.885177
-0.4, -0, -0, -0, -0, 0.12, 0.882744
-0.4, -0, -0, -0, -0, 0.13, 0.884282
-0.4, -0, -0, -0, -0, 0.14, 0.895181
-0.4, -0, -0, -0, -0, 0.15, 0.909432
-0.4, -0, -0, -0, -0, 0.16, 0.926776
-0.4, -0, -0, -0, -0, 0.17, 0.942988
-0.4, -0, -0, -0, -0, 0.18, 0.962645
-0.4, -0, -0, -0, -0, 0.19, 0.992478
-0.4, -0, -0, -0, -0, 0.2, 1.02197
-0.36, -0, -0, -0, -0, -0.2, 1.08803
-0.36, -0, -0, -0, -0, -0.19, 1.08865
-0.36, -0, -0, -0, -0, -0.18, 1.08523
-0.36, -0, -0, -0, -0, -0.17, 1.06728
-0.36, -0, -0, -0, -0, -0.16, 1.04832
-0.36, -0, -0, -0, -0, -0.15, 1.03666
-0.36, -0, -0, -0, -0, -0.14, 1.01896
-0.36, -0, -0, -0, -0, -0.13, 1.0064
-0.36, -0, -0, -0, -0, -0.12, 1.00343
-0.36, -0, -0, -0, -0, -0.11, 0.996559
-0.36, -0, -0, -0, -0, -0.1, 0.993772
-0.36, -0, -0, -0, -0, -0.09, 1.00271
-0.36, -0, -0, -0, -0, -0.08, 1.00539
-0.36, -0, -0, -0, -0, -0.07, 0.998547
-0.36, -0, -0, -0, -0, -0.06, 0.975469
-0.36, -0, -0, -0, -0, -0.05, 0.945617
-0.36, -0, -0, -0, -0, -0.04, 0.939648
-0.36, -0, -0, -0, -0, -0.03, 0.941321
-0.36, -0, -0, -0, -0, -0.02, 0.908206
-0.36, -0, -0, -0, -0, -0.01, 0.876948
-0.36, -0, -0, -0, -0, 3.1225e-17, 0.85247
-0.36, -0, -0, -0, -0, 0.01, 0.838326
-0.36, -0, -0, -0, -0, 0.02, 0.839847
-0.36, -0, -0, -0, -0, 0.03, 0.836957
-0.36, -0, -0, -0, -0, 0.04, 0.850104
-0.36, -0, -0, -0, -0, 0.05, 0.8215
-0.36, -0, -0, -0, -0, 0.06, 0.801734
-0.36, -0, -0, -0, -0, 0.07, 0.826471
-0.36, -0, -0, -0, -0, 0.08, 0.85829
-0.36, -0, -0, -0, -0, 0.09, 0.874753
-0.36, -0, -0, -0, -0, 0.1, 0.876516
-0.36, -0, -0, -0, -0, 0.11, 0.864821
-0.36, -0, -0, -0, -0, 0.12, 0.865975
-0.36, -0, -0, -0, -0, 0.13, 0.872643
-0.36, -0, -0, -0, -0, 0.14, 0.885557
-0.36, -0, -0, -0, -0, 0.15, 0.906694
-0.36, -0, -0, -0, -0, 0.16, 0.928575
-0.36, -0, -0, -0, -0, 0.17, 0.95598
-0.36, -0, -0, -0, -0, 0.18, 0.972396
-0.36, -0, -0, -0, -0, 0.19, 0.996711
-0.36, -0, -0, -0, -0, 0.2, 1.02735
-0.32, -0, -0, -0, -0, -0.2, 1.0889
-0.32, -0, -0, -0, -0, -0.19, 1.09141
-0.32, -0, -0, -0, -0, -0.18, 1.08529
-0.32, -0, -0, -0, -0, -0.17, 1.07207
-0.32, -0, -0, -0, -0, -0.16, 1.04717
-0.32, -0, -0, -0, -0, -0.15, 1.03424
-0.32, -0, -0, -0, -0, -0.14, 1.025
-0.32, -0, -0, -0, -0, -0.13, 1.0095
-0.32, -0, -0, -0, -0, -0.12, 0.981567
-0.32, -0, -0, -0, -0, -0.11, 0.97456
-0.32, -0, -0, -0, -0, -0.1, 0.967334
-0.32, -0, -0, -0, -0, -0.09, 0.963036
-0.32, -0, -0, -0, -0, -0.08, 0.959612
-0.32, -0, -0, -0, -0, -0.07, 0.969585
-0.32, -0, -0, -0, -0, -0.06, 0.950102
-0.32, -0, -0, -0, -0, -0.05, 0.932803
-0.32, -0, -0, -0, -0, -0.04, 0.919426
-0.32, -0, -0, -0, -0, -0.03, 0.92247
-0.32, -0, -0, -0, -0, -0.02, 0.906614
-0.32, -0, -0, -0, -0, -0.01, 0.859285
-0.32, -0, -0, -0, -0, 3.1225e-17, 0.789574
-0.32, -0, -0, -0, -0, 0.01, 0.830064
-0.32, -0, -0, -0, -0, 0.02, 0.893254
-0.32, -0, -0, -0, -0, 0.03, 0.864324
-0.32, -0, -0, -0, -0, 0.04, 0.833235
-0.32, -0, -0, -0, -0, 0.05, 0.794005
-0.32, -0, -0, -0, -0, 0.06, 0.806827
-0.32, -0, -0, -0, -0, 0.07, 0.832207
-0.32, -0, -0, -0, -0, 0.08, 0.855848
-0.32, -0, -0, -0, -0, 0.09, 0.86184
-0.32, -0, -0, -0, -0, 0.1, 0.851567
-0.32, -0, -0, -0, -0, 0.11, 0.838362
-0.32, -0, -0, -0, -0, 0.12, 0.845624
-0.32, -0, -0, -0, -0, 0.13, 0.859104
-0.32, -0, -0, -0, -0, 0.14, 0.881144
-0.32, -0, -0, -0, -0, 0.15, 0.909944
-0.32, -0, -0, -0, -0, 0.16, 0.92875
-0.32, -0, -0, -0, -0, 0.17, 0.954728
-0.32, -0, -0, -0, -0, 0.18, 0.980423
-0.32, -0, -0, -0, -0, 0.19, 1.00667
-0.32, -0, -0, -0, -0, 0.2, 1.03206
-0.28, -0, -0, -0, -0, -0.2, 1.09676
-0.28, -0, -0, -0, -0, -0.19, 1.0843
-0.28, -0, -0, -0, -0, -0.18, 1.07675
-0.28, -0, -0, -0, -0, -0.17, 1.0711
-0.28, -0, -0, -0, -0, -0.16, 1.04121
-0.28, -0, -0, -0, -0, -0.15, 1.02277
-0.28, -0, -0, -0, -0, -0.14, 1.012
-0.28, -0, -0, -0, -0, -0.13, 0.993911
-0.28, -0, -0, -0, -0, -0.12, 0.964839
-0.28, -0, -0, -0, -0, -0.11, 0.941578
-0.28, -0, -0, -0, -0, -0.1, 0.92579
-0.28, -0, -0, -0, -0, -0.09, 0.915584
-0.28, -0, -0, -0, -0, -0.08, 0.912072
-0.28, -0, -0, -0, -0, -0.07, 0.907178
-0.28, -0, -0, -0, -0, -0.06, 0.897913
-0.28, -0, -0, -0, -0, -0.05, 0.887655
-0.28, -0, -0, -0, -0, -0.04, 0.870451
-0.28, -0, -0, -0, -0, -0.03, 0.872305
-0.28, -0, -0, -0, -0, -0.02, 0.879701
-0.28, -0, -0, -0, -0, -0.01, 0.91259
-0.28, -0, -0, -0, -0, 3.1225e-17, 0.997798
-0.28, -0, -0, -0, -0, 0.01, 0.914034
-0.28, -0, -0, -0, -0, 0.02, 0.855836
-0.28, -0, -0, -0, -0, 0.03, 0.809466
-0.28, -0, -0, -0, -0, 0.04, 0.776275
-0.28, -0, -0, -0, -0, 0.05, 0.775248
-0.28, -0, -0, -0, -0, 0.06, 0.800555
-0.28, -0, -0, -0, -0, 0.07, 0.820562
-0.28, -0, -0, -0, -0, 0.08, 0.837821
-0.28, -0, -0, -0, -0, 0.09, 0.828118
-0.28, -0, -0, -0, -0, 0.1, 0.809777
-0.28, -0, -0, -0, -0, 0.11, 0.813295
-0.28, -0, -0, -0, -0, 0.12, 0.834751
-0.28, -0, -0, -0, -0, 0.13, 0.857143
-0.28, -0, -0, -0, -0, 0.14, 0.884466
-0.28, -0, -0, -0, -0, 0.15, 0.909819
-0.28, -0, -0, -0, -0, 0.16, 0.935831
-0.28, -0, -0, -0, -0, 0.17, 0.958889
-0.28, -0, -0, -0, -0, 0.18, 0.989348
-0.28, -0, -0, -0, -0, 0.19, 1.01979
-0.28, -0, -0, -0, -0, 0.2, 1.03905
-0.24, -0, -0, -0, -0, -0.2, 1.07064
-0.24, -0, -0, -0, -0, -0.19, 1.06901
-0.24, -0, -0, -0, -0, -0.18, 1.0611
-0.24, -0, -0, -0, -0, -0.17, 1.05234
-0.24, -0, -0, -0, -0, -0.16, 1.03905
-0.24, -0, -0, -0, -0, -0.15, 1.01493
-0.24, -0, -0, -0, -0, -0.14, 1.00159
-0.24, -0, -0, -0, -0, -0.13, 0.974318
-0.24, -0, -0, -0, -0, -0.12, 0.95569
-0.24, -0, -0, -0, -0, -0.11, 0.934678
-0.24, -0, -0, -0, -0, -0.1, 0.903859
-0.24, -0, -0, -0, -0, -0.09, 0.882048
-0.24, -0, -0, -0, -0, -0.08, 0.866698
-0.24, -0, -0, -0, -0, -0.07, 0.85651
-0.24, -0, -0, -0, -0, -0.06, 0.853364
-0.24, -0, -0, -0, -0, -0.05, 0.845611
-0.24, -0, -0, -0, -0, -0.04, 0.842512
-0.24, -0, -0, -0, -0, -0.03, 0.873902
-0.24, -0, -0, -0, -0, -0.02, 0.937079
-0.24, -0, -0, -0, -0, -0.01, 0.932363
-0.24, -0, -0, -0, -0, 3.1225e-17, 0.962157
-0.24, -0, -0, -0, -0, 0.01, 0.902257
-0.24, -0, -0, -0, -0, 0.02, 0.842765
-0.24, -0, -0, -0, -0, 0.03, 0.770378
-0.24, -0, -0, -0, -0, 0.04, 0.739622
-0.24, -0, -0, -0, -0, 0.05, 0.770079
-0.24, -0, -0, -0, -0, 0.06, 0.802108
-0.24, -0, -0, -0, -0, 0.07, 0.819674
-0.24, -0, -0, -0, -0, 0.08, 0.812562
-0.24, -0, -0, -0, -0, 0.09, 0.7923
-0.24, -0, -0, -0, -0, 0.1, 0.789097
-0.24, -0, -0, -0, -0, 0.11, 0.809331
-0.24, -0, -0, -0, -0, 0.12, 0.833814
-0.24, -0, -0, -0, -0, 0.13, 0.867477
-0.24, -0, -0, -0, -0, 0.14, 0.891604
-0.24, -0, -0, -0, -0, 0.15, 0.924009
-0.24, -0, -0, -0, -0, 0.16, 0.951597
-0.24, -0, -0, -0, -0, 0.17, 0.968797
-0.24, -0, -0, -0, -0, 0.18, 1.00247
-0.24, -0, -0, -0, -0, 0.19, 1.02552
-0.24, -0, -0, -0, -0, 0.2, 1.04137
-0.2, -0, -0, -0, -0, -0.2, 1.05454
-0.2, -0, -0, -0, -0, -0.19, 1.03653
-0.2, -0, -0, -0, -0, -0.18, 1.02342
-0.2, -0, -0, -0, -0, -0.17, 1.02869
-0.2, -0, -0, -0, -0, -0.16, 1.03034
-0.2, -0, -0, -0, -0, -0.15, 1.01018
-0.2, -0, -0, -0, -0, -0.14, 0.983506
-0.2, -0, -0, -0, -0, -0.13, 0.961397
-0.2, -0, -0, -0, -0, -0.12, 0.937135
-0.2, -0, -0, -0, -0, -0.11, 0.91091
-0.2, -0, -0, -0, -0, -0.1, 0.883229
-0.2, -0, -0, -0, -0, -0.09, 0.85652
-0.2, -0, -0, -0, -0, -0.08, 0.835042
-0.2, -0, -0, -0, -0, -0.07, 0.824153
-0.2, -0, -0, -0, -0, -0.06, 0.830562
-0.2, -0, -0, -0, -0, -0.05, 0.841042
-0.2, -0, -0, -0, -0, -0.04, 0.866689
-0.2, -0, -0, -0, -0, -0.03, 0.876279
-0.2, -0, -0, -0, -0, -0.02, 0.858116
-0.2, -0, -0, -0, -0, -0.01, 0.897904
-0.2, -0, -0, -0, -0, 3.1225e-17, 0.87405
-0.2, -0, -0, -0, -0, 0.01, 0.831003
-0.2, -0, -0, -0, -0, 0.02, 0.772901
-0.2, -0, -0, -0, -0, 0.03, 0.743433
-0.2, -0, -0, -0, -0, 0.04, 0.738001
-0.2, -0, -0, -0, -0, 0.05, 0.765054
-0.2, -0, -0, -0, -0, 0.06, 0.783394
-0.2, -0, -0, -0, -0, 0.07, 0.791038
-0.2, -0, -0, -0, -0, 0.08, 0.77297
-0.2, -0, -0, -0, -0, 0.09, 0.77464
-0.2, -0, -0, -0, -0, 0.1, 0.796911
-0.2, -0, -0, -0, -0, 0.11, 0.824153
-0.2, -0, -0, -0, -0, 0.12, 0.854516
-0.2, -0, -0, -0, -0, 0.13, 0.888942
-0.2, -0, -0, -0, -0, 0.14, 0.921081
-0.2, -0, -0, -0, -0, 0.15, 0.949458
-0.2, -0, -0, -0, -0, 0.16, 0.972901
-0.2, -0, -0, -0, -0, 0.17, 0.996862
-0.2, -0, -0, -0, -0, 0.18, 1.02735
-0.2, -0, -0, -0, -0, 0.19, 1.03659
-0.2, -0, -0, -0, -0, 0.2, 1.04113
-0.16, -0, -0, -0, -0, -0.2, 1.00841
-0.16, -0, -0, -0, -0, -0.19, 1.01427
-0.16, -0, -0, -0, -0, -0.18, 0.992968
-0.16, -0, -0, -0, -0, -0.17, 0.978135
-0.16, -0, -0, -0, -0, -0.16, 0.986015
-0.16, -0, -0, -0, -0, -0.15, 0.981274
-0.16, -0, -0, -0, -0, -0.14, 0.955135
-0.16, -0, -0, -0, -0, -0.13, 0.939614
-0.16, -0, -0, -0, -0, -0.12, 0.925899
-0.16, -0, -0, -0, -0, -0.11, 0.901033
-0.16, -0, -0, -0, -0, -0.1, 0.878952
-0.16, -0, -0, -0, -0, -0.09, 0.859848
-0.16, -0, -0, -0, -0, -0.08, 0.853243
-0.16, -0, -0, -0, -0, -0.07, 0.848782
-0.16, -0, -0, -0, -0, -0.06, 0.833913
-0.16, -0, -0, -0, -0, -0.05, 0.841975
-0.16, -0, -0, -0, -0, -0.04, 0.823495
-0.16, -0, -0, -0, -0, -0.03, 0.800322
-0.16, -0, -0, -0, -0, -0.02, 0.784295
-0.16, -0, -0, -0, -0, -0.01, 0.790331
-0.16, -0, -0, -0, -0, 3.1225e-17, 0.770584
-0.16, -0, -0, -0, -0, 0.01, 0.736857
-0.16, -0, -0, -0, -0, 0.02, 0.692286
-0.16, -0, -0, -0, -0, 0.03, 0.687421
-0.16, -0, -0, -0, -0, 0.04, 0.734015
-0.16, -0, -0, -0, -0, 0.05, 0.754644
-0.16, -0, -0, -0, -0, 0.06, 0.761054
-0.16, -0, -0, -0, -0, 0.07, 0.75694
-0.16, -0, -0, -0, -0, 0.08, 0.754687
-0.16, -0, -0, -0, -0, 0.09, 0.773607
-0.16, -0, -0, -0, -0, 0.1, 0.80654
-0.16, -0, -0, -0, -0, 0.11, 0.840644
-0.16, -0, -0, -0, -0, 0.12, 0.88468
-0.16, -0, -0, -0, -0, 0.13, 0.916349
-0.16, -0, -0, -0, -0, 0.14, 0.947928
-0.16, -0, -0, -0, -0, 0.15, 0.973513
-0.16, -0, -0, -0, -0, 0.16, 0.996996
-0.16, -0, -0, -0, -0, 0.17, 1.02038
-0.16, -0, -0, -0, -0, 0.18, 1.02897
-0.16, -0, -0, -0, -0, 0.19, 1.02931
-0.16, -0, -0, -0, -0, 0.2, 1.03733
-0.12, -0, -0, -0, -0, -0.2, 0.973272
-0.12, -0, -0, -0, -0, -0.19, 0.96908
-0.12, -0, -0, -0, -0, -0.18, 0.959855
-0.12, -0, -0, -0, -0, -0.17, 0.952739
-0.12, -0, -0, -0, -0, -0.16, 0.958649
-0.12, -0, -0, -0, -0, -0.15, 0.961734
-0.12, -0, -0, -0, -0, -0.14, 0.940052
-0.12, -0, -0, -0, -0, -0.13, 0.924074
-0.12, -0, -0, -0, -0, -0.12, 0.914819
-0.12, -0, -0, -0, -0, -0.11, 0.907712
-0.12, -0, -0, -0, -0, -0.1, 0.891921
-0.12, -0, -0, -0, -0, -0.09, 0.892514
-0.12, -0, -0, -0, -0, -0.08, 0.883525
-0.12, -0, -0, -0, -0, -0.07, 0.869148
-0.12, -0, -0, -0, -0, -0.06, 0.838976
-0.12, -0, -0, -0, -0, -0.05, 0.784753
-0.12, -0, -0, -0, -0, -0.04, 0.741976
-0.12, -0, -0, -0, -0, -0.03, 0.705893
-0.12, -0, -0, -0, -0, -0.02, 0.709985
-0.12, -0, -0, -0, -0, -0.01, 0.674168
-0.12, -0, -0, -0, -0, 3.1225e-17, 0.645377
-0.12, -0, -0, -0, -0, 0.01, 0.62023
-0.12, -0, -0, -0, -0, 0.02, 0.611763
-0.12, -0, -0, -0, -0, 0.03, 0.653326
-0.12, -0, -0, -0, -0, 0.04, 0.690111
-0.12, -0, -0, -0, -0, 0.05, 0.724822
-0.12, -0, -0, -0, -0, 0.06, 0.760913
-0.12, -0, -0, -0, -0, 0.07, 0.750296
-0.12, -0, -0, -0, -0, 0.08, 0.767134
-0.12, -0, -0, -0, -0, 0.09, 0.796558
-0.12, -0, -0, -0, -0, 0.1, 0.831064
-0.12, -0, -0, -0, -0, 0.11, 0.86845
-0.12, -0, -0, -0, -0, 0.12, 0.903038
-0.12, -0, -0, -0, -0, 0.13, 0.929856
-0.12, -0, -0, -0, -0, 0.14, 0.974537
-0.12, -0, -0, -0, -0, 0.15, 0.995251
-0.12, -0, -0, -0, -0, 0.16, 1.01141
-0.12, -0, -0, -0, -0, 0.17, 1.01994
-0.12, -0, -0, -0, -0, 0.18, 1.03091
-0.12, -0, -0, -0, -0, 0.19, 1.03127
-0.12, -0, -0, -0, -0, 0.2, 1.03042
-0.08, -0, -0, -0, -0, -0.2, 0.944004
-0.08, -0, -0, -0, -0, -0.19, 0.945087
-0.08, -0, -0, -0, -0, -0.18, 0.945102
-0.08, -0, -0, -0, -0, -0.17, 0.944924
-0.08, -0, -0, -0, -0, -0.16, 0.938053
-0.08, -0, -0, -0, -0, -0.15, 0.939681
-0.08, -0, -0, -0, -0, -0.14, 0.937961
-0.08, -0, -0, -0, -0, -0.13, 0.931885
-0.08, -0, -0, -0, -0, -0.12, 0.921915
-0.08, -0, -0, -0, -0, -0.11, 0.920223
-0.08, -0, -0, -0, -0, -0.1, 0.907974
-0.08, -0, -0, -0, -0, -0.09, 0.906719
-0.08, -0, -0, -0, -0, -0.08, 0.898541
-0.08, -0, -0, -0, -0, -0.07, 0.86567
-0.08, -0, -0, -0, -0, -0.06, 0.810734
-0.08, -0, -0, -0, -0, -0.05, 0.747018
-0.08, -0, -0, -0, -0, -0.04, 0.690384
-0.08, -0, -0, -0, -0, -0.03, 0.652352
-0.08, -0, -0, -0, -0, -0.02, 0.600639
-0.08, -0, -0, -0, -0, -0.01, 0.533609
-0.08, -0, -0, -0, -0, 3.1225e-17, 0.493359
-0.08, -0, -0, -0, -0, 0.01, 0.495714
-0.08, -0, -0, -0, -0, 0.02, 0.544963
-0.08, -0, -0, -0, -0, 0.03, 0.589705
-0.08, -0, -0, -0, -0, 0.04, 0.639042
-0.08, -0, -0, -0, -0, 0.05, 0.707073
-0.08, -0, -0, -0, -0, 0.06, 0.758783
-0.08, -0, -0, -0, -0, 0.07, 0.783738
-0.08, -0, -0, -0, -0, 0.08, 0.807981
-0.08, -0, -0, -0, -0, 0.09, 0.831189
-0.08, -0, -0, -0, -0, 0.1, 0.869305
-0.08, -0, -0, -0, -0, 0.11, 0.895929
-0.08, -0, -0, -0, -0, 0.12, 0.927782
-0.08, -0, -0, -0, -0, 0.13, 0.955975
-0.08, -0, -0, -0, -0, 0.14, 0.972715
-0.08, -0, -0, -0, -0, 0.15, 0.980085
-0.08, -0, -0, -0, -0, 0.16, 0.993382
-0.08, -0, -0, -0, -0, 0.17, 1.01224
-0.08, -0, -0, -0, -0, 0.18, 1.01728
-0.08, -0, -0, -0, -0, 0.19, 1.02368
-0.08, -0, -0, -0, -0, 0.2, 1.02585
-0.04, -0, -0, -0, -0, -0.2, 0.935744
-0.04, -0, -0, -0, -0, -0.19, 0.927937
-0.04, -0, -0, -0, -0, -0.18, 0.939552
-0.04, -0, -0, -0, -0, -0.17, 0.948768
-0.04, -0, -0, -0, -0, -0.16, 0.954268
-0.04, -0, -0, -0, -0, -0.15, 0.947011
-0.04, -0, -0, -0, -0, -0.14, 0.947019
-0.04, -0, -0, -0, -0, -0.13, 0.921918
-0.04, -0, -0, -0, -0, -0.12, 0.915116
-0.04, -0, -0, -0, -0, -0.11, 0.92233
-0.04, -0, -0, -0, -0, -0.1, 0.911576
-0.04, -0, -0, -0, -0, -0.09, 0.914414
-0.04, -0, -0, -0, -0, -0.08, 0.877376
-0.04, -0, -0, -0, -0, -0.07, 0.827276
-0.04, -0, -0, -0, -0, -0.06, 0.764081
-0.04, -0, -0, -0, -0, -0.05, 0.705885
-0.04, -0, -0, -0, -0, -0.04, 0.66423
-0.04, -0, -0, -0, -0, -0.03, 0.612793
-0.04, -0, -0, -0, -0, -0.02, 0.499679
-0.04, -0, -0, -0, -0, -0.01, 0.393893
-0.04, -0, -0, -0, -0, 3.1225e-17, 0.340055
-0.04, -0, -0, -0, -0, 0.01, 0.375985
-0.04, -0, -0, -0, -0, 0.02, 0.469027
-0.04, -0, -0, -0, -0, 0.03, 0.565225
-0.04, -0, -0, -0, -0, 0.04, 0.657226
-0.04, -0, -0, -0, -0, 0.05, 0.729652
-0.04, -0, -0, -0, -0, 0.06, 0.756947
-0.04, -0, -0, -0, -0, 0.07, 0.808523
-0.04, -0, -0, -0, -0, 0.08, 0.84713
-0.04, -0, -0, -0, -0, 0.09, 0.887923
-0.04, -0, -0, -0, -0, 0.1, 0.906873
-0.04, -0, -0, -0, -0, 0.11, 0.934967
-0.04, -0, -0, -0, -0, 0.12, 0.960345
-0.04, -0, -0, -0, -0, 0.13, 0.971793
-0.04, -0, -0, -0, -0, 0.14, 0.976771
-0.04, -0, -0, -0, -0, 0.15, 0.975907
-0.04, -0, -0, -0, -0, 0.16, 0.989417
-0.04, -0, -0, -0, -0, 0.17, 0.99768
-0.04, -0, -0, -0, -0, 0.18, 1.00657
-0.04, -0, -0, -0, -0, 0.19, 1.00507
-0.04, -0, -0, -0, -0, 0.2, 1.01316
-4.16334e-17, -0, -0, -0, -0, -0.2, 0.936447
-4.16334e-17, -0, -0, -0, -0, -0.19, 0.938153
-4.16334e-17, -0, -0, -0, -0, -0.18, 0.945688
-4.16334e-17, -0, -0, -0, -0, -0.17, 0.951148
-4.16334e-17, -0, -0, -0, -0, -0.16, 0.94972
-4.16334e-17, -0, -0, -0, -0, -0.15, 0.957035
-4.16334e-17, -0, -0, -0, -0, -0.14, 0.946292
-4.16334e-17, -0, -0, -0, -0, -0.13, 0.930214
-4.16334e-17, -0, -0, -0, -0, -0.12, 0.912538
-4.16334e-17, -0, -0, -0, -0, -0.11, 0.910682
-4.16334e-17, -0, -0, -0, -0, -0.1, 0.907967
-4.16334e-17, -0, -0, -0, -0, -0.09, 0.880366
-4.16334e-17, -0, -0, -0, -0, -0.08, 0.840011
-4.16334e-17, -0, -0, -0, -0, -0.07, 0.797442
-4.16334e-17, -0, -0, -0, -0, -0.06, 0.744636
-4.16334e-17, -0, -0, -0, -0, -0.05, 0.678839
-4.16334e-17, -0, -0, -0, -0, -0.04, 0.646847
-4.16334e-17, -0, -0, -0, -0, -0.03, 0.569175
-4.16334e-17, -0, -0, -0, -0, -0.02, 0.455704
-4.16334e-17, -0, -0, -0, -0, -0.01, 0.315786
-4.16334e-17, -0, -0, -0, -0, 3.1225e-17, 0.192112
-4.16334e-17, -0, -0, -0, -0, 0.01, 0.347338
-4.16334e-17, -0, -0, -0, -0, 0.02, 0.500151
-4.16334e-17, -0, -0, -0, -0, 0.03, 0.613576
-4.16334e-17, -0, -0, -0, -0, 0.04, 0.68921
-4.16334e-17, -0, -0, -0, -0, 0.05, 0.734388
-4.16334e-17, -0, -0, -0, -0, 0.06, 0.784049
-4.16334e-17, -0, -0, -0, -0, 0.07, 0.829527
-4.16334e-17, -0, -0, -0, -0, 0.08, 0.879297
-4.16334e-17, -0, -0, -0, -0, 0.09, 0.924631
-4.16334e-17, -0, -0, -0, -0, 0.1, 0.961588
-4.16334e-17, -0, -0, -0, -0, 0.11, 0.973392
-4.16334e-17, -0, -0, -0, -0, 0.12, 0.9709
-4.16334e-17, -0, -0, -0, -0, 0.13, 0.976328
-4.16334e-17, -0, -0, -0, -0, 0.14, 0.963551
-4.16334e-17, -0, -0, -0, -0, 0.15, 0.978139
-4.16334e-17, -0, -0, -0, -0, 0.16, 0.991339
-4.16334e-17, -0, -0, -0, -0, 0.17, 0.983041
-4.16334e-17, -0, -0, -0, -0, 0.18, 0.994894
-4.16334e-17, -0, -0, -0, -0, 0.19, 0.991874
-4.16334e-17, -0, -0, -0, -0, 0.2, 1.00801
0.04, -0, -0, -0, -0, -0.2, 0.965587
0.04, -0, -0, -0, -0, -0.19, 0.957956
0.04, -0, -0, -0, -0, -0.18, 0.957801
0.04, -0, -0, -0, -0, -0.17, 0.963597
0.04, -0, -0, -0, -0, -0.16, 0.964827
0.04, -0, -0, -0, -0, -0.15, 0.961201
0.04, -0, -0, -0, -0, -0.14, 0.945087
0.04, -0, -0, -0, -0, -0.13, 0.928511
0.04, -0, -0, -0, -0, -0.12, 0.901626
0.04, -0, -0, -0, -0, -0.11, 0.882875
0.04, -0, -0, -0, -0, -0.1, 0.854642
0.04, -0, -0, -0, -0, -0.09, 0.832564
0.04, -0, -0, -0, -0, -0.08, 0.80417
0.04, -0, -0, -0, -0, -0.07, 0.767824
0.04, -0, -0, -0, -0, -0.06, 0.718788
0.04, -0, -0, -0, -0, -0.05, 0.682634
0.04, -0, -0, -0, -0, -0.04, 0.62389
0.04, -0, -0, -0, -0, -0.03, 0.527721
0.04, -0, -0, -0, -0, -0.02, 0.437359
0.04, -0, -0, -0, -0, -0.01, 0.386328
0.04, -0, -0, -0, -0, 3.1225e-17, 0.369988
0.04, -0, -0, -0, -0, 0.01, 0.449802
0.04, -0, -0, -0, -0, 0.02, 0.55364
0.04, -0, -0, -0, -0, 0.03, 0.653305
0.04, -0, -0, -0, -0, 0.04, 0.70643
0.04, -0, -0, -0, -0, 0.05, 0.744034
0.04, -0, -0, -0, -0, 0.06, 0.799596
0.04, -0, -0, -0, -0, 0.07, 0.851445
0.04, -0, -0, -0, -0, 0.08, 0.899148
0.04, -0, -0, -0, -0, 0.09, 0.945324
0.04, -0, -0, -0, -0, 0.1, 0.969905
0.04, -0, -0, -0, -0, 0.11, 0.97753
0.04, -0, -0, -0, -0, 0.12, 0.973977
0.04, -0, -0, -0, -0, 0.13, 0.967257
0.04, -0, -0, -0, -0, 0.14, 0.975022
0.04, -0, -0, -0, -0, 0.15, 0.979985
0.04, -0, -0, -0, -0, 0.16, 0.980072
0.04, -0, -0, -0, -0, 0.17, 0.990303
0.04, -0, -0, -0, -0, 0.18, 0.981824
0.04, -0, -0, -0, -0, 0.19, 0.988301
0.04, -0, -0, -0, -0, 0.2, 1.00423
0.08, -0, -0, -0, -0, -0.2, 0.971277
0.08, -0, -0, -0, -0, -0.19, 0.980218
0.08, -0, -0, -0, -0, -0.18, 0.991751
0.08, -0, -0, -0, -0, -0.17, 0.988857
0.08, -0, -0, -0, -0, -0.16, 0.976207
0.08, -0, -0, -0, -0, -0.15, 0.962617
0.08, -0, -0, -0, -0, -0.14, 0.949952
0.08, -0, -0, -0, -0, -0.13, 0.929209
0.08, -0, -0, -0, -0, -0.12, 0.887467
0.08, -0, -0, -0, -0, -0.11, 0.85512
0.08, -0, -0, -0, -0, -0.1, 0.817238
0.08, -0, -0, -0, -0, -0.09, 0.793306
0.08, -0, -0, -0, -0, -0.08, 0.75841
0.08, -0, -0, -0, -0, -0.07, 0.732698
0.08, -0, -0, -0, -0, -0.06, 0.708563
0.08, -0, -0, -0, -0, -0.05, 0.685946
0.08, -0, -0, -0, -0, -0.04, 0.61474
0.08, -0, -0, -0, -0, -0.03, 0.551166
0.08, -0, -0, -0, -0, -0.02, 0.54165
0.08, -0, -0, -0, -0, -0.01, 0.515327
0.08, -0, -0, -0, -0, 3.1225e-17, 0.532938
0.08, -0, -0, -0, -0, 0.01, 0.569918
0.08, -0, -0, -0, -0, 0.02, 0.648167
0.08, -0, -0, -0, -0, 0.03, 0.700064
0.08, -0, -0, -0, -0, 0.04, 0.723133
0.08, -0, -0, -0, -0, 0.05, 0.779168
0.08, -0, -0, -0, -0, 0.06, 0.827221
0.08, -0, -0, -0, -0, 0.07, 0.878244
0.08, -0, -0, -0, -0, 0.08, 0.921341
0.08, -0, -0, -0, -0, 0.09, 0.936526
0.08, -0, -0, -0, -0, 0.1, 0.952497
0.08, -0, -0, -0, -0, 0.11, 0.962909
0.08, -0, -0, -0, -0, 0.12, 0.968912
0.08, -0, -0, -0, -0, 0.13, 0.974758
0.08, -0, -0, -0, -0, 0.14, 0.966704
0.08, -0, -0, -0, -0, 0.15, 0.969371
0.08, -0, -0, -0, -0, 0.16, 0.976601
0.08, -0, -0, -0, -0, 0.17, 0.985157
0.08, -0, -0, -0, -0, 0.18, 0.996392
0.08, -0, -0, -0, -0, 0.19, 1.002
0.08, -0, -0, -0, -0, 0.2, 1.0215
0.12, -0, -0, -0, -0, -0.2, 0.996888
0.12, -0, -0, -0, -0, -0.19, 1.00601
0.12, -0, -0, -0, -0, -0.18, 1.00797
0.12, -0, -0, -0, -0, -0.17, 0.994105
0.12, -0, -0, -0, -0, -0.16, 0.986498
0.12, -0, -0, -0, -0, -0.15, 0.97213
0.12, -0, -0, -0, -0, -0.14, 0.955146
0.12, -0, -0, -0, -0, -0.13, 0.9204
0.12, -0, -0, -0, -0, -0.12, 0.879618
0.12, -0, -0, -0, -0, -0.11, 0.82686
0.12, -0, -0, -0, -0, -0.1, 0.783483
0.12, -0, -0, -0, -0, -0.09, 0.759165
0.12, -0, -0, -0, -0, -0.08, 0.723413
0.12, -0, -0, -0, -0, -0.07, 0.695467
0.12, -0, -0, -0, -0, -0.06, 0.708148
0.12, -0, -0, -0, -0, -0.05, 0.693387
0.12, -0, -0, -0, -0, -0.04, 0.659601
0.12, -0, -0, -0, -0, -0.03, 0.637714
0.12, -0, -0, -0, -0, -0.02, 0.630436
0.12, -0, -0, -0, -0, -0.01, 0.656918
0.12, -0, -0, -0, -0, 3.1225e-17, 0.676146
0.12, -0, -0, -0, -0, 0.01, 0.694611
0.12, -0, -0, -0, -0, 0.02, 0.739994
0.12, -0, -0, -0, -0, 0.03, 0.759552
0.12, -0, -0, -0, -0, 0.04, 0.778411
0.12, -0, -0, -0, -0, 0.05, 0.807683
0.12, -0, -0, -0, -0, 0.06, 0.858449
0.12, -0, -0, -0, -0, 0.07, 0.892305
0.12, -0, -0, -0, -0, 0.08, 0.913115
0.12, -0, -0, -0, -0, 0.09, 0.917027
0.12, -0, -0, -0, -0, 0.1, 0.925132
0.12, -0, -0, -0, -0, 0.11, 0.943203
0.12, -0, -0, -0, -0, 0.12, 0.95768
0.12, -0, -0, -0, -0, 0.13, 0.969223
0.12, -0, -0, -0, -0, 0.14, 0.984757
0.12, -0, -0, -0, -0, 0.15, 0.998341
0.12, -0, -0, -0, -0, 0.16, 0.996158
0.12, -0, -0, -0, -0, 0.17, 1.00206
0.12, -0, -0, -0, -0, 0.18, 1.01913
0.12, -0, -0, -0, -0, 0.19, 1.02727
0.12, -0, -0, -0, -0, 0.2, 1.03874
0.16, -0, -0, -0, -0, -0.2, 1.01703
0.16, -0, -0, -0, -0, -0.19, 1.0251
0.16, -0, -0, -0, -0, -0.18, 1.0186
0.16, -0, -0, -0, -0, -0.17, 0.997003
0.16, -0, -0, -0, -0, -0.16, 0.972482
0.16, -0, -0, -0, -0, -0.15, 0.947724
0.16, -0, -0, -0, -0, -0.14, 0.930354
0.16, -0, -0, -0, -0, -0.13, 0.904937
0.16, -0, -0, -0, -0, -0.12, 0.868643
0.16, -0, -0, -0, -0, -0.11, 0.824467
0.16, -0, -0, -0, -0, -0.1, 0.775805
0.16, -0, -0, -0, -0, -0.09, 0.742615
0.16, -0, -0, -0, -0, -0.08, 0.706622
0.16, -0, -0, -0, -0, -0.07, 0.710283
0.16, -0, -0, -0, -0, -0.06, 0.71578
0.16, -0, -0, -0, -0, -0.05, 0.70506
0.16, -0, -0, -0, -0, -0.04, 0.707488
0.16, -0, -0, -0, -0, -0.03, 0.714828
0.16, -0, -0, -0, -0, -0.02, 0.7203
0.16, -0, -0, -0, -0, -0.01, 0.768387
0.16, -0, -0, -0, -0, 3.1225e-17, 0.78293
0.16, -0, -0, -0, -0, 0.01, 0.800058
0.16, -0, -0, -0, -0, 0.02, 0.811777
0.16, -0, -0, -0, -0, 0.03, 0.821663
0.16, -0, -0, -0, -0, 0.04, 0.855403
0.16, -0, -0, -0, -0, 0.05, 0.880518
0.16, -0, -0, -0, -0, 0.06, 0.858871
0.16, -0, -0, -0, -0, 0.07, 0.867097
0.16, -0, -0, -0, -0, 0.08, 0.881023
0.16, -0, -0, -0, -0, 0.09, 0.900346
0.16, -0, -0, -0, -0, 0.1, 0.908369
0.16, -0, -0, -0, -0, 0.11, 0.93151
0.16, -0, -0, -0, -0, 0.12, 0.957891
0.16, -0, -0, -0, -0, 0.13, 0.984365
0.16, -0, -0, -0, -0, 0.14, 1.00209
0.16, -0, -0, -0, -0, 0.15, 1.01905
0.16, -0, -0, -0, -0, 0.16, 1.03271
0.16, -0, -0, -0, -0, 0.17, 1.02815
0.16, -0, -0, -0, -0, 0.18, 1.04367
0.16, -0, -0, -0, -0, 0.19, 1.05669
0.16, -0, -0, -0, -0, 0.2, 1.0667
0.2, -0, -0, -0, -0, -0.2, 1.04419
0.2, -0, -0, -0, -0, -0.19, 1.04302
0.2, -0, -0, -0, -0, -0.18, 1.01568
0.2, -0, -0, -0, -0, -0.17, 0.98248
0.2, -0, -0, -0, -0, -0.16, 0.961311
0.2, -0, -0, -0, -0, -0.15, 0.932883
0.2, -0, -0, -0, -0, -0.14, 0.908655
0.2, -0, -0, -0, -0, -0.13, 0.874451
0.2, -0, -0, -0, -0, -0.12, 0.849736
0.2, -0, -0, -0, -0, -0.11, 0.813992
0.2, -0, -0, -0, -0, -0.1, 0.774031
0.2, -0, -0, -0, -0, -0.09, 0.745958
0.2, -0, -0, -0, -0, -0.08, 0.743398
0.2, -0, -0, -0, -0, -0.07, 0.750199
0.2, -0, -0, -0, -0, -0.06, 0.731505
0.2, -0, -0, -0, -0, -0.05, 0.710047
0.2, -0, -0, -0, -0, -0.04, 0.7112
0.2, -0, -0, -0, -0, -0.03, 0.748543
0.2, -0, -0, -0, -0, -0.02, 0.81976
0.2, -0, -0, -0, -0, -0.01, 0.853182
0.2, -0, -0, -0, -0, 3.1225e-17, 0.882176
0.2, -0, -0, -0, -0, 0.01, 0.890495
0.2, -0, -0, -0, -0, 0.02, 0.854595
0.2, -0, -0, -0, -0, 0.03, 0.884657
0.2, -0, -0, -0, -0, 0.04, 0.902404
0.2, -0, -0, -0, -0, 0.05, 0.884923
0.2, -0, -0, -0, -0, 0.06, 0.859717
0.2, -0, -0, -0, -0, 0.07, 0.853601
0.2, -0, -0, -0, -0, 0.08, 0.867062
0.2, -0, -0, -0, -0, 0.09, 0.899176
0.2, -0, -0, -0, -0, 0.1, 0.91951
0.2, -0, -0, -0, -0, 0.11, 0.941933
0.2, -0, -0, -0, -0, 0.12, 0.969769
0.2, -0, -0, -0, -0, 0.13, 0.999021
0.2, -0, -0, -0, -0, 0.14, 1.03269
0.2, -0, -0, -0, -0, 0.15, 1.04869
0.2, -0, -0, -0, -0, 0.16, 1.06855
0.2, -0, -0, -0, -0, 0.17, 1.09109
0.2, -0, -0, -0, -0, 0.18, 1.09256
0.2, -0, -0, -0, -0, 0.19, 1.09026
0.2, -0, -0, -0, -0, 0.2, 1.09895
0.24, -0, -0, -0, -0, -0.2, 1.06417
0.24, -0, -0, -0, -0, -0.19, 1.05322
0.24, -0, -0, -0, -0, -0.18, 1.01496
0.24, -0, -0, -0, -0, -0.17, 0.976347
0.24, -0, -0, -0, -0, -0.16, 0.945062
0.24, -0, -0, -0, -0, -0.15, 0.910958
0.24, -0, -0, -0, -0, -0.14, 0.881153
0.24, -0, -0, -0, -0, -0.13, 0.860715
0.24, -0, -0, -0, -0, -0.12, 0.839713
0.24, -0, -0, -0, -0, -0.11, 0.810368
0.24, -0, -0, -0, -0, -0.1, 0.7717
0.24, -0, -0, -0, -0, -0.09, 0.760548
0.24, -0, -0, -0, -0, -0.08, 0.779939
0.24, -0, -0, -0, -0, -0.07, 0.775367
0.24, -0, -0, -0, -0, -0.06, 0.757763
0.24, -0, -0, -0, -0, -0.05, 0.740012
0.24, -0, -0, -0, -0, -0.04, 0.742523
0.24, -0, -0, -0, -0, -0.03, 0.773713
0.24, -0, -0, -0, -0, -0.02, 0.850505
0.24, -0, -0, -0, -0, -0.01, 0.917277
0.24, -0, -0, -0, -0, 3.1225e-17, 0.956292
0.24, -0, -0, -0, -0, 0.01, 0.942945
0.24, -0, -0, -0, -0, 0.02, 0.92656
0.24, -0, -0, -0, -0, 0.03, 0.886021
0.24, -0, -0, -0, -0, 0.04, 0.8803
0.24, -0, -0, -0, -0, 0.05, 0.879962
0.24, -0, -0, -0, -0, 0.06, 0.891431
0.24, -0, -0, -0, -0, 0.07, 0.894984
0.24, -0, -0, -0, -0, 0.08, 0.905849
0.24, -0, -0, -0, -0, 0.09, 0.917331
0.24, -0, -0, -0, -0, 0.1, 0.946221
0.24, -0, -0, -0, -0, 0.11, 0.968647
0.24, -0, -0, -0, -0, 0.12, 0.993617
0.24, -0, -0, -0, -0, 0.13, 1.02221
0.24, -0, -0, -0, -0, 0.14, 1.05537
0.24, -0, -0, -0, -0, 0.15, 1.08523
0.24, -0, -0, -0, -0, 0.16, 1.10324
0.24, -0, -0, -0, -0, 0.17, 1.12082
0.24, -0, -0, -0, -0, 0.18, 1.12813
0.24, -0, -0, -0, -0, 0.19, 1.14155
0.24, -0, -0, -0, -0, 0.2, 1.13251
0.28, -0, -0, -0, -0, -0.2, 1.06594
0.28, -0, -0, -0, -0, -0.19, 1.03748
0.28, -0, -0, -0, -0, -0.18, 1.01285
0.28, -0, -0, -0, -0, -0.17, 0.972534
0.28, -0, -0, -0, -0, -0.16, 0.937548
0.28, -0, -0, -0, -0, -0.15, 0.90979
0.28, -0, -0, -0, -0, -0.14, 0.885235
0.28, -0, -0, -0, -0, -0.13, 0.858714
0.28, -0, -0, -0, -0, -0.12, 0.840196
0.28, -0, -0, -0, -0, -0.11, 0.815251
0.28, -0, -0, -0, -0, -0.1, 0.796837
0.28, -0, -0, -0, -0, -0.09, 0.806867
0.28, -0, -0, -0, -0, -0.08, 0.817644
0.28, -0, -0, -0, -0, -0.07, 0.796358
0.28, -0, -0, -0, -0, -0.06, 0.77401
0.28, -0, -0, -0, -0, -0.05, 0.769559
0.28, -0, -0, -0, -0, -0.04, 0.772489
0.28, -0, -0, -0, -0, -0.03, 0.811006
0.28, -0, -0, -0, -0, -0.02, 0.841095
0.28, -0, -0, -0, -0, -0.01, 0.879357
0.28, -0, -0, -0, -0, 3.1225e-17, 1.00012
0.28, -0, -0, -0, -0, 0.01, 0.909637
0.28, -0, -0, -0, -0, 0.02, 0.874919
0.28, -0, -0, -0, -0, 0.03, 0.884748
0.28, -0, -0, -0, -0, 0.04, 0.906084
0.28, -0, -0, -0, -0, 0.05, 0.924012
0.28, -0, -0, -0, -0, 0.06, 0.937592
0.28, -0, -0, -0, -0, 0.07, 0.950899
0.28, -0, -0, -0, -0, 0.08, 0.961269
0.28, -0, -0, -0, -0, 0.09, 0.971588
0.28, -0, -0, -0, -0, 0.1, 0.976643
0.28, -0, -0, -0, -0, 0.11, 1.00104
0.28, -0, -0, -0, -0, 0.12, 1.02652
0.28, -0, -0, -0, -0, 0.13, 1.04854
0.28, -0, -0, -0, -0, 0.14, 1.07941
0.28, -0, -0, -0, -0, 0.15, 1.10223
0.28, -0, -0, -0, -0, 0.16, 1.13029
0.28, -0, -0, -0, -0, 0.17, 1.14318
0.28, -0, -0, -0, -0, 0.18, 1.149
0.28, -0, -0, -0, -0, 0.19, 1.15548
0.28, -0, -0, -0, -0, 0.2, 1.15527
0.32, -0, -0, -0, -0, -0.2, 1.06061
0.32, -0, -0, -0, -0, -0.19, 1.03396
0.32, -0, -0, -0, -0, -0.18, 1.00925
0.32, -0, -0, -0, -0, -0.17, 0.970256
0.32, -0, -0, -0, -0, -0.16, 0.9355
0.32, -0, -0, -0, -0, -0.15, 0.907956
0.32, -0, -0, -0, -0, -0.14, 0.882829
0.32, -0, -0, -0, -0, -0.13, 0.869173
0.32, -0, -0, -0, -0, -0.12, 0.856483
0.32, -0, -0, -0, -0, -0.11, 0.83919
0.32, -0, -0, -0, -0, -0.1, 0.839382
0.32, -0, -0, -0, -0, -0.09, 0.844915
0.32, -0, -0, -0, -0, -0.08, 0.840299
0.32, -0, -0, -0, -0, -0.07, 0.827345
0.32, -0, -0, -0, -0, -0.06, 0.807811
0.32, -0, -0, -0, -0, -0.05, 0.812136
0.32, -0, -0, -0, -0, -0.04, 0.842097
0.32, -0, -0, -0, -0, -0.03, 0.873767
0.32, -0, -0, -0, -0, -0.02, 0.884472
0.32, -0, -0, -0, -0, -0.01, 0.835574
0.32, -0, -0, -0, -0, 3.1225e-17, 0.810032
0.32, -0, -0, -0, -0, 0.01, 0.874097
0.32, -0, -0, -0, -0, 0.02, 0.905808
0.32, -0, -0, -0, -0, 0.03, 0.924444
0.32, -0, -0, -0, -0, 0.04, 0.94019
0.32, -0, -0, -0, -0, 0.05, 0.96716
0.32, -0, -0, -0, -0, 0.06, 0.992126
0.32, -0, -0, -0, -0, 0.07, 1.00075
0.32, -0, -0, -0, -0, 0.08, 1.00842
0.32, -0, -0, -0, -0, 0.09, 1.02353
0.32, -0, -0, -0, -0, 0.1, 1.03002
0.32, -0, -0, -0, -0, 0.11, 1.04416
0.32, -0, -0, -0, -0, 0.12, 1.04879
0.32, -0, -0, -0, -0, 0.13, 1.07361
0.32, -0, -0, -0, -0, 0.14, 1.09633
0.32, -0, -0, -0, -0, 0.15, 1.11182
0.32, -0, -0, -0, -0, 0.16, 1.14424
0.32, -0, -0, -0, -0, 0.17, 1.15848
0.32, -0, -0, -0, -0, 0.18, 1.15996
0.32, -0, -0, -0, -0, 0.19, 1.16824
0.32, -0, -0, -0, -0, 0.2, 1.16715
0.36, -0, -0, -0, -0, -0.2, 1.0645
0.36, -0, -0, -0, -0, -0.19, 1.03395
0.36, -0, -0, -0, -0, -0.18, 0.999822
0.36, -0, -0, -0, -0, -0.17, 0.966682
0.36, -0, -0, -0, -0, -0.16, 0.946559
0.36, -0, -0, -0, -0, -0.15, 0.923139
0.36, -0, -0, -0, -0, -0.14, 0.898757
0.36, -0, -0, -0, -0, -0.13, 0.887126
0.36, -0, -0, -0, -0, -0.12, 0.869976
0.36, -0, -0, -0, -0, -0.11, 0.862515
0.36, -0, -0, -0, -0, -0.1, 0.869272
0.36, -0, -0, -0, -0, -0.09, 0.871166
0.36, -0, -0, -0, -0, -0.08, 0.864909
0.36, -0, -0, -0, -0, -0.07, 0.851924
0.36, -0, -0, -0, -0, -0.06, 0.838648
0.36, -0, -0, -0, -0, -0.05, 0.85656
0.36, -0, -0, -0, -0, -0.04, 0.858914
0.36, -0, -0, -0, -0, -0.03, 0.842867
0.36, -0, -0, -0, -0, -0.02, 0.843147
0.36, -0, -0, -0, -0, -0.01, 0.861411
0.36, -0, -0, -0, -0, 3.1225e-17, 0.865003
0.36, -0, -0, -0, -0, 0.01, 0.885553
0.36, -0, -0, -0, -0, 0.02, 0.883403
0.36, -0, -0, -0, -0, 0.03, 0.936542
0.36, -0, -0, -0, -0, 0.04, 0.960665
0.36, -0, -0, -0, -0, 0.05, 0.9878
0.36, -0, -0, -0, -0, 0.06, 1.01516
0.36, -0, -0, -0, -0, 0.07, 1.03736
0.36, -0, -0, -0, -0, 0.08, 1.04508
0.36, -0, -0, -0, -0, 0.09, 1.05811
0.36, -0, -0, -0, -0, 0.1, 1.07197
0.36, -0, -0, -0, -0, 0.11, 1.08695
0.36, -0, -0, -0, -0, 0.12, 1.09119
0.36, -0, -0, -0, -0, 0.13, 1.08439
0.36, -0, -0, -0, -0, 0.14, 1.09849
0.36, -0, -0, -0, -0, 0.15, 1.10964
0.36, -0, -0, -0, -0, 0.16, 1.13248
0.36, -0, -0, -0, -0, 0.17, 1.16026
0.36, -0, -0, -0, -0, 0.18, 1.1629
0.36, -0, -0, -0, -0, 0.19, 1.1669
0.36, -0, -0, -0, -0, 0.2, 1.16879
0.4, -0, -0, -0, -0, -0.2, 1.06094
0.4, -0, -0, -0, -0, -0.19, 1.02595
0.4, -0, -0, -0, -0, -0.18, 0.99795
0.4, -0, -0, -0, -0, -0.17, 0.979491
0.4, -0, -0, -0, -0, -0.16, 0.956765
0.4, -0, -0, -0, -0, -0.15, 0.932212
0.4, -0, -0, -0, -0, -0.14, 0.920053
0.4, -0, -0, -0, -0, -0.13, 0.905378
0.4, -0, -0, -0, -0, -0.12, 0.87645
0.4, -0, -0, -0, -0, -0.11, 0.898597
0.4, -0, -0, -0, -0, -0.1, 0.903711
0.4, -0, -0, -0, -0, -0.09, 0.890709
0.4, -0, -0, -0, -0, -0.08, 0.872086
0.4, -0, -0, -0, -0, -0.07, 0.837417
0.4, -0, -0, -0, -0, -0.06, 0.823089
0.4, -0, -0, -0, -0, -0.05, 0.839474
0.4, -0, -0, -0, -0, -0.04, 0.834958
0.4, -0, -0, -0, -0, -0.03, 0.864241
0.4, -0, -0, -0, -0, -0.02, 0.908599
0.4, -0, -0, -0, -0, -0.01, 0.893318
0.4, -0, -0, -0, -0, 3.1225e-17, 0.909864
0.4, -0, -0, -0, -0, 0.01, 0.906326
0.4, -0, -0, -0, -0, 0.02, 0.918098
0.4, -0, -0, -0, -0, 0.03, 0.916473
0.4, -0, -0, -0, -0, 0.04, 0.96138
0.4, -0, -0, -0, -0, 0.05, 1.00463
0.4, -0, -0, -0, -0, 0.06, 1.04729
0.4, -0, -0, -0, -0, 0.07, 1.07205
0.4, -0, -0, -0, -0, 0.08, 1.06758
0.4, -0, -0, -0, -0, 0.09, 1.07429
0.4, -0, -0, -0, -0, 0.1, 1.09311
0.4, -0, -0, -0, -0, 0.11, 1.09757
0.4, -0, -0, -0, -0, 0.12, 1.10178
0.4, -0, -0, -0, -0, 0.13, 1.10734
0.4, -0, -0, -0, -0, 0.14, 1.10005
0.4, -0, -0, -0, -0, 0.15, 1.10953
0.4, -0, -0, -0, -0, 0.16, 1.13079
0.4, -0, -0, -0, -0, 0.17, 1.14836
0.4, -0, -0, -0, -0, 0.18, 1.15725
0.4, -0, -0, -0, -0, 0.19, 1.17104
0.4, -0, -0, -0, -0, 0.2, 1.17808
