-2.869647911835457421e+00
5.036828686923350062e+00
-4.544603106893035260e+00
-4.501840980059704123e+00
-4.638611965047189756e+00
-4.503896968275057588e+00
2.132644710552749601e+01
-1.055036525042801543e+00
-1.096914151829217587e+00
-1.100057231682114889e+00
-1.087308300270269257e+00
-1.066669356265421698e+00
-8.731269080259167481e-01
-1.114850333288273987e+00
-7.027242715935670958e-01
-8.122432343627394857e-01
-9.555586779346896265e-01
-9.299898180343504350e-01
-1.298891396008187371e+00
-9.898751191815833295e-01
-1.166172793249600659e+00
-6.630385682804771363e-01
-7.163876727311091486e-01
-7.911385974077447258e-01
-7.214737770588044441e-01
-5.186412781399241112e-01
-7.406303721301128462e-01
-2.595735791305457951e-01
-1.563776740209448235e-01
-4.042937550572247574e-01
-3.425499953074151449e-01
-7.114237168091435137e-01
-5.696499303866815467e-01
-1.332938115035844362e-01
-5.400530753108157000e-01
-3.745985476453910223e-01
-5.074271873647546727e-01
-5.361657044229914959e-01
-2.978750320101184457e-01
-6.610084527698347756e-01
-5.166993944692421792e-02
-9.673930271449791007e-01
-1.310464077457567100e-01
7.986766233664610581e-02
-2.473484047582132916e-01
-1.024221393822294601e+00
3.015967399892005574e-01
6.730256590433896235e-01
4.937775009893385914e-02
-3.277928597654664600e-01
4.461645838125463115e-01
1.769104097261475772e-01
2.298268417698068333e-01
-3.851560793646342518e-01
8.056767523912355955e-02
1.520890355364130642e-01
1.142341542504468066e-01
-4.666484529861065766e-01
2.560552653512715438e-01
2.028513738660819854e-02
4.423522945962332642e-02
-2.433290227441915476e-01
4.490967569986992203e-02
2.840138940870460260e-01
-3.151841318471326758e-01
-5.363204659732403456e-01
-2.817598976535009569e-01
8.731307762474926903e-02
-4.908363687947314702e-01
-1.161543834554692012e+00
6.770897369842643343e-01
-5.077496282961320162e-01
-1.373466947375447944e-01
-8.872104737727326551e-01
-2.171976692509076656e-01
3.030678964550901355e-01
-3.718112444933510119e-01
-1.140497327205231670e+00
-9.429157901617912785e-02
3.781940799201635173e-01
-2.806717347420999431e-01
-1.179366804275261416e+00
-3.000190972922851529e-01
1.060966960075376164e+00
-7.438551230563916761e-01
-6.805362828192542679e-01
4.759418600450473491e-01
8.077217838685584184e-01
-1.085791917297171949e-01
-9.156056570229296199e-01
2.345440464347703369e-01
3.104944738329180609e-01
-6.040197276675485227e-03
-8.063705940330052613e-01
6.260560804344095231e-02
4.489421131336612802e-01
3.027372644356560727e-01
-6.305517300547691661e-01
5.725796517380530304e-01
1.012927981806321043e+00
8.415243603293731667e-02
-1.430084443771661995e-01
4.332268511049477411e-01
8.089564754148597103e-01
4.428772029636931507e-01
-2.781744503583709616e-01
4.543462679408492022e-01
6.426706537740471958e-01
2.755322574517933276e-01
-1.600424019301271983e-01
4.617645152889764404e-01
8.460068969701737274e-01
3.901145605813667316e-01
5.012907647336746209e-01
6.977891151636868017e-01
6.758281683272713281e-01
2.265809768721922524e-01
4.983506702521651732e-01
6.133281724647829947e-01
5.543061733144298842e-01
1.412163459860394710e+00
8.997056887112862000e-01
1.277285554461052186e+00
1.404274773670586285e+00
1.515057089141158997e+00
1.438692326966972246e+00
1.683243392770741309e+00
1.541459263715005079e+00
1.775599062021633756e+00
1.566311560582946072e+00
1.518345528180525150e+00
1.480944797040677940e+00
1.678114183697015704e+00
1.360831433416727521e+00
1.149856821236284077e+00
-2.082360827475152476e+01
7.261469388908189160e+00
7.758250812013596232e+00
-1.544670302299724796e+00
9.535326302899473916e+00
-4.019717395969813367e+00
-2.959755565800882948e+00
3.074811088765173395e+00
-5.252559476971189412e+00
-4.553478294314494690e+00
-4.216831279144415134e+00
-2.686534431425585012e+00
-2.717763101041668961e+00
-1.016611595910624999e+00
5.850416515418928043e-01
1.222441630013776148e+00
1.167029275979821534e+00
7.606304343294283399e-01
7.406207180698132220e-01
4.414734720845174820e-01
2.188056084835494630e-01
-2.741064087624778267e-02
-3.919285148824158682e-01
-8.279556742376144030e-01
-1.800199700364515820e+00
-2.407210170687356765e+00
2.268022408931766165e+01
-7.537312828174478341e-01
-7.983188727153773812e-01
-8.062572244024792667e-01
-9.095153380325982084e-01
-8.200958637367925519e-01
-8.029524359766284647e-01
-7.254078882758889790e-01
-4.965667944873182194e-01
-8.977942167334234114e-01
-7.623121728388539964e-01
-7.562136684167626299e-01
-1.011827411625780826e+00
-5.401380543281959490e-01
-8.268002480714145008e-01
-5.293533402827534928e-01
-8.969457470751365236e-01
-4.492506064927326292e-01
-4.751363014852998390e-01
-6.036817634747606576e-01
-6.598363090179901747e-01
-6.732244750379479115e-01
-5.561292939600974705e-01
-2.393586121677842016e-01
-4.529236810334325014e-01
-5.910783720048513601e-01
-5.481749066849559426e-01
-2.030259920392651907e-01
-5.626176585507280947e-01
-5.153707562247191731e-01
-4.204332070046916670e-01
-2.228532525051036828e-01
-6.087738293114455246e-01
-3.866765908158456000e-01
-3.598879480937284825e-01
-2.492518863255810402e-01
-4.625660299427494238e-01
-6.192176694566597916e-02
4.063332753943100784e-01
2.912560689363274946e-01
2.352155568890523796e-01
-1.318399260421969643e-01
-4.282533790274527519e-01
-8.237615702275746798e-02
-3.465999315291199423e-01
-6.436213512618849109e-02
-3.340466486826727532e-01
-2.694422154509510392e-01
-5.896058595511277645e-02
-1.576020946814509216e-01
-2.785937909238427324e-01
-2.183183704872249109e-01
1.600671562833397843e-01
-1.721849612168639965e-01
-8.606175946064098525e-02
-3.002949603151279234e-01
2.420384582327059775e-01
-3.598058518829105878e-02
-1.030081340722617256e-01
1.662274874245213141e-01
3.594410466949966576e-01
3.403736464186266630e-01
2.325859725302876768e-01
2.643857440909442857e-01
2.747410439510602487e-01
3.102991018458212125e-01
2.355187267086193970e-01
3.494695398143718990e-01
5.132712948081064042e-01
3.638839804856246474e-01
3.495095439006377092e-01
3.816126307940805873e-01
4.659071643754160164e-01
5.537246677999831945e-01
5.353831397342148080e-01
9.389493930616481521e-01
4.296741803730839138e-01
7.900383899559457745e-01
1.052106903110171743e+00
8.476824839405097123e-01
8.700878983590811799e-01
1.022096421818694978e+00
1.006260836124255320e+00
1.366796829194413476e+00
9.948252796244361207e-01
9.580189257113786994e-01
7.509423582964700472e-01
8.008547557269523054e-01
5.732126799487957669e-01
3.304260455734393531e-01
2.771839163756517621e-01
2.891013223070864058e-01
4.715930656697402412e-01
3.737224498139575246e-01
2.924233444027315443e-01
4.608581854862840999e-01
3.136012835397998799e-01
1.482056093345462955e-01
8.614795787831397433e-02
8.924199881100491893e-02
1.065208192655688890e-01
-2.640716763875339268e-01
-5.370959747747861002e-01
5.880468414987873871e-01
-5.267245976987595668e-01
-1.232102733236963843e-01
-3.051330688817657233e-01
-1.276528005791490727e-01
-2.802364028341131075e-01
-1.342316796055484929e-01
-3.538949950480763107e-01
-1.608334701107345666e-01
-3.191015721664882676e-01
-9.843059528390796231e-02
-3.844565212731154702e-01
-3.046150777766136741e-01
-1.136337489112655419e-01
-1.907229801598226970e-01
-5.347095408743065548e-01
-1.976579117335681701e-01
-3.129739432278526579e-01
-1.509296594710107797e-01
-2.178567321380953103e-01
-1.554976280514459575e-01
-1.145110752780169605e-01
-1.882899628704350903e-01
-3.729103428938458364e-01
-4.291367017913358950e-01
-7.476362402745024838e-01
-6.583205543518531044e-01
-5.406189212037304515e-01
-4.331395108775168978e-01
-5.860884145189331207e-01
-8.103100677048615808e-01
-5.449070542349261359e-01
-6.987902761685660380e-01
-7.649778108642522056e-01
-6.271179197516119075e-01
-8.332803504097157088e-01
-4.957385846296276100e-01
-8.756444445802955556e-01
-5.937050287358403011e-01
-6.039950080766658402e-01
-3.504871537844991281e-01
-6.447869631703824211e-01
-6.236336969164781863e-01
-6.667756659671297825e-01
-7.732672892901675255e-01
-3.733192278119474850e-01
-5.979705133743138390e-01
-6.232540016234651148e-01
-7.987998609336841582e-01
-5.294089166597828466e-01
-5.714092386986777683e-01
-7.205697242538207092e-01
-4.973169949297826520e-01
-3.751343563334472719e-01
-7.841490671961679482e-01
-4.942741836574171543e-01
-7.936066579572838009e-01
5.339208578172858211e-01
-2.411176993078782971e-01
7.863925928305093294e-03
-5.036755722826242732e-01
2.094948257183659734e-02
-6.728820508138682044e-01
-9.396904020751222220e-01
-8.608637388995177275e-01
1.648588509117132617e-02
-4.322473408597460320e-01
-9.978818674090916829e-01
-6.884914669618993344e-01
6.403024276139035464e-02
-3.681230523445293557e-01
-1.036840513530279395e+00
-8.087593531087904353e-01
3.529252419454849132e-01
-4.132354381091687401e-01
-9.642487384445246335e-01
4.240466410479228898e-01
9.091559770645005756e-01
3.232212028384608971e-01
-7.546131634929551524e-01
-4.922280613018372719e-01
1.098213515131313045e+00
2.721118322958915314e-02
-5.999613501801235316e-01
2.544488637929021024e-01
9.814231043018182277e-01
4.060282350611288393e-01
-4.203360401232743015e-01
-2.580961689611029897e-01
1.112943154423874148e+00
6.021219332001663815e-01
-4.135021885602583325e-01
-2.458562469560519048e-01
1.242404105934213021e+00
6.002850152380361237e-01
-4.624592726985525815e-01
-7.397844063433467454e-02
9.637953415761444376e-01
6.297990608108250399e-01
-2.220211481899951877e-01
-3.990126540426501833e-01
1.177226905998871587e+00
5.388458189625140449e-01
-1.367883980409914102e-01
-8.036873429432276339e-01
1.891311096390182911e+00
-1.886691620625668975e-02
-2.628261347856266639e-01
-9.318574826893240015e-01
1.816049335746001248e+00
-2.925910043851516207e-01
-2.745978393679422425e-01
-3.902142359572735586e-02
8.667866508043005069e-01
3.766492263006924190e-01
1.995762599904082890e-01
-4.473109129910426418e-01
6.283066244138169054e-01
5.284329096930235892e-01
2.043729124349837889e-01
2.229721087448979233e-01
1.042751819627625309e+00
8.451824399838159252e-01
5.718068493818293518e-01
2.682125475915739798e-01
1.172590428611755442e+00
6.601529574706006542e-01
7.458523751928041179e-01
5.585754267257598826e-01
8.518626329509260131e-01
6.255815244431346400e-01
6.184471653092629140e-01
8.069080808764397261e-01
6.142552266239462710e-01
5.836085442043881244e-01
7.896471422938518003e-01
9.718423810091891824e-01
8.069349014287467980e-01
9.682445084502901977e-01
1.064164895290076629e+00
1.144076382895576671e+00
6.983143159294726843e-01
1.012041086443744575e+00
9.634034936101585345e-01
1.182306387815614812e+00
1.141770041256801704e+00
1.040393301937946546e+00
1.037045019539249324e+00
1.131980557276413890e+00
1.202814616441589379e+00
-2.184412171022884053e+01
2.874553644201128577e+00
1.141124084746770961e+00
1.275435270101120011e+00
2.457126022832291312e+00
3.567378672452200306e+00
4.725733321505245499e+00
6.239553755324664053e+00
-2.307642648851274458e+00
3.623363714510684730e+00
-4.932351507246039546e+00
-2.616928994239479778e+00
-3.185385665901783625e+00
3.558262229225622519e+00
-5.724676564889595198e+00
-5.369163580247182210e+00
-5.214276478546608473e+00
-5.126191622536325099e+00
2.430533029767395803e+01
-1.120340612264115521e+00
-1.041799853553921906e+00
-1.072444748638552880e+00
-8.596701568065583388e-01
-6.198507657598284482e-01
-6.849355119509468182e-01
-1.497204329467649586e-02
-5.194857227720461879e-01
-5.963768957564425932e-01
-7.649387987624720608e-01
-1.084495486016237464e+00
-9.040589795627056446e-01
-4.828189582859110374e-01
-5.122091403734998494e-01
-3.889847272200555039e-01
-6.145263541145880026e-01
-5.314931127084676632e-01
-3.903694516042719442e-01
-1.127941288541336462e-01
-1.695441189812996186e-01
-4.697405438935078337e-01
-2.655603938275419296e-02
-7.678798532570070279e-01
-7.954920576786150832e-02
-9.666012644746544424e-01
-6.027680961154047168e-01
-6.809450531555043540e-01
-5.252170304293883873e-01
-1.017809030043984819e+00
-3.156445930219788920e-01
-4.231479806600972893e-01
-9.066116021350580922e-01
-5.822900127750259003e-01
-7.728258668188061620e-01
-5.454311480199720563e-01
-6.253432016073787736e-01
-5.381650371420576562e-01
-1.209479397193788941e+00
2.157840452799817399e-01
-6.772562951539455867e-01
-5.303118427584578853e-01
-6.074153424867745343e-01
-2.921348247146653421e-01
-4.249502252026715610e-01
-5.979038265627494297e-01
-9.974626520018219367e-01
1.360760544700596597e-01
-2.344874728689418930e-01
-7.646134255626577669e-01
-9.693722260553485626e-01
3.093095054574774849e-01
-3.127429691938488077e-01
-9.903106058318940086e-01
-7.931899523660419504e-01
2.595484881735856675e-01
-7.381403972132716262e-03
-8.052400075468568730e-01
-8.637025852535913373e-01
5.216709798650640550e-01
-5.473881914065259480e-02
-8.312860699098152395e-01
-7.683053327206792460e-01
3.570791853821333461e-01
4.908553263715518256e-01
-4.067004855732534452e-01
-5.155705578793430277e-01
1.195853051069605044e+00
7.021676613181142557e-01
-7.663542002515626450e-01
-3.705292009525820163e-01
1.032180371083100567e+00
3.883907219147602063e-01
-3.418673623346535351e-01
-5.952022813634769705e-01
9.493895902239586349e-01
3.972827500089479713e-01
-3.720938117714425175e-01
-1.999764949356332977e-01
7.098558835122545929e-01
4.972919421052424127e-01
-5.173380212036065018e-01
-2.306034114466157803e-01
8.159307491684089086e-01
4.922846488245014029e-01
-3.822591718596370924e-01
-2.169762050113277496e-01
5.504196244627763690e-01
5.279958262013551007e-01
-6.086328576232418186e-01
-6.489614013018822902e-01
5.176229781199808144e-01
2.039505876011489249e-01
-6.272383407057304794e-01
-6.513311870512197288e-01
4.576826750007683131e-01
4.377275314764261793e-01
-6.020955658938618171e-01
-6.011281610123901942e-01
8.594722763696438506e-01
4.419270037010107899e-01
-6.190287793341724409e-01
-2.659398672525341567e-01
5.111139118334406817e-01
5.658032172181037822e-02
-1.930659129275156261e-01
-8.323016661700748386e-01
7.632244453076282298e-01
4.713951172209860374e-01
-4.301573863739420744e-01
-9.836752914435962225e-01
9.753934566514388393e-01
7.677044596281206168e-01
-3.810109593331318933e-01
-5.445431982737005683e-01
1.091128583442426248e+00
8.189375358541965966e-01
-1.411301328693355117e-01
-8.951219150757339094e-01
1.544134850729491859e+00
4.546039918429158888e-01
2.605407865966213876e-01
-5.732241059261156124e-01
4.503878326421784095e-01
6.486669959217792325e-01
-3.003730122377135103e-01
-7.664154267399396758e-01
5.632884820306003348e-01
4.443527072697861513e-02
1.313294165106455580e+00
-1.613098613998012354e+00
8.181786625859359674e-01
4.988612210446277118e-01
-3.094800294952904096e-01
1.156349493985473487e-01
-2.619850960573586462e-01
6.239600649386787268e-01
-3.469352114988950575e-01
-6.849366148740543281e-01
5.617508598811866705e-01
1.960055864065992637e-01
-2.603859933411740712e-01
-8.994149526273460538e-01
6.900949553008501880e-01
3.751625810069043609e-01
-2.520773206119812926e-01
-4.025644333202649250e-01
7.684312321716717520e-01
3.915425542383488278e-01
-2.840904822335232893e-02
-3.205557138187771216e-01
5.453019558171661174e-01
6.199245471938468199e-01
1.049334233418264262e-01
-3.455706283089483577e-01
5.897075588165634485e-01
5.865006009578479507e-01
1.878710790103710337e-01
-3.423884295472632289e-01
4.325258817287362945e-01
8.686895081690764187e-01
2.558787958843851129e-01
-1.565071326805949070e-01
6.084286934768670108e-01
7.334142435198103271e-01
3.707113175281833151e-01
2.841216837165205789e-01
6.081844199371246873e-01
6.086906078419360711e-01
4.843359170824328430e-01
1.768805578049423843e-01
6.299151585578428580e-01
6.747825875649766658e-01
7.344331140606854547e-01
5.547099280957965561e-01
4.928295245828806515e-01
1.084564864146230434e+00
1.096267274096156541e+00
1.467420520453288191e+00
1.027097774349016390e+00
1.467651456281714673e+00
1.543858979947756893e+00
1.534828959192786613e+00
1.349735556188250030e+00
9.293682081893379632e-01
1.254258865290967861e+00
1.099607648445449115e+00
1.166009006292860306e+00
1.537728451550716358e+00
1.167837200994597424e+00
9.232552722961280267e-01
5.879449292576559571e-01
7.543341255608204676e-01
-2.203514991950261148e+01
4.378052598794667460e+00
4.073077191888984316e+00
3.775674851005867083e+00
4.581589539797811028e+00
1.895795014459501715e+00
8.813114555830452446e-01
1.485099896310448031e+00
-9.082017320664728999e+00
2.473124318011663547e+00
-1.401252599170469182e+00
7.797427306179365303e+00
-3.356544251802031198e+00
-4.178959128959821356e+00
-4.342530901683957723e+00
-3.901763901194016171e+00
-3.769835257415856233e+00
-3.140519311730223251e+00
2.273954959949575994e+01
-6.895550290265788362e-01
-1.128304291727353359e+00
-9.150556144968255978e-01
-7.285156584223067000e-01
-3.780673612529774630e-01
6.605180954729661380e-02
-9.602532473474987285e-01
-4.105837881704985648e-01
-7.298057501076016251e-01
-1.773670694248323798e-01
-1.397746918621471934e-01
-4.219934185609197641e-01
-4.425443143542864277e-01
-4.491195615415293219e-01
-9.820949030379253486e-01
-9.317698526052282659e-01
-5.361285783299862828e-01
-5.664760310452621184e-01
3.332772464317912409e-02
-8.326057797440284958e-01
-4.201977863082078102e-01
-2.957611428990389868e-01
-8.198776467434072401e-01
-5.831441719123660050e-01
-6.912233770179412318e-01
-5.862939100181066010e-01
-6.284134892096986391e-01
-8.773046691504546857e-01
-4.885947267804979788e-01
-5.016074431799921740e-01
-6.473039322389197991e-01
-6.470635976371141851e-01
-7.404882558794838587e-01
-6.313557900403168333e-01
-5.148471058152637170e-01
-6.412523460234069717e-01
-4.978740723738752649e-01
-8.357851095344983605e-01
-4.736832900560798976e-01
-6.154322303077108813e-01
-8.461533227877993113e-01
1.045250475760468589e-01
-1.084120533714958867e+00
-1.092727707950587046e-01
-7.294781464909689817e-01
-9.463403543553781105e-01
-5.773150574329335427e-01
1.868194805306302442e-01
-4.829962303477159935e-01
-8.785963422641245302e-01
-3.038266787826060522e-01
3.026197496174489743e-01
-5.086781264521391677e-01
-1.126233483825920700e+00
6.729333361914768830e-02
9.267026820439951962e-01
2.441275897517769522e-01
-1.155230616446452530e+00
9.573376504316328806e-01
7.576571129892926137e-01
5.325486513022710255e-01
-4.231635355466778492e-01
5.798602541125887910e-01
4.475881188139041456e-01
4.857630500969065679e-01
-3.991126045782706910e-01
2.680218337329165479e-01
1.078811151261113821e+00
3.133361229165814166e-01
-4.349682443872922022e-01
6.967239162785219264e-01
5.234003471070636238e-01
3.038802007447003461e-01
-1.032444494406590252e-01
3.074298356924884956e-01
5.996433935220721878e-01
2.703949021819482823e-01
8.534438356285534155e-02
-1.111888757100985003e-01
8.804948194581498910e-01
2.228607377906328679e-01
1.406594918097709979e-01
6.014650952620783642e-01
7.374411144963488596e-01
9.575062938031990711e-01
5.428090751010614667e-01
8.550360486738881605e-01
8.555841413839786469e-01
9.303872033902464977e-01
9.142354911266821205e-01
1.532114082297717061e+00
7.748394830193632288e-01
1.231416479950851794e+00
1.004619428765685996e+00
1.237225125511073998e+00
9.770940559283758375e-01
8.699737269000635820e-01
-1.426984022913302397e-03
8.581239974007672799e-01
-1.479915486782346079e-02
4.426745313500077827e-01
3.060575085350691893e-01
5.060866945611550705e-01
3.330796106976343651e-01
8.260493444976226840e-01
7.350171162751450993e-01
9.528755065329690410e-01
9.125946028374620766e-01
9.297500995431349224e-01
9.947950739666637787e-01
1.114438706006154689e+00
1.092458684729866292e+00
-2.046392421238837045e+01
4.397573247435254018e+00
4.860958676989625360e+00
4.400342310382857391e+00
3.593703458704947451e+00
2.608861445621187158e+00
-8.206548092278055151e+00
4.007373734112213981e+00
5.306954624143290999e+00
-2.953714829232875871e+00
1.898063576058465429e+00
3.581442977432480745e-01
-3.880767018395946621e+00
3.939295800930040059e+00
8.339862547199707876e-01
-2.504818248471057274e+00
-2.973153679267390714e-01
-3.420851333280587880e-01
-5.712867951287847745e-02
-8.942543762845016175e+00
6.251094704761221976e+00
-5.132945193820681595e+00
-5.303990544710806887e+00
-5.041540323283456360e+00
-4.853602747718419153e+00
2.300359497476814141e+01
-1.038473007445038121e+00
-1.045394394254760329e+00
-8.343056840262477181e-01
-9.362709893129235184e-01
-7.956627224393066911e-01
-7.784136905469800638e-01
-2.527046354760713598e-01
-3.144075208177881109e-01
-3.560448836338423462e-01
-4.607574489558885489e-01
-6.796911737344544235e-01
-1.953238382740352108e-01
-3.161746630357811227e-01
2.544742786054854378e-02
2.040421855692216013e-01
1.762434359704982967e-01
3.134537223050841703e-01
2.813721669403648207e-01
2.237345393064202881e-01
6.421464873687199315e-01
8.228919510224415035e-01
1.029918923799975516e+00
1.154961039730629579e+00
1.026969179505364593e+00
8.148473637820892179e-01
1.918666990535484729e-01
3.220323316218696164e-01
1.998971689882402814e-01
2.588919657959820597e-02
2.508459132243601175e-02
-1.886134904879988028e-01
-9.840042225768286244e-03
-7.172296250594456524e-02
-2.840783585345860729e-01
-2.786605332221192555e-01
-1.812271830304936771e-01
-4.193937350856167257e-01
-4.383732871181074131e-01
-2.855972307773271268e-01
-3.475439407233977818e-01
-2.418637853742069410e-01
-2.572504949767484561e-01
-1.681812140266814026e-01
-2.923981559211732417e-01
-3.845831942863071617e-01
4.653489078391714884e-02
-3.597477764345455853e-01
-1.944897804968164223e-01
-1.731069989234761408e-01
-3.259543573025922569e-01
1.736305095175261215e-01
-7.360709951509143423e-01
-6.698407867302691443e-01
-4.473981307191650103e-01
-1.000882238595067975e+00
-3.557118825151235342e-01
-7.016692115983005351e-01
-1.747555563377005683e-01
-8.696035132603086026e-01
-4.870287073402082001e-01
-2.356048935615717710e-01
-5.316946441890380015e-01
-6.129708077470112926e-01
-3.813911649630625789e-01
-8.574867443651044141e-01
1.026937030388879180e-01
-5.919371054540718546e-01
-6.887178541102230156e-01
-8.570267831890561183e-01
5.410642164923586961e-01
-1.171714899220141604e+00
-4.149431752155408049e-01
-1.357005674224950553e+00
1.452014317184534775e+00
-1.252796729149643795e+00
-3.542433322121496531e-01
6.866757905513765081e-02
3.100593934665525353e-01
1.839900412149546582e-01
-1.718203904769382007e-01
3.127106315458476615e-01
4.409143001120696681e-02
8.208273799251486480e-02
-4.139967671807909255e-02
-2.298827280471513745e-01
-1.970715028814140624e-02
-6.115416447600381389e-01
-7.937412292249490520e-02
-1.234178010203805798e-01
-1.085126379668395202e-01
-1.061138333882780671e-01
-2.916296655711789754e-01
-3.056505707744818778e-01
7.164416649751359500e-02
-3.071606287248371814e-01
-3.026839723451004716e-01
-4.788147631112167346e-01
-3.777895564959266039e-01
-2.682649922640010232e-01
-3.598235826831270856e-01
-5.624344416104776201e-01
-4.381806782092567687e-01
-1.602199164463797842e-01
-2.197447632588875877e-01
-7.449093403514623901e-01
-2.720708213672580200e-01
-1.775775162377684069e-01
-5.256253191761359744e-01
-3.548155681892026792e-01
-4.679995001329118054e-01
-4.807917656915350335e-02
-2.840023340590605017e-01
-8.110332694949988763e-01
-5.592438748004653348e-01
1.300262519859529675e-01
-1.187500713970521815e-01
-7.073114565002285303e-01
-3.452470215455321068e-01
2.483492448560298271e-02
-6.340086998702787469e-02
-9.668832898950654453e-01
-5.014837963404090715e-01
5.495106867744539159e-01
-3.211919990066505193e-01
-7.454479748201094935e-01
-6.111971771675541731e-01
4.658581754570789712e-01
2.460395868751064086e-01
-2.340628000424018751e-01
-2.429678374204655711e-01
7.135325022342584589e-01
3.125188727968293279e-01
-8.585449184386959587e-01
-4.884473798816912904e-01
4.175631419293708291e-01
-3.805564171174538046e-01
-1.116609824107584359e+00
-9.799075008645488083e-01
3.564581301845493044e-01
-1.868387810197873478e-01
-1.414251388087230055e+00
-4.446320687684561790e-01
4.947631654166357862e-01
-1.567557742164495949e-01
-1.180268817587723618e+00
-5.532691706247803154e-01
6.320637687811014871e-01
3.957202171987361794e-01
-1.101027072572229315e+00
-7.079333035035944022e-01
1.590348994247605674e+00
-4.367312004173129480e-02
-9.245955850165898937e-02
-6.521022381935068779e-01
1.451517417938106291e-01
4.913739043201772461e-01
-8.930353181133199314e-01
-4.673917719676765614e-01
6.087456758769391740e-01
7.461820706608079945e-02
-1.174473522949810445e+00
-4.045701280935176669e-01
6.811950325158022679e-01
2.144766161529361170e-01
-9.551914847858782309e-01
-7.021779827163143750e-01
1.421803739103786768e+00
-2.752826675964712422e-01
-1.041612915145854856e+00
-3.504731856064893236e-01
6.134227982875302132e-01
3.352515050122235607e-01
-9.039237777302133736e-01
-5.205103604496059688e-01
6.125602452391376573e-01
4.880643551578600636e-02
-6.881811317665835759e-01
-5.807513800600787590e-01
2.352251767577939745e-01
-2.670819223330624936e-01
1.007333204885014766e-01
-1.683504922026912709e-01
-3.904846193360356210e-02
-1.800361815630537876e-01
-1.059820356667415808e-01
1.001837580723758947e-01
7.643130930109975907e-02
2.900632183302462863e-01
2.835203899846305831e-02
4.496916811119575641e-01
1.806604838193948126e-01
8.668520973509430405e-02
8.134985505017766627e-02
1.172942205201366050e-02
2.216861943038423988e-01
7.721868789481334261e-02
-1.436075134921566132e-02
-9.055725485059440416e-02
4.506712220020432369e-01
1.032804277307810992e+00
-2.153197441789345135e-01
-7.244589587757701565e-01
9.526429523101782593e-01
5.000259710035805938e-01
-5.452333380562706111e-01
4.657520577899987302e-02
7.626131542380392148e-01
2.542580269492447087e-01
-2.759429862722413418e-01
-5.867494267189172774e-01
1.121560344767146944e+00
3.936983851352948705e-01
-2.165961046373112708e-01
-6.341031646585761905e-01
9.508295878069361606e-01
1.028039438600636402e+00
-2.707321113262537438e-01
-5.726706115193991309e-01
9.759184958800233289e-01
1.011191141178755970e+00
-3.914545779174360973e-01
-3.258451208728629922e-01
2.902924314516042159e-01
1.419305892030010341e+00
-5.676824262275061983e-01
-3.793148676200530645e-01
8.989573588393966475e-01
5.059139614716201550e-01
-1.054812888926122127e-01
-3.839643606210856319e-01
3.682621163126498232e-01
8.662872623658586235e-01
1.720407331187985278e-01
-9.700406873559686005e-01
7.883372661851382190e-01
1.023456320931288133e+00
-2.558825669733124641e-01
-6.023009413020403713e-01
8.299345189595541683e-01
8.626839254922344935e-01
-5.974260035222300758e-02
-7.893721030020444118e-01
7.583434855127606511e-01
8.300810237298250627e-01
-1.889857507249530499e-01
-7.547034443828621875e-01
4.485782069759096657e-01
2.659884445537130659e-01
-5.312112046915729024e-02
-9.642599086322860558e-01
1.601481146996803773e-01
6.083216286218302571e-01
-5.363549826202529403e-02
-9.854103992515987898e-01
1.005975417986419984e-01
7.654886227884674099e-01
-9.180356732470329462e-02
-4.475346427659516735e-01
5.617050957908276132e-01
9.427303801645408043e-01
4.214877919813631024e-01
-5.761116731697057958e-01
-3.932585753309609800e-01
2.433679686018351163e+00
-6.106933233133560179e-01
-6.664255304839628025e-01
4.399146157869395779e-01
5.700615039203427159e-01
3.263596492114118064e-01
-6.900868463589091562e-01
2.951024169394358410e-01
4.812214090944451073e-01
-3.061949783602102571e-02
-4.315612743370422777e-01
9.957687195869624475e-02
4.027945082653729969e-01
1.838216066830398177e-01
-7.205196366916482020e-01
6.221558687988419933e-01
6.092639471956289299e-01
4.596866009664708486e-01
-2.656924347346887316e-01
4.142410704113004272e-01
9.449085312878651166e-01
2.324400934293606724e-01
-6.092331720514465587e-02
2.793332622584756564e-01
7.801525561282147692e-01
1.667210386255959520e-01
2.066444780888332389e-01
3.275756048171842849e-01
4.574739194431316491e-01
5.602120217702051264e-01
3.200175995785699001e-01
4.175698343924167943e-01
8.197350395968854286e-01
2.141271911958071428e-01
5.004460781377488843e-01
3.923009103524321972e-01
3.526429539773090482e-02
8.887295759719791022e-01
3.883854019322399154e-01
3.202186562505318079e-01
3.891459428587751290e-01
5.862505162428206518e-01
3.570800222991294959e-01
6.171017203590025701e-01
2.867939385092341809e-01
3.582555017982045342e-01
3.976971469500298895e-01
3.015744492291219103e-01
4.103796200588050169e-02
4.942630087258024218e-01
4.340506491212465789e-01
7.765812604438764311e-01
1.202439034226756576e-01
5.742042444774639876e-01
4.920940987420650004e-01
9.041223237689450798e-01
4.704418859484889026e-01
6.449774999597863712e-01
1.014820363706093076e+00
1.047782386451345360e+00
1.047066964661855337e+00
1.283331257486587162e+00
1.093290771293627728e+00
1.161577603247575752e+00
1.238436024781737643e+00
1.163908103014644979e+00
-2.155160603381242268e+01
5.890562488583398704e+00
5.068071637579571131e+00
4.255008401106071148e+00
2.262523849728491854e+00
1.513285438280803419e+00
1.811779430738077679e+00
1.783439599970154887e+00
-7.896063029098609576e+00
8.742319412450445526e+00
-2.536779572639961344e+00
-2.767221187195687548e-01
-7.824907727119033041e+00
4.199912135941140434e+00
-5.120410225958465844e+00
-4.806751136862772000e+00
-4.865818987671325146e+00
-4.226644493351869869e+00
2.296444587294908501e+01
-1.104542624837261400e+00
-8.995798382930288994e-01
-9.024037047715403048e-01
-9.438123759866208218e-01
-8.571671579540485197e-01
-7.235581976086962186e-01
-7.983078443687290360e-01
-4.180812522468642101e-01
-6.438860604241440910e-01
-7.580696627431109391e-01
-5.131214187077688393e-01
-7.725971539233711383e-01
-6.647505702921350235e-01
-5.784041995988644658e-01
-4.122356715760560064e-01
-7.006189741136452653e-01
-6.300882467402786347e-01
-9.071685972674075060e-01
9.062284507719198245e-02
-6.164012112998591419e-01
-7.265169555345494246e-01
-9.056918749065019369e-01
2.968882936310208720e-01
-5.165310877464150963e-01
-8.303183945122967202e-01
-1.171676405166842017e+00
1.224644921787060525e+00
-1.366579074607940925e+00
-5.488366385752314613e-01
-5.222898156480226817e-01
-4.198838832727247450e-01
-7.296518956739532769e-01
-2.772696548177648879e-01
-5.447521077288399738e-01
-2.083324388672664895e-01
-6.721924579529030552e-01
-4.235008635383579190e-01
-3.527432010733519974e-01
-8.853239460230355462e-01
-1.862555352103711925e-01
-3.506750490193795144e-01
-4.738935107587636253e-01
-8.026043758432592767e-01
3.098705281638416409e-01
3.832252894323175951e-01
3.406942282202010119e-01
-2.054294920443453520e-01
1.623466732145715241e-01
2.715270692872664426e-01
-4.354337453393952728e-02
-3.942125738543040825e-01
2.769686450656649868e-02
-2.514201483045042096e-02
-2.486217096123368719e-01
-8.902589659778286091e-01
-5.022560568666989411e-02
3.138842414123885760e-01
-4.363883908282062407e-01
-6.947314363452434804e-01
2.075658047592341404e-01
2.753843615435584979e-01
-3.724885181119077515e-01
-8.536913038513702645e-01
1.792753473543911014e-01
6.718869946055860964e-02
-1.987367632666803274e-01
-7.895194040534931901e-01
4.991478073226502943e-01
5.210266549269491065e-01
1.367887031862125014e-01
-2.880712842096642134e-01
5.435237799218270993e-01
3.779356488679113113e-01
-2.775507195407413974e-01
-6.760931635880282897e-01
1.121604148987600524e-01
3.737999251736425776e-01
-2.298464304802223523e-01
-7.522156766279479712e-01
4.402052584618871833e-01
1.763261573645067415e-01
3.186180897969279613e-01
-4.289913169262504766e-01
2.787302776798625814e-01
5.071833607139879518e-01
1.676682446603550147e-01
-1.736314127960838505e-01
5.029278425655547835e-01
6.094216564592116470e-01
4.157318378283250127e-01
-2.290983727012729787e-02
4.839859252719023175e-01
5.693168423733965255e-01
4.921023522645526782e-01
-4.155953586661098598e-03
3.741120334321621499e-01
4.861963320030824320e-01
5.804508297604726863e-01
3.254294662196386412e-01
6.147475376569602190e-01
1.003061074648122997e+00
4.654009058559580581e-01
9.205689381009420913e-01
9.052425093826528268e-01
1.159221347037941996e+00
1.017359038536831406e+00
9.171012810435428264e-01
1.244666331799223258e+00
7.893960545100711101e-01
1.191160783828031811e+00
9.275135379968872940e-01
1.330547273180563650e+00
9.574633530754610433e-01
1.292213156515593653e+00
1.034036342586709623e+00
2.762849184011372472e+00
1.625747925116396431e+00
2.028605817797334510e+00
-1.899222652177244086e+01
8.623294551987996215e+00
7.900216689054605723e+00
-4.982388478786745623e-01
1.564462481795874993e+00
-3.530991071647335389e+00
-8.346864605927642344e+00
5.819508983899048360e+00
-5.236365019388514952e+00
-4.363610846233093810e+00
-3.523022190587916214e+00
-1.656450781595047772e+00
1.236054167834765849e-02
1.248646296529315691e+00
1.306156595029875689e+00
1.335677345370157809e+00
1.210020966334738546e+00
2.136608443038099381e-01
-2.351115777312102750e-01
-8.327882973133142741e-01
-1.187855880902191075e+00
-1.536523237092190186e+00
2.192659330704083231e+01
-6.761672524920214755e-01
-5.667030783483788525e-01
-6.657375066653195006e-01
-4.512778505498147297e-01
-7.573671843608131837e-01
-9.100125387194069049e-01
-5.707017597284398391e-01
-4.855471553946841823e-01
-8.393806854836469711e-01
-7.705604859399350914e-01
-8.143035476048652299e-01
-7.414310402157262558e-01
-4.476695099669782962e-01
-6.556587266105111667e-01
-6.891529507543481259e-01
-9.355251355087403908e-01
-9.904571283290621864e-01
-6.809946104028270497e-01
-5.664710789389530987e-01
-4.717038671592774790e-01
-6.365373519020423032e-01
-6.207107722947711181e-01
-7.955245282777454463e-01
-2.816780141633401513e-01
-6.111632663002524168e-01
-4.372319858366751077e-01
-3.796883453595327751e-01
-2.052950553122201427e-02
-4.909401346483974748e-01
-5.099997950615104969e-01
-2.037341433145982705e-01
-2.231264932851573235e-01
-3.686746515108083599e-01
-4.123355789362932455e-01
-7.719306873399744973e-02
3.838077377896809139e-02
-7.670841096256708624e-03
-5.785564011037536147e-02
-4.696994476784155381e-01
1.527253848524310342e-01
2.701079485148341064e-01
-3.184970629099481698e-01
1.392496590329983519e-01
2.619790334357006145e-01
2.284786086678280981e-02
2.170360536482434100e-01
1.322724955093477206e-01
2.855933898106854940e-01
3.646577808410214061e-01
-2.503518802688731171e-01
5.562092349629921273e-01
4.848375058048191022e-01
6.740156442185707419e-02
-1.135952931085526529e+00
3.418189783092188350e+00
-1.226601352977063186e+00
3.448159880357621887e-01
-3.513399436866819769e-01
1.646406066357165798e+00
-1.471392845846253294e-01
3.398943110656773570e-01
3.558086935495126113e-01
2.293022028346527463e-01
2.535014816914156199e-01
2.049167553621416005e-01
7.714629867711408906e-02
2.235965850054739690e-01
-4.809252571256195097e-03
3.682060035781020702e-01
1.979215687543529612e-01
2.732982376316996920e-01
2.595426621302650005e-01
3.666084826647519890e-01
1.057855646254068915e-02
3.585760186745901024e-01
1.640628389413123500e-01
2.262120690459568095e-01
-9.614929830645024822e-02
2.263146814038350385e-01
6.292527996190244721e-02
8.661244937961498636e-02
2.448469937251473993e-02
-1.393303637420757468e-01
5.772297906224110875e-01
-1.418513235719132126e-02
-1.506084366426705401e-01
4.077693028673223807e-02
8.884040346033117430e-02
-2.827662775668216000e-02
5.002185252854687292e-01
-9.006933198129729590e-03
2.850934239108866564e-01
4.338948114884288998e-02
1.289778890577650827e-01
1.059730687106110736e-01
6.958099435289710755e-02
2.706166855076332922e-01
1.146912833799476061e-01
-5.868130766539536580e-02
1.723597571021855401e-01
1.617991539384746602e-01
-4.517769175850361307e-02
1.115081415394172382e-01
-1.514898216954918553e-02
1.810704540533762952e-01
4.505021758782845609e-02
6.723821998256340748e-02
6.867835941715583203e-02
1.168793458619177272e-02
1.699354058112447774e-01
-1.710267176746995688e-01
2.625231839394430722e-01
3.414530301249847355e-01
-3.605255600898971124e-03
3.555626435509218197e-01
3.635603979168955391e-01
1.754393151659741079e-01
3.411562924821254228e-02
1.459047356265372741e-01
-1.701375792541526266e-02
-1.133213360059350805e-01
1.835364797186791463e-01
-6.116471490746633322e-02
-1.627276440982292627e-01
7.093185120329081883e-03
-3.400620126362277063e-01
2.921463555055581196e-02
-8.855502280753668742e-02
-1.361458335617022897e-01
1.698850307585750841e-01
-3.051834153906050062e-01
5.322939467983900386e-02
6.068344399321645710e-02
-4.535756314469097106e-02
6.935504186728636000e-02
-4.905611936170117815e-03
-1.070716023938729222e-01
-1.405674257659725868e-01
-1.821747227390453361e-01
-3.051132032895083057e-01
-1.787592533465058864e-01
-1.975475073651367097e-01
-5.961304112752898732e-01
-3.275011133953427134e-01
-6.010516800111531666e-01
-7.287413399780078294e-01
-5.154146525508949139e-01
-2.735438887192316315e-01
-3.081835464912501266e-01
-5.957600496946113822e-01
-5.202497379655852683e-01
-3.264454776289014148e-01
3.660224392152855444e-02
-6.889164771496822937e-01
-2.234301436626111581e-01
-7.184016659169145669e-01
-5.560220974769407576e-01
-9.246299733266525323e-01
-7.611874701916221397e-01
-7.491624135672267926e-01
-5.604407068366157318e-01
-1.040318723277209756e+00
-4.397808361438464431e-01
-9.473183173785244549e-01
-8.461721265410560022e-01
-6.178913887035832886e-01
-8.900686300395150852e-01
-8.096500345180075442e-01
-6.663691026502931436e-01
-4.958244053911116112e-01
-6.148526763427781816e-01
-9.545410258953737070e-01
-5.123103845607275275e-01
-5.150447489621043928e-01
-5.737834659370975032e-01
-1.197376708872511131e+00
-4.938017185695002809e-01
-2.127163257446014200e-01
-4.408454913016512933e-01
-9.433380552101340299e-01
-6.035021928811090675e-01
1.346633248361470692e-01
-5.552512773723847772e-01
-6.762178246738272946e-01
-3.103153767300881327e-02
3.112862205532067605e-01
-1.728662302445940213e-01
-1.207847075749988619e+00
-4.102178781707266353e-03
1.421249688725723104e-01
-4.319774026713929516e-02
-1.472463239421173853e+00
-1.855456140385882691e-01
4.721330675727628545e-01
-4.016982618691926632e-01
-1.367243020501405226e+00
1.056488707296878715e-01
5.643193514314717163e-01
4.098586088493121338e-01
-1.090264736489658048e+00
6.461645329968490614e-01
1.253726852708354045e+00
1.862988136973555697e-01
-8.750835598487540778e-01
6.811983485303727548e-01
1.106790834655328126e+00
2.284790315428111285e-01
-7.360563858968731665e-01
5.478961176517955778e-01
9.970357067459545419e-01
2.420649876127143330e-01
-4.995612404137190765e-01
3.723548761576793709e-01
8.777740583450253098e-01
3.966092169473327544e-01
-3.693913508177502081e-01
6.208845046683819646e-02
1.298164477765908487e+00
6.998036412370822745e-02
-4.394381265847187024e-01
4.129624712488038085e-01
7.299884468944313198e-01
6.892813408122293595e-01
-5.508682577953791792e-01
-7.064573838676579953e-02
9.708980814214314137e-01
4.352186610098414121e-01
-2.458214395169733280e-01
-4.743277605638951400e-02
1.056191092877661220e+00
1.627783477291870895e-01
-8.489353422056211684e-01
1.282498555392521666e+00
4.371635249911207666e-01
1.883348761253671455e-01
-6.241942865572980281e-02
3.709883534670339600e-01
5.200277587285668801e-01
2.676363162967945186e-01
1.717698732743073720e-01
3.530493870754156660e-01
5.387717660978523782e-01
7.615162905608841015e-01
5.879616986299325276e-01
7.196046630430714686e-01
8.191526713195997900e-01
9.289104283603322187e-01
9.607193970818457274e-01
7.929165139563068010e-01
1.047642709755670865e+00
9.777159005830284855e-01
1.057536831348578232e+00
1.078719247592331953e+00
1.049157784493374379e+00
1.246233629712136803e+00
9.179711302401827311e-01
1.256642751624092114e+00
8.896137048861305630e-01
1.080094936506448278e+00
9.833131603526794606e-01
1.070577338616367058e+00
1.504833002363248795e+00
1.003582544387661812e+00
1.345163807420114210e+00
1.239912779639727347e+00
1.343503687434637328e+00
-2.005006430150758234e+01
4.997896853149626395e+00
4.988832625198483584e+00
4.862652357478758347e+00
4.768466875462305410e+00
-3.755220039285951827e+00
3.178806704815116291e+00
-5.182969976660238842e-01
4.204714225316656950e-01
-2.839704140552356648e+00
-5.170634943710783915e+00
4.538259973705983441e+00
-4.777444220935940677e+00
-4.749724242033089183e+00
-4.374679226438537682e+00
-4.837186755275411087e+00
2.188863967118955856e+01
-1.198074322154067062e+00
-1.083985809163664271e+00
-1.015892742036637486e+00
-1.026346629704008251e+00
-1.102296320411547015e+00
-6.007939247611595590e-01
-1.021514654482825080e+00
-9.086781980350053800e-01
-8.479480247978443685e-01
-1.493134691643433598e+00
-1.133893031398741869e+00
-1.026835324582940245e+00
-5.831207581324306943e-01
-8.757242272568817043e-01
-1.109223262802935039e+00
-3.421607475787382668e-01
-6.127717425058847311e-01
-8.604238803761177223e-01
-8.389806973067095441e-01
-4.981525461661391319e-01
-6.037301255798297461e-01
-4.959770407269559200e-01
-3.788842264700278406e-01
-2.666144084113284407e-01
-7.375225847982136429e-02
-2.170135405381756755e-01
-2.106747131146065044e-01
-3.669301370769701975e-01
-2.847584796705646681e-01
-6.673976504497147744e-02
-3.048066353395455508e-01
-4.666568811101683423e-01
-1.814596978803706406e-01
-1.899727170209501992e-01
-6.988996806629330649e-01
-3.976738290511221408e-01
-5.925994804441003794e-01
-2.497173772607155229e-01
-2.108604905597317725e-01
-3.031015396319887145e-01
-6.681032905593937699e-01
2.360050400717739194e-03
-2.408167117954889136e-01
-8.241904282535017501e-01
-1.122921770536109420e-01
1.009761513133540234e-01
2.024465363819416552e-02
-7.942550099618230774e-01
-8.362479677957708191e-01
3.119684679591614440e-01
-7.623049477837184895e-02
-2.444456087011346312e-01
-5.122337572950215190e-01
4.976296646997013795e-01
-4.619115058714839961e-02
-3.934218676111029822e-01
-7.461769920606400319e-01
3.681074221327946816e-01
-4.168385363125608478e-01
-1.680457718640511189e-01
-4.790839337306849188e-01
1.152501830703442920e-01
-4.642453616055775001e-02
-4.855136175808922872e-01
-7.868267274310909443e-01
4.584015117381881055e-01
-1.471369943999718544e-01
-3.766498468364360974e-01
-1.039136559221269351e+00
3.484019399614126655e-01
2.827330168215951289e-01
-5.753598006787967734e-01
-9.886872127084842532e-01
5.968923594995558801e-01
2.402480738639951596e-01
-5.039126349715061792e-01
-1.120288846950174388e+00
5.380070665403025032e-01
2.844328007128495983e-01
-3.791358957188535328e-01
-8.726021826350276456e-01
5.201982041317592120e-01
1.177691474127371407e-01
-6.355047412779768479e-01
-7.800024426339859929e-01
5.058912540749744835e-01
-5.436466541468121250e-03
-5.795742792046780778e-01
-8.512430604464071848e-01
4.167236038302704060e-01
2.195635441179248915e-01
-5.910941302642811479e-01
-9.411757119219146261e-01
2.512493547752328027e-01
4.028678823775493356e-01
-4.905666914992750094e-01
-8.834277375327346249e-01
2.993144315733715644e-01
3.886396680191452901e-01
-7.586210571449285567e-01
-6.963721236563529260e-01
-4.189702899715328499e-01
1.735876353763380564e+00
-1.013564976117116601e+00
-1.046473277780506805e+00
-2.871216125443112333e-01
1.452644132200212823e+00
-1.461458928680521296e+00
-7.030975496013951442e-01
7.754141545015613701e-02
-3.290848427946571064e-01
-6.559366965845043751e-01
7.043897888028993748e-01
8.972872128905038380e-01
6.384328236005103463e-01
-3.553544777736732385e-01
-4.901290530640523002e-01
1.691040219026120894e-01
-8.751056274321911133e-02
-1.315190356339428490e-01
-1.333497449226825893e-01
1.120821443534225637e-01
-1.281827465849545433e-01
3.001633731596626831e-01
2.724178101982630551e-01
2.765604721812877642e-01
5.609774881973734750e-01
-4.754341848475007737e-03
4.533276038046096801e-02
3.303403772484898582e-01
5.289493720116027475e-01
-8.166959723940721005e-01
-1.047726629269455145e+00
5.556106242841707399e-01
8.300068529328470390e-01
-4.805180005363496321e-01
-8.207086588947660744e-01
4.746705906256778462e-01
7.623264020187150436e-01
-3.564918635970002470e-01
-7.281003879465401951e-01
6.469198809344618439e-01
1.143748557343727157e+00
1.555203841304333423e-01
-7.560570636742127704e-01
7.976850252346707748e-01
9.185109378205353892e-01
8.513717130558262625e-02
-5.862917843143193863e-01
9.749802342235867059e-01
1.005151560868256411e+00
1.210361593798907620e-01
-8.734487351142163902e-01
1.389258905595958993e+00
1.093263279420114031e+00
2.594154280806009183e-01
-3.635950191240056029e-01
1.036565807280013018e+00
1.352423492363243440e+00
8.240339501507634168e-01
7.747195777874082978e-03
1.244192105308528085e+00
1.482937550330071019e+00
2.916853071952019150e-01
4.203493398942228509e-01
1.055793307119685664e+00
1.578458227775293210e+00
1.287484177413432462e+00
1.039816754694385281e+00
1.399818054387409916e+00
1.608504104550910085e+00
1.533458641739471773e+00
1.406588441738236384e+00
1.305723239720933293e+00
1.210598402097943449e+00
1.591790453878807909e+00
9.553789163387591543e-01
1.256487686604799592e+00
7.924225235136006518e-01
5.428800201518626523e-01
5.438734915974023920e-01
7.999843090409228807e-01
8.200167890235867674e-01
1.010665806909980091e+00
8.987319144043368624e-01
1.280876245929675861e+00
1.005802950258136264e+00
1.256522337652150156e+00
9.066834506777254887e-01
1.203168687225439015e+00
-2.128855852274656613e+01
2.381050824672357180e+00
3.443374062314184414e+00
4.436125942795442256e+00
5.868543418738170203e+00
3.952799893846115964e+00
-3.540448714878543512e-01
-2.951571979387615841e+00
-3.907699941762999174e+00
-4.476274254863866986e+00
-3.596698468940850546e+00
-4.048533777085978613e+00
-4.862230671349429656e+00
2.311613360504502879e+01
-7.589778521745245143e-01
-9.939246189173935875e-01
-7.282172064040040027e-01
-6.752943499168893027e-01
-1.945128252313566009e-01
-5.345375142792576639e-01
-1.160920607001614258e-01
-4.756235831452002571e-01
-1.391702835201833466e-01
-3.969659895807069461e-01
-2.041414035707695973e-01
-9.082309935123724642e-01
-5.920642979924295446e-01
-2.549781954167258391e-01
-7.012771982447674191e-02
-3.094673431008203579e-01
-6.782543048072042779e-01
-9.223317257690268889e-01
-5.556135183409551814e-01
-3.082827488070307709e-01
-4.173526834916927442e-01
-1.033669772930792874e+00
-5.932105117875678957e-01
-6.101995010065550673e-01
-5.112142865001843006e-01
-6.376416503185140527e-01
-5.413900493437466821e-01
-7.494352627407820933e-01
-4.008208735192013705e-01
-7.853790584095960980e-01
-5.162855868678093429e-01
-6.442468387934852103e-01
-4.956560608551967562e-01
-8.775312010393463424e-01
-4.558051700161200870e-01
-5.524113584575900404e-01
-6.379978669918102696e-01
-7.531257184831261497e-01
-4.219272048828131005e-01
-8.732103454657007546e-01
-3.833939833525903396e-01
3.443970721128764012e-01
-8.276405589900690529e-01
-5.527833754273103750e-01
-1.113666617945249016e+00
1.415325178397921491e-01
-7.401493646653349856e-01
-5.294201890360668017e-01
-8.231557632013490888e-01
-9.180678416252163743e-02
-4.611573606701000472e-01
-6.401469166140287825e-01
-7.126730557585574388e-01
3.452413556535844918e-01
-1.207838810651793438e-01
-4.768204248773102449e-01
-2.125869713153605289e-02
1.234408592912096481e+00
8.107544910045305642e-02
1.492979160347687184e-01
-7.531688757438104176e-02
8.404744926655709492e-01
4.234559689893302448e-02
-2.582984385171940289e-01
-3.505455423139451909e-01
5.558234806311901366e-01
2.196498526404866425e-01
-4.666631166639589878e-01
-2.719389195569945628e-01
5.387370898634529226e-01
2.468367707178416026e-01
-9.354544215980808985e-03
-1.388889778584356804e-01
7.172047316337781808e-01
4.382109733494203851e-01
7.169838066367617557e-02
-1.824701341518135678e-01
7.851807357965157053e-01
5.064406212790117934e-02
-9.261657096556064062e-02
-1.909306223360260901e-01
4.647744564317548566e-01
1.165307544879041757e-01
-1.433990048374695903e-01
1.691088835836254134e-01
4.773269362136716154e-01
1.972660516723365731e-01
5.976390928421437820e-02
-4.567824270663365382e-01
-1.012068027955166372e-01
2.031463742874144884e+00
-7.289802306330201986e-01
-9.072488515156607036e-02
6.932367598458171187e-01
4.128534221986228658e-01
8.878428278161720755e-02
1.241183459588626192e-01
8.265106528524555074e-01
5.753019724046737338e-03
1.994456695909576638e-01
1.105640043031712594e-01
4.170104235587643871e-01
5.142607002738657229e-01
5.623749079069071399e-01
6.433331240808684015e-01
6.378740156409179463e-01
7.807053968694006585e-01
7.905642882626509049e-01
8.660045753472260799e-01
1.011924215952646477e-01
3.608803893886971537e-01
7.085281476205906870e-01
9.573683585865140344e-01
6.942532834467982639e-01
8.920928978623479111e-01
8.971188741328717242e-01
1.065189105966105387e+00
1.223196203795808401e+00
7.311845968745558366e-01
7.026277121419113314e-01
2.198467309624518862e-01
2.471421768579702416e-01
2.367335034488320389e-01
2.544320448407901836e-01
5.633268679765421894e-01
5.346181744550797532e-01
6.057392547673075001e-01
7.466675228749295457e-01
3.448321838840087139e-01
2.685752172902979851e-01
3.210979316392190697e-01
2.489283574073546390e-01
2.377809752664283849e-01
2.889924716108893676e-01
2.201868181101858113e-01
6.509183813408867536e-01
8.066785032716055071e-01
1.107517522142266841e+00
1.106649382161325690e+00
-2.074083621192379567e+01
4.490692696151569407e+00
2.658299528511371079e+00
2.032051222469526408e+00
2.702742731794160136e+00
2.874729682877088521e+00
2.997398379007869096e+00
3.183181212595368237e+00
-1.461105743065740370e+00
1.362049985478876124e+00
-8.284538125472501235e+00
-6.694340793934216549e+00
6.515719450197984486e+00
-4.135709413665694001e+00
-3.770029149719015038e+00
-3.261420421691077820e+00
-3.508316094602456303e+00
2.223500967467821710e+01
-9.134439396592064497e-01
-7.511431729481259367e-01
-1.081515491580738342e+00
-7.784936450670407737e-01
-7.870799692199064168e-01
-7.199530629254446978e-01
-6.897719093022836034e-01
-6.537055682073464880e-01
-2.803621883302760409e-01
-4.089977976547807259e-01
-3.966865191552528813e-01
-4.872267753609094143e-01
-8.051079630940733978e-01
-5.738139871509844170e-01
-8.682264962754757676e-01
-4.429318202403749183e-01
-9.136366423342892062e-01
-6.461621073877594768e-01
-7.079779178413616592e-01
-7.523079738303195541e-01
-5.603035293032903041e-01
-9.024882768779463049e-01
-5.993009965265301275e-01
-8.214290113234881119e-01
-6.716521406846709397e-01
-8.264865082503689564e-01
-2.892393361503664551e-01
-9.618061830331043893e-01
-6.901161576166998657e-01
-6.336579065390921528e-01
-6.537349890186447965e-01
-5.829012047502857286e-01
-8.544364622643527696e-01
-4.310831946463764552e-01
-5.083518416161965092e-01
-2.583976045840827851e-01
-5.858306521415883594e-01
-6.135154983936956796e-01
-2.429794274512175889e-02
-3.981029347610274272e-01
-2.131729520275555956e-01
-9.940915501467486592e-01
-3.466485820343123692e-01
-3.338385868892004282e-01
-4.573542136886032949e-02
-1.019772306598568434e+00
-1.390289545176699448e-01
-2.046344623178981692e-01
9.834892808318542734e-01
-1.495871347727181444e+00
6.374268847523794079e-01
3.952898087665630555e-01
1.711587017439128999e-01
-8.875310071661530742e-01
1.105569961543153568e-01
2.186684632586732846e-01
-4.351354180439557240e-01
-1.371544754675092292e+00
2.727958080065562285e-01
2.150378897686806567e-01
-2.781031151852246808e-01
-1.334786675310532189e+00
1.856940741038570764e-01
3.449462706097534692e-01
-2.855812572201585908e-01
-7.687937836394382884e-01
5.115259200118558169e-01
4.622895327732905457e-01
-2.170927182140474088e-01
-1.245538063600022838e+00
7.895179565752741269e-01
1.882571661898140292e-01
-4.528653274829252950e-02
-1.188547621327458614e+00
4.394655345030571425e-01
5.247415412812515001e-01
-2.761143580212888082e-01
-3.713148758917768077e-01
5.801810307898236374e-01
8.195049722330551845e-01
1.669455813620928097e-01
-7.348826447217149394e-01
3.967176514966439527e-01
7.005878180904829833e-01
2.036478237802086255e-01
-9.549606851204117675e-01
9.340192038871748537e-01
3.885258910069353533e-01
-1.779904422150480059e-02
-7.594412385496553952e-01
2.808976979137867147e-01
4.541159285276847868e-01
-1.796089842557222482e-01
-9.968334255019968282e-01
1.951839207835988077e-01
3.005384378930173739e-01
-4.829676188599805187e-01
-7.527306113734510973e-01
3.705068199994201450e-01
6.886934473670081047e-01
-5.793330590014136305e-01
-9.081619672934380105e-01
4.261829925124445140e-01
2.320466198276065484e-01
-1.715103359421945584e-01
-1.021124281689665736e+00
5.600263062634525113e-02
7.338812871111031200e-01
-1.589173931193741396e-01
-9.607581183100251110e-01
4.802086513909387122e-01
4.253329224803437114e-01
2.641860246035676596e-01
-1.667671850523291255e+00
5.040343137143921126e-01
8.040910738429118965e-01
-2.669982500075818166e-01
-1.065985709482880850e+00
1.838602702773926012e-01
7.184988817608513045e-01
4.927390899735684116e-02
-1.313784471867975867e+00
5.771307758460935133e-01
1.004590840222149950e+00
-9.893251950181536358e-02
-8.015653156609658936e-01
4.676316344450981433e-01
9.816155214758310876e-01
-2.466133144957893819e-02
-9.903946035201727227e-03
1.162244953721653928e-01
1.042767363456178487e+00
2.812131651560321188e-01
-7.087689345595933332e-01
3.991967501374347194e-01
6.605981788680495015e-01
8.170894424419472557e-01
-7.681993689585908669e-01
-8.956762006222618311e-02
9.916987799274110671e-01
-1.570470038045357342e-02
-9.887573378067671115e-01
2.951875711086628939e-01
8.552008563179498424e-01
5.406996219966231365e-02
-8.841262214341227832e-01
5.066625223356879815e-03
6.349898545766023972e-01
-2.511598544061968141e-01
-7.427814902880101045e-01
-6.280546836878784234e-01
6.488345742726622234e-01
-1.223779373950932836e-01
-1.053596322392330364e+00
-7.965518223702616751e-02
5.407848213962225259e-01
-6.544207492348164124e-02
-1.324924770233202764e+00
2.235839455948607224e-01
2.232202223765611393e-01
7.104016024056392098e-02
-6.734133155413317695e-01
-4.179843367776641117e-01
6.383951691767180137e-01
-2.116553979308761768e-01
-1.010289404773580202e+00
1.250677131409787535e-01
5.246182557916654332e-01
-2.057578110436537600e-01
-1.116871586681789097e+00
-4.160098309996840271e-02
7.361868028685094600e-01
-1.499651718243057985e-01
-1.042134584808785291e+00
2.797984785680114328e-01
1.032165048421731512e+00
2.054635372612807487e-01
-1.227962995199632701e+00
2.477777044295237374e-02
7.015126467986050329e-01
1.687648723943979689e-01
-1.292994048634774629e+00
-5.629847039226802963e-01
9.667345806945917275e-01
-1.494746249199749855e-01
-1.186514489799023409e+00
-1.023618121357543487e-01
8.328971703448644348e-01
-2.112891861241052993e-01
-1.126642667659083941e+00
-2.551517618194054648e-02
9.103617971479778248e-01
-2.350185706090286430e-01
-1.243682194417452536e+00
-1.485224080239362365e-01
1.044646493716349767e+00
-9.712550822101917447e-02
-1.319266781085815410e+00
-1.922387399537228703e-01
1.440506795106266225e+00
-6.843598242500448237e-01
-5.889089160857565730e-01
-1.628247210433642067e-01
1.676292737887969508e+00
1.121697904586085315e-01
-7.388020433654105545e-01
2.676651168099652978e-01
1.354239142451831412e+00
3.264699458939475107e-01
-9.398262525783422916e-01
-1.349049894686160656e-01
1.666597022519944460e+00
2.373432280409701889e-01
-7.389582215325560810e-01
-1.231165400169942359e-01
1.119246290933425314e+00
3.567123202622894951e-01
-8.445157274948371651e-01
-1.463254912233580285e-01
1.154148635268413159e+00
-1.243933364408889020e-01
-7.480382736616491002e-01
-3.444970002732716807e-01
1.127928467187246042e+00
-1.854838074561726557e-01
-7.088242496659304948e-01
-4.270253222492641498e-01
1.282226396753472386e+00
-1.194842760721712693e-01
-6.750913763860282302e-01
-4.292096190750456230e-01
1.322286864337030465e+00
3.709460430486046789e-01
-6.724244035729611824e-01
7.429353924773351991e-02
1.140854549068471613e+00
1.414913089828075954e-01
-4.755934878386796072e-01
-7.820032236353569033e-01
7.319948095029147339e-01
-2.019131569930010528e-02
-1.075005701290528748e+00
-3.723543762395351564e-01
5.240508370171070851e-01
4.930130598852926482e-01
-5.252002957902774938e-01
-1.763230316019601673e-01
1.400222267318390834e+00
3.289381178831192187e-01
-1.733492165892798198e-01
-1.822618862031433196e-01
1.385830179971414111e+00
4.198443717174455969e-01
-2.907200246565508905e-01
2.280595022759257517e-02
8.958449402408064088e-01
5.336917362291657696e-01
-2.960247676024678753e-01
-3.914772121137843897e-02
1.181322829480777159e+00
1.919885408978458941e-01
5.069257697915361405e-01
-4.050364210822294808e-01
1.770089378228533405e+00
2.841810159019928506e-01
1.548708121391726422e-01
1.557753900438356709e-01
1.228416253581826822e+00
1.060952434618187112e+00
7.745869971204015769e-01
5.492209036087771779e-01
1.366207179692999318e+00
1.011900167739817391e+00
9.866518436893727539e-01
1.077137967785475325e+00
6.844109347186204673e-01
4.444097292284823197e-01
4.350026260806316714e-01
4.194320432511844388e-01
2.660319043991066223e-01
3.915512014715787359e-01
4.558436695981740172e-01
6.068265429537760269e-01
1.473972716536309235e-01
6.148897523277696564e-01
7.351527993628721447e-01
7.002336207984285465e-01
9.614272123416540694e-01
7.020438943434186285e-01
1.149954051889892526e+00
1.274442997427755131e+00
1.470875979876247186e+00
1.381600123563995197e+00
1.052823881160477981e+00
1.319011098384866187e+00
1.481893329585634689e+00
1.209124604041274864e+00
1.321033746028422939e+00
-1.905172488735922443e+01
6.899792230969154616e+00
7.335647138805171608e+00
-1.382684071117807889e+00
6.295193797634926369e+00
-8.532366207506679956e+00
3.409195318052123724e+00
2.860081684144972769e+00
-6.357859358901894353e+00
-6.258784767214159217e+00
-5.654699186903904717e+00
-5.689997882908286897e+00
2.261945794471528259e+01
-1.334819123903479010e+00
-1.328583684991659908e+00
-1.267622640444407978e+00
-6.465785285334106902e-01
-1.372536044071402728e+00
-1.264376475844606773e+00
-1.259485565841266919e+00
-1.614327566607940412e+00
-1.169983274618957125e+00
-8.986478323277324876e-01
-8.137035007286428367e-01
-1.192872930533425802e+00
-9.132921693633306859e-01
-9.514102971046582979e-01
-4.625133191544179567e-01
-1.163822055832504532e+00
-7.361241545363981231e-01
-1.193307396520950192e+00
-7.636394214150641346e-01
-7.362567348054227523e-01
-9.255115848200787809e-01
-9.076491781704660866e-01
-8.126916906151890885e-01
-5.473182063223802629e-01
2.330802664150510850e-01
-4.027666922254979909e-02
-2.325927940456793408e-01
2.605626503010824990e-01
-3.578436960291568880e-01
-9.036158686412392171e-01
-5.961698474769647760e-01
-6.108181445139138077e-02
-6.145937944712045464e-01
-7.674393595934958512e-01
-2.400179357797114221e-01
7.939858693057217920e-01
-1.942868970687925412e-01
-7.069422035852497288e-01
-2.938138306006763401e-01
1.939691742106575134e-01
-1.763332989262380579e-01
-1.139592576309979677e+00
-2.342706490771817585e-01
5.033226790430305186e-01
-2.713283250195175356e-01
-5.438921871440669520e-01
-5.985103001764642272e-01
5.284350516051290469e-01
-4.543432606725659184e-01
-9.774781340432525667e-01
-5.620665466644041430e-01
5.603632919515604272e-01
-2.463049999524713485e-01
-9.866111120431284576e-01
-1.432633675277017460e-01
6.899296218126025337e-01
-5.796878237064078121e-01
-1.157865332211677867e+00
-3.456916127382925197e-01
7.276382780611214685e-01
-2.894693719900374163e-01
-1.202737362783494746e+00
-1.165023533368767517e-01
1.714976260940787256e+00
-2.006101996468601101e-02
-4.027724558581482484e-01
8.887442303233683560e-02
1.039193815323045555e+00
8.695897931972496053e-02
-1.124736132826662072e+00
-2.256198524972106156e-01
9.016321284348478571e-01
-1.945820333289347559e-01
-1.069653205470721957e+00
-6.242402596293459283e-01
1.282023585112682440e+00
-3.209802810641662063e-01
-8.332755031504106569e-01
-1.977940299978868666e-01
1.048759059632125457e+00
-3.538263829784114023e-01
-3.056286210652388036e-01
2.060543161754537778e-01
5.359033295640429628e-01
8.965720930932974397e-02
5.054000911531559836e-01
5.439048606019625254e-01
6.492145700196019220e-01
3.416508026731506220e-01
-8.403407543283449854e-01
-2.332912422775663686e-01
7.237379298709782915e-01
-1.427096790501352075e-01
-9.979386517720882921e-01
-3.495637221955902874e-01
1.899965110119694600e-02
-4.494061754535678688e-01
-6.120786563459290619e-02
-1.037360391758568312e-01
7.056316946707781312e-01
2.779980501131262827e-03
-6.805787301626651242e-01
-7.018951149285257429e-01
1.379359102433163287e+00
-3.212288275648660374e-01
-9.764733287875699830e-01
-5.197210345205860449e-01
1.090828423418308546e+00
5.136221520706243382e-01
-9.106939255451393933e-01
1.012383320543506215e-01
1.403621587246746572e+00
1.351253971243906449e-01
-6.720984917521661828e-01
-4.563363613995861101e-01
1.106124424657082272e+00
-8.745440049209207700e-02
-7.475179270803806730e-01
-6.396754013781347226e-01
9.392224299007096988e-01
2.491285342375135770e-01
-6.852525136061515809e-01
1.624521304627890572e-01
7.909292495277497892e-01
3.116528819488308955e-01
-7.512731499467903973e-01
-4.125603006308011800e-01
1.116659938969014831e+00
1.976553746456559679e-01
-1.300437612927616726e+00
4.211793320018131226e-02
7.757516947560318954e-01
2.350518749757313230e-01
-1.063030340774382410e+00
-4.755390070559144533e-01
1.325806745913055806e+00
-2.470825412481829630e-01
-7.946682851445601159e-01
-4.010964151052220927e-01
1.098460698379234657e+00
9.039412161932602885e-03
-1.497790834137099125e+00
7.229609010832760418e-01
5.816990355885138797e-01
-6.180908397380306951e-01
7.374357887185922777e-01
-8.079711088558738652e-01
1.089064597787277933e+00
7.334740506291055340e-01
-3.856512758640988636e-01
-2.614581845216363831e-01
1.137209771641572331e+00
6.695545706390291230e-01
-2.004277561619460357e+00
2.402208036719414963e+00
-4.054505041207647764e-01
-1.349298895151633815e-01
-8.980506074906244862e-01
5.817765568799870834e-02
5.844529171722996352e-01
1.380403382492403352e-01
-1.253432811034294048e+00
1.173557085692515045e+00
2.330259104901699629e-02
5.353897608176083622e-01
-7.861308065840120207e-01
-2.828278244650448414e-01
1.029935849071399900e+00
5.907480859615006352e-01
-4.184410501602897625e-01
-6.767911548965344082e-02
1.025840721834271108e+00
5.479180044578271236e-01
-2.459233408977468116e-03
-2.651627742483597672e-01
1.026704967192266338e+00
9.492245485132926319e-01
-3.317064878976765385e-01
3.726788314280966574e-01
9.550346709262029776e-01
7.661458096510997962e-01
8.101283916993793355e-01
3.892666599615282053e-01
9.968035871461751185e-01
6.702330789813970569e-01
3.691794529744782949e-01
1.971931231149568475e-01
1.247628361522572504e+00
1.056256858245262720e+00
1.314186306839992824e+00
1.129437617447074160e+00
1.501876542444627205e+00
1.477986817248030604e+00
1.535337162146106493e+00
1.432742821866433758e+00
6.859268800316016268e-01
1.242227856193089508e+00
1.073269644463202610e+00
1.626492799049465532e+00
1.415288599822531523e+00
9.780733744413616648e-01
9.743533547334806144e-01
1.801940452490502054e+00
1.546923245860849505e+00
1.722856967697346420e+00
-2.099353371036223947e+01
2.594527893518083772e+00
1.186961141886108351e+00
1.294270050463950383e+00
8.223938113707163211e-02
-1.321458168161605329e+00
-3.432195462987053247e-01
5.567154466091039922e-02
6.080596306340311230e-01
7.427660075670061701e-01
9.312128271211506103e-01
8.991683540431054666e-01
3.655612290780752005e-01
3.953041147047855475e-01
-4.004659463556521359e-01
-1.762968777703548540e-01
3.941388043110833905e-01
4.784931935880507581e-01
8.298714049531525916e-01
9.123910586930890076e-01
1.841187632950180841e+00
-1.136774046934476701e-01
-3.105414888527562312e-01
-3.054085264419015289e-01
-1.465692536422430692e+00
-1.344466535965942455e+00
-1.322765994233051856e+00
-1.609927602376870936e+00
-1.530673194253431291e+00
-1.644415105164590329e+00
-1.502127353148196676e+00
-1.143405289258829782e+00
2.334369848555136784e+01
-3.807494562116424675e-01
-2.027476716625713493e-01
-2.563956941668230627e-01
2.251796857647896388e-01
2.632814797935445483e-01
1.886342109450751536e-01
2.934805339844999139e-01
1.087972606026319511e-01
2.288013633838446026e-01
-2.314600181514359889e+01
1.558878535325405323e-01
1.829785071853962108e-02
5.672432032143746028e-01
1.004969043939851758e+00
1.067731600435571693e+00
1.043849102261788175e+00
1.900520408874655232e+00
2.568615407196112699e+00
2.282819622404275606e+00
2.553762645529722874e+00
2.532918499760910436e+00
2.970842551027015332e+00
3.239529936513346087e+00
-4.707230226444796273e+00
6.251731503510061572e+00
