2.168465956928074867e+00
2.365174434506516654e+00
2.971905427901950780e+00
4.924287946353368417e-01
-1.705497783559090375e-01
3.299078568846608439e-02
-2.145858567089998226e-01
3.961813342810724392e-01
-2.937484313928601098e-02
-1.934833696638703637e-01
6.006864850523907506e-01
2.687027056000088621e-01
-1.568279592248387755e-01
-7.427786865282104412e-02
1.714661119448652737e-01
7.521801061948635292e-02
-1.293340856396099081e-01
6.024722495554951651e-01
-1.825087292712817000e-01
-9.166676205326629301e-04
-3.613072025996928449e-01
-5.602503239259215562e-01
-7.537349109891683385e-01
5.478351765014100039e-03
1.760502041885302349e-01
-1.045432557322407696e-01
4.490605691157500967e-02
1.112359796237630372e+00
-1.649617022140786871e-02
-1.654158359223245611e-02
1.228953241575885813e-01
-1.311430113594288516e-01
-3.346873757234607449e-01
1.980458085300791649e-01
-2.163756135066816910e-01
4.905537098805374252e-01
-9.719852169775141659e-01
8.546113951578107049e-01
-2.879253940273791001e-01
3.539549648286676176e-01
-4.859550628125247629e-02
-9.996028863421124733e-02
-1.265389709264108098e-01
7.792418618717197876e-02
-1.806140680051554481e-01
-2.595128594546223244e-01
2.934244611712149564e-01
-2.749586355589624109e-02
2.585578957718117632e-01
-5.480376251116858555e-03
1.647904830660906761e-02
-1.357040488434310133e-01
1.357222285893853742e-01
-2.081658528634705851e-01
-3.163022702894697780e-01
3.905790746237557398e-01
-3.988458019082022910e-01
3.355853811781667195e-01
-2.264791718631619932e-01
2.237295106845675063e-01
-4.217952547494473181e-02
-7.794304545693199471e-02
3.099216568049513176e-01
6.967658832098017063e-02
3.484658882155927673e-02
-3.814309423907604746e-01
-1.072733145098946350e-01
-2.163962881332004984e-01
3.071711280786756926e-01
-1.815496873018330182e-01
1.870491999158809815e-01
-9.810749529096085553e-02
-6.511066524738713668e-02
4.861228096770738027e-02
1.687008291462254728e-01
1.283210415487646971e-02
-1.384537335504183453e-01
1.934819377994757561e-01
-2.594923745169281926e-01
1.439531642995499072e-01
-1.907154651404668888e-01
3.118045456750678790e-02
-2.182297347877048543e-01
3.080709648111421006e-01
-9.992342492141698118e-02
3.520836624452490793e-01
-1.219555225807704840e-01
5.592813011499166154e-02
1.247051044265998498e-01
-4.556907391821717335e-01
-1.650429490885673811e+00
-3.384479869633416627e-01
6.775757355158829043e-02
1.356124673520737733e-01
1.347121104517445822e-01
-2.917980960545472069e-01
-2.716224382651493130e-01
5.226434399324464408e-01
2.530859528986191265e-01
-6.019870607044963684e-01
-1.053590529193766834e+00
1.004655015711772847e-01
1.105445462679019997e-01
-9.443058473306886746e-01
-4.041266479686989044e-02
-5.437839032993529997e-02
4.298153346808408770e-02
-1.896786755857942097e-01
-5.469313257188979094e-02
-5.400662943412903871e-02
5.788440738256834805e-01
2.635637898055274153e+00
5.462453883963318546e+00
1.261602457167692037e-01
1.177491963650041384e-01
4.973402715118844242e-01
5.748450114587688731e-01
9.040437175258881908e-01
2.869848338767244655e-02
-1.279449301774695513e-01
-7.126498970784691522e-01
-3.231283723734702296e+00
-2.416847906159039105e+00
-4.695679070705344182e-01
2.087413649352542144e+00
9.988122806667121267e-02
-5.255680683584031954e-01
-7.859222635823365222e-01
-9.436420053055170065e-01
-2.861150643230268020e-01
2.256075050316072028e-01
1.164321566419234122e-01
-1.733231121883275216e-01
4.585459644278644942e-01
3.576421356827028109e-02
-5.191040919425067290e-01
-6.877963678859511099e-02
6.236479111152860577e-01
-2.748977941974831141e-03
-1.925921890694766991e-01
6.924265536466671644e-01
5.475109775567759129e-01
3.115598217585091589e-02
2.374703221256277974e-01
1.998529644160769170e-01
3.755318166791155043e-02
1.356418682278073273e-01
1.035497543059769043e-01
-1.115898306340769919e+00
-1.878707638881062181e+00
-1.219086074597887048e+01
-2.533241181190918212e+01
-2.411433818466259282e+01
-2.407202923975307840e+01
-1.999052976929642966e+01
-2.179420613478581004e+01
-1.998632716261030851e+01
-1.041759764857036430e+01
8.428666301278923356e+00
1.669821903358408122e+01
-3.770418284524623687e+00
6.593887491922369293e+01
1.242331142650824916e+01
2.344679253331754865e+01
7.807773702274715788e+00
3.263179230883753945e+00
2.390204142635290907e+00
7.490374081310143595e+00
6.151189131299434010e+00
2.377393235095067503e+00
4.269683533876232673e+00
1.094797199102944152e+00
-1.192512859872010278e-01
-7.062189384879820064e-01
9.500557964421976198e-01
1.864476044437969549e+00
1.070178710422489132e+00
-2.486257888245324565e-02
2.484068244303381245e-01
-1.816696791424852186e-01
5.034092439277459974e-02
-1.169040678893823015e+00
-1.084649587249295832e+00
-6.216417730274281794e-01
8.249437855457952828e-03
9.349079375919810975e-02
-4.951258075895215161e-02
-9.142039188794918170e-01
6.778189623099506456e-02
6.170926939332448402e-01
7.473626153326581312e-01
-3.395438975838105389e-02
1.696571305972507937e-01
-5.566499848253425586e-01
-1.072926202778329285e-01
-3.856329908213873559e-02
8.896535202194533198e-02
8.891226198866875041e-02
2.843297921092824421e-02
8.988210657908579648e-02
2.384348641891588794e-01
-2.880003037573856672e-01
1.843743930384681429e-01
1.311429495897962760e-01
3.301470160417679933e-02
-1.285766384029285447e-02
-3.576341430836776913e-02
-3.751633192367864189e-01
-1.503497192252609249e+00
-7.827942854773843884e-01
-2.784308372121828690e-01
3.794893093901881009e-01
-3.024315769408079113e-01
7.475713809475204030e-02
9.582598069399361762e-02
3.658629777292050633e-01
4.828203435417588452e-02
-2.070032366862140094e-02
-5.560531118493461378e-02
1.722581382768941793e-01
-2.495638795542323152e-01
9.867070897213325864e-02
5.641013874713136644e-01
2.773658083419867637e-01
-2.688852075745855608e-01
2.135842270396293152e+00
4.456011811147239321e+00
6.407134680372834623e-01
3.755317841213825503e-01
3.403410952862913064e-01
-1.390478093861782227e-01
-1.001689827296194935e-01
4.330098517035896322e-02
-5.325799066134528914e-01
-6.549885127352723657e-01
-3.283834245002953622e+00
-3.069701248704062024e+00
-7.146766654920184703e-01
-7.268252028961956768e-01
2.252852326469403366e-01
6.666958966979903423e-01
3.264476278118215724e-01
4.953559644117770944e-01
4.116065599957074994e-02
5.148821890582706562e-01
1.625536166892838308e+00
-1.697959835190610001e-01
1.761602475431628401e-01
-3.872946492065361679e-01
1.092294620179605769e-01
-1.016029458236554550e+00
-1.519143828917775885e+00
-8.917531576063906229e-01
-5.928688639903998414e-01
8.542715156544020694e-01
-2.936379347902389192e-01
-1.444050409133845747e-02
3.577568277859235479e-01
-8.216663023939374533e-01
6.188151100232692770e-01
-7.348446050093899728e-01
-7.245365949423065999e-01
-3.321784700287366832e-02
4.005108519244320320e-01
-1.907821371293785262e-01
-4.325209151416915532e-01
-2.867124204083157935e-01
-1.073568456226556833e-01
1.209153473093138587e-03
-5.319680127646719825e-03
1.683915577190955304e-01
-1.526636495090858858e+00
-1.715108944988113393e+00
-2.392981848909107256e+00
-5.030605315629557595e+00
-8.519741669879149271e+00
-1.043668162992106119e+01
-3.781933948789436783e+00
-9.753586361856093845e+00
-6.906766340844185947e+00
-4.155212212991834519e+00
-3.795036098534758651e+00
1.212344815208155069e-03
-3.229140039826141617e+00
-2.568624020695594368e+00
-3.526969604733949382e+00
3.411135223000670180e+00
4.747257152222772447e-01
1.330286684271115405e+00
1.804970406800094906e-01
-9.892942982129255824e-01
2.210443431494724109e-01
2.342140581456945370e+00
3.946764384896724209e+00
8.042163711889550370e+00
8.129088753739424078e+00
6.166725065607103318e+00
7.722576607094559620e+00
7.415293069132214754e+00
6.645201738857274165e+00
3.702289101332958410e+00
8.108496365203272660e-01
4.233394557459444485e-01
2.040200708224370274e+00
6.093588505721890591e+00
5.651380783953209530e+00
1.076367526965749111e+00
-1.703790072265511268e+00
-1.069997114612788014e+00
-4.033310279615676119e-01
-4.798570920236122639e-02
-8.127739008512714358e-01
7.146542424954706041e-01
3.601125589097147750e-01
3.241787652982073276e-01
1.376048325564650787e-02
-4.091186436752692890e-01
7.026993022021565949e-02
5.346648915198259910e-03
2.023969103656317048e-01
4.707488277437837931e-02
4.887113139082945867e-01
-1.135935246931603915e-01
1.356536733138103135e-01
-8.402950974520884131e-02
-8.675952188272070820e-02
1.421355789590521834e-01
2.841052246747965970e-03
-2.900650540989170301e-01
1.228044254626515785e-01
-1.022341606279798087e+00
-4.766583064513489898e-01
-5.662309744977944703e-02
-3.980797415602088662e-03
4.563026160780456753e-01
-1.682884072056527458e-01
6.663227603828434376e-01
-5.140773547712365055e-01
-4.082841640761514235e-02
-2.923555342330714790e-01
-1.805996406638892049e+00
-6.940537066029714985e-01
1.445575443400471283e+00
3.967151940743769423e-01
3.606647844709174322e-01
-9.115213258611398750e-02
1.634600698758348347e-01
2.502176857365792095e-01
-2.952365597514754469e-01
9.227918294318793180e-02
-3.250763024490481712e-01
3.299427267831498423e-01
9.707769374691310738e-02
3.424256838192776264e-01
8.448942012775682020e-01
4.656622273066489404e-02
3.044415447479211778e-01
1.715102911043455469e+00
-3.124106423784571707e-01
1.887206951732278704e-02
-1.814938701551223943e+00
-9.421149211547356073e-01
6.598338716435128148e-01
1.327197943715098472e+00
6.102711811024179589e-01
-3.294638179869509020e-01
5.153439732602000944e-01
-4.696222381645485111e-01
-4.738760554105698741e-01
-4.729688580259053254e-01
-4.550624565749069594e-01
-7.019279914627765127e-01
2.111875493410197979e-01
9.338804066911565727e-03
1.519420570049374586e-01
-1.363990817665173827e-01
8.621596787867935596e-02
-1.828182025725828552e-01
2.532119843197064846e-01
3.368516260876083246e-01
1.337923082403901454e+00
-2.756564876139367959e-01
-1.268154040433101537e+00
-2.589285866060734853e-01
-6.623264761089098229e-03
8.440360872210062038e-02
2.124957897819013120e+00
3.558736318199988702e-01
-9.724265888470454700e-01
-1.867844202013368982e-02
-2.004493120867055778e-01
-7.610845417721889827e-02
-4.628138234621792524e-02
1.373497612792562439e-02
4.446855062958754434e-02
-1.245655765277918103e+00
-2.948229151000998360e-01
-1.855335566426574712e-01
1.091514717461314898e-01
-1.614195371873579088e-01
1.870700820087355387e-01
2.955113226455541309e-02
4.749208478641875897e-01
1.446922284026482264e-01
1.190513698030471579e+00
4.627220172991630687e-01
3.668890784271920946e-01
-3.101513055896376603e-01
2.656243872334718148e-02
-6.327851829127872918e-02
-3.086557115143406804e-02
-2.541893642949810683e-02
-1.288688328475240397e-01
5.159787069521160063e-02
8.893731464674026199e-01
-4.878054104621951659e+00
3.832350064029093062e-01
-1.233480642772601055e+00
1.835632460173815650e+00
1.021636773839511791e+00
-7.896565840464608854e-02
3.003986543261991660e-01
4.413269378763918227e-01
9.248212321835627137e-01
4.440459603637534336e-01
-1.465189656361653547e+00
-1.846367563940640055e+00
6.412206743112662810e-01
4.562399339410063703e-01
-9.430215419006859889e-01
1.136707488774658881e+00
1.520406438349980238e+00
4.973652638186286667e-01
-5.513884651792122504e-02
2.782331675853904063e-01
-6.886172290829900566e-01
-5.157637229438767346e-01
-1.111890580372183024e+00
-2.813708778695458435e-01
4.639098204158625949e-01
-1.849124346746524594e-01
2.385785620662919104e-01
3.802692887921491072e-01
-2.402475962694681777e-01
5.707601565657447473e-01
-5.653271659506202695e-01
-1.567488859836383419e-01
-1.088060811253724891e-01
3.602046222877245962e-01
-1.421195648378446030e-01
1.523670995157275221e-01
-1.366894688641205335e-01
3.333741403858587193e-01
-1.522210039532875259e-01
-7.625723810000040181e-02
8.582968267962642894e-01
2.859027748981993744e-01
2.532065074781644221e-01
-1.550815597163062165e-01
-1.495061942552262657e-01
1.056584576066134096e-01
-2.507787418658876666e-01
2.914795659205879907e-01
1.350705865551582452e-01
2.865288550954279145e-01
1.013201044523800443e+00
-3.337660579698420449e-01
7.136820675201329678e-01
1.158106392652334726e+00
6.703109542986021019e-01
5.194118899502955244e-01
2.984417532700316400e-01
-8.515126281657359186e-02
-1.050002862045165131e-01
-2.015154536272412145e-01
1.433663752256672197e+00
1.859789149283012755e+00
-5.596152858458722790e-01
3.976787762652911340e-02
-2.767487657665590461e-01
-1.426536583470626951e+00
-9.011483806866635859e-01
-1.158931470856514601e+00
3.755361600290552104e-03
3.148234904565687664e-01
7.339625454047649100e-01
2.200542636102245098e-01
2.192153283543527564e-01
1.192055807095747433e+00
1.545800499156714913e+00
6.637316422957084683e-02
-7.506924168407458353e-02
-1.945469172286706794e-01
-8.451266703621671539e-01
-2.617855344336961210e-01
-6.753515923556321354e-01
-1.150952266868535467e+00
-3.934728921885843889e-01
-1.578920989549550402e+00
6.116936279215146044e-02
-1.454053399673078673e-01
2.172299162150936880e-02
2.120125999043218634e-01
5.476983370078105651e-01
1.267212752349931915e+00
2.947136356915205369e-01
5.235847198586913720e-01
7.900538565890435905e-02
3.907699891509519574e-01
8.756938173274697590e-02
1.378877004184797528e-01
-9.903520281669457859e-01
-8.768173262756198127e-01
-2.739060089745270155e+00
1.049794563531789571e-01
-5.664761170208292285e-01
-2.337710111686204240e-01
4.157685294930006936e-01
2.198676554207752432e-01
-2.115872828583638121e-01
-5.579943181093045546e-01
6.858279824291590998e-02
-4.833162729391914381e-01
4.865667616410912499e-01
-3.547070865678134677e-01
1.242164254014950675e+00
-6.685714015869059779e-02
-4.326173731235170017e-01
-2.092302101797760550e-01
3.167848898811473912e-01
8.135654121649071868e-02
1.323089770024032941e-01
2.078128249804200856e-01
-4.452064264386528247e-01
1.974303392818579361e-01
3.452232096025637631e+00
6.036009811672604641e-01
-2.710897147362443249e-01
4.220983031228824345e-01
-1.038650238323322483e+00
-3.602897555642385896e-01
-6.302293229628475046e-01
-7.408076340022651252e-02
2.034250609629100204e-01
4.280507282354406584e-02
4.011627268177164751e-01
4.678391079514252482e-01
1.819455186909637590e-01
-1.503234754507669635e-01
-4.138440696599490209e-01
-1.520209667324738945e-01
7.221759037703101569e-02
5.656451795563643969e-02
8.603222459159454161e-02
1.965551405105374627e-01
3.658071075770825686e-01
-5.020380431262720933e-01
-1.691961267638878663e+00
-1.967707691255966784e+00
-7.747241105041944298e-01
-7.516555686028608685e-02
1.562440332043375069e+00
4.539748109765762152e-02
6.404816704603715216e-01
7.722739942879286446e-02
7.618324124189199686e-01
8.361905935259978939e-01
-3.107565562886733801e-01
-2.022798600566135807e+00
-3.083734905335997922e+00
1.713630479919757699e+00
4.957304300692368937e-01
1.197285035435793565e+00
8.980737891553651764e-01
-1.197285681086510678e+00
-1.739087182998036774e+00
1.849832722881069369e+00
6.125771710979108775e-01
3.708378836658607902e-01
9.092951158096367337e-01
2.663994662930884161e-01
-1.172575019888281833e+00
-2.100967258038846985e+00
-4.798849872616667844e-01
4.668766283206053358e-01
-9.937516219887755353e-01
-8.020952038747152235e-01
1.212385095001075053e-01
3.682705557586216094e-01
1.412153698228671983e-01
5.401948926728358247e-01
-5.575845726722308271e-01
-5.549952482683251365e-01
-1.623664523976735552e-01
5.776238598562948301e-01
-7.048179195220388715e-02
6.344206394263399718e-01
1.066147060971172289e+00
2.459222154105100699e-01
-1.275236542688658048e-01
-9.798487449118309378e-02
-2.012132606623777686e-01
5.106407391507117310e-02
-1.049521380620752620e-01
-7.722515174819356565e-01
-1.006437350642698236e-01
-4.199624138710246202e-01
-1.707294687539651079e-02
2.897623919866532116e-03
1.052643728304981652e-01
2.232186912376307730e-02
3.903553817127886627e-01
4.205884677848853448e-02
-1.724644601649095277e+00
-4.067236789165697530e+00
-3.921612219942761435e+00
-9.464928216685990492e-01
-9.712300406997318447e-01
-9.223007815653936348e-01
-6.667696888478040762e-01
-2.389372187558098659e-01
6.866383637952324648e-01
7.872958705325743267e-01
-1.244018611109307670e-01
1.542597008841612549e+00
-1.124174430161888516e+01
4.389039229740699710e+00
1.775689075119733218e+01
2.331642739769631234e+01
1.491998220961469457e+01
6.649016183014914816e+00
-1.139226400113638960e+01
-1.314466940783942306e+01
-6.840581070651655438e+00
-1.902439999185972397e+00
-1.621788974629140512e+00
-6.299988762208085014e+00
-8.115220405508147827e-01
-2.976561525558787835e+00
-8.144919491555285163e+00
-6.362631271674143107e+00
-7.672922547161862283e+00
-1.084362624983198131e+01
1.426628722435976471e+01
-2.692713434235695757e+00
-3.712452560136405566e-01
-2.444308122170191666e+00
-3.172413540396835430e+00
-2.839101756218742167e+00
-7.277635372602389907e+00
-3.767450899240103013e+00
-3.318385129628801167e+00
-2.993501725320967921e+00
-7.623647629435268414e-01
2.103013829654777567e+00
2.841302256796254255e+00
1.174336247814267153e-03
6.416691319921739023e-01
5.972966505436012596e+00
-1.949964421753008992e+00
-7.971007212350116333e-01
-5.430476841222215967e-01
-3.555402842978736544e+00
-2.663102008974107093e+00
1.324282325132983829e+00
-1.536269897386411287e+00
1.813123376177493640e+00
9.638529455228876941e-01
9.353519865274506628e-01
1.562784969419929837e+00
1.047764076334510008e+01
5.173589709004481563e+00
7.103146651047072879e+00
8.202427360382282373e+00
5.868235501303384893e+00
4.140598033756788254e+00
9.915268787534410322e-01
5.900032797753169689e-01
3.110932417227729729e-01
-2.700572234386748871e-01
7.361578436302174122e-01
1.154356923864757967e+00
-3.629496884136240720e+00
-2.947862767920815252e-01
-7.493499386025165299e-01
1.904442109125646487e+00
6.714613080619513674e-02
-2.012677364317526862e+00
1.179710664318617264e-01
3.907101872250767771e-01
8.648875259521329184e-01
1.676517056982173015e-01
-1.390179897234546380e-01
1.650745231967712945e-01
4.624372655200437165e-02
3.250076510703625576e-02
-4.903565902597101234e-01
-4.551371973427997264e-01
-1.120444907065228479e+00
1.137339849972627492e+00
4.989457428653917836e-01
-6.528542499313226555e-02
-2.040310169538353424e+00
3.511879582046464332e-01
-5.255691293749875648e-02
3.327590274469689469e+00
1.955826107403400682e+00
-1.270349743555274191e+00
-4.047694314236264468e+00
-2.274539694812477642e+00
-2.145398491848907963e+00
-1.327961859709148484e+00
5.210995124392576727e-01
-4.591449503130107246e-02
-7.658182747239994370e-02
2.439026244834350265e-01
1.233608642299691915e+00
1.428244896045823609e+00
7.411204019441961499e-01
1.318650464684711920e+00
4.728383474506330231e-01
1.443229806890907962e+00
3.368914526423946398e+00
6.137442460339701533e-01
3.199463727847979833e-01
-4.642183547170413149e-01
-2.432466010797806888e-01
-6.397707877148013367e-01
-1.416562871758868525e-01
2.734866951033056992e-01
3.205207045143757760e+00
1.929608755094057493e+00
-2.212340661079492676e-01
-1.989154084002162648e-01
-9.372414424186779058e-01
-2.636739320927056873e+00
-1.207867104406259440e+00
-2.280900209475580365e+00
-1.123932451093298202e+00
-9.662927075361036344e-01
-1.397158925320203249e-01
1.254411109085717957e-01
-7.400600904530496571e-02
-9.464897737170172576e-01
-1.254150792229595801e-01
8.899332704627780366e-01
2.048199151359695325e+00
3.666581227783519137e-01
-7.373286234559690566e-01
5.819872961402802192e-01
-3.692347000575268989e-01
1.702277862586051849e-01
-1.252740132781107740e-01
-5.082394759162645048e-02
1.806796482642206159e-01
-5.483475745965113446e-02
-1.395902974033609578e-01
2.087412777125322028e-01
9.734969413593863585e-03
-1.579164487207221357e-01
6.014297071167684638e-03
9.907279647742261997e-02
-5.025257717101566657e-02
1.806800907397532741e-01
5.869860240752922120e-03
9.449243314511057701e-02
3.650854607142756114e-02
-6.846389036397942940e-01
4.133325654995179121e-01
1.056589559694380287e-01
1.055190569633452369e-01
-3.995902306289630945e-01
2.934958524327291318e-02
1.818285219733233316e-01
-3.579460123277122818e-02
-9.161844030271731887e-03
-6.127727037216595951e-02
1.302885361954264631e-02
-2.054463476537764510e-01
1.168221635963263005e-01
4.315187982878275763e-01
-4.758997253584149045e-01
2.581378182390349219e-01
-4.107543407721920281e-01
-6.374048367990376995e-01
-3.065232946450470175e-01
3.564983542343891365e-01
-1.232689628057496156e-01
2.230584391136404276e-01
8.710467500579897049e-01
1.031680509290607173e+00
-9.929911738595365023e-04
2.110424045175633978e-01
-4.564240345255725639e-01
-2.100233527644095322e-01
-1.075238382511811697e-01
-4.822121103673944198e-01
-5.976052324705252161e-01
-4.095646020213150607e-02
-1.388729498103100646e-01
6.561708825165635250e-01
-2.529300833602744270e+00
-2.987345762576974817e+00
-1.084397460646206568e+00
-5.885083277666620205e+00
-4.735827220370236290e+00
-9.956338326378016745e+00
-1.212726002951831816e+01
-1.157146510464763622e+01
-1.158090602949820891e+01
-2.212710340240349183e+00
-2.153093445482838320e+00
5.325834421510791117e-01
-1.613680118285969911e+00
1.376591554726942945e+00
-2.760994629051054972e+00
1.739752143234241544e+00
-1.608024870811817664e+00
7.808447860665665985e-01
2.574966666350761102e+00
1.265281410557832942e+00
4.489354446826446576e+00
3.524543580884326843e+00
3.472591728359475383e-01
-2.188393122909531030e-01
-5.270135308087660064e-01
-3.019432695974728631e-01
-1.465603749702232506e+00
-1.578377524817561550e+00
-3.098813087936960642e+00
-2.793746700002088801e+00
-1.389286371918686314e+00
2.709002583528572927e+00
5.938002332842508224e+00
8.653305132766178076e+00
6.755975565380623493e+00
1.192229729433947938e+01
3.205328128474139504e+00
1.270823518511122074e+00
7.174554274062181491e+00
6.473753907616767833e+00
1.818222945355271847e+00
3.468675932852317345e+00
1.556262263067034191e+00
3.436074807790059804e+00
3.018545181978321335e+00
-8.700603559636236328e-01
-3.303267173365720399e-01
-1.051906644918855438e+00
-1.063970377187148486e+00
-3.052683697826430453e-01
8.415262646122325663e-01
1.205898572089758591e+00
4.552570633609656081e-01
1.527105962920852766e-01
1.819144064195150623e+00
-7.066562135497578279e-02
-9.340711346248554703e-01
-4.579206099521509366e+00
4.859538423619022218e+00
2.299591458851804493e+00
-4.361834859744417869e-02
-5.816122157944172422e-01
-3.127889026386537985e+00
-4.584345129874001223e-02
4.992716826627576765e-01
2.586831482344353894e-02
4.209514756124120294e-01
2.462490868359897167e+00
1.925665324405505530e-01
-1.421669878395830366e-01
-9.910155997884753099e-01
-1.038421045516643826e+00
8.472972717947405141e-02
-9.446274475331802867e-01
-1.479392352112568254e+00
4.049181610525582897e-01
1.298586579204450420e-01
5.719010649577167538e-01
-2.783027981696686304e-01
1.830096790085424807e-01
2.169720542263733343e-01
3.142930917159711957e-01
-3.390435754161269521e-02
2.505553038243893305e+00
3.264329394895393310e-01
7.614991653174674191e-01
-7.837008190404985974e-01
-9.310534904468168449e-01
-1.135438504965790019e+00
-2.812631537421696887e-03
1.387920804506802552e-01
1.205118533508377915e-01
8.092718374436450035e-02
-5.055262160497303592e-02
-3.128838270380332465e-02
1.499017878229586265e-01
-2.758983346154548211e-01
-9.434220484347775049e-01
5.153778631216132666e-02
2.979044434355408444e-01
8.191112800472932776e-02
-2.446086711087988586e-01
-4.963221680234805033e-01
-1.782404195178171058e-01
5.194492930506211525e-01
3.455790065201097550e-01
-4.506818618059127424e-03
-7.380746403247040455e-03
6.827984506282397392e-01
9.999642396547328005e-01
-1.610197871197073916e+00
-4.346679726167075875e-01
1.182780114095300039e+00
1.073574748698248538e+00
-2.536152487473393169e-01
-1.864693325710232719e-01
2.032651494462921482e-01
-2.012989795671318305e-01
3.367169323679921611e-01
2.254183414304591349e-01
-1.015209975254857788e+00
-2.988897283890483147e-01
-2.034440970433344376e+00
-1.228025227085819848e+00
7.471809871708421369e-01
1.946120486310304099e+00
-4.225776115096868679e-02
9.532008791822490501e-01
6.348791398257658258e-02
2.018067944113288714e-02
-7.087295497968136848e-01
7.428273904238555936e-01
5.983324466082973192e-02
-4.232644543222363609e-02
3.495121841661871231e-01
-5.865969080624604537e-01
-9.444082046388502238e-01
-9.286570696539100389e-01
1.242388876750526450e-01
-8.243253020049721158e-01
2.493770566095800945e-01
5.754868239703663235e-01
7.481123291398104058e-01
2.257073543455958564e+00
1.756958341007377467e-01
-6.643104835886217696e-01
-1.688646212583218897e+00
3.208262003337605250e-01
8.034368252326384852e-01
4.293835150505455056e-01
-5.157260570579467185e-01
-1.076589973518295551e+00
1.048321245700255533e-01
7.811527108638510741e-02
5.153622534493781937e-02
-1.489858827707437328e-01
5.479275465829545055e-01
-4.411991934128829951e-01
2.775864128754427229e-01
9.006831513260979416e-02
1.231837116019723066e-01
2.574058715307337986e-01
1.719775305896966699e-01
1.059223164297627751e+00
6.461800082639324039e-02
-1.809734433859124803e-01
-4.137000442524163546e-01
-4.193280100048235592e-01
-1.670531301614504249e+00
1.398518004831775796e-01
1.776108116626360367e-01
-9.653513385133993818e-02
1.011773601546972490e-01
7.270255323449936746e-02
2.583900628665616317e-01
7.154787202152568248e-01
4.873190331334037451e-01
-2.696188214969014396e+00
-4.934341854327513044e-01
6.079691769566479831e-01
3.146287599507702204e-01
1.750951604483734547e+00
6.563474032298646232e-01
8.363499533541096653e-03
3.775476075706540868e-02
-2.380014411857604983e-01
-1.242169856713058129e+00
-9.561482397343046280e-01
-2.507998701133125063e-01
2.024162818793160401e-01
7.565389131055069161e-01
-6.929215693135535314e-01
-2.126004937942107986e+00
-1.709301521095226928e+00
1.394741853967547129e-01
2.439806713631043067e-02
-5.904809596649940318e-01
-1.701122749214055929e+00
-1.579894744390847983e+00
6.082854382793385639e-01
-5.047924097022136181e-01
1.347294909274320496e+00
7.416278303217067602e-01
2.541953798359108063e+00
3.546034443532426472e-01
-1.359593776730103620e-01
1.793750491523598001e-01
7.718363400928676121e-01
9.361591846563515062e-01
2.208452214860873841e+00
8.538092578607544558e-01
1.283696042703781348e-01
-6.951504735106119881e-01
-7.299977236687129611e-01
1.916507694031251985e-01
-7.520165056225814881e-01
-7.080316993266843051e-01
-7.356586915997866960e-01
3.630451340644229585e-01
1.532688293365966459e+00
1.830891785350422740e+00
7.329734746943139534e-02
5.694422947966408799e-01
2.245322827262103971e-01
8.973387349774508692e-02
-2.752717238151638490e-01
-4.814692845660344389e-01
-3.146900253072131726e+00
3.291503773248605214e-01
5.052189996201217337e-01
2.512445640762877574e-01
-3.906577695865953159e-01
-3.952404860043629009e-01
-5.484745473705341379e-01
1.354510579374755608e+00
6.053220587793417540e-02
-5.045187395095657168e-02
7.152828523555276874e-02
-3.487477041546532819e-02
-2.742001732334939379e-01
1.375581853361020901e-01
6.997845122305695886e-01
1.701259805140664660e+00
3.905549126077252353e-01
-3.944446590510581885e-01
-1.822124203075500048e+00
-1.159098392330089489e+00
-2.155022836336220049e-01
-4.653145822361537398e-03
3.026091318259883645e-01
6.419486662681972433e-01
1.474708575948437739e+00
3.098905317640638923e-01
-4.605865780687334876e-03
-8.437031440511025826e-01
-6.299657323458758285e-01
-4.529991636920168152e-01
-1.302266485741775948e-01
6.996834415658502726e-01
1.210396672603945983e-01
-1.632415598469898477e-01
-3.264386578801358185e-01
-5.914744080450076158e-01
9.718944261588946532e-02
3.145234463407377001e-01
-7.888481855026363565e-02
1.953666719780428052e-01
-7.616139107564495747e-02
-9.443766801331349159e-02
1.435253151884761547e+00
6.226544637008437633e-01
-4.035601214726931563e-01
-1.004149990854814378e+00
-1.045209681119479150e-01
2.622414172455518333e-01
3.172743819819925926e-01
-1.815491183662122365e-01
-1.653903413864221683e-02
-2.154599108364111115e-01
5.224065467719771205e-02
-1.005896332012113703e+00
-6.171566516926568768e-01
8.617041664382130151e-02
2.194783361648156017e-02
1.191811889876308594e-01
3.126878736500418032e-01
-7.344322050517604339e-08
8.985463119493053430e-02
3.255677467571679862e-01
7.797001378586942977e-02
6.246202925346115986e-01
2.540114889125156816e-01
-5.408950845084703474e-02
2.219415107992697145e-01
-6.468022591329058990e-03
-1.815696642421745777e-01
4.676840353986178034e-01
4.850964201776182261e-01
1.970799935624298893e-01
-6.061811728238377661e-01
-4.557480793425044974e-01
-1.522153345517942125e+00
-1.146460214944058364e-01
4.383138921387677023e-01
3.044437148574662966e-01
8.248149444325614255e-03
6.877933507060268736e-02
-1.302270336744535406e-01
-5.236349320778224126e-01
-4.860619016862287589e-01
-1.174927851401466494e+00
6.051534580512150097e-01
2.521468844613630189e-01
8.823538030169536528e-01
9.695798240051932693e-01
-7.338996763237781717e-02
2.934954935274070031e-02
-2.018774363858136245e-02
1.027394805294740698e-01
2.018764513615878275e-02
-1.697156507409376403e-01
1.339215345621714848e-01
1.550252678467282652e-01
-3.898228091787729332e-01
1.660196820899756120e-01
-9.540932841794061425e-02
-1.898720654399594088e-01
6.239473752881601054e-02
3.851197760425548178e-02
4.678846778732447670e-02
1.283934974670878082e-01
6.053794721106144916e-01
4.236951612525921007e-01
-2.201371143490107318e-01
7.974750582309919622e-02
5.795833211662875240e-01
-1.633423727661416081e-01
2.319530053331535502e-01
-8.167500841292185676e-02
-2.980679226475502208e-01
2.163597542212825076e-01
-3.897325866632008751e-01
8.800885376750455791e-02
-1.335876223365441984e+00
-1.642113570781035037e+00
4.944520524293860575e-02
1.027837013305727298e+00
7.656109549009254556e-01
-6.599041298490818108e-02
1.815310523161804135e-01
1.760696189575959580e-01
-1.238077514787547795e-01
1.054581253021503184e-01
1.769493622192570559e-01
-9.994063000467962032e-02
-5.592832442940709470e-02
-9.445766301687369415e-02
-5.316212326628341756e-02
-7.887495649451775614e-02
-3.007065579616117201e-01
-1.036228740348152655e-01
-2.172963597353313459e-01
3.438177042923301618e-01
1.265382014633405217e-01
1.641197726543365709e+00
1.212917671577578460e+00
-3.356679364262862286e-01
-1.664003376429857184e+00
-1.563116197737079993e+00
4.043050819412987718e-01
-1.137758166627060863e+00
1.540104490897715728e-01
4.489045080333697868e-02
6.756928728639166604e-01
5.235338460800956772e-01
5.546698893026986710e-01
4.952579497827591659e-02
-1.787978236715863090e-01
3.391580459023074701e-02
-1.008499274066620988e+00
-3.988294971788458598e-01
-1.723964835604151480e-01
-3.682039949793880496e-03
2.466105131571570963e-01
-1.926555290100817608e-02
3.007384373329909932e-01
9.075588078866636543e-02
9.288687071154120289e-01
3.665943465481991126e-03
9.533898722107364554e-02
-3.108199092304678723e-01
4.767876055428785231e-02
6.784302388317817178e-02
9.994059612062666798e-02
-1.916321025124109456e-01
-6.152426601313784049e-01
-4.144452861617399786e-01
-8.162838675421535406e-02
-1.522211650482461209e-01
6.374576141711330024e-03
7.332099538677638861e-03
3.071481392281573131e-01
-2.925296266446707483e-01
-3.476359677104028378e-01
-1.428055982959691050e+00
-3.708378005295740465e-01
-8.691857676350789319e-01
-1.832931946362332809e-01
-6.607913439630470620e-01
-9.249172887024004197e-01
-1.131400456322113612e-01
5.194949338550731710e-01
1.127154612161493930e-01
5.945713910796435187e-01
9.630825497597048646e-01
3.737790612696163972e+00
4.006232102638997539e+00
1.206573685191788758e+00
-8.603833531955373815e-03
1.054226802582896028e-01
-1.835898703051466185e-01
-3.182931694926205424e-01
-1.578821489474166118e+00
-1.285241776761286703e+00
1.943990688729171357e-01
-1.552959901182955349e-01
-3.093172384917428630e-01
-1.992078411763129608e-01
8.483600931239454468e-04
-4.780223448352183269e-02
-1.660512310558637239e-01
-1.211541261563875427e-01
-1.302837225617444750e-01
1.604932918102855988e-01
-7.344075506966829536e-02
-9.079785903924875168e-02
-1.287914150372260202e-02
2.145396257846449162e-01
-2.979389645629618499e+00
-2.229542083062072688e-01
8.482350298553169576e-01
4.200324829933836934e-01
1.742381689240842801e-01
-2.660071727203994207e-02
1.357245253623095560e-01
5.035267801609082383e-01
-2.201083512080011517e-01
3.916551574172411621e-01
-2.338817743128876470e-01
-2.113295714765885125e-02
1.687979457072335820e-01
-3.393693088719449413e-01
3.751327940184946419e-01
5.500515197056338179e-02
-7.977348308228038309e-02
9.632466431271768936e-02
3.970949115271237839e-01
2.650645288809077016e-01
3.237087648063029510e-01
-4.847126550666601474e+00
-1.412926593795294394e+01
-2.480962340417079304e+01
-5.293768295620373721e+01
-3.561936319101238269e+01
-1.558336135379664711e+01
-7.318711101522893614e+00
-8.739228765411439781e-01
-2.250163238243203523e-01
-4.002066066833492641e+00
8.481925592220991916e+01
4.624265012336081782e+00
8.420602962901895694e+00
1.982909511915596568e+01
1.210689695971759150e+01
6.016804056628508590e-01
2.234875448552330113e+00
5.439300750428024855e+00
8.483533384640484343e+00
3.090945225800123097e+00
3.175807455598960161e+00
4.748286101074023158e+00
1.462850532293463734e+00
4.778712895427099094e-01
-5.530923780219867414e-01
6.239304413551677309e-02
8.428681882002899695e-01
9.868126718027645516e-01
4.941802070955041426e-01
-1.975245688135007782e-03
-2.357731546717347637e-01
-5.052691554706245647e-02
-1.468933899124498010e+00
-8.178566041865920067e-01
-3.915130283155541235e-01
1.943639890572986806e-01
-4.529774846821141843e-01
5.189669464872934679e-01
-3.484355224291009190e-01
1.879652711262099762e-01
1.686963602359926595e-01
-2.686569135912313389e-01
8.800229069381892977e-02
5.960559807936903765e-01
4.392760577959025636e-01
-3.530610085846027091e-01
-1.623256980072022571e-01
1.430572301637353660e-01
-2.539925274601563809e-01
-1.366657656874998295e-01
-1.815708750587213260e-01
1.907347428517274235e-01
-1.935087546004636838e-01
1.714900795023230895e-01
7.611014877543054169e-02
-6.414580422977433916e-03
2.558736125840170850e-01
-1.191248830283625493e-02
-1.354641857647851166e+00
-4.984599043443393107e+00
-3.701087634904381751e+00
-7.098386657849022896e-01
1.301223501141386407e-01
5.272840971741050708e-01
2.527107329629141752e+00
1.980314948181763235e+00
-2.817077983296059074e-01
3.851554112973438748e-01
1.101881017457588818e+00
2.682133314423331250e+00
3.624517246699107353e+00
2.255930689326380190e+00
1.530106587211759184e+00
2.056809955232528075e+00
1.087912893027675132e+00
-6.325549457435588607e-01
-2.305793763961517584e+00
-4.730767815178031910e-01
-4.814086880639694144e-01
-3.357358716888247940e-01
-3.335770764614389705e-01
-6.570856539051446177e-01
-8.989905441993135682e-01
1.015007635410154485e-01
3.400144653315746446e-01
-1.398276589126066227e-01
-2.691275323109110218e-02
-1.268460912152078457e-01
-1.864070838554319209e-01
1.061944761875799337e-01
-8.180735520408786154e-01
-6.327123234102911553e-01
-1.026021784220543465e+00
-1.364339577486166410e+00
-1.155582551206508768e-01
5.774188613361097566e-02
4.855480993415794977e-02
4.759117252586718694e-01
-2.687005964438350381e-01
9.166771227764436425e-02
-9.263014894371035535e-02
1.806297533124596733e-01
-1.560406579383455394e-02
-2.219685603076227975e-01
7.702606320752225511e-02
-1.128204691636835566e+00
-7.468132061288859092e-01
4.832859631200658868e-02
5.929462469004409542e-02
-4.260650110796522227e-01
3.565415695052664979e-01
-4.116309478836468472e-01
1.123753198950421250e-01
1.481887848529468421e-01
-2.622646621040898296e-01
-2.092258403793860744e-01
-4.445888051088764392e-01
-2.336587851802005567e-01
-2.761888375838461585e-01
2.329152271668819552e-01
-3.244603718541290149e-01
8.190673767164646790e-02
-4.983168537015547628e-02
8.172762426504220912e-03
2.818303786148055323e-01
-1.282843011797476507e-01
-2.364001836552573899e+00
-3.861405310002417046e+00
-2.185103671841627460e+00
-2.134034149713841089e+00
-3.506265304065252053e+00
-5.688074481615416289e+00
-8.606232545088673191e+00
-5.788923231951265791e+00
-5.665018667702057087e+00
-8.267342953600710587e+00
-2.869588371429678375e+00
-3.663691913072426587e+00
1.465744793233888288e+00
-2.606158611248005741e+00
-9.357347508001794267e-01
-3.721124788542056194e-01
7.031190632919575023e-01
5.909143353768797624e-03
-7.543399154687904229e-01
-1.452502580896243956e+00
-3.191331050731278651e-01
-3.668442024111797650e-01
2.527504841754435461e-01
1.015908235295761131e+00
1.430672321108268363e+00
1.971184669263479350e+00
2.152029696338445319e+00
6.424099296890737776e+00
1.643618073453866657e+01
4.156479315095406690e+00
4.727737886093262176e+00
9.175245391983466448e+00
4.854987475413944154e+00
4.896009472871096335e+00
3.207857898564242305e+00
4.176345150702385212e-01
2.488937878759675648e+00
2.298244497818325183e+00
-4.127615443308352283e-01
5.046364588800820172e-01
-3.896485320687452791e-01
-1.011702680159038970e-01
-1.739458285561488182e-01
-1.139037553522075363e-01
-9.772373910112273077e-01
-1.255429765865362368e+00
-5.727939906563273009e-01
4.712530038188493808e-01
-1.295937283002246421e-02
6.914275896150279266e-02
-2.463069944674103340e-01
-6.462048455413694770e-01
-3.399727895534319089e-01
9.928806372348519815e-02
1.132627207261567293e-01
2.506667136230600335e-03
-2.312768482900373623e-01
1.815864953515842206e-01
-1.362301026099330681e-01
1.475815115036216429e-01
-1.612567138198108818e-01
9.571570237203386178e-02
7.639051660850540992e-01
9.185660137509101819e-01
1.518141724532150738e-01
1.380120851937981730e+00
2.964130889722125239e-01
-5.130642344600855331e-02
3.876071876689566320e-01
-1.413386210397086229e+00
-2.272317707678964904e+00
6.909914168420391301e-01
-5.824134363298681949e-01
2.050068273826282095e-01
-3.340930676549884737e-01
6.659717785801877454e-04
-5.949172440064387501e-02
-2.262149923637939430e-01
-5.457938215710367302e-01
5.261103103979825057e-01
-1.764498923029031996e-01
1.690517813415630677e-01
1.875849380383101117e-01
1.182220571501069184e-01
7.330217280873797536e-01
-3.579690710509674245e-01
1.898224245668362897e+00
1.798210797893043944e-01
-1.228567109127189028e+00
8.517310578410508537e-02
-1.398860014527026352e-01
1.909731501384889507e-01
-8.907338368681194662e-02
6.619929499850019106e-03
1.175822782165491104e-01
1.039881454495414637e-01
-1.817720761772437243e-01
2.104187845192390660e-01
8.259162571400097130e-02
-3.625138035736941156e-03
-3.793650336439539084e-01
5.860207807962236615e-01
-9.040529984465938140e-01
3.792270013208928203e-01
-1.077808292668555046e+00
-1.922980795043935931e-01
5.285865934733403604e-01
-1.430230659727927955e-01
2.021201611292625655e-01
-6.625741818908292835e-03
4.566646713439624361e-01
7.745061457466664301e-01
7.555311585349899772e-01
1.789088366028159793e-01
-2.146069694993810728e-01
-2.052643615330367322e-01
-7.284146132642661531e-01
2.106979813015129321e-01
-3.498145567875242112e-01
1.957818004579064408e-01
-3.617322684646021025e-02
7.325231451604241606e-02
-6.495849760149377539e-02
-2.217090332729522162e-01
3.489079089419408475e-01
-3.395682308603459876e-01
1.445532642693213021e-01
-2.260997375661423781e-01
-9.841338647779998561e-02
1.279651441792576949e-01
-1.623263763755286027e-01
-9.340020054492859103e-03
-2.012172796667944241e-01
-5.304195990780524728e-02
2.697402443421359486e-02
5.185354736016534183e-02
3.990934606719629407e-01
3.692597084073581115e-01
-7.611068439336673985e-02
1.596090191266847091e-01
1.491616075273954900e-02
-2.711499831056785048e-02
-2.170388070631873723e-01
-7.130004882464020810e-02
-5.122946020445796195e-02
4.927720787990546442e-02
-3.993719984105462140e-02
2.425558702585769999e-02
-7.067457051127697121e-02
-3.245125193941157393e-01
-7.625072036802282849e-02
-1.641380161995727449e-01
7.687514380324833585e-02
5.252458185849345762e-01
1.335403416748434380e-01
9.193285479786075798e-02
3.849407507624295066e-01
1.557043686035366470e-01
-1.308226699264487536e-01
-2.411548518568394361e-01
-7.688375103109654773e-01
-3.163583200241869009e-01
2.718044941700470396e-03
6.817145068470162883e-01
-2.150870045317780921e-01
-1.054878643932602111e+00
-1.135463551099463730e+00
1.327672375369721713e+00
-3.722314598197784541e-02
-3.450745710044245129e-02
-1.164900361826892716e-01
6.084188195835880109e-01
1.545836177028903524e+00
-3.002122169725757184e-01
-5.638089800614611846e-01
-1.041260927059627805e+00
1.829635698048291959e-01
2.822823689941770242e-01
3.939561166252322222e-01
7.182835759535113329e-01
-7.983093557034385279e-01
2.055662093769574095e-01
-1.097161252333792025e-01
1.885390063304222541e-01
8.831565565726241795e-02
3.038313331828578212e-01
1.199960702112272237e+00
-4.118818804891146712e-01
1.826724528032879213e-01
2.055960932328713131e-01
1.044688405410101328e-01
5.972422566167057134e-02
-8.425082456469683567e-01
-3.145448605628917704e-01
-2.697135866160083051e-02
2.123690658426284905e-01
2.203916027735405292e-01
4.705382547774350499e-02
3.388890875710612871e-01
4.432510780363427827e-01
1.480683455540283466e+00
1.006754617391878881e+00
2.590606223179125145e+00
1.742699929515971746e+00
2.973000064187480973e-01
1.079077000785998663e+00
4.926365984273157750e-01
-3.974671166385252974e-01
-1.975730591669258018e-01
-3.032915269447382656e-01
-8.540850791205940595e-01
-1.044696780458836294e+00
-1.617186159294046632e+00
3.459233893866375809e-03
-5.628669357503062187e-01
-3.919541148020950772e-01
-4.586330245006706718e-01
-2.498178239016994429e+00
-3.042643527388253499e+00
-1.466773876473836946e-01
2.071814552240611729e-01
-1.613501972971144172e-01
1.466755230879982497e-01
8.434012575004646850e-01
2.076420712338025165e+00
4.821846866753394245e-01
4.757867256345762463e-01
8.132050207862424607e-01
1.885094571994551327e+00
4.223278252752971085e-01
7.793903329632634325e-02
-5.280393408740104988e-01
-4.758311927923228879e-01
3.407981686596137649e-01
3.284773853093678753e-01
-8.031745642903764804e-03
-4.055545320568256784e-01
-2.431641896565848171e-01
-1.862092961095047627e-01
-2.340502357277935097e+00
-1.448944702092456849e+00
-5.214202986872529255e-01
-2.151450856901979680e-01
-5.980049061931467236e-01
-3.145710839505816980e-01
-1.195259539884879763e-02
6.301322254273855616e-01
-1.932192636984704226e-01
1.923057239901988513e-01
-1.011772498461240566e-01
7.818599787437777171e-02
5.961785236721139913e-01
1.528640998211349578e+00
6.223239533647273447e-02
1.414263957808108430e-01
5.148456454406202809e-02
5.286792444246146694e-01
-4.007188333737712327e-01
-5.117163053801689898e-01
-4.455750454147364703e-01
2.087411633683184942e-01
1.253505508075562158e+00
-6.505795261385483030e-02
-1.297091920121009601e-01
-4.043763898327545903e-01
8.051529280370353092e-01
1.739591402668794196e+00
1.558351935548800249e+00
8.823282737571451761e-01
-3.696937548707799337e-01
-3.383456514581464347e-01
-5.492095380417483241e-01
-4.170482028258906126e-01
3.069717627890611311e-02
8.891107194633152133e-01
-4.666105510288627300e-01
-1.892028636350202575e-01
-6.465408603720677050e-01
-1.137220129526435919e+00
1.648456739753259015e-01
4.101917278615738738e-01
-3.062012970658472000e-01
-1.027451860254480209e-02
4.965120060234884392e-02
1.863090623711256555e-01
-1.001463447140524821e-01
4.698095535886270824e-02
3.157599525492651438e-01
1.245504908985788362e-01
-1.635120233604174800e-01
-2.017385667720485998e-01
3.549456523609606506e-03
-2.485594935980017794e-01
-1.421561760684075360e+00
-4.694450120977315954e-01
-2.423281044587075606e+00
-1.706092253992709473e+00
1.139099694444778432e-01
2.159078170579280087e+00
1.071659558502507492e+00
4.150791117794940810e-01
3.553311418274236466e-01
9.554291612031771130e-01
4.503507990709394448e-01
-2.240360885062120389e-02
-6.947946590536879796e-03
-1.852117104766853650e+00
-1.595616525720964241e+00
5.114132472075121338e-01
1.957149341314237123e-01
3.075406627312826657e-02
1.624054640542729189e-01
4.487694896360139296e-05
-4.229818768798145889e-01
-5.155955078264340408e-02
-2.235401348536496524e-01
7.541748532885805822e-02
-1.261072953772376382e+00
-1.267977736365078822e+00
3.233150552634320718e-01
2.380898432453179003e-01
2.731214562820656333e-01
8.191114432272255108e-01
7.973469517944912210e-01
1.287566150562688971e-01
4.387522714331912876e-01
-8.014102353621612718e-01
3.807267031519268041e-01
-2.388887115001580019e-01
-8.960029992411044919e-02
2.755353115134699937e-01
-2.028546488216864674e-02
-4.718085238901656986e-01
-5.451066093643008870e-02
3.729690924424174936e-01
-2.311256777692558551e-01
-1.531168506409263941e-01
-1.790141392414406063e+00
-1.742971659026620435e+00
-7.702100462000025516e-01
-2.242086547329304125e+00
-3.601421790619525609e+00
-1.434309913821458338e+00
-7.881626053826664702e-01
-7.199915148951152588e-01
-1.596950482081801681e+00
-2.913131636656901335e+00
-4.236938618382549038e+00
-2.901473240899985484e+00
1.726599354357446714e+00
-1.019505562001590704e+00
2.635844588639713493e+00
-1.215903591527197847e+00
4.669876764978663886e+00
7.735173579481369188e-01
4.386179837533413561e+00
8.947388576158296303e+00
8.692490469550639531e+00
3.967195543652491097e+01
2.880125185394354759e+01
-1.281483172892308176e-01
-2.827608378106532427e+01
-4.381853556830888863e+01
-7.589505024450508230e+00
1.319207299360056318e+00
-1.927704676641152304e+00
-4.864195905138934961e-02
-5.088618809272457355e+00
-7.139629175120075999e+00
-2.926555779983470273e+00
-9.663455781063674976e+00
1.012534691668687969e+01
-1.175399375620362008e+00
-1.097214493060668872e+00
-5.218714299254752831e+00
-1.074361794971242290e+00
-2.628929527752966067e+00
-3.459549788134175685e+00
1.308095460297465706e+00
-2.234896230658286242e+00
2.886617984298844419e+00
5.568472797233852134e-01
6.171343258617056904e-01
-1.754960404150764930e+00
-4.131460253703750141e+00
1.749183105603179911e+00
-8.741603867196545252e+00
-4.667301952884983507e+00
-6.411521118725133306e+00
-1.216219194460443020e+00
-6.820898677298146140e-01
4.785167849363318737e-01
-6.207190123086476774e-01
4.714295001651912287e+00
1.303094733382199166e+01
1.292338209586764819e+01
1.151926569021408397e+01
4.279078590364306933e+00
6.062020178365400191e+00
6.168225637877276846e+00
1.327537616304479862e+00
3.184047264840665914e-01
-1.139935630219366391e-01
-8.698590136357875480e-04
1.524674059060702191e-01
1.112329988678359971e-01
-6.395433874205533886e-01
4.409690581381320307e-02
-1.486816934026358616e+00
-9.463454492399625551e-02
-7.502082392558051538e-02
4.237828682155142523e-02
1.362973659674381888e-01
-2.747443837522909882e-01
4.756106428507440587e-01
6.915106800435106837e-01
4.187710498750938370e-01
-5.884280394301697470e-01
3.912822727913236043e-01
-2.335095116402985393e-01
6.056176134301349823e-02
5.998841031152235548e-02
-1.454594917267464371e-01
-3.944347104251953451e-01
-6.611590798139471703e-01
-5.849900513822908765e-01
3.724253970930346824e-03
4.362374184521292664e-01
5.354537437869419936e-01
5.225699458482573334e-01
1.049427540622963062e-01
7.779839188133188532e-01
-5.811250846531264003e-01
3.070992584005639570e-01
-2.413818119413175811e-01
-6.468406718916418496e-01
-1.747140682760624231e-02
-1.944206908891594754e-01
-2.385252409781668803e-01
-3.980028876483115985e-02
5.795549462865223767e-01
7.752660243697623299e-01
2.076292457796591329e-02
3.159868521400788222e-01
-6.975281665979989887e-01
2.013070341478135905e-01
-6.972592873093788057e-01
-1.576481842578458359e+00
-2.982071187938919454e-01
-7.600795535549753623e-02
2.234375844097646890e-02
9.181476787802376194e-01
3.755329809920504580e-01
9.400527956769384463e-01
-3.281452656390865252e-01
-1.115289921953473012e-01
-2.819020851092582380e-01
2.668689475610214745e-01
2.355145253565680274e-01
9.062590875121268041e-02
1.245619980033424445e-02
-2.153276157819763448e-01
5.282957963474695789e-02
-2.641478015794689327e-01
3.118235952415580048e-01
1.016499755611654510e-01
-1.414512634715784922e-01
-1.265619653879160034e-01
5.483399537941922863e-02
-6.517081507528690310e-01
1.168267598082898817e-01
-4.180592963445145527e-02
-8.948319666877835310e-02
-8.933710862582477930e-02
-1.065238730016845325e-01
-1.553421255647544630e-01
9.778143927256377488e-02
-8.562347011563364862e-02
1.199705726220031687e-01
1.431401850079017102e-02
8.346306412167081579e-02
1.884336808531976049e+00
4.049317206900639121e+00
-2.217172045642925582e-01
-3.822148970058121265e-01
-1.356028859590842295e+00
-3.806603871079805135e+00
9.062436539102047828e-02
-2.605791653099687188e-02
-1.903030839936281637e-02
-1.563500462443244698e-01
3.550776744546404462e-01
2.554242395226500317e-01
-4.633125242754302375e-01
2.176263201694969562e-01
-1.619266737398564526e+00
-5.826871260127213237e-01
2.078927973377617811e-01
1.351470468385906898e-01
-1.562309625718505401e-02
-5.157540240515601226e-02
-2.095482678467330828e-02
2.789513617287572522e+00
2.820554107464557925e-01
1.852559718921974463e-01
-1.665147968032455461e-01
1.206900052389134892e-01
-4.016100595209665114e-01
2.264998747858467665e-01
-2.043078683160949316e-01
-1.397384373885435238e-01
3.732464209310988323e-01
-4.933679690107787286e-01
6.700365469269583540e-01
-3.679473760026270579e-01
-5.755581850691982027e-02
5.152675083045413773e-01
-6.013091774417989033e-02
-1.377272717561927040e-01
9.360538656639110222e-01
2.044677493954084824e+00
-2.139962545599545152e+01
-5.930412431720721145e+01
-2.099297640525406905e+00
-3.276027561874936112e+01
-1.172372772213390135e+01
-8.010649105846681550e+00
-6.862919171960299991e+00
6.912911850994814245e+01
-1.328621003104842657e+00
2.524238240329765404e+00
7.411894508722888020e+00
-2.380994133791105583e-01
-1.994084766117921959e+00
-1.645799685918433397e+00
-1.453678391531440184e+00
-5.442330377775306260e-01
6.637906124518529793e+00
4.405310931731811763e+00
-1.604309746661527925e+00
-7.580167778558362102e-01
-1.499374383262015442e+00
-2.507223772973077303e-01
3.430806149732426036e+00
6.546618739701997924e+00
5.620452611103502250e+00
1.392282658854392352e+01
-9.366807302172190930e-01
-2.165833707414716258e+00
-4.899704199835284157e-01
3.734573728367536205e-01
2.944907218926744008e+00
1.097872559453449171e+01
7.136559053849378387e+00
4.456762196973073742e+00
7.793210747924358195e+00
7.024691169346214403e-01
1.527147628614214936e-01
-2.803953172030214658e-01
-4.855636279155698398e-01
-8.102597825535438059e-01
1.132026628844285954e-01
1.020190878506979093e-01
-2.941762841851843779e-01
1.931423790534204654e-01
3.037373827211287125e-02
2.537493490488290093e-01
-1.912436027504058611e-01
1.811192286920834671e-01
-1.713465265216200573e+00
-8.056468459918832981e-01
1.107731895244841835e+00
1.955519022399604845e+00
-9.006832123463243134e-02
5.127843188544568553e-01
5.790120565056807722e-01
1.536850251277841473e-01
-2.039756966942589678e-01
-2.728804048736850341e-01
2.152180294483605483e-01
2.437649426871275615e-01
-1.331656216193093378e-01
5.032915272790732253e-01
-1.341880815646785408e+00
-1.358400876126784507e+00
-5.336716063774948893e-02
4.057387477503582307e-02
8.746850914162851431e-02
-3.549257537233514448e-01
6.032617934014489203e-01
-5.938409370444194257e-01
5.856821205881369563e-01
-5.910319918251151217e-01
5.873749250951374457e-01
5.285255252874989651e-01
6.165765094613256947e-02
-6.074331925913096369e-02
4.696766428952550143e-01
3.143996364113329722e+00
-7.896557237771029136e-02
-2.192827728486085981e+00
-2.486961358358846574e+00
-2.657303121658616263e-02
1.096184401608808479e-01
6.349013904540479203e-02
2.998027678878576463e-01
1.476446171129153218e-02
-9.463891652633948937e-02
-1.001249501231650241e-01
4.293138549482524713e-01
9.660016815961904868e-01
4.476665307690966267e-01
-1.837942213770623612e-01
-2.475136724614623862e-02
-2.693586325005813409e-01
-1.047626928465958951e-01
-2.620457951950355691e-01
-7.628671855763578813e-02
-9.210525666931167199e-03
-1.214251363584650523e-01
-1.865339664378378448e-01
-1.186134234767861617e-01
-2.399682518143342325e-01
3.775515168321097459e-02
4.049679334048328361e-02
1.994709051643980824e-01
2.757581700200859021e-01
-5.512513155155535083e-02
3.814366928027403958e-01
-3.152733483320647734e-01
4.135709245601755235e-01
-4.236948074941477849e-01
5.257823524796442216e-01
-9.562105840064000217e-02
2.280146982058959826e-01
-1.470889139299664250e-01
-2.426426448930101565e-01
-1.425180907933912833e-01
-1.001925926663464056e-01
1.005641220015049409e-02
-2.021457722928483580e-01
-9.653583701238593884e-02
1.277550674344424819e-01
-2.720342694483410817e-01
1.047643281577307905e-01
-1.280109436386650534e-02
9.372613998064904806e-02
-5.786881032114998824e-02
-1.727572988210148708e-01
3.473435629500495891e-01
2.849016889172751865e-01
1.480017359252476239e-01
-1.608687136496560477e-01
1.218637594921871292e+00
-6.968998568985340647e-02
1.967276362510319565e-01
-2.507358200990019714e-01
-7.313027509269209858e-03
-5.552402266619984594e-01
-9.221878018706280988e-01
5.427918548896804030e-02
-2.574758191921197037e-01
1.397764926221650716e-01
-2.389854356771813348e-01
5.519239352010674171e-02
1.452605217360635748e-01
6.406708838456423027e-01
5.146752086996150832e-02
8.092591136894353165e-02
2.739978692964670226e-01
-5.336439811446469506e-02
-1.314110328482024914e-01
8.001276252602174122e-02
-4.042825936033028755e-02
-2.436951076747489175e-01
-2.657681043045473368e-02
-3.265210735857044244e-01
2.308992214964297185e-01
-1.435034320922337625e-01
2.859515303242982642e-01
2.409535344433752502e-01
-3.220226878585097374e-02
-1.039189944792152653e-01
2.397744214076263924e-02
9.562171498526395030e-02
1.839320794120922198e-01
-1.112292895764749323e-01
-7.697591885714156756e-01
7.811218591772431386e-02
-3.439589046355828739e-01
7.385435028110003408e-01
-7.635821673089449035e-02
-2.951613662614384070e-01
2.573282661647335878e-02
-7.302316755528059922e-05
-1.096583195261455201e-02
-6.087463411248267287e-01
-9.149472823578135294e-01
2.273849951045761042e-01
-7.706331388145515326e-02
-3.284647831476306123e-02
-1.073771615415992642e-01
-5.357370783720671881e-03
-2.084749966907972762e-02
-1.220221090853497170e-01
-7.141465574335970068e-02
-9.630998834472401793e-01
-1.398783567641210812e+00
-6.900736640744371542e-01
-5.052002119336513886e-01
-1.463021068665106839e-01
-1.755996609072498771e+00
-1.144460760367467245e+00
9.917411836012641757e-01
1.407924791689971755e+00
3.192439400706170716e-01
-1.604671636405354818e-01
1.508788016269572374e+00
7.588918623502771688e-01
1.684952818124001439e-01
1.514570182465948101e+00
2.377601882609972073e+00
3.787201788820407367e-01
7.240566130574510595e-02
-5.961223914428848136e-02
-2.787579387584060431e-01
-1.310227445311666461e+00
-8.958528394016870289e-01
-3.439304568838281728e-01
1.704439028584765481e-01
-5.602007021489963101e-02
1.778313938077786815e-01
2.264172149765579789e-01
1.476622415388621823e+00
2.299249777233537184e+00
7.048167991688236711e-02
-1.482955245722044513e+00
-7.886707329457502968e-01
-2.173123043657365083e-01
1.779051948334167965e-01
2.081478160048008952e-01
-3.778050095394406838e-01
-6.967263710094695472e-02
1.641122912533394540e-01
1.522448503389211838e-01
5.959183948443708134e-02
1.009006726173381774e-01
-8.440436256995251241e-02
-3.392687855971359134e-01
5.226049075721507509e-02
3.301496070885275025e-02
2.971118980539513288e-01
-4.594145527097139858e-01
1.980669935136382676e-01
-8.804759571503505133e-02
3.303801856494073541e-02
-1.935076319579090987e-01
1.741210625247302524e-02
1.063763595199747336e-01
-1.026869171968873562e-01
2.860904684988230251e-01
1.018185171868763172e-01
-1.439976933297861805e-01
7.694030940873340940e-01
-5.034499675580741407e-01
-5.364646481551751389e-01
5.592583437347090070e-02
-1.788218054968895576e-01
8.988103555136423006e-02
-8.712212550173574765e-01
-1.189589092147067761e+00
6.950643994152987393e-01
1.809605838554743551e+00
1.748129689498766570e+00
-1.229804128847111766e-01
-4.201366426616870431e-01
3.665644043660454265e-02
-3.879558245218640566e-01
-2.952791218300325760e-01
-3.503106232402726228e-01
5.538550411340178448e-01
-2.393507188552211895e-01
3.108383914125193437e-01
2.656091080226430368e-02
-5.455663973856872406e-01
-2.269357503826643363e+00
-6.793951107271678502e-02
2.090019893264407624e-01
-3.017844752925107343e-01
9.064902899762228294e-02
1.695760854344994240e-01
1.735418988488235392e-02
1.072137578182020601e+00
8.145226336129576250e-01
1.107073958394744428e+00
-1.788769701985575278e-01
-2.665773274591365372e-02
-9.265791675245138581e-02
-8.098255886362143441e-01
-1.074836002664880885e+00
2.402422280382221498e-01
4.191430852011288066e-01
5.218533006708744315e-01
1.063756345213598409e-01
-4.492729082092611348e-02
8.252416382245619797e-02
-2.659795494944904304e-01
3.521960190305769012e-01
-1.210643427747205569e-01
-7.613587418437567367e-02
4.126271999510222610e-02
-2.503499123676248828e-01
-2.091120456024948282e-01
-6.923760580322124714e-01
-1.714140455378343697e+00
1.907569192088772514e+00
8.190443226834690504e-01
2.971627630401978415e-01
-4.558235419403965927e-01
2.045039786477509391e-01
-4.383856890352268998e-01
4.126174761459877605e-02
1.302272232636575711e-01
1.110129221178842301e-01
-2.937776637284428283e-02
1.228969051277957053e-01
-4.950865633421044909e-02
1.007942913890499947e-02
4.950890162152707386e-02
9.435399178522041463e-04
-4.587084300487209720e-02
8.710605265257906349e-02
-7.791601791563829149e-02
-2.375729968793086067e-01
-8.893891674233511679e-02
-3.998729196574100087e-01
1.257375205964606391e+00
-1.245435928079680288e+00
1.221584132021670932e+00
-1.197759392437074188e+00
6.529975143910141666e-01
5.805526796403200906e-01
1.510369741826060208e+00
-3.871127173456627713e-01
-1.550590032103498217e-01
2.823465582044168976e-01
2.740673591462823300e-01
4.528280399382307309e-01
-5.648779923316209484e-01
-2.136176834723150009e+00
-7.829544938940663501e-01
-6.052327819956637711e-02
3.392220986052740805e-01
9.855830865124465268e-01
1.432065816875454534e+00
2.233195023048976324e+00
1.122857997004777175e+00
9.344624057514305804e-02
4.871026818950596748e-02
1.313473432017975284e-02
-1.109903602339945117e+00
-1.259544926006442633e+00
-2.301530553144223390e+00
-2.925073278042907288e-01
5.228338428847778552e-02
1.430574947499786975e-01
1.494963051125485221e-01
-1.177521662571417993e+00
-1.622176883256630786e+00
-2.309940372116576768e-01
2.064374367985952752e-01
-1.071839766301012631e-01
2.292917697256304788e-01
-1.264657075059083535e-01
-1.750338891887177617e-01
-1.186917756605154750e-02
-5.307499436979230545e-01
-9.689462675160229743e-01
7.874947316389269147e-01
1.756455287366100348e+00
-2.484395303726745219e-01
2.887635207253775871e-01
-1.274412149670929306e-01
-9.443493163927008105e-02
1.019440717439709765e+00
2.493575344321517229e-01
7.911739039029606069e-01
-2.842560375616565160e-02
-5.473083071054504201e-01
-4.941321694895542405e-01
-1.782221327958493973e+00
7.022262763144093700e-01
7.515624078085370030e-02
1.411510029165941038e-01
1.375072921488287303e-01
-3.090026995803458743e-01
2.090152123516990645e-01
-2.732766276967388830e-01
2.447718465000596755e-01
3.666063031683641782e-02
-5.851009237435804700e-01
4.162490874629796167e-01
1.347597039197914182e-01
-1.929558420206145541e-02
3.750786824423936183e-01
1.727886456906547963e+00
7.657351455498347947e-01
2.814819685434852836e-01
-4.045008867005734920e-01
1.649859409272740329e-01
-1.174349655215880528e-01
-8.225124170821360714e-01
-1.072802159219832907e+00
-2.906561389423822916e-01
7.711294604523282192e-01
4.401270304257678956e-02
-8.252614445101397189e-02
-1.641357727750237250e-01
-2.016395189401554155e-02
1.503877467507528654e-01
-2.283311839077077354e-01
-4.584586992729655641e-02
1.036256478316758545e-01
-4.586501063574913162e-02
-7.332327579515490745e-03
1.999000361851064334e-01
1.595533313884219262e-01
-2.347473845644888479e-01
-1.714682292659293061e-01
-3.887821983637397283e-01
-4.678249315524207752e-02
-2.751595852913846230e-02
-8.985757948374784032e-02
-1.614303038152091752e-01
2.943390122790836561e-01
-3.668094387660147948e-02
1.458066685668919504e-01
-2.387635534794307901e-02
3.494202153770790131e-01
-1.421404377765125848e-01
-2.302153908173924513e-01
-6.236482517059649400e-02
-3.155162757641089000e-01
1.829756201315235753e-02
-2.907784958954762189e-01
2.274381060438420699e-01
-5.348319815195693439e-01
4.916122074940725284e-01
-4.284653604635326740e-01
3.668800445940481048e-01
-1.014967451110804220e-02
-1.532666578653631984e-01
-3.217244941417596316e-02
4.208931972958218637e-02
-3.309355048334938765e-02
2.073414271675841913e-01
-2.414378903176901403e-01
1.944733456207465849e-01
1.292353173869869698e+00
6.709893323807849530e-01
-4.042326819819153094e-02
-3.845927019297271099e-01
-1.165985312437231025e-01
3.377608165544924712e-01
-4.570623520421783770e-01
-3.850368162704084773e-02
-3.203182055134010664e-01
5.045081867223447092e-02
2.615830911595810049e-01
-4.019898975484220705e-01
8.021481923561228911e-01
7.854524533912664586e-01
7.193532644480045146e-01
4.014265448145426518e-02
-1.708172266187948374e-01
2.741473707866468601e-01
-4.057427216208520093e-02
1.383487144709127925e-01
-6.714630167931456839e-02
-4.403249509389861593e-01
-7.254380940478433182e-02
1.218871600391226995e-01
1.457911727686300729e-02
2.456503108622525300e-01
-6.059694632512924173e-02
1.209464753749687205e-01
6.776688664432439779e-02
1.759589966425418872e-01
-7.156079250370916967e-02
1.203637467740891864e+00
2.566479646466479636e-01
1.531178257590211089e-01
2.256244259864965684e-01
1.323184715928817923e+00
-1.553392990234918614e-01
5.976858263982984809e-01
-2.529795348833765445e-01
-1.143920109652114547e-01
-1.500987482078040003e-01
2.374341886263824364e-01
-6.884791182318394931e-02
1.067015576590462089e-01
-8.872323928179337571e-02
3.766643035228334213e-01
3.799950722671496806e-02
-1.228422299026545872e-01
-5.592496221472185169e-01
5.273266199701618362e-01
1.892719687885439761e+00
9.954343536382976865e-01
1.261077031778905067e+00
1.542694574753102899e+00
-1.950701740190510236e-01
9.095416551588275667e-01
-2.112178400868959471e+00
-1.087604994921186119e+00
-3.491662631246801318e+00
-1.732816664620032032e+00
-3.356067095824555313e+00
-3.896697456123180636e+00
-4.553958118999954507e-01
7.304321063398289127e-01
2.111964633694555005e+00
1.424659267580075550e+00
1.134126408516555440e+00
-4.018493203276845005e-01
-4.005704970043143520e-01
-2.279701065941977522e-01
-5.472757337975504566e-01
4.386880868581567033e-02
-5.156307980518062273e-01
2.972957409889132485e+00
5.247454558886874842e+00
5.975566508201785254e+00
7.293218907684021701e+00
9.241042157882095154e+00
5.292227923128148603e+00
-4.250704640289626468e-02
1.466277074317041240e+00
2.802786496428595342e+00
1.895413915433422858e+00
-1.914795963436354498e+00
-3.028668753621836629e+00
-1.147330953737224490e+00
-1.690080192801936221e+00
1.887524612641883692e+01
-1.579640226902217393e+01
-1.188475441345207173e+01
-8.978085894129588240e+00
-5.712654040189262261e+00
1.578508576110406736e+00
6.396663944375173827e-01
1.229766377049314308e+01
4.292383248508135551e+01
3.133974311865850382e+01
2.389749938678636454e+01
3.636316453461233777e+00
-6.050819207445840675e+00
-3.398059557260695840e+01
-4.096981574725300135e+01
-1.348143003953277486e+01
-1.449093113406185296e+01
-1.980682410546730665e+01
-2.071095223422491749e+00
-1.889678904307126039e+00
2.382123022957724601e+00
-5.521905689836421161e+00
3.197243312924232583e+00
5.599370818017280094e+00
2.733864621812913676e+00
-4.751443286346690442e-02
9.339927890803951804e-01
3.122634284712837882e+00
1.811946817799888976e+00
-9.302697831333031075e-01
-1.363745470748975563e+00
-2.197780696630035724e+00
-4.026277833693961306e+00
7.617654650553726814e-01
-4.447919896129325368e-01
5.624233598470312900e-01
-6.543210087413293685e-01
3.804571560908796002e-01
-2.609326390259995021e-01
-3.866491919488494050e-02
7.582353139373764206e-01
1.582701591426360244e+00
3.043916823230013780e+00
-1.604587831061854430e-01
1.823265935139283478e+00
-3.903643929979239147e-01
-3.716297231414361857e+00
-4.834850275800897101e+00
-1.309256883680542050e+00
3.168837050092466967e+00
4.449541438604155630e+00
-5.571800819019138373e+00
-5.694816991457771316e+00
2.008054513931062601e+00
-3.370972205209454842e-02
6.826345735240888501e-01
-3.982439287462362643e-01
3.161700780213739570e+00
