3.728198531247395742e-03
5.678310626075892299e-03
3.023529238121497407e-03
4.481412484247690280e-03
8.165678590014942067e-05
1.875063615295813812e-03
7.651249046815736775e-03
6.592128337324443602e-03
3.092815859764606792e-03
3.414634366520787837e-03
2.064818744876161568e-03
3.405282708882878540e-03
2.434827914188081224e-03
1.081328769631896732e-03
9.678355245681214769e-04
2.298649226767549014e-03
2.163462459374569311e-03
2.453631209632364807e-03
3.541262360395944632e-04
3.967956774307638754e-03
4.925637667254473100e-03
7.896565888633623855e-04
1.762915970040744443e-03
1.652700137570344225e-03
8.089208718809772197e-05
1.451070644885767884e-03
5.092820192086852139e-04
1.273960183893864959e-03
7.916440427296492308e-04
4.240264595314823144e-03
2.582049391845976562e-04
3.396525375134875702e-04
9.180747925216921693e-03
2.905109517583923974e-03
9.260820891208563664e-04
3.529545632721201314e-04
1.046099461854896849e-02
5.752313490458620332e-04
1.659655682117838673e-03
4.480107658671021037e-03
1.116159426717283637e-04
1.126330805777149471e-03
1.824377958406232705e-03
3.039446934153221692e-03
1.559388443422275771e-03
2.085016274358311543e-03
7.504422422953192610e-03
7.958813985562934561e-04
7.250316609368458393e-04
1.720546285003587885e-03
3.248036388413606118e-03
2.989520380531172504e-04
8.426370515340054460e-05
3.946505614660890220e-03
3.210505927462904436e-04
1.871238521029737045e-03
9.980611722274260710e-04
1.137749102966040444e-04
3.446487576673541199e-04
3.356455514855675830e-03
8.127642620415358220e-04
7.940485839459894340e-04
2.414582239568122037e-03
5.457042259064986099e-03
5.232990684671646282e-04
1.983824872246759980e-03
3.142645391373165981e-03
5.464669765065035753e-03
9.792288789651109378e-04
1.301473425287927093e-03
1.199001027805292156e-02
4.455258904831413055e-03
4.688367098151544760e-03
1.594520395679567982e-04
5.117633484508480766e-04
7.917367257393111840e-03
3.471714665071259118e-04
9.127517595642098067e-03
2.989970308017339280e-03
2.062874681968933279e-03
2.978264257880792673e-03
8.719000864992948116e-03
8.078360992645819416e-04
8.713959314639901227e-03
1.102434025963476907e-02
3.759016935851367978e-04
3.816563701141131512e-04
1.273751506788556656e-02
1.349491538592221922e-02
2.269196149850217104e-03
1.342789247593285246e-02
1.889847721095701434e-03
3.236862599477746162e-03
3.746536895470977280e-03
1.429594964188928355e-02
7.403451037668809390e-04
1.416886892839733236e-02
5.146081866653744695e-03
5.336948926625715607e-03
6.258246394001820180e-03
9.523303081191861284e-04
4.773386759539859081e-03
1.172379700782425621e-02
2.880871913105123756e-03
2.988788867484337437e-03
6.199434261190000378e-03
2.733157004159903272e-03
2.797284089182260243e-03
7.617045116371795252e-03
7.737984584735729289e-04
4.882781002970165013e-03
1.941018966604608287e-03
3.578836461577522522e-05
1.168879068182146833e-02
3.146641695064526269e-03
1.437660776393682744e-03
3.011477468816157153e-03
1.244611874935802262e-02
3.244067601224318812e-03
2.889317560153744377e-05
5.567710836143255348e-03
3.493202387958368928e-03
1.629409537163053036e-03
2.150015637664477557e-03
4.977601556016396887e-03
4.659225369691917182e-03
8.910065137471270477e-03
1.079897524071058703e-03
1.003786245526334941e-03
5.006511307348913628e-03
6.551481089373314146e-04
1.043551126687081816e-03
1.682102882320381677e-03
5.800113161757183139e-03
1.917277717322115119e-03
8.443054301647022540e-05
5.951316713222296224e-03
1.135276001515193520e-02
7.793165577767270993e-03
6.819541831295815315e-03
3.969498314075194101e-02
1.658638860289659428e-02
1.100438882897527941e-02
1.178069475985886162e-04
1.144579381147489390e-03
2.486216592734399183e-03
2.821514121751638620e-05
1.594803861118184731e-04
2.873801461158938340e-03
9.976320496712244145e-04
9.421204599524362309e-04
6.403885757573170214e-04
2.856339149183454926e-03
7.265838129035541090e-03
2.112231020872356105e-02
4.244507343327647009e-02
4.788499127666302063e-02
7.596714299149712191e-02
9.905582292298928393e-02
9.577296007052620019e-02
4.716617160337099185e-02
5.735181230396776964e-02
1.890662303613855136e-02
4.934045186745872856e-03
5.208703926069292722e-02
1.687961044649574638e-02
4.177787505211415751e-03
2.564532001560672174e-03
5.289698570326514977e-03
5.941002602147233032e-03
8.691293676660715849e-04
1.068928413993546281e-05
1.562088982033508816e-04
2.440491790687596379e-04
2.447503330825187735e-03
9.188617517275556208e-04
4.806647698364152551e-05
7.559859927459744357e-04
1.994890132654852412e-03
1.640603738250648140e-03
8.346951908160076244e-04
2.202333668787296705e-03
3.446937041885402443e-03
1.251650685004872254e-03
1.637962225971057589e-03
5.156728627689584950e-04
3.596859516592227322e-03
6.252035158447409027e-05
2.056617249478070748e-04
3.502279724716559836e-04
8.125708322319815519e-04
5.783926987526696048e-04
1.342818495802978334e-04
1.475294505509935168e-04
4.320010392377857632e-04
2.785504400294296361e-04
2.643483973429663555e-03
1.667633412863156602e-03
5.653108676213319285e-03
2.372914673526973697e-05
1.918640918744559645e-04
6.528057847488980339e-04
8.861229340011606307e-04
1.819091051666076042e-03
1.497480182263178977e-03
2.418085450581990495e-03
9.468402114837319019e-04
5.062450588540756951e-04
5.423226395699539255e-05
3.772197971021137332e-04
3.858401834902154049e-04
5.167708896701634410e-04
1.934806367467823058e-04
1.597305051157361802e-03
1.694404582545547440e-03
1.899998092591647638e-03
3.885992907946119390e-05
3.949116086435179238e-03
1.280212064330110873e-03
2.513822040783047704e-03
3.068935081255004960e-03
8.454162869439977353e-04
1.172335961135695815e-03
4.724388988554934464e-04
1.118797603093991998e-03
3.526747164482373249e-03
7.543292070978478356e-03
5.329521891627520339e-04
1.258412367174329555e-03
2.016329745529525565e-03
2.621914403834148775e-03
4.002977693851168806e-03
1.512638884809428376e-03
2.505558592266742338e-03
2.443802386858702318e-03
3.208389534594637731e-04
3.462865266317514566e-04
2.108597249944855860e-03
5.415691905556055744e-03
2.133239020351655572e-03
5.741390471390659658e-04
8.586073608035175650e-03
3.101304402883286234e-03
8.666948730136772930e-03
1.457838694751379836e-03
7.370879320889174927e-03
8.896620775264228297e-04
7.242932732508407766e-04
9.295475025099040993e-04
5.735292986251926822e-03
3.483678287734831439e-04
5.367424693263752808e-04
3.324244564954029484e-04
2.452273040585137287e-03
6.131117971366631392e-03
1.948782192905408042e-03
4.483256886793321634e-03
4.989630660250338016e-04
4.224190877645183587e-04
2.851655209120066998e-03
2.034184568322773903e-03
3.764431584691257590e-03
5.522809942922545868e-04
3.096101328083207711e-03
2.297259629083298321e-03
3.258412450408262797e-03
5.919163298057235865e-04
1.740575983670241124e-05
3.285810977481676233e-04
1.427608959791578595e-03
1.800244560116509487e-03
8.526407634144188286e-03
8.803790332887698883e-04
4.111839735282930516e-04
7.468640527318468536e-04
1.300105047507903178e-02
6.188015382681902495e-03
2.729894906948633973e-02
2.366470191812611659e-02
2.252317853046898258e-02
1.093090355072878772e-02
7.439461442798807680e-03
1.087155346457462264e-02
7.314250205272680369e-03
1.819631484910246358e-02
1.076180075709623658e-02
1.360926154263319629e-02
6.805351346401477229e-03
2.629289401569909201e-03
1.911011465313550498e-02
1.242899126852524579e-02
6.329368163859166833e-03
3.280033932565473015e-02
7.820144394990010545e-03
4.890142500722764567e-03
8.600358643714563212e-03
4.908488790265392969e-03
2.128141988384513184e-02
1.164067729525384773e-02
1.843944080201703056e-03
3.922486044084558254e-03
2.322944637048643055e-02
2.728175747563437153e-03
3.878440796585845389e-03
2.637449074873438656e-03
3.405122879639426847e-04
1.821960986665061575e-03
5.626346895350142069e-03
8.177500636584921151e-04
6.720302512905106454e-04
2.837285953743584697e-03
8.962152595519504725e-04
1.709000601560030429e-04
3.268475206200376938e-03
2.200298851574269705e-03
4.470752349613236294e-04
2.113300456122249593e-03
1.103755317073978719e-03
1.096534010388722788e-03
2.578289763640474307e-04
9.526354842393553899e-04
5.800872444901542142e-04
1.531926640325932112e-03
2.605471162239577504e-03
8.526506371373261239e-04
2.509167688446066729e-03
5.655112625109284114e-03
2.289637820858753982e-03
1.449605822640618116e-02
5.876047514372912881e-03
3.687855295435288729e-04
2.461402095909595057e-03
3.522264327001386683e-03
7.721990263907746108e-03
7.860379575414735628e-03
3.143273609590930065e-03
3.917021859529965129e-03
2.874513767188448168e-03
3.290367366102595059e-03
4.629178371071052643e-03
5.011287048730701452e-03
2.264608147582055156e-02
3.162582519314749777e-03
1.057159210523257384e-02
8.940602198824860406e-04
1.831080196079502495e-02
1.579401331646040907e-02
2.309329020656989567e-04
1.541862684886035001e-03
5.001191969546991620e-03
3.296262901932028519e-03
2.092907264810072929e-04
8.675867350352929261e-03
5.969451621469583878e-03
1.767633090843946653e-02
6.770164352027615781e-03
1.690895972272778386e-04
1.153156468011093394e-02
7.340185961164054970e-04
4.331150222066982615e-03
1.476187977708710332e-04
1.804581445332595867e-04
8.646704811433868513e-04
8.170990592025716148e-03
1.202267128582533429e-03
5.611215507366180445e-03
1.475624335009603641e-03
1.764791107874342201e-03
1.500469966499075151e-02
7.088047165953712675e-03
2.166761952663371488e-03
1.216079499094546365e-02
4.180537939450707993e-03
2.500657254632901449e-03
6.054443785211074611e-03
2.387700809852295446e-03
2.936769164621375224e-03
9.020756940400383866e-03
9.316178401102657644e-03
6.374512111130514443e-04
2.320123624997642939e-03
9.860789542817918665e-04
4.652395697622797345e-03
2.032413030755019032e-03
2.437120651590607943e-03
6.730543467087868673e-03
2.390838874195889887e-03
4.498769698640681450e-03
2.484341131991647366e-04
2.004491916728732702e-04
2.809619678887013625e-03
2.320943370362694297e-02
2.690807266720236096e-03
5.470001426674499928e-03
1.664508989579938482e-03
3.993130241751774098e-03
1.162271938938359665e-03
1.566922943397311332e-03
3.225819279504266082e-03
3.076158291920236525e-03
1.237670773660514908e-02
1.613542386083323659e-03
8.922832343608827596e-05
2.299663846964180859e-05
5.891026295369587891e-04
9.092430953708384054e-04
1.324605525894543417e-02
6.265033806895594325e-03
4.104540857259038984e-05
1.052428582115379121e-03
5.565736905543980460e-04
3.318533942658193937e-03
3.842477989502254181e-04
8.661122590783429712e-05
8.047647093578466811e-04
5.486871621678960850e-03
6.500952146988114334e-03
4.386998371883462310e-04
4.176975298501592673e-03
2.071750045490282355e-02
9.646983202421043069e-03
1.119126628385185701e-03
6.163856887939716221e-03
7.145069722972918758e-02
6.062105629722187947e-04
4.341551429987733704e-03
7.572804434855457453e-04
5.400770898913287606e-03
1.190650710801397253e-03
1.351363314194855419e-02
2.409760620850267404e-03
8.078371722812420583e-04
8.177716919105015858e-03
1.200521456308799089e-03
9.732884371827840025e-03
6.856660747111340340e-03
3.008826489214762919e-03
5.976745174267669193e-03
1.760895649721222521e-03
3.907971745599760419e-03
2.148361632470295428e-04
3.181259200862980412e-03
4.234448920332509018e-03
1.682156899629783618e-03
1.075940604806671164e-03
6.658631151638517640e-03
6.681298187034329008e-04
5.124738797638193552e-03
4.065854610490029879e-03
1.242005404294964019e-02
3.935080023258639460e-03
1.739790924686209070e-03
6.574897558440203271e-04
6.503130001625722321e-03
4.110103176204134116e-03
2.459951603957185196e-03
2.455605248458959597e-03
1.368275666518924648e-03
1.203735600970675182e-03
9.012353821124832699e-04
1.908154733127742121e-03
1.005158534588746887e-03
1.022716652220942088e-02
3.012463554048889179e-03
2.332268069220221757e-03
4.244927663934540060e-03
1.475448346544452286e-03
5.407071542748218169e-03
1.545875919638127309e-03
1.871668103543451967e-03
1.620097668699064901e-03
6.407019277963080413e-03
5.418093717422075434e-03
1.626093071654295403e-04
1.650971053006914063e-04
6.957650410233662264e-03
1.391633286042110167e-04
1.039204227685810696e-03
3.054944319825876262e-03
1.009799786691445780e-02
6.146206912543985233e-04
4.140198145364776955e-03
5.579671290508948084e-03
6.677944391987265457e-03
1.410745999334229658e-02
2.124010725399078439e-03
4.593935973516523850e-03
2.515690209798220577e-03
5.874227889508115696e-04
3.644267072746472662e-04
2.168753422798193851e-03
5.492761886561425486e-03
2.122624696891956073e-03
5.016672214227006592e-03
1.419328357751380577e-04
1.650545506488555400e-02
3.327575581504895168e-04
1.194669184674354220e-02
4.209433019920237606e-03
8.043146093056920826e-03
1.323607656929584250e-02
5.376757709834738969e-03
2.941690608774054014e-03
6.341630461211579517e-05
2.677933598097170169e-04
2.651126850746094409e-03
4.847889961881929333e-03
1.663507007832441820e-02
2.042356680363474706e-03
5.260443718622941382e-04
3.969037786756482032e-04
2.281086846158371980e-03
8.216468986094706967e-03
1.147074333826652182e-03
2.548202507353928073e-02
2.064799634894897481e-03
7.720390814746853686e-04
7.903745375227319916e-03
9.931249043898741913e-03
1.046538547640546955e-02
1.182769265438475201e-02
1.138810078179789201e-02
1.575219267789705439e-03
1.338855860609259110e-02
4.462840487314057090e-04
5.088580667810072532e-03
5.053130482241947191e-03
6.563587617771022772e-03
3.215933923498214345e-03
5.375072915103393939e-03
1.527205959467033613e-03
8.206484005756933776e-04
1.256293984787570841e-03
4.933407760945181762e-03
5.412778146399624228e-03
1.186734612381143677e-03
1.408870683590063570e-04
7.660189127075070492e-03
4.346673477943004300e-03
3.342859078881688182e-03
6.189824104700644009e-03
1.034831575473141307e-02
1.285235917206856496e-03
2.617944225508313065e-03
4.852755901693470153e-03
1.177158943695468673e-04
2.415571412587328489e-03
1.572375210162727313e-02
1.715203690573863281e-03
5.091138009710971003e-03
1.974943849275493518e-03
1.432866682187107846e-02
1.259551510352656216e-03
6.016015299606948779e-05
7.274419357055018215e-03
1.418427524331795225e-02
2.621773810336738234e-03
4.084689082876651577e-03
3.421901905777421579e-03
3.094545909289748639e-02
1.009102726524779316e-02
1.568364951386332388e-03
8.839103882358713069e-04
3.877514877229516332e-04
1.231648591598878510e-03
4.482840995685449109e-03
1.986587523625895496e-02
6.557952403496114481e-04
8.110863718359964669e-03
5.413092941380288382e-03
9.500686618324106700e-03
6.218544203292174222e-04
4.291522281887376160e-03
1.980673310198873167e-03
1.091421091286648784e-03
1.430305966364404935e-02
8.602326685358917930e-05
6.043959405145072879e-04
8.999281315035164439e-04
9.496114175931739607e-03
6.358119102168324766e-03
5.796782042868576552e-05
6.677254503711157509e-03
2.627439870424010723e-03
6.421214862402802558e-03
2.112615984392949946e-03
1.369663915831605778e-03
1.362894413205315014e-02
5.455709162062867025e-03
8.891486047233909153e-04
1.447044839151279691e-03
1.453434377723908030e-02
4.763572253620514119e-03
1.561120168193382441e-03
5.038670712773910318e-05
1.170819683721270599e-03
1.224592973368476357e-04
1.389325233723955749e-02
1.578579555737816536e-03
5.283995287631869375e-03
2.510474721613649429e-03
1.054750800919729108e-03
6.810284307364728937e-03
3.273420075349549058e-03
9.413589291294866684e-04
5.577459441461206672e-04
3.316994065954540118e-05
2.646804757793598702e-03
7.996154249509722020e-03
7.845687382432679768e-03
2.751279647019144129e-03
2.087316509678980095e-03
7.159922401568060910e-03
1.876637125492717356e-03
1.111785370676476176e-03
4.647723357959216827e-04
3.009873784541241149e-03
4.247613626886416818e-03
1.699528179087044649e-02
2.136309689961837094e-03
1.286371063193261733e-03
1.159865969116783031e-02
1.050209767448299740e-02
1.580382654695442358e-03
9.312224156606452221e-04
4.882879942144259869e-03
2.979864732654965813e-03
2.066276279497506266e-02
3.123528891417000006e-02
1.061207011004548176e-03
2.085368787333978166e-03
1.488832499025969465e-03
1.971222982305594756e-02
9.450602654243158351e-04
3.589312403228673860e-03
5.775705346701011226e-05
3.702093639934488697e-03
8.978606153249208983e-04
1.366555830746756105e-05
2.423519938126048046e-03
7.287749804496103032e-03
8.363150849359109705e-04
7.230380539254524508e-03
1.802480274298555408e-03
4.415827083695746287e-03
3.342645948197026096e-03
3.498286926533157679e-03
1.693130188549105955e-03
3.875173486559985430e-03
7.126728737092335661e-03
7.000077784084019449e-03
6.664920409819322100e-03
8.859943604885181338e-04
9.593409475284845125e-03
1.065680337470246986e-02
5.637272377250228915e-03
1.073585794050510404e-02
5.415774591046314257e-03
9.095549629529010166e-03
1.288800365177053542e-02
2.906311655890085263e-02
6.223327220191635610e-03
1.177768050090282313e-02
7.953542938042264601e-03
4.687271987269772677e-03
9.553222814290353998e-03
4.126545041889368402e-03
3.027370289402859897e-03
7.686125819027118944e-03
1.281490964964128454e-02
4.550493730793071963e-03
3.829863380442308056e-03
8.969544548379150550e-03
4.486271321163378886e-03
3.512050109215108379e-03
1.423452908773765839e-03
3.510753156878145161e-03
5.497236463829438145e-04
1.480208538473577577e-03
2.859641907957651344e-03
4.135108702788112180e-04
4.504045850186272001e-03
1.361220145083702655e-03
7.414490822561309790e-04
2.737669429880054380e-05
2.479258076007878620e-03
1.897639701453136037e-04
1.582113438959207316e-03
1.847564541007822849e-03
4.826688595592571775e-03
7.926106877159317873e-03
9.075848023531204838e-04
1.641113002071809338e-03
8.001599747185686017e-04
4.753691282535265684e-04
1.951181540066354884e-03
9.873867774879501423e-04
4.867782671805921842e-03
1.862186065925205882e-03
5.136885183384128735e-04
1.629017911869234817e-03
1.144215318257009104e-02
6.582076794035322809e-03
2.598012776998014778e-03
2.769376109286025584e-03
8.532669451398655267e-05
3.499114087060676160e-03
3.130425119885883387e-03
8.052994146914200808e-04
4.601926647860365288e-03
3.672538400294983289e-04
3.609227969997276519e-03
1.379201909615923594e-02
2.037564450840752273e-03
5.474319786012524659e-04
4.428762459785881393e-03
3.239720465626975531e-03
8.955242032787163152e-04
5.138698028885729232e-04
2.472915673363443138e-03
4.046071674566697682e-03
1.056535740685277374e-03
1.904443184166414995e-03
9.051907776628946578e-03
2.444780599737905410e-04
3.375492742247716100e-04
7.003702058902463307e-03
1.208595642449011506e-02
1.454366430314502903e-03
4.883173468717452205e-03
4.485985088805663837e-03
1.533128255112755321e-02
1.366061000828477706e-03
1.074229461617582596e-03
5.648157670180527831e-04
4.686992264034529551e-03
1.342573965706536122e-03
4.368126665181329134e-05
3.636416612621815644e-04
7.848472916090679444e-03
1.553742395419730263e-03
9.087264246767781184e-04
6.273733342090795015e-03
8.020995750056238854e-03
1.553051759998929412e-03
4.027081827611407421e-04
1.292627160054395270e-03
6.727848317400027733e-04
1.212448849088490981e-04
2.574682737518757232e-04
7.244212446009426314e-04
9.580209024637532152e-04
2.218722316132631586e-03
8.879790205046039862e-04
2.911234416652723998e-04
1.798776433870319640e-03
2.429831633367307737e-03
2.229064738419475524e-03
3.013750922579947703e-03
2.295283573658743297e-03
2.234077425717954923e-03
4.183398912610819011e-03
8.863819951975111745e-05
1.390001800201396114e-03
3.202194604707429750e-04
4.237582667041452610e-03
1.722782184574095767e-03
3.311740092898336025e-04
1.108317758177281313e-03
4.295314058942091388e-03
2.041614586727323166e-03
3.222183099758681776e-03
3.000433404143597327e-04
2.017253712061345752e-03
1.029558610364759812e-02
2.596925710997964425e-03
2.337245699172434479e-02
2.130698042578625401e-03
2.995707059332391661e-03
4.346248109134710422e-03
5.583412541844984950e-03
1.611595053974671014e-05
6.052733627291792540e-03
1.753818027759935280e-04
1.824245389090086268e-03
4.792086405726513239e-03
2.843859799852652224e-03
3.549394672843428963e-03
4.611330689412704298e-03
3.852928175702613305e-03
3.897493841229082191e-03
6.244972585037920562e-03
3.143746755343489793e-03
1.073898292864239584e-03
3.536833989762444390e-04
2.149381101668591636e-03
1.143676248410974535e-04
2.161543001203350010e-04
1.068742705642658150e-03
7.540368090892448499e-04
2.492076909006778022e-03
1.967394940718132645e-03
2.152842414939869654e-03
2.517986581733319337e-03
1.075794200617308282e-03
6.491109373479534306e-04
1.322089460842715150e-03
5.349907107154485905e-03
1.004230330709264193e-02
1.865988044369121246e-02
1.040988276577434852e-03
8.910060573232080755e-03
2.136167057358916242e-03
1.197917956544447549e-02
1.785687536720506965e-02
3.013841940394761804e-02
1.761964607640786884e-02
1.585653857881498888e-02
1.157910134313091914e-02
1.957996891644991216e-02
1.393058836466446425e-02
1.635075417109644810e-02
4.392910064028342394e-03
2.077378190239680816e-02
1.387643003643577316e-02
5.454602302504452278e-03
7.572581425873931710e-03
1.212289143240679462e-02
1.351628561471549840e-02
6.364191052798146876e-03
2.156795545697279270e-02
8.386422525294751421e-03
3.749437302356982415e-02
2.045252509152477652e-02
8.791090471680895399e-03
2.101308018350968310e-02
8.525174413713866930e-03
1.284116632390532031e-02
5.961977640183850624e-03
9.693217739892893980e-03
5.037029014962720458e-03
4.072655800298415757e-03
3.580991214909475147e-03
8.699420030882256929e-06
2.225526020201737658e-03
3.382880041912011623e-03
5.190290698938993235e-04
2.464455220736889215e-03
1.206357109111013109e-03
9.065604400229233654e-05
8.326307301941447345e-04
1.233743909863526571e-03
1.431344571660008802e-03
1.863910029821895910e-03
8.685398192287138242e-04
2.282558403700796820e-03
4.086044848857649583e-03
1.283885942733070316e-05
1.036513432198953467e-03
9.188132978228819026e-04
5.348777330399798538e-03
5.253441927784101143e-05
2.663212677861972588e-03
1.122298779441175916e-04
7.003820128248412769e-04
1.110986863480727463e-02
2.987041002422882383e-03
1.298471496250105505e-03
1.219951107508940921e-03
1.646531406734350316e-03
9.445489005397790560e-04
9.842630566413484907e-04
2.249635259763634910e-03
5.540507183488542139e-03
2.175922331847469481e-03
1.355635596443012167e-03
3.753348864236007078e-03
1.092533569662909235e-04
2.057410655654361717e-04
1.987572446781738617e-04
1.822585453371687461e-03
4.575207698976947908e-03
5.291724075535917402e-04
8.873140494500022374e-03
2.515180335613125288e-04
2.486640683365782612e-04
3.309474231667640143e-05
1.442876126149171025e-02
2.116545350589654154e-03
3.417345186373559399e-03
4.368805362087757257e-03
9.956753163647923382e-04
8.663623254006030255e-03
8.396652228322108724e-03
7.648857404138774321e-04
1.402196204576602878e-02
1.672222333296116735e-03
1.967730527270984252e-03
8.862558831081827904e-03
7.294435538896823154e-03
8.500164316968391795e-03
5.602899186250323918e-03
1.092225305216756003e-02
3.389016677881373767e-03
6.022865208054292187e-03
1.053191525962765898e-02
1.304238832642323027e-03
1.057348271928435814e-02
5.803408091645097244e-03
5.999418973600824379e-03
1.445555327743425775e-03
2.407618154023670812e-03
1.418276720471360955e-03
1.031674866614877301e-03
1.096898349165211948e-03
6.297435866057599432e-03
6.419431484332672674e-03
1.737641731937120126e-03
6.817541502486970315e-03
3.715711373533615944e-03
5.906231974951439527e-03
1.263505028616871404e-04
5.097977253929819944e-03
5.957578424783149026e-04
1.171601004811306107e-02
5.722696452588939622e-03
2.446165549647078864e-04
7.972236952041819244e-03
3.578675953626354444e-03
1.398386701236992245e-03
1.680362296110035972e-02
2.613538775513309792e-02
1.521153090922429049e-02
1.610883941706793207e-02
3.052980083329221404e-03
8.751987111647591480e-03
4.433443404279474934e-03
2.506411452955045055e-03
2.601532102436461373e-03
9.160957641016961037e-04
3.165644601746666828e-04
2.064656257361780628e-02
1.276885667642092825e-03
3.428653128333485154e-03
1.554044776113993470e-03
2.245568360096567018e-03
2.056512529640993313e-03
1.215594167196032589e-03
9.542409064551147157e-04
3.543581527039410886e-03
1.114939402858628522e-03
5.370592608102089070e-03
8.751476581373592283e-04
6.873908918576177767e-04
7.254558453518578087e-04
1.635672818337437218e-02
7.099589477893663127e-04
4.188862181005056874e-04
1.243108630361486333e-02
1.024847504980133184e-03
8.460098879547836570e-03
1.994443800566484890e-03
3.867057990638083417e-03
6.331294501585070685e-03
5.859918267235610795e-03
9.107951187139376459e-03
2.302248645205088803e-03
6.163128700144045527e-03
2.005782454250372351e-03
1.744124704928646727e-02
3.232417316636496986e-03
1.695855245360412128e-02
2.735330378128847904e-03
1.865511621779868297e-03
2.464529044029850104e-03
7.289783024772060471e-03
9.832668008013056935e-04
2.024460049356223597e-03
3.306388899428835178e-03
1.858440609308158013e-03
6.132713432303711631e-03
4.201563538333273097e-03
4.628671485036591621e-03
1.372378356663149967e-04
2.562350939927161841e-03
1.970623002243285932e-02
6.896137152557278542e-03
1.443406904408950017e-03
1.227785659699036185e-03
1.599424782012202288e-03
4.130939290169063395e-03
9.370559730946204048e-04
1.638309334947029867e-03
4.088927117421477068e-03
4.237290677355028297e-03
6.806642207589108130e-03
2.966299811538568483e-03
1.182086422937220910e-02
6.994551324110316604e-04
5.959193829098202201e-03
5.258218792174201503e-03
2.840757668455992885e-04
4.762607462190107666e-03
3.952803748369770193e-03
1.262479056070257670e-02
4.126211342459860237e-03
2.189720320337320940e-03
1.349250386321049384e-02
7.718872920581560521e-03
1.110361023677344187e-03
2.515416854018080132e-03
1.695715402527789295e-03
7.076294484305269616e-04
1.052289960805540686e-03
7.979120012267061635e-03
1.864519384626053692e-03
4.995560071574812501e-03
1.204239559947023475e-02
4.717612342537372966e-03
2.952787547526834755e-03
6.616939522258545071e-03
1.354759138672722749e-04
4.408492273490228694e-03
4.727122887128816855e-03
4.093310979453228336e-04
1.179626732092822587e-02
4.148473110778433696e-04
3.183732483108527023e-03
5.765838460021287899e-04
3.285574625418066167e-03
1.950294263409893059e-03
1.026682604322444112e-02
1.756477968462324219e-03
6.583168236128787015e-03
1.505265496994265435e-02
3.961119613216112362e-03
6.257673686459573267e-03
7.212840059032147536e-04
1.378770213686430829e-03
1.204978582165890360e-03
5.488179006611543925e-03
2.848740703913918253e-03
5.038673456127255781e-04
2.943568755275801675e-03
4.599749793291449222e-03
2.567072421849247044e-03
1.320343131311205371e-04
7.873073704240281939e-03
7.864701268720049668e-03
3.711974261370497123e-03
2.162207772805785648e-04
4.038683164505453040e-03
3.688178085518363947e-03
5.172584984458664797e-03
4.622788583048036896e-05
1.939507617504472505e-03
1.552700872605376368e-03
2.489878262333854782e-03
1.626709024365329903e-03
4.365453451543097226e-03
6.233317352784557147e-03
1.019427251984520322e-03
2.630163721184463851e-04
3.662698463462375179e-04
3.231419447673505602e-03
6.005992467989956828e-04
8.092438031867816954e-04
1.728378191068446904e-03
8.298491530286389306e-03
1.190534720377482529e-03
5.281673550413989310e-03
1.026368499403461018e-03
1.718703751068943394e-03
2.109215374732393341e-03
9.623320986010912553e-04
1.476911376027152580e-03
6.559477807149965978e-04
5.185354085285391254e-03
4.271721677380805010e-04
8.358466212451825389e-03
6.510273029032266623e-03
1.953685999362037278e-03
2.232987223449673340e-03
2.513286092516361751e-03
3.984088243065027519e-03
5.589338288389108719e-04
1.098977098479128937e-04
5.977306194326407335e-03
9.554783135728515519e-04
2.197934964313352172e-03
3.959659873155898201e-03
3.903098481775165579e-03
3.396070394413798661e-04
7.088248728090880239e-03
6.530569176211733313e-04
3.319255484292455219e-03
6.796394603438396834e-05
8.229301049269328481e-04
1.214688286122607604e-03
1.706044799455732177e-03
1.285046268187327789e-03
6.212747183391760129e-04
2.192712823149951340e-04
4.300503548512359781e-04
1.443114083547528386e-03
4.634031215019937880e-03
6.356795665530174961e-04
4.137837023407018623e-03
1.335255176213204437e-03
1.181800611403589860e-03
8.194159307218482763e-03
8.486340752984879512e-03
5.086109562221050213e-04
6.378096069054889176e-03
9.629815913019241710e-03
1.565245149492754595e-03
1.572331255352442262e-03
8.851743654026271208e-06
1.734092408992219010e-03
6.196146304651877542e-04
5.189626612505703410e-03
1.637449848463317205e-03
1.064945618384385449e-03
1.654180507220875604e-02
2.020395057194011162e-03
6.606154874019527258e-03
4.853697776304744796e-04
1.498644966472079164e-03
1.254198963560628410e-03
9.720054054208179719e-04
7.631483511717015869e-04
3.384861838538715320e-03
4.300399938216479222e-04
4.401863250941832201e-03
1.876307632544141975e-04
3.775081900132449056e-03
3.292688931184126980e-03
2.880798197485252496e-03
7.461955298249909295e-03
6.292133218875620854e-03
7.280620717305578450e-03
2.645370731275981796e-03
1.182188080597883434e-03
3.504059855379189695e-03
9.360457307542775513e-04
3.177214088790854046e-04
3.581317024725723299e-04
1.896279913199015819e-03
5.811321764360578672e-04
3.978870770157190320e-04
1.618185318943849912e-03
1.714213905717989561e-03
6.538864170156563887e-04
2.446656805295495830e-03
1.560744775009889791e-03
1.605367411763546776e-03
1.090660599305849545e-03
2.796806116584964544e-03
3.846787670480258502e-04
5.321534367438120671e-04
1.138896910321337544e-03
3.193174955901872426e-03
3.886959696829344170e-04
7.598367365882186225e-05
2.324369273677304409e-04
7.854011940650911698e-04
1.573284293416400215e-03
4.128654118165247383e-03
1.023708650019652380e-03
2.421517015222194365e-03
9.157524512179844546e-04
3.723155814179735694e-04
2.334475635974926286e-03
4.106423528276111762e-03
1.459422208923443257e-04
6.295813289935865394e-04
5.862953992029872920e-03
2.264726926468703730e-03
2.968659900175954838e-03
3.369391052500346744e-03
1.627818050208714590e-02
1.636503141785778173e-02
3.541601332773864144e-03
3.245945619375376155e-03
2.218787220452294933e-04
9.095939184451820939e-03
2.354525025113855317e-05
6.635696010371183035e-03
4.278541350105189052e-03
1.321272057912062587e-03
6.290932616750451872e-04
7.157000169443899183e-03
6.847216091002855144e-03
2.919833355942939510e-02
7.750399753893723320e-03
1.907613549084720243e-03
6.824355033103204037e-04
6.621872084923067711e-03
1.316506455809810308e-02
7.838548479034783065e-03
1.894178264778182720e-03
2.466016634243003731e-03
1.013727298392490955e-02
7.038476908710778607e-03
7.376397078503298295e-03
1.707131343604407266e-03
7.925080280432419619e-03
1.883049153524280882e-03
2.095318235907959493e-03
2.016341497071283927e-03
3.427445823809170070e-03
6.529036145973147846e-03
4.431969879072367727e-05
5.612577644210707886e-03
3.270084313918203422e-03
4.976578457116275986e-03
1.790338461025541353e-03
2.367182798721723970e-03
1.245610535988404301e-02
3.484048080765382669e-03
3.031334707187428520e-03
1.447009103618719693e-03
2.058055726828153260e-03
5.632657877273889281e-04
7.400284261653038674e-03
2.126310409471764400e-03
9.012470747749735250e-03
8.122061854896462513e-03
1.116156146631320893e-02
3.065639135731902058e-03
2.338724741681730279e-03
1.092861325522283787e-02
6.614997972988809595e-04
5.147750275244609638e-03
1.653889630637147071e-03
3.311529058797975725e-03
3.119016312497506667e-03
1.906306756128610651e-03
1.812268611730644347e-03
1.537914978180388286e-03
2.554565198547709484e-03
1.227818820737220360e-04
5.030576904774858478e-03
2.950098465399043912e-03
1.885768129229593295e-03
1.333409346302800481e-03
8.032202297002868918e-03
1.094358502411384794e-04
7.122766046967376162e-03
4.590975493864472498e-03
3.249404269907259224e-02
7.657694223581307594e-03
8.618768983411977461e-03
9.050339467762026288e-03
1.245437466505548360e-02
4.358371181921706639e-03
5.756336271783391717e-03
1.821168727691385844e-03
3.906075544811265718e-03
1.700263272719582629e-03
1.787689197812435777e-03
2.729074027205568480e-04
8.156856050235278266e-04
2.246663710424889361e-03
1.504110987486502807e-02
3.974411514703792003e-02
1.403801595912252120e-01
5.831485888585206945e-02
5.781395215305053237e-02
8.821625714583780642e-02
8.535691742366002810e-02
1.010332352751373841e-02
1.980722143178572509e-02
1.521160715769667542e-02
1.856089211156134247e-02
4.225078216840435531e-03
1.596402551595260330e-02
2.201864525137296920e-03
7.377036135723318878e-03
2.749406383607908705e-03
1.594688450873937933e-04
7.598693870541959813e-03
4.599003488405996743e-05
1.018314738566834191e-03
2.237266244100623031e-04
1.116822159746731638e-03
9.504963290619307544e-05
6.470913978442817448e-04
7.654557010997097097e-04
7.509346634959227851e-04
1.638174148953993941e-03
7.243773275609085259e-04
4.922418634044445980e-05
3.518941295636708296e-04
1.057183686647764423e-03
1.184712059783085691e-03
3.985276146206745331e-04
2.639298428748035222e-04
5.823029455640380073e-05
1.595265306399808094e-03
1.558130195107538217e-03
2.739699098575725661e-03
6.326268325082203036e-04
2.705437715224392396e-04
1.297455757681192185e-03
2.761020202413240997e-04
2.466666190941895279e-03
8.791587051260303740e-04
3.868296666998854820e-03
1.537646262978561171e-03
1.108664194363725508e-03
3.915897757202736924e-03
2.702493747515311191e-03
5.056933725368151829e-04
7.086003299679894676e-05
3.774246397607544743e-04
8.000146988143391194e-04
5.267933450155164914e-04
7.827424314519956122e-05
2.647153842088648666e-04
4.341000803888486401e-03
2.747866063344237041e-04
1.715680769756176469e-04
4.280352234822691095e-03
2.583559771630679087e-03
7.355327670782266583e-03
1.727639473456139135e-02
1.096356284046032074e-03
2.959934498463523173e-04
7.147618592185841493e-04
1.738367553520140090e-03
8.057030119201512340e-04
4.412115748501606489e-03
4.981951949960560823e-03
4.302218315431120365e-04
1.938506900957466181e-03
2.251865338537837550e-03
2.728408767865334126e-03
4.991157760298203273e-04
1.439550917319465774e-03
5.561531409003147306e-04
5.594251010062009123e-04
2.181304846551736492e-03
6.515655048840412588e-05
5.685864204695713180e-03
1.514907040078350376e-03
8.900488470518155436e-05
1.773135190406371344e-03
4.548684342930627575e-04
5.099708392789676107e-04
2.446563115407258959e-03
7.042737405489313382e-05
3.401461323496549906e-04
1.497018628441535164e-04
5.495771413053693018e-04
3.203783662668113069e-03
1.159474677834268144e-04
2.734842581186555828e-03
1.271229630843766570e-03
1.526084880577758965e-03
1.858196620433768707e-03
2.355651440771887632e-04
2.178492414762280590e-04
5.227915956318812766e-05
2.124461516481343602e-03
3.415481646059981063e-05
2.155714276740084388e-03
2.271224855060652130e-04
1.185656994963286666e-03
1.524853879780880151e-03
4.727613252120223329e-04
9.424859072250019502e-05
6.813762089973972183e-04
5.970184557519012201e-04
4.627012994928611511e-03
8.686306890574007743e-04
4.385902908426328635e-03
2.582723175284378793e-04
7.738188271781279784e-03
2.539088445431192907e-03
1.040728153870718129e-03
2.239840622095012109e-03
1.792313007317583844e-03
6.977180254633498025e-04
3.726194643417979433e-03
1.362413978642408466e-04
4.784982098572205210e-03
2.639042747202886233e-03
1.831158864739740175e-05
3.459870325306751461e-03
7.568584653778893598e-03
2.610090607136859257e-03
6.615572719570664458e-03
1.176592285914990644e-03
7.287961958651044750e-03
4.542059115964770105e-03
1.341592628627453175e-02
2.713285249218323411e-02
2.585714913988076957e-02
2.916447008145833797e-02
9.641717074595610240e-03
7.258918644612937301e-03
8.265834320650072148e-03
1.084122735470385845e-02
9.350093649586327729e-03
1.581509657263771226e-03
1.474626528022795167e-02
6.109142137644873495e-03
1.858254538796010741e-02
6.095598254109486740e-03
9.980130639976962301e-03
1.455221758430284493e-02
1.347181177836869609e-02
2.756885113696943938e-03
1.152413985872367819e-02
1.292381948029116059e-02
7.781427913941691907e-03
5.226919465578694531e-03
3.517959733319644781e-03
5.717378047174546778e-03
3.410690919616084097e-04
5.609541201624013498e-03
7.352198602098036252e-05
1.295963146001932352e-03
7.282667193652276336e-04
2.923541067357676173e-04
4.261146602031373049e-03
2.710755753485019192e-03
3.775200986161492134e-04
3.284243856039446418e-03
1.596216505919082092e-04
2.771904710280265541e-03
1.620305967525164856e-03
2.122090820151526207e-03
2.183593774742366780e-03
1.586066457647375199e-03
1.689720780532895069e-03
1.843685279330691028e-03
1.320143142955286031e-03
6.506565310992965499e-03
7.359941574494196191e-04
5.039254931488073913e-04
6.051502876775769011e-04
5.650036108474895723e-04
2.274243729626425369e-04
3.039248000641405802e-03
6.171251193776216637e-04
2.244897340809985306e-03
2.654509944476130760e-03
4.439715027730297553e-03
1.075484102423567706e-03
1.005535182584820636e-03
2.519956304563964822e-04
6.088529601408163364e-03
4.116781456476191394e-04
2.051826256394940085e-03
4.811078363165911288e-03
2.637589491980108208e-03
9.045700002465984445e-05
1.079715864192664493e-02
1.608339722691733142e-03
3.611198656899529055e-04
5.167269788035720388e-03
2.002184865843161660e-03
4.819322805044692817e-04
1.791825462619115470e-03
1.968038195658846842e-03
1.851385125252385036e-02
2.309437619386909071e-03
1.557922054877642845e-04
1.027044348053407453e-03
4.738817387130244731e-03
1.545688376630528337e-03
2.772874595906803762e-03
9.229767625067865193e-05
1.375278412714717180e-03
6.825147459525941762e-03
4.887667563222574535e-03
1.128307890238162449e-02
3.056686001579067904e-03
2.455877740487176324e-03
2.156815757683812340e-02
1.086534840543875065e-02
1.036654108975944776e-04
2.106742911647332701e-04
6.109477044414479349e-03
9.253988274386007289e-04
2.599476162984572757e-03
2.990543337439620537e-03
8.375769797400312369e-03
1.552095897255662167e-02
2.311930101426726628e-03
2.420177207950983608e-03
1.628523371129826354e-04
4.844638189345724932e-03
3.807866033894127984e-04
4.058575554981478338e-03
2.474757088192929694e-03
2.595961104080383997e-03
4.726909125518099011e-03
7.661647732928186729e-05
1.499097893442043021e-03
2.290303619880404862e-03
6.908508011189355702e-03
2.487425131536420133e-04
2.026368223251203728e-03
1.528380540082334730e-03
1.725003819418585629e-03
2.265624584743483537e-05
3.111328256976220695e-03
1.549378202566589714e-03
1.219749601472223423e-02
7.547072402451881871e-04
8.364998955960245217e-04
5.662065684517421458e-04
3.910832783202654577e-04
9.047185105320308153e-04
5.115119480561581417e-03
7.303311023907120905e-03
2.302165654794136734e-02
8.828973959245146365e-04
2.165588215901079541e-03
5.406556197943554638e-03
7.706454869856320822e-04
1.285910115680742073e-02
1.301976817034219188e-03
3.384964521035410852e-03
7.433926543193027439e-03
2.207873929645925732e-03
3.766619468928500761e-03
2.715098695465539749e-03
3.433972339715931580e-03
2.428392652444757212e-03
5.879679369953483281e-03
3.277661607330687333e-03
3.862902194336718682e-03
5.002907710596583325e-03
1.268490900355821044e-02
4.266837358582665184e-03
7.409808222087481584e-03
8.302399547603759450e-03
3.289776190253256016e-02
5.271524882783824861e-02
1.310402090723189125e-02
3.498183983743909879e-04
6.935768674811133112e-04
3.825980441762071894e-03
6.375021526501192934e-04
3.938991087190869735e-04
2.088856932184535230e-04
5.599336309766105892e-03
2.474494707109866146e-03
5.098273298326957276e-03
4.357536423394454440e-03
2.701394051730216656e-03
6.451684495230394951e-03
7.841367774563118634e-03
4.293819416166989693e-03
2.883727666090565725e-04
2.078681808025322029e-04
6.968553080296443700e-03
6.918150234421089825e-03
3.632666784998453391e-04
2.395018428680208578e-04
1.336154773639118955e-04
3.881760301978062289e-04
6.995609118106616356e-03
2.239482836188281482e-03
1.901536491494598604e-04
5.088906632023012730e-03
1.164884802043895766e-02
5.828434942625880955e-04
2.836923375870454970e-04
1.091311325434866962e-03
9.121242536012219961e-04
2.605368195347761238e-03
5.249538591865888322e-04
2.918801836463578037e-03
7.442621515120292734e-03
9.895096905738309367e-04
7.999488234933420719e-04
6.862006282616019484e-03
7.759781667846660236e-05
5.233381210382938992e-04
6.355887743435460063e-03
3.507752289637451008e-03
5.612282293052569745e-03
3.829951007713152875e-03
2.825140563810600060e-03
5.660852631683162446e-03
9.912239811149573497e-04
2.665017143319215864e-03
5.412392885618877089e-03
4.050219063682488838e-03
1.492406069328286108e-03
3.293955713956716116e-03
2.130557855020113675e-03
3.604875245966340618e-03
1.959224886576022093e-03
1.218447444212752626e-02
1.847832117868761182e-03
6.859493156435033474e-04
2.633549433320742789e-04
2.423607385303348100e-02
1.069735957464252457e-03
9.555331188934284149e-05
6.240595465942514429e-03
7.584906905536624618e-03
1.200567846171285424e-03
9.782041204892441121e-04
6.355259914909847574e-04
2.523695741179939403e-02
2.980444067653757658e-03
7.284977702088695981e-03
2.106743241220859156e-03
1.212450811705070787e-04
1.769823773810532156e-03
2.195749565723510884e-03
3.433679966206513480e-03
5.234456279721421551e-03
5.065749742434471140e-03
3.473949410131929334e-04
3.165681355023851080e-03
2.551633660784298138e-03
5.215803251926596530e-03
2.285758011820789287e-03
6.139532857095029994e-03
9.993873296309694568e-04
9.916146452496200914e-03
2.936988136182826052e-03
1.676570562080251540e-03
1.581690193596428651e-02
8.036739458353068383e-03
2.020518014931285602e-03
3.901603237376588887e-03
3.470244797094158840e-03
8.253290992381871923e-04
6.481125022780843958e-03
1.237724279139928475e-02
1.832024714576861084e-04
1.090732243672752448e-02
5.341904775927646537e-03
1.205180449959931781e-02
3.449217169707368552e-02
1.202841247352590126e-02
1.151801103501811328e-03
5.179435947779123875e-03
2.828522217915941175e-02
2.357444980985931582e-03
1.344134642935645562e-03
2.788295689083739818e-03
4.689268523739289151e-04
9.049272805003713560e-03
1.263710141361121253e-02
1.204548374886432608e-03
1.662244844055004583e-02
2.004812465326485590e-03
2.861015951927908200e-03
2.886054066775355087e-03
8.410773686003422765e-04
5.308286968390692889e-03
9.455229098120482983e-03
6.687294114148525578e-03
1.868596207954898022e-03
8.692875558356703836e-03
1.003197476209828458e-03
3.253627264955088073e-03
1.598392482320403147e-03
5.084692119318882930e-03
1.644784574619221826e-03
2.867112555114834527e-03
7.533989540179546543e-04
3.121264285652877984e-03
9.782731335597309730e-04
3.855147234495335216e-03
1.423478604678327748e-03
6.601859751937856234e-04
5.218649906137329784e-03
4.792977518433223783e-03
3.166707208743204088e-03
4.850085514509175355e-03
1.519530685958491345e-04
4.418075004592781491e-03
1.399418632984767395e-04
1.225401884761812086e-03
1.355243484084321139e-03
6.998265349183727980e-03
2.183266258805470483e-02
2.298770927685943669e-02
9.412142965329099937e-04
1.542813086083207920e-03
1.463163499910911350e-04
6.084852380422838165e-03
5.942839833673023084e-03
1.292324281697492883e-03
1.638327504108847300e-03
1.245380974655432675e-02
3.686752030022352831e-03
1.750688950485781471e-03
7.091302693568944313e-03
4.617934452760583987e-03
4.433358690991363177e-03
3.216585010958460372e-03
6.216871684941922306e-04
5.458493616088010061e-04
3.789471012934607363e-04
3.358631368133837159e-03
1.706847941481278580e-02
9.210898581630409115e-03
1.925505818737490663e-03
5.699878492643618844e-03
3.327434368449372348e-03
1.463582697697495688e-02
3.389972373508757988e-03
2.197790882079525988e-03
1.112386734145866946e-02
1.455351911951872912e-02
7.179873434038433477e-03
5.246255332931213863e-03
8.158434438201796896e-03
9.609975410208577810e-04
7.158645078645624457e-04
9.475336894665398191e-03
4.463308169379944131e-03
2.990291940203732533e-03
2.281858874037518466e-03
4.604831634722202083e-03
1.229362364072920759e-02
1.565602221515707392e-03
8.504921180948416329e-03
2.008191557065850535e-02
2.792832826162115582e-03
2.276882001797379557e-03
6.181689598018892196e-04
3.460662196855540315e-03
2.831243750419255596e-03
7.149009344623402304e-03
6.224758652790317835e-03
2.255160425077220795e-03
9.034726266629301838e-03
1.208362000019161733e-02
7.475413891030959932e-04
7.301335209416231695e-04
1.690679673363605293e-02
1.064587953138751604e-03
3.970071612951641196e-03
2.273760433849898038e-02
3.177566780099855964e-02
2.301221242376477391e-03
1.902487862789654580e-02
8.424538887574566440e-03
3.263841737119795722e-03
2.784951401454279895e-03
1.519830367044829001e-03
1.702183162308914741e-02
1.451318067986981375e-02
5.429398257857074445e-03
3.057208752012814928e-03
4.295289035507906389e-03
7.568595775332962773e-03
1.236384214868333289e-03
1.718067556455103034e-02
1.773862822664634513e-03
1.129515273629591067e-02
6.578404824987844901e-03
2.581303112456155677e-04
1.031057094827073431e-02
1.835193034057866924e-03
3.049912297337125083e-03
8.393523913817202420e-03
4.066845737735829379e-03
2.405855660563031850e-02
4.924490958603464086e-03
2.374549497539065954e-02
7.383347085352610570e-03
1.589530258370142057e-02
2.232475549516419605e-03
1.766993816602696263e-02
1.056366628449427816e-02
1.514247155307786238e-02
7.639094572904177143e-03
2.868306417816324227e-02
1.095471304739445775e-02
2.303627696481927185e-03
4.211359035947718349e-03
2.437594037637865873e-03
3.862153260735425118e-03
1.487382807389143590e-03
2.822681625911766922e-03
6.871960690864853914e-04
3.481634069766233750e-04
4.170945161624282574e-05
2.128534017619305985e-04
1.182016319051369235e-03
8.796926994087834453e-04
4.256965804363095694e-04
8.866652863593458720e-04
2.381434881694516803e-04
2.893879343617350528e-03
2.779820453180668676e-04
3.307212792191205342e-03
4.031404982853495356e-03
1.094613628391206267e-02
1.487330669167825946e-04
2.592849587396764681e-05
2.556265669013982941e-03
5.326413748569436800e-03
1.723017735814842081e-03
7.824934507078902708e-04
1.219890390600192331e-03
3.363565507040345692e-03
3.480907721538727302e-03
1.133039799818505011e-03
2.752868592005331804e-03
1.933629496049059111e-03
1.270406987284312863e-03
1.681165819739344853e-03
1.244685591179673506e-03
1.484983295575081170e-03
1.193459013261742238e-02
2.777486864028396157e-03
4.890073448861538205e-03
7.773935325281523118e-03
5.352957617275001280e-03
2.984571896545557511e-04
1.099640939622073543e-03
1.279575725238127825e-03
1.374736114390882500e-03
1.316412961733835676e-03
1.437111769594768640e-04
2.792147207810386986e-03
3.107165006574452194e-03
2.679476487480562399e-04
2.441130079420728797e-03
3.139332166686604510e-03
7.116861128505788192e-04
2.005964058054032339e-03
4.911520808557133522e-03
2.298332564794640896e-03
4.130491120778271956e-03
5.779846621514662594e-03
6.494025330360005252e-04
4.317491019942407875e-04
1.790069106603085335e-03
2.372501360157665360e-03
7.205609781214673652e-04
1.235875171639663414e-03
2.416447270179738777e-04
6.357980938293685859e-03
1.481966522700620299e-02
2.149680739237402362e-03
1.773513890163423874e-03
1.356662043038729931e-03
2.223291062944433589e-03
2.204757294364499551e-05
4.536003141201803003e-04
1.359624568090961241e-03
4.023039449150257740e-03
1.110476500507216616e-03
9.339612872067889213e-04
1.444182697722859975e-03
4.962951260409425962e-03
5.393693993837822553e-03
1.012617466936056388e-03
2.792200767919280138e-03
2.267306432362918654e-03
3.011302075209835094e-04
4.140884857943533982e-03
5.909947574031000498e-04
8.075498147622711762e-04
1.007866626023260805e-02
2.606407793206050576e-03
8.876553389674117544e-04
7.701072717523455794e-04
4.069356334088534283e-03
2.566569968598833400e-03
4.060083455682302576e-03
5.373622937934010614e-04
6.961419984785299471e-04
2.310794207428137296e-03
2.296369684754451419e-03
2.068069804494976783e-03
2.607426892994300395e-03
4.050698347190588816e-04
2.540350805383390434e-03
6.975535743703203560e-04
1.165009202346354352e-03
1.357426137063297115e-02
9.480843830469087245e-05
3.867062156051665400e-04
2.637919867997194807e-03
2.058461372923881157e-03
4.585628934804052538e-04
4.394430879151636424e-03
7.890780657712683378e-04
3.018319025095636283e-04
4.606248604411466475e-03
8.026225339695200901e-04
2.493346971212965970e-03
1.962932310393661426e-03
6.075780283804466282e-03
3.394225855302941165e-03
2.248099072287530059e-03
3.727633817417220228e-04
1.606531322073342406e-03
1.797297633312032591e-03
6.226574918199872383e-03
1.167691038522952838e-03
3.591268607631969284e-02
1.997319539613727490e-02
2.522164867511418607e-02
2.440625242743667614e-02
3.551392423992330571e-02
3.742741225558225693e-02
6.736423940839081359e-02
1.313975502565579642e-02
1.356961290537807285e-02
1.734448850648961579e-02
1.335427812430902209e-02
1.156713476022413166e-02
1.135343655181630246e-02
1.184500932437901853e-02
1.047380181880369111e-02
1.231625826497945164e-02
1.601725159574778762e-02
2.590760151666245126e-02
9.286188870610768281e-03
9.106667695651424199e-03
2.084153763886358035e-02
1.472975974329017966e-02
2.346052080518202729e-02
2.484494301520168147e-02
3.957641523247742467e-03
1.367275520879201837e-02
1.884765982250597577e-02
5.245599420775516088e-03
7.562172729042095608e-03
3.462114741648318356e-03
1.525943502476099882e-02
1.335052889436772958e-02
3.995583559058539947e-04
2.298916385664336644e-03
1.000988571182446574e-03
5.379152197260247308e-04
1.587117476566975421e-03
1.556572568096468350e-04
6.508141233798807410e-04
4.321510089372780639e-03
3.718923492989108150e-03
8.299323440522269430e-04
1.506635681626054737e-03
3.316631475766313071e-03
5.133644836969971552e-04
8.185498526354834971e-04
1.162535648568512568e-02
4.268118980197973351e-04
1.009084143880340087e-03
7.267837295618346074e-04
4.628884866600177354e-04
6.159527918416598559e-03
6.406116855631390503e-04
1.305396971672737722e-04
1.549765688902206046e-04
1.734346090923340796e-03
9.193780536904010755e-04
4.116444073307745644e-03
2.617543564687262831e-04
1.174646606601177819e-03
4.812045294173237023e-03
3.068630554437013803e-03
3.571805772306910643e-03
7.398961092853214390e-04
3.287261482534672898e-03
1.072121333882133064e-02
1.102905405310685913e-02
6.617931328071493223e-05
5.220901844556286898e-03
5.258787432265281739e-03
1.935116062912845903e-04
1.472198646879138663e-03
7.751295031945303667e-04
1.167908389482428567e-02
3.172940148178948240e-03
2.083924231136872682e-02
3.146212507209268303e-03
8.135402777179993883e-04
3.728120299416043740e-03
1.377833642004652054e-02
3.259181889884276394e-03
5.911425681068667925e-04
6.695957279515825193e-03
3.339165483651309815e-03
2.049321093112720007e-03
2.376265828135050895e-04
2.758541415653364580e-04
9.573108101219962411e-04
1.497645248716361665e-03
1.449165250850360592e-04
8.379175292249470275e-03
1.031010644734573108e-02
5.234240164124995091e-03
2.440306479344310497e-03
2.861081537611935566e-03
1.718105639651890202e-03
6.826627691779068967e-03
1.445623422908465065e-02
4.187329714063593245e-04
1.741738222239047531e-04
6.019127034246727834e-03
3.610077938287095754e-03
1.815159830292865061e-03
9.008885738346461558e-03
1.106309135686399728e-02
3.315360934763865973e-03
8.697725171001968562e-04
7.196174225162246980e-03
2.452388468039776864e-03
5.690823348483142752e-03
6.483499003245722691e-04
8.963273297480390048e-03
1.939499742931204964e-03
7.269510414918096269e-03
4.604094032530358380e-05
5.983916593565623884e-04
8.819974729317582682e-05
2.269247765203980319e-03
3.430381601892945999e-04
8.724910175835758498e-04
1.595522843608068037e-02
1.958441275657284326e-03
1.725149498482828406e-03
8.662276694450060882e-05
6.091881370436939315e-03
1.636431056940429105e-02
3.730567442176871678e-03
5.253305575333215745e-03
1.767615321989058838e-03
1.152104445741893631e-03
1.264171730904437583e-03
5.528928930931840740e-04
2.771861089911466323e-03
2.228719059385398174e-03
4.355609919200604391e-03
4.912968413803052783e-03
1.005898793453864105e-03
1.682327839210029331e-03
8.840427903867394870e-04
3.328400776795075768e-03
3.376447193502165548e-03
1.102503429350203817e-02
8.360972949114389013e-03
3.109000776893678188e-04
1.230032520080495857e-02
1.894064504832915045e-03
6.161809313889302434e-03
8.126794620801809383e-04
5.202079435035053198e-03
1.439809656552530018e-03
1.245946086144735648e-02
1.361002801805190321e-04
6.639406982248037287e-04
1.249458313217615964e-04
4.737068589067799083e-04
7.424733550816403106e-04
8.932201716571290659e-04
4.731261063583912609e-04
2.677414820735846829e-03
1.479757908401213400e-02
2.981571465531704899e-03
7.684924669616750165e-03
1.884920727255748460e-03
1.960888369360877861e-03
4.647521022223736575e-04
1.977444346686188167e-02
6.461117711262870595e-04
1.243063453017519311e-03
8.894584250009858820e-03
2.124155385847631590e-03
4.603227730186358092e-03
5.032861225203173403e-03
2.453206266277989551e-04
1.934617296460955740e-04
4.636134876035433519e-03
2.760046664422344774e-03
6.467384203547013946e-03
4.614648257472657618e-03
1.265301576923038608e-02
3.890205182109211270e-04
1.720358206182399019e-03
1.507165402981731081e-03
1.160858401789069163e-05
5.806706685441260195e-03
7.549644579235500162e-03
4.172864733189205616e-03
2.140651447681143384e-03
6.341288743366105263e-03
4.986953543560499261e-03
1.690080056239198075e-02
4.137252156164810367e-03
4.785343925579194947e-03
1.032797418512976587e-02
9.844059719915526120e-04
1.131075399133213422e-02
8.875920294440911573e-03
7.409279060950219866e-04
1.443748400604897945e-02
1.278532903082779150e-02
7.778050980903958647e-03
7.230842766307775610e-04
5.199040282345802379e-03
2.223513082114412045e-04
8.335577761135367616e-05
4.597166358131484290e-03
9.190669565922722148e-03
3.664486539932289202e-03
9.514321685242771443e-03
7.394441424884646208e-04
3.719355195134844191e-03
3.290542422888376693e-03
4.565650418904478904e-03
9.809617095263149008e-04
1.682607516981986869e-04
1.405071071552758434e-02
2.323442544851582903e-03
2.460140064121594993e-06
2.335974665397751431e-03
1.524067046202477044e-02
1.416815948156244578e-03
7.769576773586642053e-03
9.007458160904979749e-03
2.841222159750921277e-04
4.829092346736466902e-03
8.406159276470026847e-04
4.976266375786412861e-04
3.603464767761074676e-04
1.726053077099528547e-03
7.770137587302362869e-03
2.785856875058233956e-03
1.467220795612043591e-02
1.930348584998252068e-04
1.480337862422293968e-02
1.023067578126272796e-02
3.446370387791120211e-03
1.703119639074360389e-03
3.998200512630493975e-03
1.596208330005548931e-03
9.416892139589157565e-03
2.975897838156091758e-03
6.464299020923381799e-05
1.954075557425677661e-03
1.587757966956787961e-02
2.001534767288236111e-03
1.639033729372709174e-03
4.202763654897359417e-04
8.718331425081118913e-03
3.804051924251198279e-03
1.194180164439369437e-03
1.708967650224432495e-03
1.118904367207739989e-02
6.297310623478215644e-03
4.302933809740064168e-03
1.540647619008205177e-03
3.181615043636500714e-03
3.714645862024314269e-03
3.807324569049579978e-03
4.236244370679207068e-03
8.154678187293200754e-04
2.539418049588206688e-04
5.550699330695296752e-03
1.609357651551968907e-03
4.081612623050817623e-03
7.011512454515483102e-04
1.308437030779408721e-03
1.787720793844147773e-03
5.094219476269078520e-03
6.178554864476350911e-03
2.204104433175589715e-03
1.250898752150911980e-02
3.331336991158452034e-03
1.929916856695456382e-03
9.848918630559577551e-04
1.092181633656564600e-02
1.998202849930353665e-03
2.077563116959404120e-03
1.986038691552800134e-03
1.236679858239002512e-03
3.683872855688902041e-03
2.624973363437524496e-03
2.484387031702397445e-03
3.280248336575510883e-03
3.927830818673000261e-03
2.555050807953717935e-03
9.103811726396871971e-04
1.011508806718888591e-02
5.984578311278487741e-04
1.894930279785233358e-03
1.394477536178306701e-03
5.840732957453230803e-03
1.205336595670022850e-03
3.060184288942602998e-03
1.729486056533468359e-03
1.448783010293588826e-03
3.394573005069125796e-04
8.564247042383762174e-04
2.069411917182786918e-03
3.545154157799862600e-03
1.830219790571140787e-02
1.334072524276052815e-02
2.605558308306244256e-03
3.760767616375513493e-03
7.964136937111669645e-03
3.088937476365254467e-03
2.519724252809104476e-03
2.237538682391246227e-03
4.978579041982384920e-03
8.931140257057986614e-03
2.004695050757531339e-03
2.277117994639377314e-03
1.418542527567458016e-02
4.185420478782450604e-02
5.206093776651549675e-03
7.733530007680335279e-03
2.139861136899793431e-03
2.605424896754352047e-03
1.155455595651227020e-03
3.558774506437999401e-03
3.651714612911370443e-03
2.084868052112072608e-03
1.946480440119014474e-04
1.850354832464783756e-04
9.511397876713553745e-04
6.483172831954504139e-04
1.753732620214138870e-04
5.445004560525096206e-04
2.861521828578148484e-03
3.410193985993574821e-04
7.380422285454590718e-03
1.950038481714654786e-03
3.137639040272178180e-03
9.211508652076818952e-04
1.807898218112065792e-03
8.874190749637362501e-04
5.620738271428798831e-03
2.163548974300587638e-03
1.741839094959630671e-03
2.944621067971458887e-03
1.992132057373649615e-05
8.701071843462025376e-04
3.324617109381552190e-03
3.068980908106478701e-03
4.550433160746686356e-03
3.112708925196246059e-03
7.866986985995971793e-03
5.885073545707430846e-03
2.203640360925537486e-03
5.871709251383444355e-04
2.575309922112847903e-03
6.750166177508981624e-03
5.552683377273670735e-03
1.603470261149836200e-03
1.441048440821439749e-02
1.874435858197255264e-03
4.204495646765216187e-04
5.797929961762419548e-04
9.362982555436628494e-04
4.554128271819227018e-03
1.663526410378418120e-03
1.980450185951701005e-03
1.467758522132228292e-03
1.768077404712440975e-04
1.320909893188350857e-03
2.271447710907364016e-03
7.774700294106786508e-03
1.707111833922023971e-03
4.007729393831819392e-03
4.273406383789113763e-03
8.512425263871845060e-03
8.530751285155494315e-03
5.223411917207571899e-03
6.471979471314125414e-04
3.887082272304834317e-04
1.526210007057787928e-02
3.273445417841426217e-03
6.334020475796393705e-03
4.016400200580646541e-03
8.362843306384129885e-03
5.529214476653625168e-04
1.188368872336094048e-02
1.743066527906144076e-03
1.056733003020076528e-02
4.640095109189555644e-02
4.418178622692479907e-02
1.312959204355069673e-02
3.128584572773097190e-04
2.044360906305288036e-03
1.127661497212037803e-02
1.604131405759592899e-02
7.760115482397018753e-03
6.733996789822788674e-03
8.969447593777339980e-03
2.330842017877577093e-03
1.933796480277141404e-03
1.825312059083739578e-03
1.265653287897016040e-02
2.701000456572207834e-03
5.430619715782842097e-03
2.640102921808995876e-02
7.482681027403403906e-04
2.529267829343653405e-04
3.339759249570614045e-03
2.612955149616557129e-03
2.313816618862942018e-03
1.129119577257260351e-02
4.181599208608078114e-03
2.818852878890559669e-04
4.070822950066339818e-03
2.691687520624478757e-03
2.393344659544320574e-03
1.725809491972773654e-02
5.757453641817919174e-03
3.960228202963655096e-03
2.310934421639476970e-03
3.971851791189833468e-03
7.242760901382775274e-04
9.736403069207139396e-03
8.619578467307479090e-04
5.448878451811393735e-03
1.979897276448062352e-03
4.989633822891370596e-05
6.821533994171638526e-03
7.328706890627483157e-04
2.682913285704564485e-03
1.993975019718970208e-03
3.458495287008806710e-04
3.248858605104758268e-03
2.307647402834868064e-02
4.403909701866841678e-04
9.603307802747821503e-03
6.177833107886917044e-03
3.114512164964501964e-03
6.043613630108238786e-03
9.984904731248439580e-03
3.053284072587358726e-03
5.794722886807090849e-03
8.019636914503348174e-03
3.320149176219486589e-03
1.158751975950589493e-02
3.159109161217915976e-03
2.723041073835661373e-04
6.867386803293917775e-04
1.147099749446890346e-03
8.539414032880218025e-03
1.135763311681099470e-03
7.524975821383464436e-03
1.138679619135614818e-03
5.564760191348013581e-05
6.815872514314989632e-03
2.169941711639168051e-03
8.085045570391429307e-04
1.519598640711273575e-02
4.447126546566581955e-03
1.937590935953839707e-03
4.075039411612862636e-03
9.329732799215454536e-03
5.381242101484184394e-03
1.226526224014840450e-03
3.573894687071350537e-03
8.910017767230736518e-03
3.337593633630123874e-03
4.652491564172855920e-03
5.339574816344321712e-03
3.092504212143684823e-03
5.287209505661596975e-03
1.180782932011881052e-02
2.571759918780954380e-03
1.519052147318439468e-03
1.903127642732487630e-04
7.971772110770906569e-03
3.477143914504499719e-03
2.732234857391891043e-03
3.110913485894741849e-03
7.161195618352759161e-03
2.708603771912895548e-03
1.043855407668709120e-03
3.855203558074171265e-03
6.738504222481897900e-04
1.593778299329929454e-03
1.123404588255524049e-02
1.152675218775971351e-02
1.505685937070113658e-03
3.508993744708842517e-03
8.781303173003129469e-04
8.980373484122396730e-04
1.588537542044106410e-02
3.528913721645378278e-03
1.305054508915518604e-03
2.076128633995598860e-04
5.255502252637984754e-03
1.275076118261526600e-02
8.391267006827605318e-03
1.621637553133005102e-03
4.239103542534067293e-03
1.807488463515436253e-02
1.491976571249264104e-02
1.258098159707094453e-02
9.042811737003235775e-03
2.792724471485358902e-03
4.307454488243760149e-03
7.474353526205880505e-03
3.160434467062067025e-04
1.738323006238797971e-02
6.186128192014505797e-03
4.291568137540399154e-03
1.007003722177020219e-04
7.655327334426780504e-03
3.170017962104538633e-03
7.230558002093965403e-03
3.955664942852375396e-03
1.841723002195239079e-04
9.263263580638166766e-03
3.113003216505065541e-04
1.876403437792689265e-03
5.135831408748380185e-03
3.892368554221085474e-03
1.470171285682573409e-02
7.381316010692856068e-03
5.667190785148066255e-03
6.838220482014921138e-04
6.632552450021951887e-03
1.341441284209239334e-03
3.329514396001534079e-03
1.212859936007133939e-02
1.601632334451192491e-02
5.400289073080458309e-03
1.655600933183215551e-02
1.318636480390241589e-02
6.607867082818536441e-04
1.969375908353270411e-03
1.830710023115290864e-03
2.587347886047840391e-03
1.941624918716542900e-02
2.456438587736740550e-02
3.602704769442003491e-02
4.852769425090538297e-02
5.466910057120154959e-02
6.773225023197461218e-03
2.108971527760017395e-02
8.294698497157481504e-03
5.116375043668428945e-04
2.178581348423007640e-03
2.070842344827801117e-03
5.757271806893512296e-04
7.247630021878424117e-03
1.125124031496525139e-03
5.223096469251356294e-04
5.092156835112790145e-03
4.179860221943138866e-03
7.083744714071592979e-04
4.895663030179258149e-03
3.177425822414292589e-04
9.071521275232154484e-04
3.871278287600417897e-04
1.184222103980363998e-03
4.480810663494586531e-03
1.412406375848151161e-03
1.347003854588044365e-04
1.115970960375256517e-03
3.115593018988360632e-03
3.193716708926295795e-03
2.537997577609704160e-03
1.086063737166052524e-04
4.629139495794899056e-03
1.288064301858941711e-03
2.055491583781266819e-03
3.575618295002401439e-03
4.351871171930631402e-03
1.860581773558612253e-05
3.076221541661254989e-03
3.872327171907111870e-03
1.980355021943679128e-03
2.091071413360692365e-03
6.114443325398988792e-03
1.706700077640722641e-03
3.654270014641820569e-03
7.265220244668918123e-03
4.937809557873603684e-03
3.626366948642105199e-03
6.343843518228117588e-03
1.301049807027413949e-02
1.938151548327245524e-02
