1.442386689309639071e-02
-6.270989999642039535e-03
-2.642737637513879051e-02
6.240891400383034165e-02
6.680255100151020684e-03
-4.318361828738736391e-02
8.738124588756034095e-02
-6.977891176683721774e-02
5.236602041561851106e-02
-2.534666621801043990e-02
4.245804908282450191e-02
-4.190005783231902370e-02
-2.235638425768019660e-03
-2.940187364384146823e-02
2.597696639295869053e-02
-1.248965148489845911e-02
4.640738203670534412e-02
4.621129138552181048e-02
-4.016261849659658739e-03
-1.087388551708828172e-02
6.123317746686432472e-02
-9.639850769349865220e-03
-4.198108168273358837e-02
4.062937054228833722e-02
5.137211886056404497e-03
-1.089464502005070036e-02
-2.172504182400420564e-02
3.031488350583724442e-02
-1.971562110404165291e-02
6.503325636700922618e-02
-1.521466800211347843e-02
-1.536643789704508593e-02
9.305209622371198031e-02
-1.160818093613971529e-02
-8.729462065336892479e-03
1.198374744805509595e-02
1.006350838819411314e-01
1.333506191303380356e-02
3.871527801310898492e-02
6.619114456656098600e-02
-4.000051857249459913e-03
-1.984134263162114914e-02
3.501349701893456678e-02
1.418237466119572597e-02
3.706611809831776572e-02
-2.146772058004494136e-04
4.214354761785859410e-02
-6.491284230697821900e-03
1.056140371281401660e-02
-2.656756179844754762e-02
5.663429686625363890e-02
9.761092738953850226e-03
7.186073598719371243e-03
6.264277220855050954e-02
1.053345363918927434e-02
4.089042635524969133e-02
2.725803214208028305e-02
9.302629572325490578e-03
1.428005784973380987e-02
5.493280615889849228e-02
2.657598498152790450e-02
2.438419154291320695e-02
-4.825132974209574155e-02
6.470862783619280023e-02
-8.026622323052587035e-03
4.047938150941501889e-02
5.557375807965447140e-02
5.858926945292550897e-02
3.121103994424436617e-02
3.410080969225941921e-02
1.326579807121629553e-02
4.890563543177894185e-02
5.529211326141209720e-02
2.646101070576318756e-03
2.217865943926282044e-02
3.257343828065609875e-02
1.706900097704127511e-02
8.950334157103857768e-02
-1.056942991326445189e-02
-2.060596673056251660e-02
5.265484549845250023e-02
8.958111029707015172e-02
2.796444656875388471e-02
7.278043521963943607e-02
1.045102770635196465e-01
1.638204691793420167e-03
4.584380018691494411e-03
7.385142875054630240e-02
1.057015242595548722e-02
-1.381817779175940376e-02
9.154792123766959666e-02
1.839802077370520858e-02
2.664643659512607246e-02
8.412290460398546763e-03
1.046412619537904765e-01
-7.862000029251378294e-03
1.063043972067052034e-01
6.374313786699616069e-02
-3.262553837733755263e-02
7.856956706937853752e-02
7.160097189037043647e-03
5.620602964867411205e-02
9.333747272356521241e-02
5.001371308294548512e-02
-3.796864737257513167e-02
4.038404282620552954e-02
4.530452491321353137e-02
3.961516146321227005e-02
7.643107761459300153e-02
2.135820619920826904e-02
6.947238760917018308e-02
4.399422125808140349e-02
-4.963982249475791184e-03
9.795899417916009710e-02
5.249673589278568836e-02
2.984836672628903009e-02
4.808800703342422378e-02
1.070469185627553055e-01
4.971369670877625463e-02
-2.342963988371193906e-03
7.205613094658910867e-02
5.285792358266185043e-02
-1.835263044971131158e-02
3.996631704839024440e-02
2.141011484441582291e-03
4.177263949967267159e-02
3.839867900563481706e-02
-1.249749515697131134e-03
1.151797228759278771e-02
1.770727334701810776e-02
-1.494219699669720354e-02
-1.187581128675940616e-02
3.107704360369526950e-02
6.846526460116780788e-02
-3.133247116772731183e-02
-2.083277472983337958e-06
2.690983100811051090e-02
5.143634143142998549e-02
-8.848991137167146193e-03
3.684748322802401665e-02
2.438350645006726568e-03
-3.285831815244523446e-02
4.772509952154484203e-02
1.013265142658269224e-02
-1.063361044079767044e-03
4.344756761801973899e-02
5.040285208776083478e-03
1.192031708393246660e-02
3.057671819778276165e-02
-1.905450904791435376e-02
-5.562662914165409506e-03
2.479364693075617604e-02
3.304390830803130563e-02
8.015221720026560748e-02
1.415235562924929968e-01
1.958642864304337150e-01
2.184837914400642456e-01
2.694839322091021616e-01
3.044042763475149904e-01
3.043915161873546049e-01
2.079712994361445355e-01
2.375677998395069324e-01
1.359351332990137440e-01
5.743142266236418714e-02
1.896996501453686590e-01
8.722262787965262554e-02
2.670888711600153190e-02
1.588066506311633028e-02
3.850101934602260384e-02
7.126508070743850509e-02
-1.742841880674799934e-02
-2.695234719413816624e-03
1.219854169366277677e-02
-1.263474609583549804e-02
4.721108521658552715e-02
-2.409326914729357193e-03
-2.371859972469135200e-03
-2.655952490780909628e-02
2.566498309870605607e-02
3.880117714795159461e-02
-2.526713678636020519e-02
-2.284828664854551827e-02
5.500528663464552409e-02
3.423876710577227617e-02
-3.722653112518935214e-02
-1.932906641249137331e-02
5.286505043603464266e-02
7.668178252819248496e-03
-4.554728083161093538e-03
1.464240080900772525e-02
-1.413331560529991655e-02
5.709679752417060571e-03
1.123103568800737882e-02
-7.851978848197667393e-03
-1.551446348268332304e-02
1.358385576965757090e-02
4.933259004938781583e-02
-1.034224642640426198e-02
2.203723514748080065e-02
-1.155035129786934674e-03
1.150570638476552422e-02
1.904751256132646356e-02
2.934308450661464451e-02
-4.236243128000063973e-02
3.836093470787855370e-02
-8.708621100779892835e-03
-2.436008193533125907e-02
1.854678686959341377e-02
-8.794781896184231205e-04
2.326414483103408579e-03
7.748823377482698914e-03
1.725673183026152357e-02
-8.254659573158023775e-03
3.502240700084157526e-02
2.133272426778241512e-02
3.532376666424043993e-02
4.424613317174959023e-03
2.749580936412657911e-02
-2.708412002520372772e-02
4.740619669829877758e-02
1.843532564018331155e-02
-2.551212093180682192e-02
1.660690454625194518e-02
1.972974192800984808e-02
3.068122894798246472e-02
-3.973038557157155398e-02
-1.258404315861236938e-02
1.463260393227853312e-02
3.075967250492484331e-02
-1.285358601011888161e-02
-3.599791743761446977e-02
4.384180275920648157e-02
-8.116286497280456730e-03
3.105845733256300950e-02
3.421478381293857618e-02
-1.711953757609940840e-02
1.649854923564690948e-02
-4.287477863006207424e-02
6.725976119827992150e-02
-2.356923675833045781e-02
-1.518289705893412916e-02
5.050503414479939890e-02
-3.065978796885339419e-03
8.103981376911324752e-02
-3.509577905756505745e-02
5.574717495392806504e-02
2.435495724296105058e-02
2.637982573911669057e-02
-1.513532766240298800e-03
2.116265366746429566e-02
1.821128749114029124e-02
9.472752271472022895e-03
1.711616551418851037e-02
-3.939985286888871008e-02
5.852175042972534991e-02
-2.427518748839343696e-02
5.994470177930715654e-02
-4.750734209017132975e-03
-6.663863628011031104e-03
4.575648789211251427e-02
4.278040116451884561e-02
-1.329492708466833636e-03
2.278031403378557793e-02
3.651642792027862214e-03
-1.283109037491548914e-02
4.484556694306436608e-02
2.134454105293162249e-02
-3.709200911734324493e-03
-9.515588385835098417e-04
2.972285718086766990e-02
4.241519757770551707e-02
-1.150469050924226959e-02
2.442658559599905632e-02
1.447204144721670784e-02
2.453103946725321283e-03
1.635624695169193843e-02
4.885698324424360417e-02
-2.075714678019377479e-02
6.775519603175407524e-02
5.693963693486401439e-02
1.001311481543384757e-01
3.093657472500836725e-02
1.028837465574163335e-01
4.022973645835461326e-02
1.348931104044491514e-01
1.019352469050020943e-01
1.059040834037215800e-01
6.420150553091029388e-02
4.939661046950992451e-02
1.197411659331433786e-01
1.114661722476666950e-01
6.853266709656298528e-02
1.810771306260669788e-01
7.303707515999224853e-02
6.542311891334458285e-02
8.176358818039880516e-02
6.638056636560421553e-02
1.419528928686475677e-01
1.009263604795156977e-01
2.926738048531964814e-02
4.235481767420848365e-02
1.510476814648817889e-01
3.039511877373345106e-02
6.168138761251173996e-02
5.135545877539528237e-02
-3.650026178544257295e-03
2.972182820519193511e-02
5.580485853309888333e-02
2.693997718205585687e-02
-2.503574357022828392e-02
5.230355955422569952e-02
2.078909715534564898e-02
-4.699386297350923239e-03
4.620811459570044188e-02
4.281514203189743656e-02
-1.032569894692743698e-02
4.594383354089562332e-02
-3.300337176444197856e-02
3.079809064897618895e-02
1.035758898726409950e-02
-6.621972138397724111e-03
2.253912451315646590e-02
2.669254909281660454e-02
2.676070760836253906e-02
1.388234841586769366e-02
1.652192713360897680e-02
6.520456729071104351e-02
-3.077380294935161409e-02
1.203988504151889266e-01
-4.646362367798496928e-02
1.534773151742709063e-02
4.698455115427103285e-02
5.339899492892049432e-02
1.315381588817942510e-02
-2.285407427921242254e-02
-4.135266930365066179e-02
6.143965172576169170e-02
3.542631511524891447e-02
5.554990965391902458e-02
5.426449651457310175e-02
4.994954888674885823e-02
-2.235308242691352171e-02
1.281096867265121148e-02
6.482628503781574791e-02
-2.148236000296781245e-02
2.072563512451444656e-02
4.355507043545417400e-02
1.505138970336521512e-02
-5.473027380453531626e-03
4.930944174852794348e-02
-1.469136323276945370e-03
-1.419432020316027145e-02
3.520562760337307001e-02
7.574021546446738085e-02
-6.942883139126469760e-02
8.219088926441318887e-02
3.971496782874383950e-03
-1.801261470622618488e-02
2.316161947344260591e-02
3.815744753681391422e-03
8.598427410620801750e-03
-1.065325358346514394e-02
-2.005393668646131972e-02
5.518080609735490083e-02
3.465113033273537618e-02
2.953359041668535828e-02
3.009259277997144988e-02
-3.296625816545999815e-02
1.206063388496135674e-01
-5.299074039293003024e-02
4.485342117364771869e-02
-1.968702409741961840e-02
3.330564964687139640e-02
1.778637473847125700e-02
4.658216325342527664e-02
-8.615583677852468175e-03
4.675385343700973889e-02
9.032780641416583711e-02
1.078957222092244081e-02
2.522105966528940743e-02
4.443304105446890806e-02
3.006753100930174144e-02
6.752144247331992588e-02
-1.655849009298077795e-02
4.897090109125996904e-02
4.714656477984405930e-02
7.705344012572514032e-05
2.074189539876815369e-02
-4.851782525742454576e-03
9.499783585619894083e-03
5.214854812497183439e-02
1.131516179250914717e-01
2.111463242533069898e-02
-5.299598790279556881e-02
3.622075515757808284e-02
3.567671900909205607e-02
3.011518684225723483e-02
-3.096438903956193721e-03
5.653511154945278089e-02
-5.197166832563598904e-02
4.683945552817798952e-02
3.075731162441919589e-02
-9.366540371105977134e-03
4.550794871223754964e-03
9.182599615333492116e-03
-2.770061168398162132e-02
6.668231896962134586e-02
7.913839911823733475e-02
6.405309692881515707e-03
2.567997869830650204e-02
8.479861873315879678e-03
-2.469925162605749597e-03
1.869859682975699364e-02
-9.264601097139129118e-03
-1.017661743408898763e-02
-4.301379802768769134e-02
8.018448937911207275e-02
-2.044358306495349178e-02
5.875892167673540945e-02
-2.769790784559699251e-02
7.877854421912944272e-02
7.276168036400323252e-03
2.975916654926077237e-02
1.056512982770128374e-02
8.601638185724081939e-03
2.868553576418235440e-02
2.005166370740139523e-02
2.316186560901607738e-02
7.554856388186239648e-03
6.228811853358193207e-02
-4.665043071042588446e-02
2.828655159390533816e-02
3.531241716671393999e-02
-1.437122877851913652e-03
-9.863867019647327289e-03
6.635130357608481910e-02
-1.357162539296425524e-02
-3.131754158525699560e-03
1.136634217352920466e-02
2.649003983912658414e-02
1.284361142247585595e-03
5.544416087370713370e-02
5.396361885612183107e-02
2.427127762859166912e-02
7.006254661343533710e-03
-3.737542295069196802e-02
2.388099837258174027e-02
-2.354269604602898455e-02
5.007640145146264460e-02
5.624367966746566389e-02
5.865891519908955545e-04
-4.220735069866152558e-03
2.189721164208378867e-02
1.938308798411501194e-02
5.678441605923219282e-02
4.714702158553731037e-02
-1.929257309467886233e-02
2.709773268996452239e-02
3.072429672057718983e-02
2.553717201556298874e-02
4.248971064044489848e-02
3.167310013701939847e-02
-2.150877696571097328e-02
5.171223960097123817e-02
4.825379916027041499e-02
6.083168000721656671e-02
-1.644988500887247657e-02
4.887822565348025339e-02
3.916117693968768076e-02
-1.312640244844907357e-02
3.933491062308840103e-02
2.943838281780514904e-02
6.908251400090453798e-02
-1.104114992907059487e-02
1.023980511318834351e-02
6.245288326798149880e-02
-3.720506489788676791e-03
2.353009183903777279e-02
5.510297994366143010e-02
-1.043866346439516202e-02
4.020723744585452675e-03
4.324918974119904003e-02
-1.639321399335207097e-02
4.812547742560278896e-02
1.149322929226879730e-01
-1.382755046249243593e-02
-2.546141668688875134e-02
4.737860962851692115e-02
-2.305735447476608274e-02
1.733863087835093436e-02
2.104876545258224305e-02
1.265618919627236813e-02
-4.112630861593404019e-02
3.965159880970446638e-02
-1.179171255434236128e-02
6.806013274604993946e-02
-1.618267648619262089e-02
7.704617693253623667e-02
1.670447456345838105e-03
5.043785811392739737e-02
6.638511979469149948e-02
-2.629638502713706194e-02
5.279475153989728747e-02
7.897394072772605939e-03
1.596644168300990346e-02
2.170790065429711174e-02
-6.639280500844071953e-02
9.112072489464602409e-02
4.518215519960952498e-02
2.171989684550350644e-02
-1.992145192960832756e-02
-4.695766066613596412e-02
6.840656676185588592e-02
-2.405947440785487224e-02
1.568401650327051200e-01
7.399355709498293271e-03
2.460259999094419406e-02
8.562640834846890758e-02
-7.226120187031091768e-02
9.632207521111596504e-02
-9.649090280673250364e-02
9.390678436029814558e-02
-1.678569295890824237e-02
9.206412470569932949e-02
-2.099124010826431200e-02
6.037284902936122105e-02
-2.091874913284984955e-02
7.785798301156014734e-02
-4.330300763613876419e-02
1.811083001024967748e-02
-6.475922534814682399e-03
2.825558175359002555e-02
-3.482174168829238470e-02
-5.015070005318961188e-02
7.305128427308316130e-02
3.262798041909125563e-02
9.996703186341975717e-03
8.653946208518265015e-02
-7.383529127943303308e-03
-5.520825111862217444e-03
6.378977598610409416e-02
3.167382366843092545e-02
-1.380909539144055051e-02
4.794966826921469999e-02
6.293221191092919498e-02
3.263307891023286417e-03
-2.164469731647276907e-02
6.053196531683683462e-02
-4.026905849921710856e-02
2.675060279933504093e-02
2.173354165281354833e-02
7.286749507645341739e-02
2.646509992235935443e-02
6.349561804193794984e-03
-3.560735099587056252e-02
9.791863912446829854e-02
4.352427832024913928e-02
-3.162543065202708809e-02
3.734423057696741044e-02
2.476065591579326708e-02
-6.163869384292003373e-03
1.508839215797536798e-02
1.839838526728595353e-02
5.849814030823338729e-03
3.509485060089465036e-02
-6.621882491254554859e-02
1.025639854179717508e-01
1.764695069707133968e-02
-4.323247000721507777e-02
4.458189044692816017e-02
7.786022605847066347e-02
-1.243563323243392429e-02
2.962444091958698483e-02
2.869104731782571444e-02
-6.156018852176667853e-03
8.977018076619429354e-02
2.630135648936530839e-03
2.358847111375751357e-02
2.928968492005993088e-02
1.867809236673170781e-02
7.279149499314951921e-02
7.609958041705082096e-03
8.066272688522460599e-02
-2.935508420980683861e-02
8.013023723008949606e-02
-2.491153615115748732e-02
1.637363507664608454e-03
4.443989613623604285e-02
4.949440100925398683e-02
1.713097650347427531e-02
3.779185060527918277e-02
-4.168513236581416342e-02
5.540626646380905629e-02
3.934482204269228178e-02
-4.712006193696312815e-04
-9.877377817457700174e-03
-7.129840516323635025e-03
1.162354062513414887e-01
-2.757505595592859085e-02
2.502420923982578288e-02
3.895474571763393734e-02
2.687272919078416075e-02
3.534506275672037734e-02
5.555677284720596243e-02
8.314223046347053725e-03
2.359082271735614064e-02
-5.677700761799671023e-03
2.978869061392419929e-02
6.201638110586271679e-02
2.324882918442014446e-02
3.354500324558742919e-02
4.543861458963097122e-02
-2.506204722094543258e-02
3.166940420922471910e-02
2.545060334792461146e-02
1.530456534732422061e-02
4.878130311585521239e-02
8.347717526099989252e-03
1.282042246057651103e-01
4.004389800647478737e-02
-9.244656722376832364e-03
1.228679301087863551e-02
6.010821680346465495e-02
-1.310537508084395897e-02
-2.869643838811214431e-02
2.348813952188694154e-02
2.296391331900227845e-02
1.203551520445996781e-01
5.463067914604979869e-02
1.936279582888625339e-02
-4.302522767410132259e-02
-3.736963390651045630e-02
-1.377456264516219719e-01
2.728120805947096411e-02
-4.389969302771053877e-02
-6.875101652540450275e-03
2.677097170855129160e-02
-9.372258240950767649e-03
-2.803504750825908456e-03
4.829889514063267358e-02
-1.083157403454850301e-02
2.506965717809601923e-02
4.745300216021167139e-02
1.659557806898259019e-02
6.634387395467754300e-02
5.688469732078752644e-02
5.796115341313755331e-02
2.162242652631381906e-02
-1.695250531761825774e-02
7.956821685054919768e-02
7.036100980843229546e-02
8.094233779799822615e-02
1.418260645034399858e-02
9.474630130098904424e-02
1.018138173741600927e-01
3.300855349933260602e-02
9.589581755987497402e-02
7.357093162292263622e-02
9.385559243286215048e-02
4.947870213858959060e-02
1.061461542102495881e-01
7.168450647224772210e-02
1.053376868252759030e-01
8.079065287366622716e-02
6.720409390299685037e-02
9.770460157634000553e-02
6.232456219261661712e-02
3.881108764305581799e-02
8.277950662778769952e-02
1.115335009885983220e-01
6.125528749076820934e-02
1.320056077612599688e-02
9.436474453981737176e-02
5.980445866085080248e-02
5.911822672999721140e-02
2.481823038798328801e-02
5.919646578028326528e-02
1.015637878358036615e-02
1.740180925013489616e-02
5.239786612456649034e-02
-2.009228083321566369e-02
8.629416438465670885e-03
-7.971395526864580652e-03
2.084603979311443547e-02
1.676196740363913862e-03
2.813956878578622797e-02
8.276477093955479647e-03
1.685753052465614743e-02
-1.263470638646440030e-04
5.670228514039241802e-02
3.499066481056287148e-02
-3.001482900224722652e-02
2.648430013877679443e-02
2.178989620742346339e-02
8.665448565167462383e-03
4.362481545222535173e-02
-2.382386955382335275e-02
6.914071542883118426e-02
-1.813607843227657557e-02
1.771467220770113135e-02
-2.735527028142788631e-03
3.457956269120147225e-02
3.802372540192061612e-02
-3.694480143385427823e-02
1.299076130142397430e-02
6.677320027738671213e-03
2.114166918692646224e-02
2.578097864956594570e-02
9.384806500413376412e-03
9.220385986661661440e-03
-1.243886510175059093e-02
2.933738635059851552e-02
-1.767169163985141817e-02
4.460226278366090369e-02
-1.934283323853139280e-02
4.660130777360880355e-02
-1.976962189476030168e-02
2.990355461993900524e-02
1.379773979231116963e-02
4.090009166345604658e-02
6.135822669534469337e-02
3.224601880274939603e-02
4.176679137255737140e-03
-9.412013627128318349e-03
1.554703245698735997e-02
1.634547536247424326e-02
1.724007083687374708e-02
8.802500767618329572e-03
-1.404890035244051212e-02
3.910613576235603267e-02
-3.016104413381553301e-02
5.337863317622208031e-02
-4.080606941548464706e-05
1.567398398807486742e-02
1.839483704901619457e-02
-9.276297823863351860e-03
3.411858206939079839e-03
-2.597265624805825644e-04
1.664225769695306528e-02
-1.427128740167430548e-02
3.914384163195964994e-02
2.700906314622753338e-02
-1.278374755668779811e-02
8.872803962050018756e-02
-2.178780516543727536e-02
-3.472432038664533503e-04
3.575418649906444285e-02
2.592404417085716894e-02
-8.560239869607078056e-03
1.556587691664414186e-02
1.676460915304777560e-02
2.924283928653192977e-02
2.603806472842166292e-02
2.594061746824867856e-02
-1.403455704341663446e-02
4.222090218077469842e-02
4.360491133984379514e-02
4.499228122277912356e-02
5.863553673989571700e-04
4.681670016069029022e-02
-2.153997766922632895e-02
5.586547700573246678e-02
4.435304826991740001e-03
2.972691151970156820e-02
1.628625981037165257e-02
-1.026526416037231923e-02
3.807107955577439945e-02
2.550908211040595324e-03
6.386606340617566671e-03
5.479836736777177197e-02
-4.139949855729552208e-02
1.981835911751407553e-02
7.158853683451983120e-03
3.181930355894720813e-02
3.281985716299860162e-02
2.695437371240199526e-02
3.660293235975507070e-02
-4.005638488972326772e-02
3.838170602187246372e-02
4.692174490646882495e-02
1.181272783031395331e-02
3.228837009329008946e-03
2.564640446098926177e-02
2.793744086233092630e-03
-4.945198578907101551e-03
6.225722873721831890e-02
1.468435267931031060e-02
-3.504017138755785576e-02
3.328445705231986018e-02
5.038132211700155350e-02
-3.071009215839605455e-02
4.197036238203780134e-02
1.264306174597941250e-02
3.130372178266713212e-02
-1.228929116084223269e-02
3.694299318666044440e-02
2.913950770685928490e-03
1.427581549754180709e-02
2.466177070722824077e-02
-5.567904871502288994e-03
-3.775415136817216605e-02
3.681388384523021778e-02
1.173578680021090774e-02
1.714649183654448975e-02
-3.065917175913847326e-02
2.430953143498161204e-02
2.767301280158274493e-02
6.848886938867215779e-02
5.049788015724930579e-02
1.294847033591896568e-01
3.195422030828777571e-02
4.618552651603472642e-02
3.429968636334970733e-02
9.849403634556824771e-02
1.321297081482123437e-01
1.713557584857442473e-01
1.322381593776237874e-01
1.147425044839071873e-01
1.059990420795288990e-01
1.391206867392837387e-01
1.144223675536276269e-01
1.260366566326930060e-01
6.368063330605551464e-02
1.437532767600712413e-01
1.142248834983149441e-01
6.896017172695995123e-02
8.614705295993124734e-02
1.099713352747624384e-01
1.157446849366434438e-01
7.715296767008970880e-02
1.428628631224315160e-01
8.955139459291179549e-02
1.719921407658477897e-01
9.676550587000147530e-02
5.258685951606638376e-02
1.386353404291161273e-01
8.625473032151831365e-02
1.115774903804956086e-01
5.141811980064527748e-02
7.373965228854451048e-02
6.059548675377409571e-02
6.112751269474815674e-02
3.545668756700641466e-02
7.240648484050943995e-04
4.519242326772669044e-02
2.938183840405560535e-02
1.717055343174634513e-02
1.778397467523906705e-02
5.396151284278131489e-03
6.445737628635117046e-03
2.832963936020838416e-02
3.234390630834628466e-02
2.865390529847158460e-02
3.738854820372419785e-02
1.283795486710168771e-02
9.587403405187536285e-04
3.747384477045263146e-02
2.012151780810478557e-03
1.671307698284833776e-02
-1.769227269426244462e-02
6.891617016978231203e-02
6.664216098919820835e-03
2.053283620027828577e-02
-8.517519060846901607e-03
2.644708635846157452e-02
8.916817106612341670e-02
-3.461392514192068032e-02
2.912298835942889880e-02
6.185818105000242054e-03
2.399973199754039041e-02
-2.373232183139302801e-02
3.127665822112982164e-02
9.970111860056120323e-03
6.852814965971172623e-02
-4.178428490512605536e-02
-1.294951714745970310e-02
5.856583690463061653e-02
3.077592912264042607e-03
-3.866391050404420059e-03
5.145450849136153082e-03
3.865250076262825157e-02
5.912246651020427318e-02
1.980306435387923711e-02
9.050478796052101316e-02
1.543719184022255761e-02
-1.797907700830153523e-03
5.649962143713957094e-03
1.179921602083294774e-01
-3.157960218797640356e-02
5.671856193963601550e-02
-3.942126275348763198e-02
2.353863334857757283e-02
7.568969384835912140e-02
6.751640883210514865e-02
2.606408808595274754e-02
9.101635984485392794e-02
3.917092589912016254e-02
4.327809047855845498e-02
7.127106689577387966e-02
8.316158778232313198e-02
-6.462438585383430134e-02
7.485180798799523361e-02
8.416678128863422370e-02
1.503758359132964170e-02
-6.854543770760052057e-02
9.352520331374779283e-02
1.550262085649957260e-02
1.027636628485919662e-01
-5.785278284618377426e-02
6.557918616667000877e-02
3.183294160972853504e-02
-2.110675704308513992e-02
3.650149991843110869e-02
2.666919763471775617e-02
3.055437592352493181e-02
7.337273686557192753e-02
7.121864663580247667e-02
1.394057869532078567e-02
-1.408711330642733149e-02
-3.101622615510297998e-02
6.978178338003190873e-02
9.245635813966536845e-03
-4.837649120000687281e-02
-1.167756867981889664e-02
3.871556613855699908e-02
-4.685583812622179378e-02
-1.007887307401918696e-02
8.767035290646306434e-02
-4.591231136533515701e-03
-2.811103245800177647e-02
1.067210256186274103e-01
1.027253894152385105e-01
-2.124508909230728160e-02
1.228370131165265888e-01
-1.965025106919397399e-03
2.242889960990685633e-02
-2.536835813365836967e-02
5.001591645795998298e-02
4.138401408954313354e-02
6.560228520614068762e-03
1.029610011488845192e-02
8.364709667387684733e-02
7.440204494671388662e-03
5.418512209889929376e-02
2.687427670070687349e-02
4.738576995245118856e-02
-6.448090650773364088e-04
3.146863268712237621e-02
-1.096184380170371273e-02
5.688628628119892644e-02
1.530562742355827746e-02
7.258270447825723726e-02
2.623975590752272713e-02
-2.410998916272132780e-02
2.530131692987508396e-02
1.271537387760678095e-01
2.495062522844219977e-02
1.165175720720917386e-02
8.365164413653848607e-02
2.434584531338185309e-02
3.155047359622050601e-02
2.959287694146327252e-02
5.261676868918265665e-02
-3.346672328345905861e-02
7.576886900862062069e-02
1.656994741858225373e-02
-3.161736339428183190e-02
-3.318140320553146505e-02
3.312921317342944205e-02
1.783141339798880592e-02
5.668290682948625564e-02
8.678980083022963532e-02
-2.935822772974133049e-02
1.627675921491962465e-03
4.939667981812758540e-02
8.531808237368022907e-02
-3.062700465367676483e-02
2.041144785309941673e-02
2.289300576106330365e-02
4.150042639251014936e-02
5.732270931996135549e-02
-4.393209621563094747e-03
3.953433969333392667e-02
1.076789513130141374e-02
3.168777395992367074e-02
1.169251077167973857e-01
5.843479743938997245e-02
-3.656049575126527756e-02
2.817865603441918956e-02
2.312845433977683829e-02
6.378341585450392204e-02
-1.285416841703526311e-02
1.412285257223378637e-02
6.102775263435872288e-02
6.374573382927029019e-02
7.482769159424433603e-02
4.813730738581541158e-02
1.016857104754120278e-01
-2.371433097088616188e-02
-2.156596477731134373e-03
-4.762545632462263090e-02
1.671801805661968926e-02
5.018646042028182541e-02
5.942731216112471376e-02
9.497398488689320906e-02
-4.672632248074694294e-02
4.319153571098103411e-02
1.052582836006362987e-01
5.314276182154748646e-02
1.918114538563857330e-02
4.229498666344006647e-02
-2.246053115753789131e-02
2.656436225161475789e-02
1.963768578287100955e-02
8.064877574939210980e-02
4.904539295779791145e-04
1.121784786643817379e-03
1.089322649679100308e-01
-1.559108349810735955e-02
4.916985117698596114e-02
-5.956952882835295227e-02
-1.062382748372030228e-02
1.456955465964613131e-02
3.845416724908132244e-02
-1.486707863367523613e-02
9.701767972995996303e-02
1.388055617201319411e-02
-6.174833926133771467e-03
7.758362070196780230e-03
-1.868453497943921640e-02
2.151441735593789470e-03
7.948117492174086585e-02
-2.485830225393329939e-03
-7.799649716365167351e-03
8.467922225456123164e-02
-4.555959533992235549e-02
-1.788970548542912625e-02
2.196848980242135582e-02
-1.076006216669976763e-02
-2.708104800868592690e-02
6.412763538365914839e-02
5.319549989174919558e-02
6.519487386033415328e-03
-4.469151531320310344e-02
4.097986605672060412e-02
4.967388478573669247e-02
1.083156008776841456e-02
-7.019525289723632655e-02
1.967827774815246369e-03
5.527796157503415964e-02
6.511729065804785187e-03
3.561755814579013746e-02
1.929676705603180706e-02
4.012201428422439847e-02
1.830300463198032863e-04
7.727895824793823767e-03
-1.376355180806892488e-02
4.930534383842499063e-02
3.933034488081102453e-02
-6.430015040687112049e-02
-1.565282511343402128e-02
1.079097752417228911e-02
1.510218470166015993e-02
1.091615885881386944e-02
5.426535119411188268e-02
8.014804497180703230e-03
-4.059172929941349400e-03
-1.472575141781875055e-02
8.734488114321539709e-02
9.591512344467083284e-03
6.784201523337141104e-02
2.448503851855616739e-02
3.754975274568521371e-02
-8.468527671614874824e-03
-1.560627037423330601e-02
1.538374385275798582e-02
2.415606831283781050e-02
5.273621056124739442e-02
-1.872298954489893391e-02
7.162986171481443287e-02
-2.994418338457129763e-02
4.401961314134229114e-02
4.478389149088073118e-02
3.077549666957785091e-02
-5.656221161572989875e-02
2.209932618757444803e-02
9.178142941637672594e-03
4.161576483111156799e-02
2.631535807083716302e-02
-4.655606502015970094e-02
2.775820778344050693e-02
1.508312464003255284e-02
2.456077400457458947e-03
7.871338256118362575e-02
-1.575926339612422275e-02
-5.755421707550310850e-02
6.848984159161026174e-03
2.312952125422841967e-02
-2.137070557550953612e-02
2.205378011435025001e-02
-3.360015123577405477e-02
3.409593271241458806e-03
1.839682743477536516e-03
-1.012579972591274875e-03
2.736636678765858380e-02
-3.310453801029223514e-02
1.753618888435842446e-02
-1.612132774596424303e-02
3.066411901500654819e-02
2.919983442807813287e-02
-8.528532887591913636e-02
6.900884603634049874e-02
-2.097671970575780767e-02
7.469604974186686008e-02
3.225275427901900388e-02
1.374621608867673643e-02
3.453722316480994231e-02
1.813110633551341536e-03
4.037828570738831446e-02
2.261892379170305986e-02
2.330566017265919138e-02
3.189275531196077672e-03
-8.496752144517477623e-03
-7.633474378724215302e-04
-4.080560652118477710e-02
5.675783134581307426e-02
9.345684393820979236e-03
1.847750507851647281e-02
-3.466078711811253904e-02
1.399323669130182399e-02
-1.315586549215269629e-02
4.683962683495066642e-02
-3.444124443503672386e-03
4.995454906793835026e-02
6.990613985252515979e-04
-4.812962510083542561e-02
5.558764755544817054e-02
4.615090792446786827e-02
-7.109419448399519059e-02
7.104511424854338675e-02
8.523928088504696687e-02
5.141150712495889952e-02
-3.437024927605816099e-02
4.500405594959048378e-02
3.058914386563072255e-02
-1.511714201658518296e-02
1.071889265725738463e-02
2.058838096888277250e-02
9.395309583003361859e-03
-1.011887307954214069e-02
1.976054769557265833e-02
-8.480016739065752984e-03
-8.911757224383439965e-03
3.243023258589027707e-02
3.233989433175078754e-02
4.004868453966957398e-02
9.388723778856763666e-03
4.638504068416117454e-02
-1.944446053336837052e-02
1.137297004577036107e-02
9.811665911958663763e-03
5.496866405464107680e-02
5.316320750323896144e-03
-8.712448777872475875e-03
1.353223490421282850e-02
2.788223381528205647e-02
2.800456003044024186e-02
-5.216175655926978683e-02
3.023460525859611447e-02
3.491893628364145519e-02
1.840877999841542337e-02
-1.898135937320056046e-02
-4.077151039617310513e-02
6.260065020214483633e-02
9.364901644473488593e-04
1.325707852627728243e-02
-7.402809942840858984e-03
-2.525489746132469210e-02
4.103018229776891207e-02
2.783266118703294281e-02
-1.225649138600145016e-01
1.277246427709049781e-01
3.063817083875830516e-02
5.545634535947070037e-02
-7.615960358189043274e-03
-6.628636793731250421e-02
-1.874426740269870576e-03
8.142535495509106713e-02
6.143511732190840013e-02
2.083806597677395969e-02
-8.359069120432166197e-03
8.131375558963130357e-02
-7.923355947965489421e-02
1.707300993740617778e-01
-5.718745124903618776e-02
2.901988497429163968e-02
-1.720392895404011455e-02
4.711633215194151875e-02
9.799754925544741646e-02
2.290335960308956600e-03
3.142929417285819649e-02
1.946403509820701649e-02
6.646043301605809861e-02
2.879767315890891313e-02
-5.332759607087162596e-02
4.100264609206792643e-02
6.889682296174300113e-02
7.829831573804813330e-03
3.904956275924652970e-02
2.345943286543559700e-02
2.961881976792702514e-02
2.620381573576791717e-02
5.694720066306153614e-03
7.480711312020568715e-02
-2.947371810102342865e-02
2.237255484178445053e-02
4.055310353078123153e-02
1.680623354845703007e-02
1.015382117645096255e-01
1.217542210929425592e-02
5.497332650255820630e-02
3.684463396803390467e-02
4.532154586974022903e-02
1.985243910661164263e-02
8.030908498989763888e-02
3.153446775221088044e-02
9.056992760945392629e-02
-8.997138838606534572e-02
1.048945809260730527e-01
4.284843351624315760e-02
-4.458327658497120843e-02
9.507716702233129369e-02
-2.198258811803763257e-02
5.374945877917934600e-02
3.879296096989728881e-02
2.794345624905801920e-02
3.574326272300749202e-02
-4.365366920771258930e-02
-1.114558198144798007e-02
3.753008657408703208e-02
2.533068969548774724e-02
-8.069064829086499899e-03
-4.424169569833283355e-03
5.424860014237249672e-02
4.015523293944984334e-02
-3.502755839703421137e-02
2.123727903649531151e-02
5.252849112630032444e-03
2.278617789011533681e-02
-1.006144324780993554e-02
1.030086538381935618e-01
-5.399329742053211173e-02
4.357447468190502049e-02
-5.266889075925490493e-02
3.542180727977579935e-02
-4.222034238631749981e-02
7.585490522507874755e-02
-1.274018301863066513e-02
1.201973548782160096e-02
1.761616139092389566e-02
-4.211678450414586827e-02
1.185512820125703137e-02
1.274305920483145838e-02
4.453570819913031664e-02
1.104689478520335388e-01
1.838021853529586969e-01
3.678497707570081987e-01
2.411207849835168560e-01
2.402344339273035367e-01
2.942588641624728218e-01
2.895782672855126139e-01
9.534032911876869076e-02
1.399569991962369697e-01
9.406179244245942150e-02
1.160394318236458305e-01
6.250338888259206194e-02
9.629880006338213672e-02
3.688125769721674330e-02
8.552091339036103912e-02
5.076975780623958767e-02
-6.611145183760790134e-04
6.512192696695562333e-02
-5.156986491841935791e-03
9.770092228000699236e-03
1.477276544666730404e-02
3.324516502793430778e-02
-6.546040680740521610e-03
1.489222882795820588e-02
-1.437525982013121602e-02
2.685675340700290070e-02
-3.304317322374279720e-02
2.443313196576138088e-02
5.811745887891609300e-03
-1.707176631384506316e-02
7.089619060164016259e-03
3.256954951872335913e-02
-1.082588092600401432e-02
1.623075439407185155e-02
2.736402488808270961e-04
3.493835879004862643e-02
3.816785833179255766e-02
-3.505223711485343230e-02
2.230570965786924167e-02
1.340633430314942982e-02
2.249956860770138331e-03
7.573393009753610558e-03
4.957785264859713298e-02
-1.996494690572435393e-02
1.889236829364309561e-02
-3.920382682282382708e-02
1.886736424378727961e-02
5.997980491824929372e-02
-3.877937620557466228e-03
-1.565562944292952716e-02
7.263868830648061332e-03
1.737416991143192826e-02
1.781163678591068250e-02
1.625594135179450617e-02
-6.035442171979528946e-03
4.436379143894440477e-03
5.981814285135385323e-02
-1.184909640749046492e-02
-1.216390054865260431e-02
3.397629185623143866e-02
-4.881198401686555333e-05
2.597880600973593440e-02
5.136773012005790839e-02
3.293242399514795943e-02
1.656262350084534984e-02
-1.414752379809894323e-02
1.572263215701110578e-02
-2.792931703386544728e-02
2.257663692198132177e-02
7.043123495078618124e-02
-2.065880340553448435e-02
4.377758530173120333e-02
4.622734390647558617e-02
-4.828043789723544810e-02
-4.316344009198137648e-03
3.499904649460638950e-02
-2.086562587419264064e-02
9.215529584306818289e-03
4.670319332567607340e-02
5.052524110996541896e-03
1.578698086408256845e-02
2.245867755632383403e-02
4.016243554024743687e-03
-4.718805870929631760e-03
-1.830203740181910593e-02
2.228620154752588081e-02
4.772772060325850690e-02
-1.984217775063814703e-03
1.626932032094892747e-02
-7.541096364537808530e-03
-1.787030130407711581e-02
2.402446103404824382e-02
-5.257448004349607983e-04
2.873444673119275941e-02
3.150980061213202316e-02
-3.446026061156903103e-02
4.007104212845531005e-02
7.137357821810212319e-03
1.370299161348727084e-02
2.897211075978916965e-03
9.265724321566045849e-03
-3.499748470490652956e-04
3.978082130914838144e-02
-6.842576153614072371e-03
2.777642718439270186e-02
3.700240350437247056e-02
5.537220705486929975e-03
8.930938533999444734e-03
2.542181025394600613e-02
-1.213571458944292386e-02
5.042794622436140572e-02
2.946984173412457025e-02
4.941575899350769685e-02
5.543232388885528314e-03
7.578493012614966051e-02
-1.423251348548659756e-02
2.961031353119430304e-02
4.403796438799930171e-03
3.950256367054390955e-02
8.025505534130814717e-03
1.009188795892468175e-02
2.975753178514745773e-03
6.866652806905960971e-02
-4.994082897235467555e-02
2.317703063148674608e-03
1.617733112408535623e-02
6.484953290965919659e-02
4.819099497533763099e-02
3.550460144231991355e-02
2.306499030474772408e-02
8.465851185655628997e-02
3.574232876000565939e-02
8.595721166451644746e-02
6.053954432649796130e-02
1.177345381483410197e-01
6.502334243409289838e-02
9.120288154649044965e-02
6.385592318880051188e-02
8.606943791612137185e-02
9.638824747893058598e-02
9.652572910933647499e-02
3.804451635693603673e-02
1.131914418688116791e-01
7.153259379641203897e-02
1.295425561148874083e-01
6.096583923815515615e-02
9.721298851025698962e-02
1.186416459476569984e-01
1.117806180131375310e-01
4.131248166727602422e-02
9.630899771444673130e-02
1.073622523721537159e-01
8.473394806024769910e-02
6.999972161693900075e-02
5.384188646895637920e-02
6.189285306151352806e-02
-9.623574968653497014e-04
6.922513219471419788e-02
4.320808870181592348e-03
3.326858811615900774e-02
3.776218547660888450e-03
1.442796142685772061e-02
2.222932873528948861e-02
-3.427337975832308106e-03
-2.293479249586719091e-03
5.525545398735429159e-02
1.233720719814132560e-02
4.534948878394527705e-02
-2.283283736709070672e-02
2.265655783926470365e-02
4.628940433339929356e-02
-6.186400016316238176e-03
-3.602763876426396533e-02
4.293590490303956370e-02
2.907522450489899782e-02
1.465979150765724971e-02
1.046711844749587464e-02
2.242737811972142850e-02
1.874420233048256987e-02
1.833935175614145180e-02
-1.174218278473246856e-02
5.235359465599798146e-02
-6.056815769862231372e-03
2.735376871652066624e-02
4.494557044850296806e-02
3.869001424038701759e-02
3.030841344218454872e-02
1.115701319080887599e-02
1.531223689754553606e-02
7.429647960519888961e-02
1.741240370271935831e-02
-4.012339779344853419e-02
-6.814672487577125293e-02
4.561866819623102559e-02
3.561180076351516850e-03
4.152026756527528450e-02
-2.489648114866363504e-02
1.895884952316190947e-02
7.175249797614841052e-02
3.721177641325167096e-02
-2.077322141927014088e-02
1.031545836206430172e-02
-7.448455084948605968e-03
1.348261580726247688e-01
3.320077398735706009e-02
-8.669883394222758360e-04
2.114765340434026503e-02
6.838186530344417258e-02
2.016098295886386768e-02
-2.697325498424033019e-02
1.544337768128174575e-04
3.600276285723801734e-02
8.240572385939003153e-02
-6.355884306980491560e-02
1.053411773928370487e-01
-1.263183801394504591e-02
-1.733359087464636517e-02
5.415316436691618857e-02
-1.059865915026685090e-02
4.400123542808194801e-03
1.104772024503980314e-02
7.435402941897872875e-02
1.080812958350093125e-02
9.587031014984077545e-03
-3.087177444934167611e-02
2.955353352462651920e-02
1.243957871461154607e-01
-2.791841043746343121e-02
4.335081269715830576e-02
-1.257745440902858017e-02
2.688506918524824138e-02
-1.745800702937854929e-02
4.708469650608403112e-02
4.971190647170260074e-02
4.653037252958305836e-02
6.719508451793497483e-02
-5.522448217758769463e-03
3.461567087299941003e-02
-4.667789895774399761e-02
7.760516131313432986e-02
-8.740698687834095107e-03
3.864111012197760792e-02
2.992343480294271801e-02
2.663506481811001372e-02
4.053615544734432037e-03
3.507981118076847205e-02
2.849144774686849027e-03
9.883843548330736861e-02
1.048302138101328898e-02
1.122814945895812128e-02
1.362330823875842513e-02
-1.268239658705125512e-02
2.277349693811929476e-02
4.900401643511270028e-02
5.337352586533850723e-02
5.260992891895937239e-03
2.197787896062519328e-02
2.725510586460644803e-03
4.069367508450304205e-02
-1.841078463488822481e-02
7.770462298909713850e-02
-3.378754265627804260e-02
4.743102722997508819e-02
7.849462711688795502e-02
-2.974776590094718037e-02
4.621359209996950268e-02
1.286093617544604301e-02
-5.736185602765130065e-02
4.346091839476813427e-03
-2.235374536674120810e-02
3.601154853040908904e-02
-3.917888202336822917e-02
1.559399827952025891e-02
-6.375193241151562440e-02
4.240342468809264742e-02
-1.615834627510288890e-02
5.089048119978503704e-02
3.834925399715095190e-02
4.400569045899597326e-02
1.440865577170755661e-02
6.338181913737809398e-03
4.912959671310558954e-03
3.330449349426027605e-02
2.221467952505036536e-02
1.801868610162250112e-02
-1.345962706039645525e-02
3.106351474062368084e-02
4.346554965741000059e-02
6.720184628153752504e-02
-1.786897107140780760e-02
-4.436311589477770490e-03
9.321488540154776112e-03
2.850886581443122167e-02
2.943438293977237996e-02
4.746984220868871035e-03
1.029053424672696226e-02
-5.436526232205680237e-02
6.660931353824485479e-02
1.248580049126307712e-02
5.157759631635864747e-03
1.080687532791920272e-02
-8.198854811399416617e-03
1.382635725933826186e-02
2.744756718287946415e-02
1.254621124990950437e-02
-4.699198104304244672e-02
1.042167427855602568e-01
-3.903693412871391336e-03
-4.693960277881810070e-03
1.045108561894031104e-02
-2.470033370112643956e-02
4.974305520268632735e-02
2.039833207339664112e-02
6.642300175847800150e-03
2.702043688785694953e-02
-3.097364349740727718e-02
2.649370226488714786e-02
7.103319363994901880e-02
-4.189448176763034895e-03
-2.272980455788591037e-02
7.461622647050691892e-02
5.105364935077286170e-02
5.523990584230613343e-02
-5.538474574639162124e-02
3.795139432019446757e-02
7.462029276272889866e-02
3.086330916938394286e-02
3.536144940924110941e-03
1.510785849518005500e-02
3.343929524822746024e-02
1.859751470375448773e-02
3.571876856159696134e-02
-1.960307572315890881e-02
5.781058968682724342e-02
-4.218459432417409616e-02
8.942425126249610445e-02
3.476574238947909706e-02
-2.608991224007441156e-02
-1.109439167552717792e-02
8.618977072574454668e-02
-1.927386238327766926e-02
9.229424637633014059e-03
7.705392625497868575e-02
2.812008232747075301e-02
7.766278803693245358e-03
-1.792573603181164474e-02
-4.088388391893374614e-03
1.316570211896420789e-02
1.811273994197252699e-03
3.265099419119332075e-02
4.569943987531221996e-02
-1.651241042289437050e-03
-4.006675337939633041e-02
4.677879860313981231e-02
5.491033141543149448e-02
-3.799611067262464309e-02
7.013091586397919575e-02
-1.046067519716513405e-02
5.227074426647115163e-02
-1.756812270696550549e-02
2.385322106915684082e-02
-2.888093818301830026e-02
6.026722658221547735e-02
-2.876988177633931290e-02
7.536274232934596362e-02
-1.624344037963604617e-02
-1.631684935313688694e-03
-6.305805546443220277e-02
5.954321184896851915e-02
4.420212799718058194e-02
6.232459374681030562e-02
-1.997762349958296518e-02
-2.046661913692425505e-02
1.530748063305691423e-02
4.574296384784028863e-02
1.005224115259310130e-02
-5.969277980296103236e-03
-6.551861486403259827e-02
1.097371081431790518e-01
-1.136556696480954531e-01
7.082861762606310063e-02
-2.282483322092206807e-02
5.954194511377669530e-02
5.774202812797158552e-02
-2.471245718849389775e-02
2.976394840157461572e-02
4.063904171545789507e-02
-3.231111413482606713e-03
9.030063180674020862e-02
-9.095636279693934678e-02
3.404697557331799740e-02
-1.264363322640646159e-01
3.896080562218778159e-02
3.490309964527830988e-02
4.507725735985394777e-02
2.085871379547192192e-02
4.538023525004364345e-02
9.703692549362501196e-02
-5.695881322756648352e-02
1.662365951290836752e-02
4.062815736882880585e-02
1.944791687588696277e-02
1.319695182807736032e-02
3.973792951289528003e-02
6.773770554598716742e-02
-1.465657043130194279e-02
4.778864831039029287e-02
-2.715928368105006291e-02
4.890344930650812605e-02
3.123884217710755015e-02
2.154324300849821613e-02
3.460077152884430407e-02
1.463218385982609226e-02
-5.254116903469718824e-02
6.398167970053963982e-02
5.156948016036336929e-03
6.606887750308840235e-02
-1.232634327691518698e-02
3.951044106968685382e-02
1.136410817430682715e-02
2.725767484453081244e-02
1.619523818849316274e-02
5.986982723876017182e-02
-7.347074085241255340e-03
1.413915751097504780e-01
-1.695380404740320923e-02
2.353198504559647630e-02
-7.448116136836456513e-03
6.607181943345345754e-02
2.381287582582446161e-02
-5.804650088642539230e-03
3.045432921849667782e-02
1.101479793106652783e-01
-2.953294674320608004e-03
4.174415791883669125e-02
2.118289691161948790e-02
5.137690883494312050e-02
-1.878572176330845118e-03
3.747269495118926708e-02
1.065675743272213698e-02
1.770498824474459531e-03
1.653840483117617610e-02
5.712497075357145238e-02
-4.230685534284094051e-02
7.862176832994789699e-02
-3.826986618331675721e-02
1.291251695452594328e-02
3.902549131501806962e-02
7.265970995753660844e-02
5.034820591358851044e-02
-8.668330336426208205e-04
6.447224398484545371e-02
7.210260525671580156e-02
5.115958825859622666e-02
-6.664470535887778713e-02
8.326252448299270581e-02
-1.834837154944904316e-03
2.094349606903299008e-02
3.950693474163502472e-02
6.680799459568420584e-02
3.376482593318436837e-02
-4.776658023638245820e-02
5.239882000400674505e-02
8.214421406399974313e-02
-1.509833853359888317e-02
-2.375930629121785279e-02
1.329767507664459392e-01
5.151277023210520251e-02
3.621668958166144453e-02
1.809603118305083691e-02
-2.070717373464362257e-02
-5.080119882959952676e-03
4.634394194710737824e-02
7.864084422544839748e-02
3.475259921752354986e-02
9.313281465543710169e-02
8.876573334265293325e-02
1.505990074786146826e-02
9.589780068300692364e-03
7.841359973288178353e-02
2.299754140122399829e-02
4.864395788313451152e-02
-1.497251675084978195e-01
-1.631016122435695048e-01
-2.212960160435833989e-02
-4.010082428845668928e-02
-2.605399762609793453e-03
-1.102551226146706101e-02
1.825039030686470207e-02
-2.554560491860696780e-02
-7.417671633139245879e-02
1.201767344009320171e-01
7.210795033337574766e-02
1.716661894234716712e-02
4.276105616593462583e-02
8.125670743525226225e-02
3.497618673621221558e-02
-5.375181216222983671e-03
3.989957138923902469e-02
9.220513718299008787e-02
7.848834967758074044e-02
-1.534951485658827414e-02
1.010874816608860194e-01
3.829378235310208073e-02
4.949202382860354299e-02
5.845451786121023952e-02
6.040018860901078673e-02
1.196733967803077781e-01
1.045337490339881548e-02
1.506582699079393184e-01
8.293684479840578161e-02
1.103034069270195094e-01
4.148726612351004428e-02
1.223038765023391761e-01
1.018321643430942919e-01
1.222074644642891644e-01
8.736359354775059816e-02
1.275100871969228611e-01
8.876063370355555260e-02
3.296655972811710772e-02
6.311036902814409766e-02
1.372641702461996696e-02
5.978541512934491819e-02
2.913610975318126073e-02
5.307302524984673642e-02
-2.581491483833443790e-02
1.338953870379887973e-02
6.372654381447954985e-03
1.454333556261656370e-02
2.836185635510965822e-02
-5.734951454935399966e-04
1.463060375679866437e-02
2.941951344028238824e-02
1.984248859294737016e-03
2.792298506496818794e-02
-9.724689043328318266e-03
3.720126991150918272e-02
-3.415936467419547137e-03
5.340925820178012845e-02
5.222104543405166333e-03
-1.509766443436155259e-03
4.967780985062815458e-02
-1.778575074377851395e-02
1.538789306973532660e-02
2.562062016360716968e-02
8.186800352229328323e-03
-1.210089820943115700e-03
5.790805506110040940e-02
-2.632449100258895183e-02
-1.712781909505340164e-02
1.035905720638133701e-02
1.944381472021764271e-02
1.415824436824577454e-02
1.570154573712802260e-02
2.723063064469727693e-02
6.240251141849379075e-03
-1.893000790321153724e-03
-1.604555752242530289e-02
4.599235245118440951e-02
4.806885217734564036e-02
8.361694619129788481e-03
3.222518233291224443e-02
-3.544066736064731965e-02
3.643674807386204639e-02
3.201851444037306232e-02
1.196194974220200595e-02
4.551631003009175280e-02
3.886321579234255919e-02
-1.156536986566229080e-02
1.447001266833904424e-03
4.165144091634122997e-02
5.380747089220837276e-03
-3.796605705579538664e-02
6.872274160787048003e-02
-3.369986585379473876e-02
2.976444972847641993e-02
5.635464102538030595e-02
-2.209889696574188905e-02
1.322145133555975398e-02
4.054378591330839998e-02
3.313276263862054150e-02
1.821030963330606215e-03
3.338931401571620938e-02
1.007997415063876037e-02
-6.375260179120784826e-03
1.554659593232314216e-02
2.702890558543848132e-02
4.520050102075478561e-03
2.815181865736176084e-02
3.949173756306717520e-02
-3.014706410403636665e-03
2.102800098664898282e-02
1.851408107466810671e-02
2.039260425914077302e-02
-1.327469793188844685e-02
2.120105577932748786e-02
2.941965990536219572e-02
-2.274598186921931650e-02
6.683320201751957734e-02
-7.034480365705361900e-03
1.895143555125125209e-02
1.916144810359670866e-02
1.401788825560831668e-02
6.371409476578708542e-02
2.371972810009627397e-02
-1.824451006675947146e-02
1.001376084859468413e-01
-4.496306725164524176e-02
2.872653069053562533e-02
-1.280611712210065999e-02
2.168271627809149112e-03
3.191192467927228549e-02
2.642797430293966979e-02
-1.480575567476963283e-02
-2.610527578029124551e-02
4.762748024928696589e-02
1.058307998422994105e-02
-6.311304892631418653e-03
3.856759042047215591e-02
3.191829234539634869e-03
2.851280010203074283e-02
7.902392764017784205e-03
1.748357877430887705e-02
1.118126563054817890e-01
-1.353099049449928495e-03
3.883570794540469259e-03
4.543175866230427656e-02
-3.869865570169256364e-02
-1.639921780805710799e-02
6.478744481943911337e-02
2.682565125821433777e-02
8.963107413386656175e-03
5.997512665676568017e-02
-2.417653651492432734e-02
1.682469246621622755e-02
3.270791877291453348e-02
1.618615517453099450e-02
4.534767882292638219e-02
2.827634295718926220e-03
1.117269597828313490e-02
-1.333626905071011795e-02
-5.162758628407863870e-03
2.403100668398218051e-02
-2.141900235515729889e-02
5.394966282084506792e-02
1.226926687719640113e-01
1.383654735121718771e-01
1.551974223564540345e-01
1.859679136360446738e-01
1.924752748691484772e-01
2.594765666251573899e-01
1.127182767095783467e-01
1.054588096826026278e-01
1.298489235878587111e-01
1.147602492189704199e-01
1.018792304321040898e-01
7.357120529185882940e-02
1.074181030289075300e-01
1.017949785365162146e-01
1.109594088621491115e-01
1.174783534120712042e-01
1.601250893533888164e-01
7.814193671492850046e-02
8.787164100386413157e-02
1.404923623097068530e-01
1.206321265912686791e-01
1.303241690081475002e-01
1.082515595363818250e-01
5.490182128371208503e-02
1.155715039973543024e-01
5.899933618579536465e-02
7.170278811212887904e-02
7.720633711665705889e-02
5.875559632384758785e-02
1.156317149283064283e-01
1.149491369816088709e-01
1.202270796615974302e-02
3.211179789441657301e-02
3.109812256113194187e-02
2.253282374503818783e-02
2.964813456891654889e-02
-8.450045891532576708e-03
1.098357484606859481e-02
3.954371097576503402e-02
5.497439921528333995e-02
-2.127869377560372144e-02
3.717259536042558793e-02
5.498206248352335845e-02
-2.265169324579945423e-02
1.661853852431862538e-02
1.056024980338354374e-01
-1.771874049008654445e-02
2.423092465000114756e-02
2.682888832210638536e-02
1.031320425557266142e-03
6.822220172525897408e-02
2.164572214184079524e-02
-6.725254754274974898e-04
6.746736161418581332e-03
3.101792169163633886e-02
2.569870675080258848e-02
5.026695257541900080e-02
-1.164202325113986546e-02
2.593979069222890343e-02
6.686645134898276666e-02
-3.626615398076538099e-02
5.069985322100063752e-02
1.473992796018843733e-02
-4.846884206137050399e-02
5.636254062229306000e-02
1.044697319524031387e-01
8.105064660825165787e-03
-3.101834863806335330e-02
6.682403416059665147e-02
-3.602623567720891675e-03
2.237772364407731793e-02
-2.694371471085273834e-02
7.022854583270150830e-02
-3.807325348269018084e-02
1.395071503633562027e-01
5.328086629438170962e-02
1.704263728473448536e-02
6.006393208855669713e-02
1.165608975413767734e-01
-1.500100120150836200e-02
2.320945448051064258e-02
4.535761599106707259e-02
4.533706614068502838e-02
4.484232968643060008e-02
-1.032401877697282366e-02
1.016412881424417873e-02
3.048160983446058028e-02
3.421019116111656544e-02
1.198027805731419551e-02
8.454176893659066938e-02
9.052394618467578258e-02
4.032370501789810796e-02
2.523053973083678320e-02
3.391986106246153848e-02
1.246758180832224783e-02
8.080287527657217805e-02
1.197538171486161318e-01
-1.136843049872379545e-02
-8.765775970568214295e-03
7.755498286152349985e-02
2.960646147488768878e-02
-4.246923998684828949e-02
9.005525247133791544e-02
-6.979403691601696047e-02
-5.616291899737771952e-03
1.990156028433233415e-02
5.973466908439863457e-03
4.648351543492525162e-02
6.205603351880765312e-02
-7.554352670436463579e-03
-5.983358764336366153e-02
4.383656228537862604e-02
5.501445199218304299e-02
4.712035965862986647e-03
1.823195377498479028e-02
-7.657428244496417881e-03
3.617968994321824061e-02
1.695934537669757658e-02
-2.191445850601228887e-02
9.665801733235140913e-02
3.834568602326026560e-02
4.028861979367311802e-02
-1.631939540047290527e-03
-7.726013088779420945e-02
1.155737339945408781e-01
1.278574900479838988e-02
6.911148638463333882e-02
2.531682446777745038e-02
1.969363502280324987e-02
3.362853875298186385e-02
2.348679939589509019e-02
5.108840344687692880e-02
4.434493114728463303e-02
-9.997913322145592085e-03
7.007620379676406108e-02
3.131804462221968871e-02
4.082108392519944590e-02
-9.187000574131205105e-03
5.544557003487596281e-02
-3.336820001043121209e-03
7.612130880316893278e-02
8.078110752735866151e-02
-1.680371132369742199e-02
1.022849965072217815e-01
-1.373212076733405784e-02
1.692069626411276187e-02
-1.343608704172920276e-02
5.170043796291890620e-02
3.636954624998837374e-03
9.644942506640370727e-02
1.767276899346497581e-03
-2.516488256624553957e-02
-1.978105348712196402e-04
-2.107202383437426982e-02
2.315863616648446838e-02
1.822172005819901359e-03
1.062008847695306533e-02
-3.208362534876320338e-02
4.047467832843329449e-02
-5.898265701146501727e-03
8.766248147705377192e-02
4.330125704589748992e-02
-3.421381392807414101e-02
5.136236546305106808e-03
1.023140716042612031e-01
-1.511110574342940452e-02
1.213323037032084349e-02
7.070348358652751852e-02
4.300701366851136798e-02
8.255213223327475397e-03
4.610688095648619866e-02
-1.294810301509147742e-02
7.242983768938307705e-05
2.884481744064655746e-03
3.357397483968845714e-02
6.228675420061940970e-02
-5.274341771582904959e-02
1.121543684774247429e-01
-1.086024456443569416e-02
3.991194157517258256e-02
-2.931155074308755201e-02
-2.811351713591522805e-03
7.261941877696824477e-02
2.330409855109835671e-02
6.035066929428197641e-02
4.304505170177648499e-02
7.299226196867610039e-02
4.856049201781380276e-02
-3.016400411747464233e-02
5.930454353550886765e-02
6.532251019615055443e-02
5.953242602153091534e-02
-1.944975871860414596e-02
7.805012112233142285e-02
8.401891367183386694e-02
-6.260030081431647644e-03
1.134035056686670123e-01
8.412665479862894979e-02
6.133562567743754829e-02
1.852381040160451520e-02
3.923597146700352062e-02
1.321574523731871946e-02
-5.685583957953008714e-03
6.186275577932088231e-03
7.609413676947668348e-02
3.494021213411151877e-02
1.748542160502381329e-02
1.629473984161304220e-02
3.254232030211530458e-02
4.528732356280610466e-02
3.723394897524392316e-02
1.059905325859638843e-03
1.217226980862492862e-02
4.483747591262868259e-02
-1.201724898307295021e-03
-5.865734623746070905e-04
2.759974302548393998e-03
6.338796721606312912e-02
-2.323640800527414403e-05
1.613450298874627084e-03
9.935826878472472749e-04
-1.230218832157311051e-02
6.879519853246086891e-02
2.821913371196340531e-02
-2.224208481400446330e-02
1.869847918781061477e-02
-3.091567099006634414e-02
8.814748253655058097e-02
-4.924330203051764665e-02
1.084938479410489515e-01
-9.567530541328432905e-03
9.048712597662688858e-03
4.522422147818633276e-02
-4.343386186683773770e-02
3.383533930811414431e-02
-1.173697836092417977e-02
3.043485795723886375e-02
2.574836135430350406e-02
5.365206836835625243e-02
-7.872783354655833732e-03
-1.013063361218027869e-02
1.014118598488735618e-01
-3.659000000631908861e-02
4.048487616470357320e-02
-1.008765448342456746e-02
-4.513282056597871239e-02
2.543223396482399701e-02
4.026058047601120855e-03
2.710122101514000556e-02
8.592743127666772895e-02
-4.255989434420488077e-02
5.996721679410459138e-02
-5.130039792046781760e-03
4.151329395391849253e-02
5.804122368753750899e-02
1.581895954122487444e-02
5.110625097648956866e-02
-2.003579451366763187e-02
1.327459893105066915e-02
3.293016780126757637e-02
-2.418710846485487738e-03
6.364142415643082862e-02
-4.312074319601932534e-03
3.447645349496261842e-03
3.272132995568730746e-02
2.381598853351732381e-02
-4.364082735841269545e-02
-3.000313436876988690e-02
1.118298770514048052e-01
-4.843030017351525503e-03
-6.578294253081771840e-03
-1.307911746651708486e-02
9.880701009774077448e-02
5.132700196085713228e-03
2.412156797240505926e-02
4.143826713051918659e-02
-2.985676573493062716e-02
-5.157312677763025571e-02
2.576599072818399130e-02
4.746576825041272374e-02
1.730554253969102119e-02
4.364728348238691713e-02
-3.433239550525109957e-02
5.089376739936939467e-03
5.590373488030046800e-02
-1.454781677122377742e-02
1.499634396649975575e-02
-1.315957762177547702e-02
5.398553905452606327e-02
2.737347923978713377e-02
-4.943796737281838660e-02
3.166845214413573778e-02
2.790096727078738084e-02
-1.762798617277981650e-02
4.313824908394002229e-04
3.886064621713890277e-02
3.119502482167477858e-02
-1.072596186356808839e-01
1.138503216856171646e-01
-3.093227123652671218e-02
-7.258571981223555653e-03
-3.501499878044705971e-02
9.456215532796833582e-05
1.947243425342981907e-02
4.542985916467319387e-04
5.709001298081001902e-02
1.751838881738727741e-03
3.149191532384355841e-02
1.278537662115715456e-02
4.265112595662429174e-02
1.394867168401021235e-02
-5.022432499021237812e-03
-2.343212498435776059e-02
8.451334040605927925e-03
4.325231261194254634e-02
-3.321237694006793501e-02
4.236186848199719607e-02
-5.148133512716021598e-03
4.451805486841081683e-02
2.487396956045389348e-03
-1.088328350709617635e-02
-3.108537892556433469e-03
-4.969325428808031749e-03
2.388303852732440689e-03
2.239390344389215887e-02
2.863245292083988619e-02
2.439540785157836775e-03
-7.794732091494710469e-02
4.394434065171515941e-02
4.592750432883358630e-02
2.580255726022650728e-02
-3.081460278446044448e-02
-2.948492913979836039e-02
7.067397485387931499e-02
-5.600332986178156031e-03
-3.854341936279328390e-02
5.408951520184769601e-02
4.378531015988907857e-03
8.406304349153419578e-03
3.479857221029607206e-03
-2.730679270198162548e-02
5.371055640203255960e-02
1.924876826930927570e-02
-8.869247580789163532e-02
7.178468185409765667e-02
4.239527360911105741e-02
-1.872166527451437842e-02
4.995139881798854598e-02
3.693574729793162870e-02
-7.440701012161389516e-02
3.485207544389736650e-02
1.123838236545824792e-01
-5.736429611217392158e-03
1.736362658074448728e-02
2.327084657547494675e-02
2.048560872572045485e-02
6.028599019479706500e-02
1.879446101192488658e-02
1.340275579622996795e-02
3.306989120524547743e-02
-3.418529594796939144e-03
-1.728323990313001754e-02
4.760876628978634451e-02
7.020633831647050960e-02
1.447852337889813171e-02
5.240236851702302634e-02
5.605295683662888523e-02
7.997170885781663963e-02
3.368003129055122113e-02
1.580682083257924087e-02
1.783141943605883600e-02
1.949243446330550106e-02
2.425317664121614744e-02
5.540802274111222836e-02
2.503874874462382397e-02
5.919061609249010730e-02
5.420397637651842154e-02
-8.784905459716460183e-03
1.068240221052292327e-01
1.605017024721827265e-03
5.599580033445660660e-02
2.035439430296526742e-01
-1.552589623094155769e-01
1.075773793699858621e-01
2.212405638685382547e-03
4.347789969770366608e-02
-7.564040748794897961e-02
1.157531182455941721e-01
-3.786038072964551665e-02
2.704662300653404988e-02
8.935385467051036590e-02
-1.066266782508215778e-02
4.394493258181396585e-03
3.465399362289129509e-02
1.039011203348968876e-01
2.131597897384739440e-02
-1.042463311447839290e-02
1.398749955141132817e-01
-5.413760101265683439e-03
1.583825367049787602e-02
-8.178186147289786753e-03
5.035133000082074595e-02
7.989855607923536732e-03
1.017769827446099867e-01
-5.692200867086906479e-02
1.415299076013488283e-02
3.444179920403370176e-02
5.185493239708506563e-02
1.501586271495878276e-02
1.302280230887249979e-01
-3.977196898389346973e-03
4.096883706399888359e-02
-4.665615472752953491e-02
6.005012145651016792e-02
8.623892426848588783e-03
4.246411459500841479e-02
-3.863693713457020534e-03
7.381234304335876351e-02
-3.808821074679161200e-02
3.038464400575650176e-03
5.718150239730481615e-02
-1.400824389291329547e-02
-3.650471589309596532e-02
4.137458230556328304e-02
-3.252218011957254927e-03
5.382153434246471357e-02
2.427266746907235512e-02
1.490309690917908728e-02
6.180116489734400337e-02
9.971749322813607680e-03
3.499124788642091460e-03
7.749436562187286825e-02
2.939660640679490899e-02
8.949842584902561668e-03
4.299843109740698888e-02
8.936454143820198037e-02
-3.682784863254386781e-02
8.152691186833864456e-02
4.587509586123991040e-02
1.644656530128995806e-02
-2.385279626446955986e-02
2.848990401424540686e-02
5.354744702395864558e-02
-3.222206623035682449e-02
8.643506734671238534e-02
3.111565107157458765e-02
3.958013807976433832e-03
7.468753005953882029e-02
4.568893768034910235e-02
7.905660653260518714e-03
4.603836688769937652e-02
1.531837049120054854e-02
2.320076516178648865e-02
4.211722931596171421e-02
-2.025358892487351403e-02
2.763544405767946049e-02
3.151313771035023359e-02
4.656904468249807583e-02
5.144755074879040629e-02
-4.506413284926982787e-02
5.267256578190287336e-02
6.644421438173302163e-02
5.414201661991487058e-02
-1.965769041515090867e-02
-3.839066014775130431e-02
3.534066026442474195e-02
3.895361284432061200e-02
2.843987821034628383e-03
8.466556013593549979e-02
-3.732801618028870269e-03
5.163635985644747517e-02
-8.415596321543740432e-03
8.451041501447505155e-02
5.131200714316888623e-02
-1.808774739885889507e-02
8.815389989276172997e-03
2.574440456445765968e-02
-1.028057911866897718e-02
8.837587207220941321e-02
-1.861436682596991077e-02
3.422698232880161395e-02
5.890978629838750785e-02
2.729753845910261670e-03
-1.265152817987601382e-02
9.664348304785992660e-02
-1.601215341047744489e-02
-2.745142355512552451e-03
-2.887074233961822028e-03
5.670830495639186952e-02
8.011403597032354384e-02
7.814098309471101400e-02
-3.597346653746881506e-02
3.158099226849044733e-02
1.199795352533239989e-01
-1.205406931663682846e-01
1.115339211124036639e-01
9.440369640458835809e-02
5.284241378993653065e-02
-1.924267278575616733e-02
8.441401297764307421e-02
-1.651596169715792428e-02
1.240021385766547357e-01
7.863052020866591330e-02
5.914312013911054294e-02
-9.688645076533141873e-03
8.466470978955471793e-02
-2.079672297913700944e-03
8.044344410492275388e-02
-4.568571888314042900e-02
-5.836294143897974816e-03
1.636650502280619437e-02
-8.756868771424158177e-03
1.382823990371467165e-03
3.236388370894911770e-02
-8.857275439377726434e-03
-1.072684435526275737e-01
-8.589844546304760409e-02
-5.845758062015997403e-02
-2.473597583952482498e-02
3.413227055144275879e-02
-3.569245519685276119e-02
-5.708698833061559563e-02
-8.872480466607740590e-02
-1.265039924972298779e-01
-7.329065502870268922e-02
-1.235828122780415761e-01
1.019926912002065422e-01
6.692421814160562366e-04
-3.286944924064720552e-02
-3.628192546124123924e-02
-3.533513289287391196e-02
-1.381727005539147290e-01
-1.445354122430416721e-01
-1.797573112963438136e-01
-2.198376647832969155e-01
-2.319360101415057496e-01
-8.167119545846064643e-02
-1.451893355956652698e-01
-6.545251984781719212e-02
-1.273531502558343867e-02
-4.501392003791077068e-02
-8.973615627670603750e-03
-6.576388557379903368e-03
5.056775867740530978e-02
2.629247905836615273e-02
-4.059073664382630356e-03
-3.750117747934936935e-02
5.982005031839005699e-02
-1.999600658900348160e-02
6.250840078132328947e-02
1.692171142717158877e-02
-1.928245638915939558e-03
-1.965763733140335826e-02
-1.676497183711342029e-03
4.952707787283411323e-02
2.716116949275875631e-02
-1.070703773248908065e-02
-2.374582652758364804e-02
3.884583989193893250e-02
-3.119208903607713010e-02
2.907723742695616717e-02
1.041177536682631570e-02
-1.844178111781895335e-02
-2.719408134484972012e-02
-2.520638673525641901e-03
-3.884298179872966439e-02
2.845556992057972009e-02
2.206549634591280923e-03
-1.360908374928877090e-04
-4.281478123055046381e-02
2.675507772930245734e-02
1.770483839207087629e-02
1.593271718836494766e-02
4.093808682869547189e-02
9.817379374186576899e-03
-1.399460742755736717e-02
-1.247234973475133679e-02
5.977458180348912964e-02
3.021346761596526570e-02
-3.079195815859106511e-02
3.090219497483004743e-02
