-5.410275936785974293e-01
-4.114598625785192421e-01
-2.371552777342207652e-01
-7.697437642678471581e-02
-1.186516266601697275e-02
-8.309531672348638778e-03
-5.393438141897509419e-02
-3.158166345134745534e-02
-2.246721585403042842e-02
-1.000130939009159642e-01
-7.651332349943099076e-02
1.129238473845686590e-02
1.559253890067975601e-02
-8.822393212417531036e-03
-1.994140751514091037e-02
-4.065657875912867709e-03
-2.715889588224836698e-02
-2.183087991875138495e-02
3.834551317285231353e-02
1.633659914623439638e-02
-3.981969510621057029e-02
-4.337521229062957923e-02
2.641627728599041033e-02
-2.321372314939765605e-02
-5.536214828300312085e-02
-7.421363123086342772e-02
-5.914432489751190319e-02
4.245238421497140452e-02
7.163463292727106912e-02
-2.400630403329912302e-02
-7.732537886303615833e-03
-4.365912667419725307e-02
-2.131260368124431037e-02
-2.320620166105171259e-02
2.870988889463670091e-02
-6.869632008684127935e-04
2.636336008327425096e-02
-4.853879479743574560e-02
8.412196803652322030e-02
4.756821391692507041e-03
7.065753203981268993e-02
2.544588736657383415e-02
-1.592771770327339187e-02
8.784628768872659865e-02
-2.263442269974825019e-02
-1.144658711501679192e-03
-2.223554206294964947e-02
8.446515423333489370e-02
-2.968257304078467107e-02
-1.117206204670573993e-02
5.904785770240646506e-03
3.787785483175393902e-02
5.335019141299213175e-02
-8.446127234202249756e-02
-3.145885094561475664e-02
2.131604965607948945e-02
-9.797349384516205670e-03
-5.695861061084803167e-02
5.489532366802488128e-02
-2.022837839427728615e-02
-5.512186598508618529e-02
6.022331596875355603e-02
3.323511103932637149e-03
3.456622943251592950e-04
2.051573610852733265e-02
-2.807432446690933184e-02
-2.968114981829542490e-02
-2.383679978441894179e-02
3.149130540762037998e-03
2.973930657405061614e-02
-6.991855547187232969e-03
-3.781718766701067796e-02
-1.398125196754981814e-02
-3.454580288215215430e-04
4.412080712718340070e-02
-3.036300424306764226e-03
-4.526583773600567628e-02
4.194281122257342148e-02
6.045277731552709671e-02
-2.120148479444483244e-02
-1.438219263488560960e-02
-6.194145184472341081e-02
1.558468039642938417e-02
-3.547097290529124813e-02
-2.819188754226446478e-02
5.414750980351417525e-02
-4.767103661572903717e-02
-6.698157182422831424e-02
1.332211913687513516e-01
-2.056863538861206098e-02
-3.587015995226069953e-02
-1.075647492608254457e-01
3.046185145704413677e-02
-4.809994135390599501e-02
-2.546765246917626763e-02
-3.062725248996530508e-02
5.480721065032458789e-02
-6.313960368863991146e-02
1.881727084930645555e-02
3.458644973279799417e-02
-2.309160789314844420e-02
-4.032282694643947452e-02
-6.567022360768171897e-03
1.235018462113852099e-02
-2.817770944009667655e-02
4.602794800386088292e-02
-1.587658341241870649e-02
4.706467403681202817e-03
-3.893893734492786390e-02
-9.917082514951559499e-03
-2.918674712830275977e-02
-1.626288521733649031e-02
5.112593202009957372e-02
2.255070796673145916e-01
-3.446289127352865356e-02
-1.492966287296652352e-02
-5.181435441882502324e-02
1.879000834832911596e-02
8.174371752401128968e-03
1.565606874392880613e-02
-2.898117660014937202e-02
-5.382379680855966381e-02
-3.044318880535684321e-02
-1.540352723636819743e-01
-4.018672807425445123e-03
9.206342246945088681e-02
5.292068960277486467e-02
-3.814430994673435188e-02
-2.738178336794977463e-02
-3.501857635013307102e-02
-5.387470258906143505e-02
-1.221985040868267351e-04
3.809789575466784178e-02
-1.800201840617923418e-02
-3.724794803164044321e-02
-1.764973613493450028e-02
2.594475199644444285e-02
-3.863443564150476073e-02
-1.111689319880205043e-02
6.990834969673558053e-02
-5.862452433060687945e-02
-6.170443362771624307e-02
1.497663473000527407e-02
-6.569117982493139114e-03
5.806747716657375408e-02
4.815642177359257241e-04
-8.572122399256911982e-03
1.050712617408592481e-02
5.387857402586581496e-02
-1.993270203170703983e-02
-3.490605161361142600e-02
-2.163914983899922484e-01
-2.877663788654206134e-01
-4.317638433740703108e-01
-4.674240844891822122e-01
-1.665362656723839985e-01
-3.297378576246599025e-01
-2.024780246017166274e-01
-8.858715525861798196e-03
2.085084531262772212e-01
2.645480554727901445e-01
-4.022817459998298539e-02
-8.734922235660275147e-02
5.912674775872146515e-01
8.541206968584337256e-01
1.265578028536267496e-01
-9.241332435724825684e-03
1.317806652365995437e-02
3.481963194559498653e-01
1.424760932300586924e-01
4.745305716362335086e-02
1.010620348165417182e-01
9.586298209648488888e-02
-5.244476012552708177e-02
-6.277196245363207694e-02
3.781360674291268931e-02
2.006752094798984823e-02
-1.453928279211864211e-02
-1.132947775223768112e-02
1.163677842052927066e-03
-3.287649041028755520e-02
-6.702702653356466811e-02
-6.789108210472630245e-02
-1.438308209373602431e-02
-3.776583328899075359e-02
2.503279705631242941e-02
-2.636433028718514204e-02
1.534876816414429759e-02
-9.484737565173127771e-02
-5.521190910471355032e-03
3.465334224698667087e-02
5.111018414929437148e-02
-6.154720971394340989e-02
2.950865151868919262e-02
-3.530845624129469451e-02
2.909904696019023282e-02
-2.666048431539148889e-02
1.689413411055901842e-02
-4.941075901323009785e-03
-4.121896387048310287e-04
4.136670590986558232e-02
-6.366912801830969422e-03
-1.915175049751704703e-02
-1.038382419354399316e-03
5.095881361678621102e-03
1.781879393188043684e-02
-1.479269761143900061e-02
1.982459494148205645e-02
-5.755450370826895728e-02
-4.480720331974533122e-02
2.107763115692271386e-02
4.498548804315580935e-03
1.052462503301470308e-02
1.584085413990586957e-02
-2.940308849738054731e-02
4.536693381695230606e-03
2.674207263854585376e-02
1.735788119001331837e-03
2.221377603278267693e-02
-9.979323817030859300e-02
1.726475995162206345e-02
4.067874952381234782e-02
-1.397373295170023684e-02
8.277742352747689825e-03
3.355597541186539079e-02
6.124544246473648257e-02
-2.521511567801493908e-02
1.302494152497885027e-01
5.553457116951477507e-02
1.635281266891648599e-02
-4.435175247789613882e-03
-4.247770590616600783e-02
4.028263785856394524e-03
-2.698321927586280842e-03
-5.407768791873186071e-02
4.460038888966752491e-02
-1.369494201404133915e-01
-1.214637547367297399e-01
-5.612313275682548688e-03
-3.435233394981216520e-02
-1.269288327475153431e-02
-3.348940413170736763e-02
4.820063726681365207e-02
-1.220660491257261754e-02
-1.431800375085519935e-03
1.435583212017448214e-02
8.172519349671583666e-02
-4.281480284960601651e-02
-9.562555081956215829e-04
-2.802716471369886067e-02
-2.962768521421094148e-02
-5.757975722026562916e-03
-6.555541769555757459e-02
-7.174818919821515650e-02
-9.061565079615402363e-02
3.889697370658951742e-02
9.510437610103783523e-03
-3.748158371610749856e-02
5.134555085462715746e-02
-4.931894459513495171e-02
-6.468438853588957815e-02
-3.981976829363747736e-03
-7.378910898756664560e-02
-4.008364719367039225e-02
-3.714413432905534513e-03
6.113248023452017704e-02
2.096555013494707728e-02
-6.228318083268465782e-02
-1.938951687125043885e-02
6.588283582966153115e-03
-7.331132155337163891e-02
6.446399942567419827e-02
-1.781080204832558578e-01
-6.406353098230932464e-02
-1.276754196879476833e-01
-1.405961059457861706e-01
-2.786084522301128241e-01
-4.037924719205593926e-01
-1.129546189696210012e-01
-3.810560829677471784e-01
-9.462832725583895932e-02
-1.654203647220729434e-01
-3.998042861773218326e-02
8.563479533346962658e-03
-5.288137661034807147e-02
-1.158055050525884366e-02
-1.208174391617961585e-01
1.372464248498453110e-01
-1.668109143028817173e-02
9.952522791425182438e-03
-4.987544979995398725e-02
1.180013666363626673e-02
4.128890233664360421e-02
1.438965944483471537e-01
1.055546690251518704e-01
3.901873324925737574e-01
1.159727270313314074e-01
2.369594476567823127e-01
2.476439697016258323e-01
1.887364848044458809e-01
2.650910231155471086e-01
8.589519121161980075e-02
8.266508394158696149e-02
-1.999887111288203151e-02
2.038449044615651615e-02
2.783737418225757376e-01
8.687863757768994610e-02
6.044155610253048455e-02
-7.862707075641194032e-02
-5.847376725121706392e-02
1.339709992577421682e-02
-4.810139192262314484e-02
-8.838839546076731821e-03
-3.707342029996432697e-02
-2.896174431390827197e-02
6.553412431475280631e-02
-2.754388200965088990e-02
-2.016672277961972098e-02
2.857447573067384977e-02
8.065435977470116272e-03
1.161031940722917835e-02
4.462643520945336340e-02
-1.296966377842873920e-02
6.006694867636618723e-02
-1.004043530454466412e-02
-6.643181625438771692e-03
9.963807464182758422e-02
-9.185356044709727663e-02
1.460935471592025858e-01
-4.182375694129541327e-02
3.568021121314204902e-02
-7.033108333179574623e-02
3.609244679014709384e-02
-1.324403431897921632e-02
-4.893205501807467578e-02
-3.660466429249991521e-02
7.428481415147006328e-02
6.240162771981253020e-02
2.042052663023449788e-02
5.776373170838521617e-05
-2.449730525000272038e-02
4.661387850288989387e-02
-1.291077761136897872e-01
6.320706556937137621e-02
3.100738646558967235e-02
5.856686536675015896e-03
1.932139389509447344e-02
1.858815198937582847e-02
5.392353558808880148e-02
-3.061698627733181258e-02
5.732947846210768167e-02
3.979127901130132677e-02
-6.142982430731609711e-02
1.058212095573088790e-01
-9.291785923709781903e-02
8.438271785298141758e-02
5.393338047591185458e-02
-6.227109657212481081e-02
3.421936152282656352e-02
-2.113676691736394650e-02
-4.353563042798410526e-02
-9.372618055466214182e-02
-1.381475073011858949e-02
1.106899663631479708e-01
5.713099012375314617e-02
-6.682487575653647816e-02
-7.647731848857811099e-02
9.571661045781805488e-02
-9.404001059826185005e-02
4.097747092985142003e-02
-3.542641638491144523e-02
-9.107608373175080790e-03
-8.674357052256616296e-02
7.073764990333235303e-02
2.802629431322218798e-02
2.578944784028453646e-02
5.367852452576423600e-02
-1.051696622181201440e-01
-4.042905371204814913e-02
-1.136314516744920539e-02
8.702355990580924738e-02
3.411080669665710746e-02
-8.762032973174711803e-02
-9.545349439707433159e-02
-5.423804563328349197e-03
1.180060967342460992e-01
3.927889241168012330e-02
6.587664149242250522e-02
-1.401764407109788897e-02
-5.328822992512391270e-03
6.309945970460704989e-02
-1.652879737776164967e-02
1.064789740289523098e-02
2.609219043212104502e-02
2.041167754605870480e-02
3.696563159786377811e-02
-1.018548149829457891e-02
-1.259446911386462309e-01
1.561319384070027592e-02
1.203010506075498226e-01
-6.817679608294987398e-03
-1.516161494711928126e-01
7.548195081762255898e-02
4.834739582759660370e-02
-4.166690988180232758e-02
1.155945848564560868e-02
7.031068398204009390e-03
8.709479035925161983e-02
2.453834149396037431e-02
8.690506351788977735e-02
-1.609392256890282702e-01
1.762792455100261335e-01
3.434801262725474969e-03
-2.068029419173452940e-02
-5.327266144184095858e-02
3.436723920372814628e-02
-1.019298966202155377e-01
9.653668547370622410e-02
-9.699201682890674914e-02
5.793236229099059387e-02
3.919191092855725533e-02
4.301594474437134968e-02
-4.306028946459412865e-02
4.790358092102304231e-05
2.247205491651893192e-02
-5.153879058240695699e-02
4.142932062278380928e-02
5.393530533834325902e-02
-3.236048128170472549e-02
2.775264230374521485e-03
-5.987490823036811100e-02
6.681409735034640751e-02
7.116642026324213055e-02
2.805841087596035871e-02
-2.403748353193089007e-02
7.099579940284522772e-02
-6.633683338548682085e-02
1.807469775996142043e-03
2.558384252933600198e-03
3.202732316061319973e-02
-4.810912469015220239e-02
-5.619227558172428492e-03
1.312511955329308082e-02
3.324580796615004413e-02
-1.845263481523399390e-02
5.738762819926380293e-02
-3.016214882175303341e-02
9.186593997107816989e-02
2.562715882729052421e-04
6.889648638640097356e-02
1.546807841559477877e-02
-3.021850060897365159e-02
-4.741768029402072121e-02
7.923835478630214535e-02
-5.838859834949765640e-04
-5.722352684773598236e-02
9.239579069930724253e-02
1.597490599001584813e-02
-4.425406082543279634e-02
5.876918381217398346e-02
-9.909728478198656654e-02
3.985450551658768770e-02
-2.323983980402331492e-02
3.794421055560704553e-03
2.391476550333474990e-03
4.397012583213636186e-04
-2.832500162359271809e-02
3.207289794172969721e-02
2.592200400925249310e-02
1.325615821237182725e-02
4.394869290460341749e-02
-1.249864259230261572e-02
6.225935721846829855e-03
-2.264587461997533539e-05
2.955586947825697072e-02
-1.062869686072490522e-01
8.496091138575458113e-02
6.436073675685070883e-02
-6.228008674616171414e-02
3.726109044853399832e-02
6.282912780044652701e-02
-2.324096433640004955e-01
-7.469849078390829178e-02
6.360505677224244370e-02
6.082763014513091482e-02
1.516094217196805108e-02
-1.161455456743817546e-02
9.058574674080013822e-02
-2.618431216131960129e-02
3.742629293079751535e-02
-8.764040974805190412e-03
3.581107858113840442e-02
6.589648348115532961e-03
1.376694292955319646e-03
-5.700049202749300856e-04
-6.128386374635956535e-02
-5.105266202067006154e-02
-7.653762742691242425e-03
-5.109597935461881318e-02
-9.410021762440093362e-02
2.991745162964181554e-02
-4.092957950523493788e-02
-3.015404012259225580e-02
-6.074491830857057378e-02
2.156316721230914363e-02
8.535134664256106840e-02
-8.618140168081780961e-02
-1.245371195941889254e-02
1.162418955815082977e-01
6.575061983100298317e-03
3.506828753523101583e-02
2.944766174602981082e-02
6.069291078507085824e-02
-1.401632600842106502e-01
-9.143577891041225134e-03
4.468410845687497551e-02
-3.753078021695780558e-02
5.613791622413671217e-02
6.962878706308281429e-02
4.742633256775667661e-02
3.476934212046698530e-02
4.596755095343270370e-02
2.949408581382333486e-03
-2.015192038365169747e-02
7.546254909215049933e-02
-1.510344904362236756e-02
4.015901650407141532e-02
3.596357471294254343e-02
4.563892873916883253e-02
3.662193748496653939e-02
2.702165597633966049e-02
3.376608044065381592e-02
5.669358222685803167e-02
-4.449332262518237990e-02
7.210481197918354457e-02
-1.326645070652718028e-01
2.870484680119252466e-02
-8.123161150790231266e-02
1.206676495354073869e-01
5.464844019953993964e-02
-7.908337093894166059e-02
6.360554818257211154e-03
-3.501849219365901072e-02
-5.780487836357484088e-02
1.646402186882894511e-02
4.311067805991456760e-03
-2.020717818430122284e-02
-3.417976751739017216e-02
-1.411575423842029338e-02
3.427762592985714868e-02
-5.016683419147966588e-02
-3.793508988340317523e-02
6.891925894899228466e-02
-5.523337724928083919e-02
2.862752671309374067e-02
-1.270135619573435973e-02
-4.736453906312617507e-02
4.979613669826437466e-02
-5.835654031482608722e-02
-3.451956745217665129e-02
8.484399864358744409e-03
-2.612370640402684584e-03
9.210411782377574130e-02
8.452838435291591245e-04
-1.630382958274288405e-02
6.389997122735130777e-03
3.382693629328822893e-02
-3.281164266179071448e-02
1.211662524029181662e-02
-8.893137049013169482e-02
-8.414519162702444044e-02
9.748308296829270164e-03
2.356654088363996315e-04
-3.719687605119265106e-02
9.657232798166391630e-02
-3.768661943654798979e-02
-1.001952061124090736e-02
-1.103448472926217387e-02
1.503816150581524687e-02
-2.203413199876235948e-02
-2.622253562492730602e-02
2.175816772724984208e-02
-3.182740954009745382e-02
-1.843462338762960964e-02
-3.797132615071564798e-02
-1.716694991480501725e-02
2.682512209461407685e-02
-2.547931248534534773e-02
-1.284285007278614943e-01
5.271017317554688858e-02
7.081253063028349060e-02
7.669728345591823870e-02
2.461256720696416295e-02
-4.793381854638863876e-02
-3.319945455521595284e-02
1.428958299504951568e-01
-1.556683667241697683e-02
4.023642042478716742e-03
2.473589487963459913e-02
-8.360001961925457581e-02
5.094394867611782424e-02
6.505755243206605247e-03
-6.546714883185318634e-02
-3.694338657249229135e-02
7.572732728783164446e-02
2.452452289954031375e-02
-5.758617558977179723e-02
-8.550315107849583429e-02
-1.602163855195698830e-02
-2.274765840829748309e-02
-2.628180670119006218e-02
-2.936595132066891628e-02
8.101332353465691763e-03
9.406006226674190618e-02
-7.635866126414625477e-02
-1.312027380969650048e-01
-1.185188510813528912e-01
-2.697530173947540466e-02
-7.579805126169704421e-02
-1.099787249310726772e-01
4.356454883206545281e-03
-1.155200226871673924e-01
-5.915892532382425323e-02
-4.859913609340276580e-02
-1.530380063948666436e-02
6.607419043351221710e-02
-1.242216765266452583e-01
3.140454105288551651e-02
3.877570288141454213e-01
2.743407493634612559e-01
2.258804687590878768e-01
-3.083358930664554035e-02
-1.619637383565918354e-01
-2.520096812104588579e-01
-2.519471493884620772e-01
-9.604212242710784622e-03
-7.195953101106668769e-03
-7.131013715613061799e-02
-4.193585335861093472e-02
-4.856659477577370682e-02
-2.013211252246679683e-01
-1.189960789472336578e-01
-1.046141917714318303e-01
-1.137422307002302312e-02
-3.788030985004364054e-02
-4.538192666161344757e-02
-2.355431835230837462e-02
2.080398792767188323e-02
1.248059093074444783e-03
-8.020351714965479051e-02
-1.350573468811119004e-01
-1.491855483019294826e-01
1.348379465934396171e-01
-3.158159615416853555e-02
3.555988962147016430e-02
1.599088031454078962e-01
1.340729786277401470e-01
-1.100530353921832377e-01
4.488416350912569769e-02
1.634805523342849065e-01
-2.103390286397361850e-02
-1.303164867605427664e-02
4.653412987611736662e-02
-9.035690417688206633e-02
-6.381987730981182605e-02
-1.135596749975824327e-01
-1.534793624678941482e-02
6.189645355816915558e-03
2.580768828143801749e-02
-2.388919622748948311e-04
8.153753939998621691e-02
2.952709886410292972e-01
5.827852253049440462e-02
2.055637787928950022e-01
2.439309373824321281e-01
1.311818974473153709e-01
7.555085491040264278e-02
2.784295625898257007e-02
-2.195912680954238694e-03
-8.089477279510422225e-02
1.250312633534751694e-02
4.418653736001262877e-02
-5.633119079684834919e-03
-1.144332836641467066e-01
-3.169529169971305876e-02
-4.253806260930405314e-02
7.428846292599222689e-02
-5.229080062024387549e-02
9.203766633332513547e-03
-3.805544299004152975e-02
-3.255427639235012986e-03
5.548853025906654718e-02
9.439508418958056715e-03
-3.035471829927180454e-02
-2.369798557850921056e-02
4.458022825466802924e-02
-3.310377143199453448e-02
-3.615902411176598677e-03
-2.998584404175463555e-02
-2.946149691956800529e-02
3.572437927527356838e-02
9.950005040302413797e-03
1.591973508294294501e-02
-5.364943532602656912e-02
4.110322201990207133e-03
2.382114427700864068e-02
1.025823307438955279e-01
7.866879370705007202e-02
-1.876303670933382114e-02
-5.360509072277977460e-02
-9.328731076404742084e-02
-5.329165461549783406e-02
-1.861450679146446976e-02
1.407378936419560918e-02
-9.655388945436086182e-03
3.242740485725807264e-03
2.953748623180399435e-02
7.248487494117135388e-02
7.273482387107763070e-02
-3.814838456803566757e-02
-2.143888056352410629e-03
-4.273996700202247617e-02
6.112953071783793629e-02
1.234701472303908754e-01
-5.737484837152772438e-02
1.171281069803291330e-02
-9.536394230323543345e-03
-2.508707164404693629e-03
3.990404197530355440e-02
-8.863898640365998338e-02
1.121302905068458783e-02
7.916974335116712391e-02
7.998574135179029043e-02
-5.192298411725223281e-04
-2.378304392292468136e-02
-2.735091962319642980e-02
-8.366047829243873635e-02
1.654985370872557584e-03
-1.408048025151052152e-01
-7.110223383729601110e-02
-6.880957701914533486e-02
1.594051992054298580e-02
3.482871594576377600e-02
1.114514639940372698e-02
-7.428749221415947845e-02
-4.413109704241716114e-02
1.185454669125472205e-01
4.446389059106743702e-02
-1.031495011030403863e-01
-2.448290349609466912e-02
6.373005712561252700e-02
-3.842544631982026948e-02
-8.328522304024996246e-04
-1.337908919378325880e-02
-2.388453688882413370e-02
4.518076218761216123e-02
-1.398744306424744809e-02
8.742777356388314880e-02
-2.509333974182938534e-02
-2.839532344786304535e-02
3.726167654541478330e-02
-2.331194147135823638e-02
1.064782056891246630e-02
1.483596676858407910e-02
2.665658689227092329e-02
1.012818995861039517e-02
-2.670620765810316488e-02
5.734083225797907343e-03
-5.251226111361483734e-02
2.932448098546374532e-02
-4.881075736416693595e-02
1.118343882220997065e-02
-1.480309438818933412e-02
1.364634293059407456e-02
-4.812234853489370107e-02
4.132608764519637295e-02
-3.868337019102412481e-04
-2.069320964602370735e-02
-1.455310245782437915e-02
1.997512715138162129e-02
-5.970271217521544264e-03
-8.131502440380383723e-03
-3.693618299070650784e-02
-2.881343766959217415e-02
1.531900362881899761e-03
-4.526039103932788521e-02
3.887151501086790265e-03
-1.894795126375842936e-02
-7.116410688257048672e-03
-3.802029096483090093e-02
4.726811484397488300e-02
-1.324984415389933445e-02
-3.441001797061778861e-02
3.879566755340988632e-02
-4.252071631396450724e-02
-9.225569871478539810e-03
-4.102828572833937260e-02
2.751168268994493363e-02
-4.280757997319694502e-02
-9.588996581154592136e-03
4.768294465930734277e-02
6.683280861952895120e-03
-3.834947068263689501e-02
-1.047052977782941541e-01
-3.213250236603436283e-02
-1.666127079590581372e-01
-8.907050442178983396e-02
-2.644396405421281515e-01
-3.566386880220586697e-01
-3.098021465804257080e-01
-3.626306833864250678e-01
-1.268669167865118796e-01
-1.292834323104006533e-01
3.262781491587793403e-02
-1.304477962163256288e-01
7.019568086241181892e-02
-4.421477688465431238e-02
2.477778786849355042e-02
-5.649082296933417846e-02
3.705451695513134469e-02
1.211073409724870431e-01
4.312384206774810824e-02
1.738136832882066773e-01
1.363738548826218255e-01
-2.081518659957044479e-02
-1.928440414852818433e-02
-4.965691356187013072e-02
5.313578292309967949e-02
-2.449217594399873479e-02
-5.760828277766628230e-02
-1.071419613803457072e-01
-9.455725712875863442e-02
-3.847308314512314781e-02
1.603202773328955277e-01
2.444177795750516191e-01
2.827598939623531260e-01
2.577423137012497811e-01
4.308299734889047827e-01
2.874216676064058826e-02
-6.944627147114793529e-03
2.836264478069774331e-01
2.383941803236636070e-01
-2.841234903836272960e-02
8.344770570652770836e-02
8.952513024246095200e-03
1.332599401020834184e-01
4.875176391132540060e-02
-7.587267022238712577e-02
-6.931717255717699533e-02
-8.136725611905887279e-02
-4.954316518678075765e-02
2.391171238882415159e-02
2.080813081755533700e-02
1.051484390610789993e-01
-3.362211226033452044e-02
4.184277034079423446e-02
5.705282032340833892e-02
1.817690556828728890e-02
-6.148615306844362055e-02
-1.577994011911505734e-01
1.951098965121259576e-01
3.031463413627787443e-02
-2.455319737364130075e-02
5.205051000874723333e-02
-1.485676349740258639e-01
-4.286749074837357953e-02
4.966143982199634072e-02
1.905540400581793269e-03
-1.000164050089138133e-03
1.242559620056680747e-01
7.871717091233568220e-02
4.888547852994475085e-02
-5.086850299252355240e-02
2.806988446899170726e-03
9.892345959041166231e-03
2.638131045453673100e-03
-7.159572673808003995e-02
-1.223869916552926089e-02
-1.263925199048091105e-03
1.617444988602739081e-02
6.500433027597073143e-02
-6.466073194796537194e-02
-2.581003815043392702e-03
-2.513306451096461100e-02
3.976694116318289091e-02
1.141094161524450618e-01
1.541420397468268311e-02
1.092148506887131443e-01
-8.721234507970351824e-02
5.780370139439287153e-02
-9.397462108951862292e-02
4.618795420065947149e-02
-6.730446114379241840e-02
-3.583149255997960993e-03
-1.313280266964355833e-02
-1.289980461908061746e-02
1.655913551638105380e-03
1.562594461733846085e-02
-2.469085529341795426e-02
-5.511932691556865882e-02
-2.865385001749031282e-02
1.757728042265526910e-02
-1.228135152120955059e-02
-6.628220466505745263e-03
-3.581197338951323111e-02
6.754870309116133009e-02
-1.307194817205805104e-01
1.215932918690213055e-01
4.096992762556844053e-02
-4.625164794177254873e-02
-6.240179513708935671e-02
1.495924390430720119e-01
-1.320547236905931232e-01
4.659067408613613674e-03
2.049986312465151492e-02
3.102389476115827854e-02
-8.180391924940698389e-02
3.237166081283089636e-02
-7.749376642455848164e-04
5.227902035121557989e-02
4.519275927565758258e-03
-2.744003257716882624e-02
-1.235478627404986221e-02
1.112792115094305007e-01
3.266927337993930092e-02
-8.040900883697493784e-02
5.097456607929994055e-02
2.566475729051630184e-02
4.003395651069190098e-02
3.257137532718831774e-02
3.907072134866499541e-02
8.614825458663476210e-02
-5.674108388293078176e-02
2.705145025268740344e-02
-2.118708853430434358e-02
-4.983609216120941238e-02
3.521134026323469862e-02
-4.425133658005041271e-02
-9.471241240400356254e-02
-1.349450237444231593e-02
2.278568293895414862e-02
3.467549629713457919e-04
6.130794466259280491e-03
-1.372171254791622885e-01
1.009796535928384892e-01
6.699872014130514586e-02
-3.850462206570556128e-02
-5.815111493355467481e-02
-1.475125320176013180e-02
2.947010365016029788e-04
6.431302579965826605e-02
-1.112972976353869270e-01
-2.828756748305939761e-02
3.604345493358535046e-02
-3.701448080397102408e-02
5.592284620080541918e-02
2.145408697992235315e-03
-6.738603570970735923e-02
-5.453831584049934067e-02
1.444439259643360007e-01
-6.209507273674459357e-03
-1.726821669109077301e-03
-7.466998234513286259e-02
4.103554471731380576e-02
1.233903113322942086e-01
-7.619205683648433425e-02
1.404910277534598129e-01
-1.347246521362208960e-01
9.527842350362487889e-02
-4.983773043033701104e-03
2.335152978974220153e-02
-8.067932929611961942e-03
2.528625310040519270e-02
8.695272238951401444e-02
-7.307621031002496659e-02
5.702218745125143401e-02
-2.311062100380413542e-02
2.845397972443220250e-02
8.530981483756970574e-02
-1.388776203213528682e-01
-2.766648122974248170e-02
-4.724255184927297901e-02
2.801125293901863406e-02
7.523284414195706427e-02
3.921994905658045955e-02
3.428030509015523447e-02
3.267643281789629067e-02
4.809178062434481954e-02
-8.416271745159131790e-02
6.823000291066504130e-02
-4.185623775453480716e-02
4.683085996291815739e-02
7.202343448565924622e-02
-6.751225149698925586e-03
-1.244698370303358448e-01
6.780338489544329716e-02
-1.021410224016916328e-02
-1.912016582495554284e-02
-1.090386310743231973e-03
1.389035689411843161e-02
3.899922445127980593e-03
3.824765117376757034e-02
-1.099725054951949388e-01
1.215508428566095395e-01
6.668914973114703493e-02
5.608565961838991865e-02
4.634771948267916303e-02
-5.227262655622177956e-02
-4.935947717440405252e-02
8.922867565839803089e-03
6.160954780261298450e-04
1.314877574857017117e-01
6.821956257398083430e-03
-1.707712394721368904e-02
3.101042280941875354e-02
-8.362141255539519424e-02
2.034506204936608123e-02
-6.144515254626781164e-02
-2.866548868587713919e-02
-3.016637295795012927e-02
8.695767156050162455e-03
7.073445210916450010e-02
6.151680197859515226e-02
-5.610454133797551993e-03
4.822500577171760436e-03
4.327971136218844439e-02
4.665713184288310111e-02
-2.217820541468985482e-02
3.364088311311603380e-02
-1.234397327135653144e-01
-6.114992975059356517e-02
3.231850123023025101e-02
4.412599208761405073e-02
-1.547637595862857984e-02
-3.398994373639706995e-02
7.957140567083213420e-03
-2.306256164070039528e-04
4.871772083119504937e-02
1.696420016937662950e-02
8.941051625560428318e-03
1.581699478647798432e-02
1.381409665744404852e-02
-4.230307543403532405e-02
4.820538460958394972e-02
1.019155246858185898e-01
1.587446646962157801e-02
-8.299003688721903749e-02
-1.765298844098178027e-02
-5.331129771667234875e-03
-4.224096974591190490e-02
3.146263455301687162e-02
-3.290054191829838715e-02
3.026122272827069110e-02
5.554273957237732678e-02
-6.522382435597513795e-02
1.324260871063941657e-02
-4.699649307323320625e-03
-1.060217165330482915e-02
-1.002938911786334202e-02
8.938361778445768485e-03
9.457934878832025688e-03
-2.596264099876899670e-02
1.123221946606252873e-02
-1.106656247909354740e-01
-1.989088395657730504e-02
8.183742964850319879e-02
-6.929200993329105718e-02
-3.003524961228740478e-02
-1.176030793833355848e-01
9.816995647131504521e-02
-4.579661028467818529e-02
2.104126530819480298e-02
1.124538778059834543e-01
5.301640373670315348e-02
1.123358751172502494e-02
-2.212079885495927059e-02
-9.283454347427590181e-03
6.160836512262429093e-02
-9.970754594206770668e-03
4.665014269209995929e-02
-2.389661587359263178e-02
8.080534903514720313e-02
-7.902954059897315808e-02
5.765331003135327342e-02
-1.621823107911222334e-02
2.390068805661444903e-02
-7.061525602527041201e-02
1.014377925196063672e-02
-3.842176871939150754e-03
8.030918299175818231e-02
-6.792860185016590113e-02
5.726871126276103638e-04
2.705726406270827708e-02
8.597340649843793550e-03
-9.119733745319323626e-02
1.117188667580797934e-01
-8.563539321926866288e-02
1.925989613063542119e-02
-6.527950414917013666e-02
8.167547173405770300e-02
-2.458525387642674503e-02
-5.810911846744316878e-02
-8.458257284696847622e-02
-3.186627838372384225e-02
-6.951839746987158175e-02
-7.071900477452079670e-02
-1.627687624604597094e-02
-1.684981066329747576e-02
-7.260593479926463756e-02
-4.515986257154622902e-02
6.027502675218641276e-02
-5.938510921486871152e-02
-1.436220961010109542e-02
-3.332817098970560638e-02
-1.633099344617540720e-03
5.946056847164852936e-03
-6.242494142283883801e-03
5.169945065727124534e-02
1.180973576947062960e-02
1.318420906141309391e-02
2.469346125302079344e-03
3.655698403280478260e-06
4.327348070172459815e-02
-2.498563792239504380e-02
-2.670205310761413278e-02
-2.406960461593683938e-03
-8.160912850228434212e-02
8.556753590548361876e-02
-6.499513552100592839e-02
4.583766046040333407e-03
1.885579307215224168e-02
-3.467299649429457509e-02
-2.462791330043193928e-03
6.471821571411466578e-02
1.325534140738759449e-02
-9.156533284675118234e-03
-6.919461187180711917e-03
1.102498423315644537e-02
7.121805985175111778e-03
1.039090630252494513e-01
-1.035856961724355291e-02
3.219135740538284478e-03
8.132513940091526394e-04
7.168859326119189461e-03
8.774163753937663790e-03
-5.334500411926915847e-02
-3.748440014347390048e-02
5.900563189755891891e-02
4.193961976482299403e-02
9.568826965916434404e-03
8.148538502446245335e-02
5.306288214487387550e-02
2.315316567536133963e-02
3.186157699668916432e-02
3.936930694939971831e-02
-1.942527407860186739e-02
1.994291882275953803e-02
1.409856524756887726e-02
-4.470354209965205980e-03
-1.019820967412485464e-02
-1.478419249199515624e-02
4.784785852981228438e-02
-5.214628118694637077e-02
-3.782890221907768327e-03
1.172424216729752999e-01
-2.911082174974650646e-02
9.438079249469419341e-02
-1.777699100351965659e-03
6.989599418087234957e-03
8.136151548605212794e-03
-1.936670931757279029e-02
-7.930138955376428433e-02
-1.049734647810256771e-01
-1.616034620528528781e-02
5.242644807849003441e-02
6.071901110965224196e-03
-1.552795575146805745e-02
7.162712095638583409e-02
4.241932586178692732e-03
-1.730485478242876907e-02
-1.110464158815852864e-01
5.185443296931121354e-02
-2.578697110892199523e-02
-5.306376879924327300e-02
-3.237973676869084633e-02
-2.309664076762259904e-02
2.870396646579020244e-02
1.317694346535969521e-02
2.056975946252240922e-02
3.793723384200423099e-02
-1.201638298191765042e-01
1.356959180952326816e-01
-1.292746560936002820e-01
5.501175830998100008e-02
-8.285744493226861185e-02
3.627380196330607515e-02
2.664568676837598959e-02
-3.598742627254467030e-02
-4.252300382575119331e-02
2.257184063349714290e-02
-6.166534679737705610e-02
7.431524314909629392e-02
-9.054969848681738986e-02
2.148209661706411075e-02
-4.545264449233578363e-02
-5.033143605773049423e-02
-7.327946766429335734e-02
-4.842431917674145520e-02
4.451363076148810716e-02
-2.130086847733789895e-02
4.987632179084153933e-02
-5.033969755145947800e-02
4.903383689580369936e-02
-4.429183412828106500e-03
5.681928665530955325e-02
-6.507155196819458531e-02
8.004524397830393989e-02
8.446896794527272712e-02
8.427714377737692553e-02
-4.822103334320245425e-03
4.574449198838464320e-02
2.883162951683032951e-02
-4.812613714569934087e-02
1.463640202064145877e-02
-1.133934160329963942e-01
-4.348985188827586557e-02
-3.080712409949872346e-02
5.890956717136536930e-02
-6.767440637970824346e-02
5.295547437103051945e-03
5.556519411036987127e-02
-8.561282496495035976e-02
1.073683695278370223e-02
-6.113562868925344340e-02
1.445485278815055938e-02
-2.519800494304611990e-02
-8.811688145784831935e-03
-7.184572896089275185e-02
1.157661591565422726e-01
-1.233014279409562625e-01
-1.002452022350843880e-01
-2.095272222362521211e-03
-1.383120719662760643e-02
-2.133128717846136807e-02
5.236622256425358529e-02
-7.651461011071569729e-02
-1.038202237776602449e-02
-1.782149081168025659e-02
4.629882816746090646e-02
1.467630181861453477e-02
-7.019939903628619193e-02
-1.197887025654959317e-02
4.917148395963129304e-02
-7.719384643858506756e-02
7.797242361075785826e-03
-7.904813879438888150e-03
1.203721346238021024e-02
2.802844295556553011e-02
1.748978759186319010e-02
5.898415799414608029e-02
1.146876396351169114e-01
-1.069402614752532760e-01
-1.443012744283405924e-01
-2.627098213469910570e-01
-1.010862055584150765e+00
-4.344687123711939991e-01
1.271931724056651024e-02
-2.004795529201709170e-01
1.144487655201372606e-01
-5.240571032517154365e-02
-4.152970981275931617e-02
1.478189968257152820e-01
1.392316411917106644e-01
3.449418860037411494e-01
7.479644134533066646e-01
2.629276576975422830e-01
3.935365482222699662e-02
1.171911776802193467e-01
1.533972483251158925e-01
2.591645523750754077e-01
4.147351382642524426e-02
4.594629205498494684e-02
8.640702590854039411e-02
-1.376269632423773133e-03
1.284379303492295607e-02
-9.926878258326676807e-02
1.088244836235028419e-03
6.683407560373377798e-02
4.609684245939488917e-02
-5.390686989772717347e-02
-1.866093308447775226e-02
-5.138246558645442191e-02
-8.407428655167482542e-03
-8.399697641042414009e-02
7.560737099996745793e-03
-5.277820141643723567e-02
-1.576190258941576397e-02
-3.971872224852590616e-02
2.509066826965574565e-02
-3.650914796924254607e-02
-1.421828699369654531e-02
2.394464551359198889e-02
3.600789781008756872e-03
-1.387565894770053342e-02
-1.237844096673114229e-02
3.301134109328614230e-02
2.006159714354828743e-03
-5.948082643364775018e-02
1.294903409535810672e-02
2.232974195465429849e-03
-7.111481853723324899e-03
-3.272813904899172371e-02
1.179812461405030204e-02
2.016129269469752600e-02
5.128055536431062877e-02
-1.777032787494692637e-02
1.357577807950700183e-02
1.461196388819226318e-02
4.297500608877038303e-03
-3.039730862036284925e-02
-1.873699281595714028e-01
-4.963274187294034606e-02
-5.864783801591761520e-02
2.994555528450860635e-02
5.166432029311650992e-02
3.516353180421989688e-02
5.561015854924063195e-02
-1.180313223534227435e-02
2.397024412000175499e-03
7.527721779822080239e-02
9.409469599893827488e-03
1.575448783434651723e-01
2.105177788714083717e-02
4.050626429231950903e-02
1.124986066542390528e-01
-5.124747750692001946e-02
-9.022642323082234739e-02
-5.614450070264850878e-02
5.603396299591831449e-03
-5.134396286197887016e-02
-6.023109169551887909e-02
2.250651287546375640e-02
-7.447789222628514727e-02
1.349534717136709021e-02
-4.233795184483203633e-02
-6.662826317987734226e-02
1.703802854661509367e-02
-2.193869009232071385e-02
-3.472575418041217582e-02
2.313671941958456504e-02
-6.539271963946782784e-02
1.566586865040508342e-02
-8.610145683862745203e-02
-2.778589157880193700e-02
-2.189947688956524544e-02
3.132553983816142862e-02
-6.521905519848159027e-02
3.733967280637815606e-02
3.256021048906297850e-03
2.496638071550033589e-02
-3.567563484865858559e-03
5.540901428389348286e-03
2.620440941525106933e-03
-2.161743471215490930e-02
-4.230887010221750372e-02
1.791388585656182586e-02
-1.065307331093840945e-02
-3.526314171002128961e-02
-3.527391381693070066e-02
-9.155129133990748749e-03
1.709863766935530325e-03
2.571910174170056150e-03
9.765224342039911451e-03
-6.436876699006191527e-02
-4.196849749228196563e-02
-6.643123906982716098e-02
-8.730919716465850369e-03
-4.968149293726336485e-02
-1.326851446671660365e-03
-3.304926304313179214e-02
-1.109445247625754499e-02
-2.011574299613626271e-02
-7.797784229231648212e-02
-4.480927052642275782e-02
3.103716052295524275e-02
2.411124319108023592e-02
-5.820426496569044289e-02
-5.311477013088104770e-02
-3.549957472188695201e-02
-9.534475887193051558e-02
-3.011348834887082881e-02
-8.722754318477987656e-02
-2.304326654747723135e-01
-2.300337392113564750e-01
-1.186453077484079799e-01
-2.410539200733604059e-01
-1.222072766506791114e-01
-1.858263876489581745e-01
-5.573611686451784147e-02
-1.439608694871337240e-02
2.071054062951710115e-02
-1.499140746299883718e-02
5.399581707975308065e-02
8.334324999867195882e-02
2.154953069864214490e-02
8.420227350024063473e-02
-5.937323631988009748e-02
7.628370978513995815e-02
1.520476321651941312e-02
8.948776104636159412e-03
9.530653418165188628e-02
4.078996028105125182e-02
8.020785292411161671e-02
1.276389326850646544e-01
9.733516244414412710e-02
4.515953955259769392e-01
1.634747515883090418e-01
1.953236230555441266e-01
1.933153126866694882e-01
1.885363598833181831e-01
1.593161132990214002e-01
1.158876812622467722e-01
-1.392710926528547763e-02
1.120204350558038908e-01
2.485977379192400721e-02
4.354344412183946272e-02
-2.041411486248610047e-02
-4.401531061874735390e-02
9.225122051150565217e-03
-7.033212339564192360e-03
-1.038342398295351299e-02
-4.161539184181806128e-02
-1.529829020658719958e-02
-5.512859252068658122e-02
1.036734194805001216e-02
-2.464379248514802362e-02
-5.807297551448910300e-03
1.754922432930540108e-02
-5.162940464176993260e-02
-1.999939596438259429e-02
-2.046397283360020664e-02
4.511029275547666362e-02
-1.526763893414217511e-02
-3.899215949461435488e-02
6.316569621311947380e-02
1.236608091405563825e-03
1.625693951800213921e-02
-8.511163537066508689e-02
-3.662257886486113001e-02
2.539083963265502744e-02
5.251194621697809900e-02
3.707665818003304942e-02
8.154904891651366602e-03
-7.333888643672194750e-03
3.430248790804987097e-02
5.704146246082911209e-02
1.121165785135495863e-02
-9.690026506626323033e-02
5.212487169017052981e-03
4.160109711447147751e-02
4.291228621185481928e-02
-5.145416412686208696e-02
-9.295875356896642072e-02
9.024450067081773996e-02
-8.003162939068365900e-03
3.159483280563155777e-02
1.405541767216819974e-03
-1.277501663644712016e-01
5.441526141496913493e-02
6.198491651621075571e-02
5.440361977558681728e-02
-1.104368699982779672e-01
-6.180304031183263269e-02
1.129973584612313786e-01
7.991061822336848613e-03
-5.634874160787434194e-02
5.941109817836011386e-02
-8.301575095057567300e-02
3.085646727661955566e-02
7.429910782094476494e-03
2.600243965973702762e-02
2.340882556619927266e-02
3.945328935787956876e-02
2.849767918663618713e-02
-4.679450039495734043e-02
4.727272496779095362e-02
-7.696903736781188221e-02
1.725875174241058019e-02
8.466772667174497780e-02
-5.531160808253179212e-02
-6.371366421436411298e-02
6.937271060254092403e-02
-8.871674868482257170e-02
8.343780310210825724e-02
3.165099921054616988e-02
-2.769584438913620140e-03
-1.985942965704394492e-02
-3.443353846447123239e-04
1.383555411389076652e-02
3.551583188474800173e-02
1.978000638088026411e-02
-1.083448598923537898e-01
1.659902509048438377e-02
-2.353854532250760842e-02
6.757946912003748308e-02
-3.455073767325149425e-02
2.559783194386001590e-02
-2.543418318893695892e-02
-3.647828126972601365e-02
7.389880441610677253e-02
-4.907140114907858341e-02
-7.477455769679886705e-03
7.567265868793338068e-02
8.969715519527387756e-03
4.156731918483054684e-03
4.836576477371666051e-03
4.651792959449306541e-02
-3.857069870716069160e-02
8.163475005961552677e-02
-5.232208131431825837e-02
6.160314769166881643e-02
-2.482964320707382877e-02
3.556084861207264164e-02
1.049977049874376150e-01
-5.342912121074834542e-02
3.621298786352401128e-02
4.526489536122448032e-02
4.208908335206288515e-02
7.016465520710327142e-02
-6.393164872926015985e-02
9.135356823686829886e-02
1.912173270141100112e-03
5.434735532640822681e-02
-7.385881787724374314e-02
5.399905723108502226e-02
-5.242657341452373193e-02
-2.984383278444599497e-02
6.502483922368948455e-02
1.567790681434941269e-02
-3.311101566960322068e-02
9.347817988927734079e-02
-9.091680578423391723e-02
-8.847333976084942667e-03
6.359503782994614662e-02
2.111830444724428074e-02
-6.710726839248849773e-02
4.913745392953777769e-02
2.936495915786785718e-02
-1.291469976888993121e-01
6.682962063058127053e-03
6.696296375018277736e-02
-4.826180277857002737e-02
8.974269686247513672e-03
1.197303568882312390e-03
1.338950941228236186e-02
-2.765405657955747470e-02
3.781389334185148582e-02
3.880197182574390835e-02
-3.721608174737293939e-02
6.994906274013133751e-02
2.416041429831739668e-02
9.221920614897630847e-03
-7.934960750639179217e-02
5.770508637255697404e-02
-2.067555399403894073e-02
4.770047091116579735e-02
3.316551554621945813e-02
-4.174688739428867451e-02
9.009688047088321161e-02
-1.678523617194420392e-02
-1.004117826836675893e-02
6.577535298476399001e-05
1.103942215072260639e-02
9.161317850033287580e-02
-7.159827958861303410e-02
2.021347498116352406e-02
2.194676997540159769e-02
3.341167422858926789e-02
1.798205616144283106e-02
-2.503038656277929708e-02
-1.141743185140450464e-02
3.476206623896547360e-02
-8.757661585466146315e-02
-7.230968530417827833e-02
3.667425047200466998e-02
5.132403766516955429e-02
-4.870614161237502016e-02
-1.404351010960642847e-02
9.922729643814007239e-02
1.109445348664839653e-01
-6.400284033089423397e-02
2.979524783414737310e-02
2.160668354445425404e-02
1.087777734294497964e-02
7.411011727439664395e-03
-3.794666726841700727e-02
-3.616533549872056469e-02
3.085616717542532389e-02
-8.261968701050931285e-02
5.463381503081507495e-02
-7.839562859811378959e-02
5.656455247396872943e-02
-9.809122099911120329e-02
-5.440021863981698430e-03
1.667347142809660898e-02
-7.173448341876313694e-02
9.052639939885106721e-03
-5.477488044164342124e-02
3.798667341740439435e-02
-1.948116689889738823e-02
1.685649400772495365e-01
-5.832660827219710714e-02
2.859074280305307428e-02
-1.312139957432640822e-02
6.176483761462248784e-02
5.420568243170601624e-02
9.645133105663761253e-02
4.340805118066651952e-02
-6.342582840294862245e-02
-3.403629113506215220e-02
9.424929713759494510e-02
-1.876289109311911688e-02
-4.321779677211735199e-02
-8.453331157069998714e-02
9.713443242566878466e-02
-6.389717000268106684e-02
3.558597488848758844e-02
-9.317012543346195330e-02
-7.830974698981796323e-02
3.524845095811163925e-02
-3.542452083435650850e-02
8.699819483894161154e-02
-6.824622462287037450e-02
-8.136938231469570404e-02
4.324224609820447041e-02
4.421757613930646369e-02
2.138788191631229435e-02
3.620934896904315272e-03
1.201917548017182938e-02
5.992953499591309463e-02
8.636810575131100703e-03
8.424732543721659417e-02
1.886268844417280863e-02
1.403901601620781703e-01
-1.510844496268184955e-02
-6.662200277665894510e-02
4.699748196444689802e-02
-5.329722890953380449e-02
4.959897175954304516e-02
-2.013730160555005783e-02
1.140740121240364432e-02
-6.443961137028686448e-02
4.737985779060045061e-02
1.374355283214610812e-01
9.613008183667462458e-03
1.105301361864282905e-01
7.738345818564045745e-04
4.275382249567181298e-02
-1.422372283003388860e-01
-1.950967804711919995e-02
-8.993081613748815650e-02
-2.251965986185741272e-02
7.265058743647678785e-02
-7.514412858015118157e-02
-4.447225666578665665e-02
-8.804768361476120186e-02
3.631873471661478670e-02
-3.801675695431741553e-02
3.381754419708663667e-02
-1.972745799396188882e-02
1.185058083775068424e-02
1.698193233502242119e-02
3.838774193043692495e-02
-3.809364722313832163e-02
-3.726046275877855501e-02
-1.573239461337982981e-02
-8.518068286287183363e-03
4.429439632036082791e-02
-4.044082984042230572e-02
2.720881733668448210e-02
-1.728550374396957065e-02
-5.337199103808605745e-03
-1.238679314164859574e-01
-2.908708243407698985e-02
-1.060272957873015752e-02
7.642282516360798805e-02
-1.939013523370025985e-02
3.515405905340369952e-02
-1.227105981435841070e-01
7.836898271425246643e-02
4.147408314542035818e-02
-6.069740904491016664e-02
-1.208551445013009151e-02
-7.273137232539492181e-02
8.485196436888750582e-02
-1.484558850391256846e-01
3.498712319710707563e-02
-4.612110175763558390e-02
5.446846494455658688e-02
-2.185960231155700470e-02
4.357915958061105849e-02
-1.025965923512001977e-02
-4.266534453755772838e-02
4.641140438903874899e-02
-9.569860210750937013e-03
-7.359462808726392746e-02
-1.746682675229993542e-02
1.165866272563386742e-02
2.296282967220729387e-02
-1.264928617278114446e-02
5.151838577152709209e-02
1.018108329591940198e-01
-2.593923261117235188e-03
-7.642779299279021943e-02
6.903134656183011753e-02
2.827418292635102207e-02
-4.330207838927750685e-02
-6.672066681929246512e-03
8.562526533117892358e-02
-7.377442762095673401e-02
1.000561654688228094e-02
-4.922154925187301883e-02
2.503380724573255056e-02
-8.437460531258102192e-02
2.716501860161875392e-02
-1.153872158809833570e-01
-2.219332890065754335e-02
-6.079989299313246637e-02
-1.268258516617568887e-01
-1.693227324226724562e-02
-1.355769100948805705e-01
-2.350398315990331888e-02
-6.251632206594853747e-02
-5.453693010367745980e-02
-1.662751774213323264e-01
-2.960564628790665967e-02
1.245315633283500673e-01
6.269785140795772205e-02
7.884738269507855779e-02
-1.056308215202611395e-01
1.420292658002771657e-01
-8.754159138656330413e-03
6.828439373679806579e-02
2.448776883062401821e-01
2.885116041924626895e-01
6.225558045085394232e-01
2.686471412541168932e-02
-9.165381282411774744e-02
-6.641614609201255126e-01
-5.427645619310079717e-01
-7.242051010578577641e-02
2.963942009408725847e-02
-4.122063582313715419e-02
3.453057794007291514e-02
-1.282695502001871268e-01
-3.908392252012729551e-02
-6.407849587282912762e-02
-1.647072362125077682e-01
-1.346805955040584757e-01
1.595118360424283357e-02
2.902667418777784072e-02
-8.965545866743954151e-02
2.864446591292715144e-02
-7.854353789732076291e-03
-1.583449101065306439e-02
1.642936455479783175e-01
-1.591026603080328977e-02
1.808244211478185204e-01
9.942677895660700926e-02
8.870487622132493255e-02
6.059609282796476343e-02
-1.305834229444199912e-01
3.803962572037436485e-02
-2.887853384892221098e-01
-1.889409862642468518e-01
-2.763082808278741753e-01
-2.936238105781924582e-02
-1.141110969502624473e-01
3.416910737987927105e-02
-1.594045499398524801e-02
1.339385364734204109e-01
4.028881894215459725e-01
2.703458367784145056e-01
3.089850549072317154e-01
8.081097757971585083e-02
2.237288867762752265e-01
4.646871232002337121e-02
-3.469197597476530743e-03
7.841593000072921704e-03
-1.752111232580937355e-03
-2.205578638646320602e-02
-6.229592003947433121e-02
1.860889629384586018e-03
-4.012483553849880563e-02
-1.128523917000562489e-02
-6.024900998865801577e-02
-9.027780324075780974e-03
-4.047246683727626776e-02
-3.505013719147524742e-02
1.074800212690195421e-03
-3.206079242638196214e-02
-3.758090506777808908e-03
1.582884937548265699e-03
4.804180655875225220e-02
-9.101296814393290691e-03
-3.656551159453273747e-02
3.268764329920116618e-02
-5.297811463978564089e-02
-8.790765897956248284e-03
2.490246502575901855e-02
-2.067759669406458393e-03
2.651542678267910808e-03
-5.202309113118244732e-02
2.349454036856347267e-02
4.038683270259701974e-02
-1.304643921345742877e-02
4.079483362767134802e-02
1.477257135039435065e-02
-4.003919063263152583e-02
8.544259715566725893e-03
5.009965388361536237e-02
1.396578179618817098e-02
-8.606089520047452424e-02
-2.942429674857336558e-02
2.620307243519964455e-02
-5.900704731879400505e-02
5.834871194669968841e-02
2.214818355649175383e-02
2.591092408679670361e-02
-1.695972069568392731e-03
-2.748116859306718937e-02
-4.297890070847555644e-02
4.956532801092834034e-02
-3.999545698148004175e-02
-6.182028983490905211e-02
-9.240051776761765145e-03
2.978489833837235159e-02
-5.013112019270183489e-02
3.047344192381481673e-02
5.957207824061040019e-02
-2.106566382520413949e-02
-2.475198217961063762e-02
1.600019932989076368e-02
-6.852659071526071011e-02
7.341395822494434231e-02
-5.003174353064480939e-02
3.129215157917315110e-02
-3.817508977964885475e-02
3.649157851550204057e-02
-5.622454753340675598e-02
4.216052170947582126e-03
-3.974007731043152983e-03
-1.081982824771669116e-04
-1.741467487423081772e-02
-3.134761991024254124e-02
2.805440737001568818e-02
-2.256622245434825036e-02
2.614112244384000916e-02
-4.928815425162924417e-03
-4.189905635723832037e-04
6.131699371459144697e-03
-4.417711953128663355e-02
-7.622516472753714835e-03
2.118978989843414013e-02
4.224421898250681900e-02
-5.923808854875418223e-02
-4.400097485612795801e-04
4.585719921373368480e-02
6.065308693980854537e-02
1.418679244986911780e-01
5.733253573853432788e-02
-5.984414261066313412e-02
-1.394818690899689850e-01
-8.443929157527149676e-02
-3.236775877225593623e-02
-1.618450330971763981e-02
2.396521475087776392e-03
-9.006661387926044593e-02
-1.406471833582066504e-02
-7.264923092222475010e-02
-5.361410544914508441e-02
5.255323152993305463e-02
-5.625117171858382698e-02
-1.158471186423697639e-02
-6.081060809910162485e-03
1.090126308001685210e-03
4.502598365480941535e-03
-7.686420263261956043e-02
-4.221039841820176802e-02
1.123123786639827898e-01
-2.400762450982052085e-02
-1.119533932298203381e-02
-3.873963824026916553e-02
-1.953797887602055222e-02
-6.490238113784795558e-03
2.016705536600374438e-02
2.180585145951473292e-02
3.249104205922700300e-02
5.713410842357261564e-03
-3.851030611319290059e-02
4.225514249284116446e-03
1.545886230928131093e-02
-1.523753366382924433e-02
7.930055311951243746e-02
-2.433691758414531850e-02
8.100482748375846531e-02
5.485840492554379388e-02
1.667830258315524394e-01
-2.809436504979652693e-01
-5.952293639524044444e-01
-4.167205672256045212e-01
-4.617215554041269598e-01
-2.437089107189174264e-01
-1.941826419252098979e-01
-2.116435603633492479e-01
1.022029148168026175e-01
1.205274093187060427e-02
1.694932695304920134e-01
2.539027526686272185e-01
-6.040607250929180133e-02
-1.863244784076356284e-02
9.234243332427878028e-05
3.660459405186681364e-02
-2.220324455266934130e-02
2.906335684713268197e-01
2.253956970879062993e-01
-1.226101941743453494e-01
-2.471226435643382457e-02
-1.346727491185829018e-01
-5.501073280328420620e-03
6.498839781021509276e-02
3.144110456235969520e-01
2.726744403349001256e-01
4.409523634037688655e-01
-4.326845597900536716e-02
-2.228553011992583099e-01
-7.192826700095203418e-02
5.056202213116702676e-02
1.632245866983390026e-01
4.872157222601875559e-01
1.050703560751179572e-02
1.480218556930938401e-01
2.318168040657812012e-01
-1.977001999873810589e-02
-6.545971563528237003e-02
-4.094626822945614947e-02
-5.041508274604669659e-02
-1.566783551392880378e-02
9.070143806294251113e-03
-1.504467514064141732e-02
3.560011462694098825e-03
-2.113627990818684257e-02
3.743352106921599143e-02
-8.783784012114808498e-03
-5.836009288268273476e-02
3.424510620993678756e-02
-4.461165514113378527e-02
-1.128556668133136182e-01
1.459374521432708904e-01
4.074115383034124238e-02
-2.761015267830044251e-02
3.479589531795229673e-02
5.212758733606620565e-02
2.590394306377973715e-02
-1.375673830719032625e-02
-1.645211478278729017e-02
2.765114284489215632e-02
4.978569054068095190e-02
-1.272905201348431027e-02
-1.799949398345615861e-02
-7.046844084725459312e-02
-3.417685483116109091e-02
5.553275227311911533e-02
-3.342546223068360717e-02
-5.787916993389422005e-02
5.255173747705065013e-02
8.264894240640457274e-03
1.709943616338760464e-02
3.213064317360327105e-02
-2.252856861547422596e-02
3.602694980939270819e-02
-2.823022697759249022e-02
-4.208651954790468275e-02
3.674241695380206507e-02
1.463777745101921095e-02
1.442616055701614330e-01
6.483152873781959646e-02
-1.914238726807475088e-01
1.578663456611801783e-02
-3.692271361518403849e-02
-2.696435324300874500e-02
-1.020976379799353601e-01
1.140072187054224084e-01
-7.775914369413103495e-03
2.127213116805936818e-02
1.874450186040419603e-02
1.245018661248459453e-02
5.086163108318834253e-02
2.191415681856178493e-02
-1.369050502573527506e-01
-5.486133874841990499e-02
3.143312646557590989e-02
5.520020203552345600e-02
-3.721875846139355987e-02
-8.185633993038055056e-02
-1.789132822329237218e-02
-6.489362531447186166e-02
8.195689125319233215e-02
-4.144490510087415341e-02
-1.645907699281781017e-02
1.949373014092930720e-02
4.743780142016947032e-02
-2.332099710767437592e-02
1.446956279462718598e-01
-3.868472010604670497e-02
5.720315729123238990e-02
2.940033900358722790e-03
-3.221609234815701189e-02
1.996004958059579421e-02
7.012685555218067801e-02
4.241526711814962158e-02
-7.827987443993078553e-02
-3.481458849350083790e-02
3.059043801895759696e-02
5.911055717767083051e-02
-3.109960957163809825e-02
-5.733099546769392790e-02
-8.836969096338690571e-03
2.682061089181257338e-02
-2.189298416617235787e-02
-2.233676332944822471e-02
-2.740364545760163098e-02
5.378890094981361725e-02
1.221265071419940125e-02
2.755717415331083650e-02
5.321230584920792935e-03
-5.689903588032945575e-02
-2.604575751836393088e-02
5.270681022383014863e-02
4.190546232705307655e-02
5.466303960964422060e-02
-9.940381857136918603e-03
-1.473612545250614116e-02
-2.828991895805988907e-02
-1.685670272374589079e-02
5.495274951798777285e-02
-3.088503070850583902e-03
-8.492953398705109513e-02
7.612108374697613977e-02
-2.528076330302445052e-02
-4.148304875674944242e-02
-5.016684042558960249e-02
2.055387776604843467e-02
1.147057152119149992e-01
3.419774491146329587e-02
-1.208850353085895446e-01
-2.976137775482495459e-02
2.676581061029760858e-02
-5.483787668850609309e-02
5.895725501102609158e-03
6.054370630482437676e-02
1.626374750004232553e-02
9.944459374477198493e-03
-6.706712501735630216e-02
2.646033309179643064e-02
2.824981811167293078e-02
6.371371821317842535e-03
7.837238716084493628e-02
4.829107641179819499e-02
6.111908105703032362e-02
-4.441301404779330469e-02
6.405493613784231377e-02
1.561625073066592699e-02
-2.354382326295097541e-02
-6.809001244087005411e-02
2.128843488592583114e-02
-2.465681054546962209e-02
1.349234515154313363e-01
-6.321253795592920999e-02
2.002238058057904946e-02
8.978694260442123334e-03
2.967692535641646562e-02
-8.217404814084597678e-03
-5.475865031667424008e-04
-7.940996504149865076e-02
5.024861123714773753e-02
-8.278585820821542096e-02
6.248851652209021917e-02
-5.459447887357993592e-03
8.411482972931148827e-02
-2.155029121513056881e-02
8.513407524081711584e-04
-1.666265967244973806e-02
-7.841827720037100038e-04
-5.873156351666656422e-02
-2.523388939066001715e-02
-3.502832304571771443e-02
-7.213581422779347108e-02
-3.210372867206637282e-02
4.556832192008421212e-02
1.545416466950645384e-01
9.411899766366103870e-02
7.609940187249900068e-02
-8.233741673550999673e-02
1.260435142480881565e-01
4.502870067307238738e-02
-8.711085022505540842e-02
1.194336799932682646e-03
6.544289334285942339e-02
5.834071608207613141e-02
-4.234592138785555487e-02
-4.990802707844300273e-02
6.326300237151091799e-02
-6.744791412375195083e-02
-1.112404603440536079e-02
4.690275048281783779e-03
-1.078654460659762837e-01
-3.142060827452387156e-02
3.677813199068011990e-02
7.340606778038918923e-02
2.172266413161078741e-02
1.984534935645727513e-02
-1.819731639072855395e-03
-7.644527620342662921e-02
2.148946983259890017e-02
-4.206393251981645903e-02
-4.951189089659063097e-02
4.126199827014718352e-02
6.395325807991465716e-02
-2.682043825487879715e-02
6.607616351235448549e-02
-1.619507464378278361e-01
6.200683212617979362e-02
1.576277950018463089e-02
6.464188098918696723e-02
-2.693521430569093770e-03
2.515806751104092062e-02
1.019997329171829642e-02
2.412834141194853191e-02
1.289474046994077555e-02
4.372754203417392183e-02
3.427087440885628888e-02
2.848570139947713756e-02
-5.450562790248929951e-02
8.333214676925551623e-02
4.751490930797359902e-02
-2.126446638432154604e-02
-5.135393247973725483e-02
4.298711066781048251e-02
-1.106329553113151280e-02
5.542353698906514470e-02
-3.971789243377405604e-02
-9.178840438445379137e-04
-1.266701909911663836e-02
3.628128500167888959e-02
-3.318538843060277882e-02
-3.794378647691235701e-02
-8.105351934305318751e-02
1.237375423057222174e-02
4.608807120294463461e-02
6.832950895918903089e-02
-7.365232681251948632e-02
1.089027466157802410e-01
-1.259183878272571722e-01
2.567628559295867877e-02
-5.174810560921992014e-02
6.779727920135740493e-02
-5.787995114900824217e-02
-9.472537990230638083e-02
5.335464231754295794e-02
3.203659078131781274e-02
1.656100799307922214e-02
-7.461508148994980272e-02
-5.175657452222783700e-02
3.437668732879990002e-02
3.947915274037415434e-02
-1.353686083507480743e-02
-1.273416256415699221e-02
4.011642994765306919e-02
3.525000160903070390e-02
2.705908699204298898e-02
2.980976837351796693e-02
-9.881588397972482229e-02
-1.971312879925584891e-02
-2.402314157953900839e-03
3.439577686978631185e-03
-4.534001200578600954e-02
-5.849978097594482444e-03
-1.335590331993018014e-02
1.169347361789381881e-02
5.561874451437296904e-03
-3.364045382078442725e-02
2.590838638637514568e-02
-7.060945868536029624e-02
-4.561454224147639541e-02
5.588192868557019521e-02
-9.150263190501632324e-04
2.246732417225743780e-02
-6.154962790307346582e-02
-4.011780787940150139e-02
-5.296071868826283252e-02
-8.054935625189960091e-02
1.229822633145212785e-01
-3.048876948752093571e-02
-1.793177501538317786e-02
6.132479002632125475e-02
-8.877222696531388013e-02
1.200660036346116316e-01
-1.326788567629418603e-01
6.285351044706938674e-04
2.696648365246605370e-03
-1.587461799828882719e-02
-1.564272671781786334e-02
6.363805225399699929e-03
5.330025242876038766e-02
-3.518734596911621271e-02
5.656805551220050327e-02
3.040006449607829744e-03
-1.845225595503423646e-02
-4.154522214514592277e-02
6.464144397604530690e-02
-1.261657575450546168e-03
-5.221150146661530066e-03
5.003843648905350466e-02
-1.439098903765752002e-01
8.614351217973650887e-02
-2.946403042540554976e-02
4.762541166451474128e-02
4.765830298810358814e-03
1.429487098387619004e-01
-2.629325549834452685e-02
-1.465987952427202402e-02
2.843411187281588703e-02
-1.190827424357164370e-02
7.094734317857334660e-02
1.278287951062364973e-02
-1.264559532454152535e-01
3.300075243470185909e-02
-3.443917076351971085e-02
-2.211878096955254350e-02
4.721530097804175347e-02
1.099612529529888222e-01
1.954451444352920883e-02
1.696279394654966535e-02
8.852160236000057580e-02
9.795755192366202568e-03
-4.243964666662753023e-03
-1.494723062123372520e-03
-3.404844488259114316e-02
-3.931983406729165631e-02
-2.155230740189325450e-02
4.544991517812485560e-02
-3.072410201074479708e-02
9.273887123315910364e-02
-1.128037083236397564e-01
-8.441868589059522976e-02
-1.655028187101027781e-02
9.778671610382415336e-02
-6.790267549187326002e-02
4.138365821045211779e-02
-2.916173349859731492e-02
9.576830894184070256e-03
8.503756877572214712e-02
-5.019018434080191327e-02
-6.926833390742027918e-02
-2.864666932452145445e-02
5.150867460082322186e-02
9.453754712640023705e-02
-2.463799144456389756e-02
-5.781349683257166333e-02
7.511426509548142783e-02
-2.589824715514617987e-02
-5.500542741449890305e-02
1.406080604413821877e-01
-8.554412568427308128e-02
-3.896035756589134175e-03
-5.036382455015881582e-02
-7.987605437217389082e-02
1.029600111085443442e-01
-1.093283300789005957e-01
-6.389281269492512461e-02
1.076700119614383729e-02
-5.100433262555464226e-02
-6.310493695925916205e-03
-8.412765183526532686e-02
7.694411959251087896e-02
5.950075396565742032e-03
-1.401816910000851235e-01
6.680045748411299333e-02
-3.520228513607017579e-02
-7.273917930575664326e-02
5.500195005573194074e-02
7.336784480227970251e-02
-5.900750274263125844e-02
7.893364474534482478e-02
-1.007084022232090752e-02
-1.488236485848362309e-02
-2.852236599533382669e-02
-1.311486529680761653e-02
-2.750708802135126002e-02
-2.292551531458701317e-02
3.008325669945740438e-02
1.043023773167930587e-02
5.036708422848440447e-02
-2.286387570581125545e-02
-1.032147473311769521e-03
3.569931759093312312e-02
-6.132775815336340142e-03
-4.784738057446843995e-02
2.114335739698159841e-02
-2.154712482410172519e-02
1.678727586725618781e-02
5.437892937595605741e-02
7.191569449924856139e-02
-1.256623709824526702e-01
3.294623187735609693e-02
-1.209568029330620673e-02
-1.421753800117551113e-02
1.483479029215742720e-02
-2.092236679790836565e-02
4.548941143126949277e-02
-3.273876211255241381e-03
-8.717174055625057788e-03
2.446434480738584813e-02
-5.112524020724791562e-02
2.441071222168546967e-02
-5.501870026181165940e-02
7.558179717189554558e-02
9.390708929568884755e-03
-1.766237043951908101e-02
-3.543192209540167031e-02
5.230984837905823526e-02
-1.337861497367137109e-01
5.585564392397771721e-02
-3.991101469563990145e-02
7.913208472237437396e-02
-2.300780613784804765e-02
1.124377402574747815e-03
2.211513436522720335e-03
2.835372238475343878e-02
2.279422610954082162e-02
-3.861522346863471150e-02
4.997763573707655893e-02
-2.365150211934569438e-02
7.091614066917123482e-02
-1.852383520772479808e-02
1.447083514822783065e-02
-1.621357597336020931e-02
1.583626202151366957e-02
2.167970209669090043e-02
-1.094054414370363229e-02
3.268763442302474037e-02
-6.301575909084856930e-02
-6.540476386933424466e-03
-1.382283523981038889e-02
6.359581084413616636e-02
-2.563940651474534010e-02
-7.040687338056549234e-03
-4.965992579503208243e-03
7.078707116180650571e-02
-5.391982138382681727e-02
4.766498647602530198e-02
2.937742680151993538e-02
4.381421255851981195e-02
1.784558049531610041e-02
4.833122680304018787e-02
-2.245677685948581706e-02
3.445245915615836180e-02
4.533802421475007643e-02
-1.220019940497893592e-02
-9.551735892623337831e-02
5.100595298644386433e-02
6.612976265156907119e-02
-8.992210345742383121e-03
1.587404849126108214e-02
3.672932152304684422e-02
1.678878533560937414e-02
3.947692796665826925e-02
-9.310799487936156915e-02
7.729233186040052050e-02
-9.458311288191046176e-03
-3.955026932396097511e-02
-1.583675986747943784e-02
3.873783580273887361e-02
4.735116722562996566e-02
-1.131232826540688879e-01
6.497237786229485834e-02
-1.042053571240871140e-01
7.228785387542326080e-02
-3.738294282716542877e-02
-9.629376305624291754e-02
7.723067545189091221e-02
-4.295953056248889151e-02
-9.639555449674440391e-02
6.717399424976071287e-02
1.964845136779346801e-01
-8.101449262075519075e-02
1.350988880451312046e-01
-9.416464667698161428e-02
-1.701825786413310726e-02
1.260468030577271276e-02
-5.982262545361526074e-02
1.639621665098167647e-02
-7.889061817859178982e-02
-7.695357131684819885e-02
-1.267341038552153021e-01
-2.315049947920093387e-02
-8.164261317753383762e-02
1.107973348069524969e-04
7.893561724122681589e-02
-4.426070999729835725e-02
2.766818186569063465e-03
9.230979783341512757e-02
-1.098907466813446587e-02
1.252926291563007458e-02
-7.390379756273909861e-02
2.221485126130609902e-02
-5.506067632763853373e-03
1.152322247802822636e-01
1.451607706050007940e-01
1.313292912641099708e-01
1.955485019608599329e-01
1.806347674660095937e-01
7.022046296872008764e-02
2.219965301694995230e-01
2.281850302117974238e-02
5.650140304956557946e-02
4.635224735287673398e-02
-1.231455450812813518e-01
-1.721067075998935214e-01
9.632157290531859553e-03
-1.133339812608779029e-01
-3.054137443347069159e-01
-2.004518730597658893e-01
-2.107290548256580964e-01
-8.284130592598214216e-02
-1.345631447318935414e-01
1.107461590551477443e-01
1.019382472701837877e-01
2.801382041514273724e-01
9.102062910950876606e-01
5.643308090570178237e-01
1.610788063277181215e-01
8.117501570891595686e-02
-2.704570675466035912e-01
-4.896226787185783969e-01
-5.118258362042703569e-01
-1.895110587140502734e-01
-2.511993373839638832e-01
-2.809607684965749197e-01
-8.991108781840466413e-02
-1.150128559734525657e-01
2.530458583240953810e-02
7.237984308673907005e-03
7.213593659939741831e-02
1.058942042751443990e-01
5.132649817494815310e-03
3.018530311960928789e-02
-9.674005943068891486e-03
7.584917015468539692e-02
-6.482165015001167645e-03
-4.593654875385410827e-03
-4.532251309314249722e-03
8.137371643643571614e-03
-1.238657090501992103e-01
9.462500824674420496e-02
-3.073877188574055536e-02
5.411326427647035475e-02
1.632063766204858504e-02
-6.418841493384572217e-02
6.269013342969524671e-02
4.929640445943267446e-02
2.119036984960910586e-02
3.231794448732880354e-02
1.999422149397088802e-02
4.772962236762656740e-02
1.191121930555712541e-02
-2.274017618481293662e-02
-3.925910918972932984e-02
-1.068279827374687546e-01
3.452686123753393593e-02
8.918871018950479124e-02
5.063771401797009797e-02
-9.536886549812154112e-02
-7.102782361023861346e-02
5.955167365006379387e-02
-5.944145981545480295e-02
4.044243137308272534e-02
2.673464787262662748e-02
3.641609954935722589e-03
