-5.933085702311768905e-02
-7.509317752299660143e-02
-4.821952940508911212e-02
-2.421858660430453725e-02
-6.085308348560136693e-03
-3.199801072728991613e-03
-3.970757352628861980e-03
-4.150941832837928835e-02
1.872473672967478464e-02
-5.265150404455276600e-02
1.619051614237876358e-02
-4.061610348779409740e-02
-4.929330416007138282e-02
-1.472611951138103059e-02
1.711819913388135106e-02
-4.628885214123723557e-02
-3.133265369203108719e-03
1.783669695080236650e-02
1.838466417410344889e-02
-6.204607471926726348e-02
-3.429483407987232724e-02
-2.639564104180891491e-02
7.104581538661669526e-04
1.397993886888215798e-03
-7.382488823280297652e-03
-3.650174454423860126e-02
-6.107747289627596388e-03
1.884059505221058473e-02
-2.007332377090342845e-02
3.307591513121987958e-03
5.169024740709016186e-03
1.017472967059784850e-02
-2.284852979055695954e-02
-5.263420611102409552e-02
-2.915267708411528602e-02
1.446873734550990775e-02
-1.826402230133439275e-02
-1.993508146011491178e-02
-1.268002091818143384e-02
-9.941832810887785143e-03
-9.778319273323177185e-03
2.706754381822928934e-02
-2.446288995419987344e-02
-5.327576543910650386e-02
1.361952027583335223e-02
4.566147378321927519e-02
-7.568582309213844894e-02
2.745440998441939229e-02
2.476869824096139538e-02
-3.185452785852049828e-02
-6.371248455260491994e-03
1.427140871093879326e-02
-5.711746789484717368e-03
4.731670390944575644e-03
1.449472135562945851e-02
-1.411423230344599489e-02
1.597062478329336344e-02
-5.218811486986218995e-03
-1.186291302655506641e-02
-1.840767020468803139e-02
1.031897690195782147e-02
1.412302328626946490e-02
9.294698364533893198e-03
-3.563475470130361700e-02
2.142130720918400399e-02
-1.858075738127995535e-02
-7.362255379787185916e-03
-4.507734763756099383e-02
2.258287971870220900e-03
1.177319852972136260e-02
-1.086923588831645304e-01
4.542573860539134145e-02
-4.038748951394133258e-02
1.234707206961438430e-02
-4.457624247067748513e-03
-8.280300946203222878e-02
7.471323320061173945e-03
3.341660430474790999e-02
-5.364939383931499606e-02
-4.047553356125010993e-02
1.434334352286414926e-02
-2.634816014330221279e-02
5.081911782773396169e-03
-5.845483353735403398e-02
1.009664537067278545e-02
1.931885035329283795e-02
-1.899051947573671129e-02
-8.534331572764530804e-02
1.156857262743087311e-01
4.558787242639805726e-02
-7.104133017472502587e-02
-3.938731461658706579e-02
-5.026758414982435141e-02
6.062813096806518587e-02
-5.784596734956970465e-02
-2.604868632593460021e-02
5.355598998166666291e-02
-3.290735847075643150e-02
-6.536454063339380838e-02
-9.223314183754549589e-03
-3.001771670801645087e-02
4.017796648254146064e-02
-5.488090007827839401e-02
1.948077043553286813e-02
3.933409061083503744e-02
6.759114843085001212e-02
-2.608940448818097835e-02
-3.504173328227189188e-02
4.213473022393587897e-02
-1.782205056736385629e-02
7.507886710079070269e-03
-2.351055613886376960e-03
3.338748993659823583e-03
4.574741677110027993e-02
-1.976700320401736377e-02
-2.338238183262442149e-02
2.643900619103334293e-02
-3.141776528616979647e-02
2.779597022541446805e-02
-4.837736593773289684e-03
1.938104303568977116e-02
2.644319009665530018e-02
3.595261454664155920e-02
-2.350976689063566383e-02
7.051962582033377558e-02
5.398399724846525416e-02
8.622996340074307042e-02
-3.283802141145342190e-02
2.951478544574870355e-02
6.850520986000185886e-02
2.078169525927142658e-02
3.004190794487526794e-02
2.676415967622380876e-02
3.335596955342867709e-02
3.058682670441070783e-02
-9.188609180742490778e-03
7.229922342831374138e-02
9.331164340692588155e-02
8.783428108444679694e-02
7.390402432247045184e-02
1.992210771652536128e-01
-1.245259793420203653e-01
-9.341682773801474049e-02
-3.890542721261436299e-03
-3.381491748381804108e-02
-2.446478000743113057e-02
-1.676504169905168595e-03
4.169703434337534986e-03
-4.403255347367807104e-02
2.519042942496563242e-02
-3.018571253516810771e-02
5.065930085415892847e-03
4.200522911393145264e-02
-2.900793351683272903e-02
3.306649698787467173e-02
6.389252487086016785e-02
-1.224026775187248006e-02
5.784075788418707731e-02
7.996161244206501095e-02
5.584590355334606571e-02
6.256285011260676043e-02
3.022172700862313377e-02
-2.069450581961107538e-02
4.044350229298587784e-02
1.268900389921039373e-01
-9.629030912954528176e-02
-5.885934806159598409e-02
-4.808675991074662370e-02
6.170389031206791053e-02
2.936478969632694280e-02
-2.377771194969491297e-02
1.850673917037193306e-03
-2.721117188090538264e-03
9.187620484245595520e-03
-1.478569455580247549e-02
3.021683132867369892e-02
-6.514657109521593270e-03
-7.111795091075290287e-03
-3.655405278759094045e-02
1.162206479864602571e-02
1.400953209194977234e-02
4.099133403553967270e-02
-2.052694531891896546e-02
-8.908283340888889512e-03
-1.587915634901193584e-02
1.191889484769692586e-02
2.832218139529052436e-02
-1.928573013257217639e-03
1.359838876618368886e-02
-1.165453006431516059e-02
2.475520596224090042e-02
2.336219715432408250e-02
-2.854064987872995118e-03
-9.266923908096469376e-03
1.383121332646819468e-02
9.696870756000119940e-03
1.448376789543059928e-02
-3.950533320602023224e-02
7.188510932917857588e-02
4.732339863558809867e-03
7.712510127190874698e-03
1.702932911112498005e-02
-5.010621282718563663e-03
4.951309696767047797e-03
5.091057905883378254e-03
-4.839674957169171066e-02
1.879964413460211148e-02
1.273820064483022207e-02
7.311551276643069031e-03
-1.928231295137905477e-02
1.804981772081903912e-02
1.479784093064262507e-02
-1.119558984949220459e-02
1.925450749888879542e-02
-3.520396934807656919e-02
2.553878621316885145e-02
-4.391210092097530548e-03
-5.650749113035180571e-02
2.338081492999055655e-02
1.632404837610001991e-02
-5.224053837581887905e-02
1.394804547256933702e-02
2.994238939242110931e-02
-9.120097713819941276e-03
-1.332140357978373046e-02
-4.413891284135385007e-02
8.593563829262373943e-02
-1.785606595316613365e-02
1.767073610702452058e-02
4.302458683369314585e-02
-3.641516640067488098e-02
4.561659812693186211e-02
-3.803636126528786576e-02
3.925469169905815292e-02
-3.568124094664559820e-02
5.268812640432773975e-03
-8.607229504938640474e-03
1.644234190643256710e-02
2.986329568393975009e-02
3.972065078748610034e-02
1.853695455129766856e-02
7.768729068559299122e-02
-5.560489346181984871e-02
4.582027187178416838e-02
1.503745281269264211e-02
-6.529266272365763513e-02
1.721912120928248413e-02
-5.328983695291000799e-03
-3.045089031662984169e-02
-7.271475143327443824e-02
-4.088622835200173000e-03
-2.114259761074066546e-02
-6.281825736703217089e-03
-2.999874388195378216e-02
-5.202232884067736762e-02
3.687136375710498015e-02
-2.983101767260465387e-02
2.182644246093046192e-02
1.944253093894388051e-02
-2.753178208723561227e-02
-1.428362154796913863e-02
-6.134055782130931611e-02
-5.773931660001396793e-03
-5.552266954139217781e-02
-4.618032859209697527e-02
3.531695875869544921e-02
-1.167591097282949519e-02
1.909866077266064721e-03
-1.810181298999857802e-02
-2.332725274860547593e-02
-1.093423321826270112e-03
-9.161904676665622027e-02
1.684401820855407905e-02
-1.420366114346349740e-02
-2.721849249606611565e-02
-1.128429158641972574e-01
-6.165233629761002199e-02
-1.639148862276755825e-01
1.381084187471013358e-01
-1.388562432020787885e-01
3.007751186555673861e-02
8.051328950603608980e-02
-1.692596109188326814e-02
7.547064667646630198e-02
-4.044929116233664246e-04
1.926152111107781728e-02
4.892429520239183205e-02
5.180268365602280767e-02
1.375733534131562408e-02
6.908087893264625023e-02
2.069713260030248136e-03
-4.040596124943496292e-02
-3.378178486256544488e-03
4.985709625583556459e-02
2.469732804116953062e-02
4.376156180463297574e-02
2.240779327035591351e-02
-3.362731166875221334e-02
-3.813852455998656410e-02
3.142235700467477244e-02
-4.613627058908331691e-02
2.034807839993835188e-02
-4.247719979346653574e-02
8.593440450769929129e-03
-2.567661233774387597e-04
1.808838292551007143e-02
3.063615372082661992e-02
-5.012149897450157709e-02
-9.591021483074779752e-03
-6.726202136145165156e-03
-1.008085371886480175e-02
2.154132537745878651e-02
-1.219900932798534399e-02
3.366430382038210212e-02
-1.916148387684835086e-02
-1.845142748458084014e-02
-1.569909452396434091e-03
3.812186938230155420e-03
1.216600274396517634e-02
-1.226985438931338379e-02
-3.014606059235003244e-02
-8.489706159260368423e-03
2.862576572344410764e-02
4.346648928242657917e-02
-2.568912298226200264e-02
-4.728840885711615982e-02
3.746300881590292065e-02
-3.664165488748061250e-02
4.183839231393093883e-04
-6.096867383405601970e-02
1.154264557250650469e-02
-1.593279789432111571e-02
-2.590003219269254586e-02
-8.688479378744951021e-02
8.566254061288969268e-02
-3.785802888495171104e-02
1.192438909743698261e-02
-4.024288712982126981e-02
1.430296834730571121e-02
-4.104318200494372348e-02
5.016303035843217017e-02
-1.488167369009150143e-01
5.475821035226680067e-02
7.980692246558840353e-02
-2.079827946214241052e-02
-1.337207912386122466e-01
1.178854068823746992e-01
2.094891420367783752e-03
-3.888326961790689040e-02
-5.069290802464898604e-02
5.739429013757080256e-02
-2.794995608433659129e-03
-8.623474436331068915e-02
-1.526012394660147820e-02
1.133841623864761949e-01
3.849944668769200717e-03
1.238211656102850000e-02
-1.058636405549893134e-01
1.405553198864595288e-02
6.570076342053976504e-02
-8.584045889623137526e-03
8.183295950877411684e-03
-2.150604809161338338e-02
7.159657275646535979e-02
-1.251517177796479530e-03
-6.884026833522405298e-02
2.387593338046523073e-02
2.603875823541867973e-02
-2.141986681291330186e-02
-6.542192750571329540e-02
1.244719091533275090e-02
1.085044518585900342e-01
-5.541905485526221753e-02
-4.673651814476098565e-02
6.232612495448686118e-02
-4.809857095322289666e-02
-2.740157574687973607e-02
-2.935377878238787375e-02
9.591539778571611663e-02
1.161619762643173459e-03
-1.859646438572459815e-02
9.056629245280500839e-03
-9.656630051158909822e-03
-4.193124654235402815e-02
-6.242715587037483971e-03
-6.713974155854218751e-02
4.889614439772582699e-02
6.378513521117001872e-02
-1.499647690366190389e-02
1.049777612160118778e-02
9.494662044776003285e-03
1.020105144804253072e-01
4.738121531011429965e-02
5.158901717304997803e-02
1.877673787948053175e-02
5.215651409457944254e-02
-1.597959512610680477e-02
3.946308413582721997e-02
-5.440628786748558099e-03
1.936760138402071618e-02
1.009097276897970019e-01
-2.583660518956953922e-02
-1.223210902718818716e-03
-1.512251470386249963e-03
2.246736508452729097e-02
1.191298483605596203e-02
9.380577591907179880e-02
1.465466443889784642e-03
-1.319708712879119616e-04
-1.982340223498235687e-02
2.201512282872575277e-02
5.755374368665622242e-02
-5.883049850921473478e-03
-8.822655035320980943e-04
2.648020330280798085e-02
6.030493181251639356e-02
8.449840826854515541e-03
4.556286717788182727e-03
2.691401905864054811e-02
1.412456242008213181e-01
5.865939117597207542e-02
-3.265247321553532700e-02
7.265155809914247698e-02
2.670937574363223543e-01
2.306994545927909535e-02
-5.931855921977158275e-02
-1.884704820524496505e-02
-6.974452580972334559e-02
-3.366860341260502487e-02
-9.815204242141373214e-02
1.528063923342282138e-02
2.776359343920287159e-03
-8.325112679687274309e-02
-3.461872519522857239e-02
-9.816103350742877431e-02
-4.953953230366203719e-02
-5.314731859094878885e-02
7.724595322836158573e-02
-4.039433023724336991e-02
-5.662375415778475585e-02
1.460091023543785838e-02
-1.035394735709349590e-02
3.636449862549628875e-02
3.306148789612484151e-02
-3.204454712469928523e-02
-7.253763789161737918e-02
9.890790435156393556e-03
-6.760532716082723326e-02
3.947415139255028294e-02
9.621175884689536772e-02
6.272747353772034629e-02
-4.149670252148007776e-02
-1.334173445043074224e-02
7.827787619644377415e-02
-2.975959121050131273e-02
1.539837522500553391e-02
-4.564429725437157970e-02
2.517912924590826051e-02
1.611686048821558970e-02
-1.578252918768185964e-02
1.013800881924087349e-02
-1.404728549965650330e-03
-9.881568213420743874e-02
1.839314626431898247e-02
-1.959320244500073471e-03
2.333311748211430725e-02
-3.471094394768492464e-02
5.493624122303675250e-02
3.504017742050002937e-03
-4.122336306398111105e-02
-8.535951907825634066e-03
-7.443386927357353855e-02
2.541062724013132268e-02
-6.379836628724433467e-03
-7.761668412436417697e-03
-5.529274619468216301e-02
1.119469338855028084e-02
-2.203494964215391150e-02
-4.313458143337278727e-03
-9.994514581504976292e-02
-2.446332912389737047e-02
4.764142873691490365e-02
-7.287615402501090855e-02
-6.604455174005696705e-02
2.996711592522283141e-02
4.396373020577648560e-02
-6.281442695601979764e-02
1.646078854328747454e-02
7.468680845758246534e-03
7.987401738922539352e-03
4.154158032285693025e-02
-7.302453533977182332e-02
-2.076659424457716341e-02
5.868920621427120565e-02
1.699514875163732341e-03
-1.089645510956458452e-01
-8.418939356814370001e-03
7.752792056300661372e-02
-6.485863570270211653e-02
7.415637910480965544e-02
-9.396325047134279629e-02
6.844894333983031487e-02
-1.242597354795860198e-02
-1.023460537320275421e-03
3.586934595551038996e-03
4.668933389896734454e-02
2.097344523422650653e-02
-9.128024744159413117e-02
-9.641223376068985829e-04
-7.368205540223549121e-03
1.988257829177442204e-04
-8.721522282399973847e-03
5.947277200493061855e-02
-2.383728224954406727e-02
-2.971847415418737981e-02
-4.483357190743575416e-02
1.291321629805208815e-02
2.391366907374470330e-02
-6.862629050267043951e-02
3.445929923010027096e-02
-5.017168852975206761e-02
5.069138618055690770e-02
-3.596470185722333568e-02
-7.009105184162978119e-02
2.377369859445810363e-03
3.799604937211276123e-02
-6.793773926882495928e-02
-2.239915398274305858e-02
-3.661671002647182149e-02
7.104273890724677187e-02
-3.853917989254718179e-02
4.719163097614220703e-03
-6.613644273878893642e-03
4.917636673362713040e-02
-8.734300913800563393e-03
-1.105212677056055526e-02
6.399452614340273016e-03
-1.308092615537237435e-02
6.551455544808204579e-02
-5.755327591862968717e-02
-4.605093467393794882e-02
9.666997801257926071e-02
-3.308390547799566761e-02
-1.785423026569832317e-02
2.987126722607147400e-02
1.034730476877587790e-02
4.412571235306694817e-02
-1.098163616065863657e-01
9.675051325987560347e-03
6.614788930557935487e-02
3.876334630164057771e-02
-9.496838938907048444e-02
2.364635270929094091e-02
-4.454572694523317722e-03
7.750184457231901192e-02
-6.779539331938488900e-02
2.697055815214488561e-02
5.553846611989277093e-02
-4.502566321989842635e-02
-1.741619045931606102e-01
1.002648192511270686e-01
-3.661564383529913869e-02
-2.335401052908014918e-02
-1.880242440558488326e-02
-7.273222323078698537e-06
9.894858406621409586e-03
-9.667731963310233212e-02
1.855748828491465829e-02
-7.900517233343151702e-02
5.852818112292901276e-02
-5.863848409063754374e-02
2.161502825437899844e-02
-5.842871538968896772e-02
3.402200925878950954e-02
3.245804250379702438e-02
-7.902135349922101426e-02
8.894135895171739747e-03
-6.926757613049172591e-03
6.484017950864284785e-03
-9.564122040977718342e-02
3.255022824544573368e-02
-2.374005732383999145e-04
-1.306824376688853206e-02
-4.202045813004851027e-02
5.999532084932646114e-04
-3.862682165260977740e-02
-3.697273260898326086e-02
-1.079538779454156661e-01
-5.482712313078286215e-02
2.440652061971970710e-02
-4.338302315369357842e-03
-1.131224713170801977e-01
-4.115480397428594728e-02
3.620103123152418334e-03
7.082702669464868706e-03
-3.276060272907788118e-02
-8.463136035101737065e-03
1.955972062236988052e-02
2.860412286306335261e-02
-6.824796143148370575e-02
3.151194230269105390e-02
-1.823752249507881729e-02
7.457218547211974524e-02
-1.366985977080625858e-02
2.953358468362887734e-02
-1.104095858335707447e-03
9.662581016502969078e-04
-4.194566329552440465e-02
6.442144614988176698e-02
8.547034177997847593e-02
4.032384411576694916e-02
4.759076996010414007e-03
8.081965225527243391e-02
2.955817928299131481e-02
2.154186992586959448e-02
1.518362984682530836e-02
-2.510494474919822139e-02
6.463690307394731605e-02
2.364230496599217801e-02
-2.308237254722489418e-02
-3.465411065485124453e-02
1.069938989320216027e-01
-8.300060208932635852e-02
-3.753174388015878549e-02
1.037963580757672588e-02
6.581175612263079344e-02
-4.952295849131305161e-02
7.859643866802334955e-02
1.680796769696186743e-01
-2.619712100009108369e-02
1.530354765816488438e-02
-9.609524479356590376e-03
-2.717300529029076372e-02
1.417024884185780209e-02
4.076922068548105571e-02
3.238831692793819883e-03
-5.463889378194286550e-02
-2.846087473690595004e-02
2.409547554949709181e-03
-9.525579579228615756e-03
-8.467837273135447873e-02
1.441621912668678007e-02
-7.055914629045245690e-02
-3.907770544511102173e-02
3.783843598988312351e-03
-1.033330338853044594e-02
1.178098559339968432e-02
-3.500858265716089157e-02
-5.989813060535453815e-02
-2.820687157974655079e-02
-4.527036649754134778e-02
-1.064229118254478301e-02
2.616960134895407464e-02
2.483038189531217022e-02
1.705139191983007230e-02
6.743669455965295434e-02
3.924092398285594641e-02
1.758582150926280008e-03
1.693155038989280214e-02
1.021756413557128873e-01
-1.334020633471415529e-01
-3.293415783076758530e-02
2.610847056422338497e-02
3.776788776578632323e-02
-1.307217464490717518e-02
2.652102015197055351e-03
1.556258299216528584e-02
3.900089441751175556e-02
-2.887350171848179770e-02
-1.936976527652367608e-02
-2.825391097204787982e-02
6.046162895289963757e-02
-8.052300063594142188e-03
-3.016120099475427807e-02
4.133446203321344825e-03
2.841669138345892520e-02
2.555698730660083129e-03
-2.113224115865097730e-02
3.431305252080463219e-02
-1.068201917006605939e-02
3.132270933046132910e-03
6.655508261671538861e-02
-3.602328411511068751e-02
1.751832489709048701e-02
-4.956516799769161707e-03
-4.107825147882859795e-02
1.101198878761433519e-02
-3.602689417045956688e-02
4.298311968002410666e-02
4.014398405054242502e-02
-8.186427947080554546e-02
2.587439336289687475e-03
3.065444255293181541e-02
1.803774924951229153e-02
-2.000697701847942156e-02
-6.932316844002084366e-03
2.048926589632626971e-02
9.345808782299513950e-03
-3.915697543252694146e-02
-1.413785368831188549e-02
4.026828533408810529e-02
1.012245376707414657e-01
-7.166779681694324111e-02
-3.511544423770107670e-02
5.099623741116054987e-02
-6.382796547058866565e-03
5.524621173484423053e-02
-4.965648255521637466e-02
-2.678105340798264677e-02
-6.720796924559868657e-02
1.457835638918014709e-02
-5.242657467461508958e-02
1.161022411960477285e-01
-6.942809619888024031e-03
1.316384369808520916e-02
-4.750874207527777671e-02
5.337492403521704176e-02
1.140887536543733205e-03
1.798588834370562495e-02
-2.828600670445258203e-02
1.677020248444804906e-02
4.090233741243842758e-03
4.343959640179484438e-02
-9.467482123622783519e-02
1.663683189544240548e-03
8.388963547394823195e-03
-8.189311336395777019e-02
1.095831757375473892e-01
-3.545412288016303037e-02
5.791272411528947117e-02
5.980214465689082104e-02
1.117228896482984624e-01
3.696023993013541897e-02
-2.878464325919560807e-02
-1.504811406649331218e-02
6.783024813987870161e-02
3.648195703744905316e-02
6.604075163454403707e-03
9.310044039121834203e-03
8.743456565906582156e-02
4.637031131208058099e-03
1.338793982059494070e-02
-7.816846640748220665e-02
1.217911060624654596e-02
3.283813798119306071e-02
2.006458583969550347e-02
-3.776944246942637307e-03
8.536776718699456978e-04
6.925834121868534865e-03
3.895093011438977015e-03
2.105633217221103415e-02
-1.014284244804275481e-02
3.925228020550086683e-02
-1.466503957957820958e-02
9.703331915396740115e-03
-4.021424239218474028e-03
2.298789551941782250e-02
1.430941538952001935e-02
5.489450892359881706e-02
1.017251983152478445e-02
4.207263704270491900e-02
3.259520503897461730e-02
8.304593344132804589e-03
2.250138955045288824e-02
7.414661277483691748e-03
6.428224497292567285e-02
1.653405836544652452e-02
1.801851482749561306e-02
3.267306256883895088e-02
-3.595070225696317401e-02
1.810237846062801026e-02
5.319225264686511245e-02
-1.577321002057874288e-02
-3.169835379140240050e-02
-9.601272352895717788e-02
-4.324797623901188715e-02
-1.484341009821918966e-01
-2.293870249480067791e-02
-3.901988854652138627e-02
-4.630980418946917254e-02
-7.378259959537825097e-02
2.385489909208171611e-03
-7.345063352698288917e-02
1.294514568309801383e-02
-4.242393664083121685e-02
-3.026753831563100405e-02
-5.126626167609926732e-02
4.818278802616138279e-02
-5.919016479234517902e-02
3.625811022992708743e-02
-5.435424620811057927e-02
6.695865341058127029e-02
-5.462508347847938595e-02
9.694085589554646276e-03
-1.423575504637142330e-02
2.801064719136192593e-02
-1.028963146799322104e-02
3.515023755322310706e-03
-2.146019038188518024e-02
2.688931468875965791e-02
3.266038829340400795e-02
2.474131962826620068e-02
-4.489001807885428796e-02
4.715913908705959834e-02
-1.165372848752510571e-02
-7.626114263476146959e-03
2.358588186450005786e-02
2.567453752292125913e-02
-8.655788471720371469e-02
4.351542300924893247e-02
4.462743670304636368e-03
8.232227957040993971e-02
3.097900212619442151e-02
4.772949161474859814e-02
-1.996535979824298757e-02
2.785001683523558036e-02
-1.152021183946017047e-02
5.187192153348019197e-02
1.852847595872852970e-02
1.501344189851194777e-02
2.895013243643296263e-02
2.157580487372579015e-02
1.837626201837672113e-02
-1.042963676928243544e-02
-2.879420126053422457e-02
-2.644044284600099992e-02
-1.229905249166507453e-02
5.403410986829060292e-03
-1.092947956824308342e-02
-2.028818948295385560e-02
-3.403171752107425618e-02
-1.915646762217293464e-02
8.895547503302214665e-02
1.053041403043939450e-01
7.762546410758774940e-02
4.234763945738606594e-02
-3.294382963281616838e-02
1.978964285417328384e-02
-5.760342521370009905e-02
-6.523558400334472651e-02
3.694882948126920752e-02
-1.833256643385805518e-02
-4.820595940011118685e-02
2.859221944198520049e-03
-1.353406440772220165e-02
5.019549396021494303e-02
1.497334848126641305e-02
-4.634852171846848279e-02
3.431091168168221017e-02
7.007746458390862188e-03
5.482906520694719177e-03
1.369728566470174158e-02
2.470421589134597085e-02
-2.158718353652666622e-02
2.652784827419996105e-02
-4.776650731066967026e-02
5.178567183089999304e-02
-2.964811062835526201e-03
2.751702182221649196e-02
2.461293937616426675e-02
2.448139741782329182e-02
-2.850025098966479931e-03
4.734570007333838149e-02
-6.299344965329911616e-03
-9.662484012493699481e-04
5.620414489634928401e-02
4.229559301738650134e-02
2.122081631951688863e-02
-3.437567107535199895e-02
3.271917283154612832e-02
1.952756515879450205e-02
-2.456360551706726625e-03
4.637059552412070573e-02
-2.905855962887171628e-02
2.073634169314164666e-02
-3.446658674848235293e-02
-1.798309238969242330e-02
9.989082982570174352e-03
1.381275084155175747e-02
-1.312560780449034681e-02
1.812648995715138156e-02
-3.285942258662988280e-02
-1.170517192311626431e-02
-2.611558635606625600e-02
3.634713420543445039e-03
-1.566625661209064546e-02
-1.082898929390729847e-03
2.250802947535879284e-02
-3.345555374282138672e-02
1.415450168226461969e-02
-5.305440043020226426e-02
2.101447254741417581e-02
-5.417281143846697233e-02
6.195310134882792141e-02
9.249273088279608146e-03
-7.574948373657797163e-02
1.174141803624051406e-02
9.733314533122428003e-03
-6.150604730122033459e-02
1.945728286323111789e-02
-6.575601166420552701e-02
3.256181484760922729e-04
6.195325640899573827e-02
-5.623955687605608489e-02
-3.639214444805016768e-02
4.224868760979205717e-02
-3.261759615946502322e-02
3.621093374283290700e-03
-4.956272398282202118e-02
-4.121637193298388624e-02
2.078988110151280821e-02
-4.429585715558337355e-02
9.269154447744121228e-03
-1.790052413018239363e-02
-1.278000239002841099e-02
-3.023040441200119943e-02
-3.670607382569501809e-02
-3.928488255775608451e-02
8.135781917663997831e-02
-5.247575715155639031e-02
-3.219836460526748212e-02
-6.392864870868653071e-03
5.251373489960009522e-02
2.143343724665802696e-02
-1.010797456797556393e-01
5.939046123813351841e-02
-1.195963513333575534e-02
1.691585567738274065e-02
-5.964559120569834505e-02
2.466083038711719411e-02
-7.358155782537245670e-02
1.248314148146238978e-01
-1.214914692424295950e-01
3.193599263649415931e-02
-5.521882613437556486e-02
9.082362894058082503e-02
-6.156208094177717527e-02
-2.195348224180548868e-03
2.981435024066358963e-02
-2.954757461889245818e-02
-1.451050593876246353e-02
1.168320409461758302e-01
-3.495037946460044509e-02
-2.219517225571498997e-02
-2.884125565796047397e-02
-3.964418115449674929e-04
-4.534420305739850221e-02
-1.501064035939192465e-02
-2.888042393944667552e-02
1.753658918298794944e-02
2.967620548570604200e-02
-1.011650229694360803e-02
-1.366099806203724398e-02
1.030045214692432154e-02
9.235756978497988712e-03
-1.373517013516334373e-02
9.350146977411100124e-03
-1.682625246704549937e-02
7.371220208940165719e-02
2.078767233138467674e-02
-8.639830146132521094e-02
3.344705420353033531e-02
3.314413437317575983e-02
-7.218914692842304248e-02
-1.090856344300661362e-02
9.398610551397901247e-02
-3.609142525862640838e-02
-7.114859929370354052e-02
3.013698207783654937e-02
1.308559809313907252e-01
4.411959881535310046e-03
-9.708801638437769554e-02
4.328307801782926845e-02
4.316088846252430500e-02
-4.949451179195207828e-03
3.256968659655079534e-03
6.727063753597661844e-03
-4.009779103512345344e-02
5.274750407984019063e-02
1.166855683227385754e-02
-5.335560353442669879e-02
-6.467042019002411379e-02
5.536883121439961641e-02
4.614138067679629529e-03
-3.947449710119110833e-02
7.768364826556606317e-02
5.900433544049743517e-02
-1.033136268024037463e-02
2.082664168302050811e-02
3.262666672930381040e-02
7.912973657259403382e-03
2.778176249630526229e-02
-3.793223392011046968e-02
1.909294439893960416e-02
-1.318226444594605695e-02
3.474850756889802383e-02
-2.547743019187942437e-02
-3.848221036378873805e-02
1.170835765657596284e-02
7.716568486529773452e-02
-5.468120977123369642e-02
-2.140943507927595135e-03
4.737010294134469390e-02
-2.052311666570183490e-02
-6.003942667453410209e-02
-4.407790977218750683e-02
1.800587579831569585e-02
4.912430759469810226e-02
-6.996227402364674219e-02
2.724783817796083696e-02
2.695460920060810395e-02
-3.451434401301956001e-02
1.401465873830609610e-03
-2.581959058348459735e-02
3.840436150219561640e-02
4.317729541748782651e-02
-7.067037335735015802e-02
-1.327242436148257099e-02
6.689193118674641170e-02
2.313251570322361061e-02
-5.539323747016933197e-02
-4.755018765832730310e-03
6.477823979169095026e-02
-5.699473579470737405e-02
-1.372228373287187608e-02
-4.882455469067936704e-02
1.490561878733753787e-02
-5.608568363756649688e-02
2.272425277077028127e-02
-5.418913893041832353e-02
4.410969918133922363e-02
6.284559552016411033e-02
-4.183657032493037775e-02
-8.076096644066854680e-02
8.878110321631105251e-02
-4.342168681291225241e-02
-7.705603236674063439e-02
-1.544893076248721187e-02
3.553858854618718865e-02
-2.171624785539938429e-02
-3.709212027792441191e-02
-4.356546244541625867e-03
-2.147937684934264624e-02
3.076096900758384933e-02
-5.404072881877786116e-02
-9.978857256349726867e-03
3.835572864147263061e-03
5.427430492353924052e-02
-8.866131581794123306e-02
-2.561876705619425820e-02
1.318401159943860534e-02
5.263148027784048111e-02
-5.758309532062000358e-02
-5.968927000923329729e-02
6.796645189549366251e-03
4.335651327800249533e-02
-3.692242562768566216e-02
7.672113874841901549e-03
-8.934931220876407565e-03
1.519684536990650869e-02
-7.738414836872475888e-02
-3.004965983263918616e-02
5.911039617139124402e-03
-1.571964764603128728e-02
1.693195521648949153e-02
-2.315949385610505118e-02
2.815611688979169358e-02
-3.887840578327583785e-02
2.587205574290463161e-02
-3.314419423252612518e-02
2.606020950585374862e-02
-2.066038209105247603e-02
1.757042457673829716e-02
-4.513866871992888719e-02
2.681000603519922976e-02
-3.521720887719359538e-02
8.510707631008695984e-03
4.903311310660551925e-02
8.753389642857545283e-03
-5.681222688091347450e-02
7.492408765185887276e-02
-3.994954098434977396e-03
1.507946571940443903e-02
-3.957467494821864662e-02
2.801436167758275531e-02
8.399619687467829721e-03
-5.065511029578306790e-03
6.515699741277236612e-02
1.621666559982282152e-02
-5.519762146326101515e-03
-5.647248687464756500e-02
6.062670890678800717e-02
-1.826402812208582915e-02
2.987393736800747490e-02
2.011721985843850646e-02
2.601457498849768513e-03
-4.588612210891795939e-03
1.696924722776849137e-02
-2.753145890299846243e-02
3.492385405598330550e-02
1.249304226841640997e-02
2.469107920006496926e-02
-1.469308850168493663e-02
2.071291955882470504e-02
2.634760050537554577e-02
5.948210468825942954e-02
-1.811523242923263055e-02
6.227310667627095064e-02
1.987377622010266798e-02
1.814305048155939737e-02
-3.034092921689768296e-02
6.102556777054624071e-02
8.281798512894233966e-03
2.825944482850717421e-02
9.267996414779444692e-02
3.709833813981644468e-02
1.948105416594692052e-02
-2.358892427502645717e-03
-1.018265448322486222e-02
-1.039225273799271321e-02
6.816504101386744452e-02
4.033953854532090766e-02
3.150794854285221547e-02
-1.286126835615284403e-01
-1.884933775049546512e-02
-5.817820429456177500e-02
1.995063810612496269e-02
-3.401803598894970193e-02
-7.268342308498709770e-03
-2.786027157660209141e-02
-2.429138848077827539e-02
-3.450958122755598545e-02
-2.044940098485303892e-02
-4.366241264933456989e-02
-1.367998817307625181e-02
-3.819189819563151289e-02
-1.423735826743866006e-02
-2.740240674160832057e-02
-4.906700326005020152e-02
3.528065986184270031e-02
3.858200552802504291e-03
-1.492536906170904842e-03
-9.349038985408952840e-04
-3.845380089750971564e-02
-5.916150116620499944e-04
-9.444227132459293017e-03
1.559605856217416431e-02
-3.837184491628153893e-02
-2.220045797445591163e-02
-1.718998210050948217e-02
3.503863687010166927e-02
-4.052534048991018878e-02
-2.396804122554252459e-02
3.734885299069512499e-02
-2.269087943692538190e-02
1.212550372387877218e-03
-3.166247724215809356e-02
2.540145896033685347e-02
2.567434831559634034e-03
-2.007010187024027559e-02
3.228975259046507063e-02
1.310041709068388016e-02
-1.898506527148668965e-02
-2.773264353974624896e-04
7.022502820571485671e-03
2.825284328175303727e-03
2.808965843362765114e-02
-3.752073121377996756e-02
1.046791740875541166e-02
-3.467253818284987688e-02
2.401810296813478018e-02
3.467503102144942062e-03
2.592604049965352431e-02
-1.369606230070585795e-02
-1.204430185042859591e-02
-2.130331424782783145e-02
7.621123537235208190e-02
-4.033506019193078274e-02
3.584946360530105736e-02
-5.093853181775243044e-02
3.544040621345034836e-02
7.172659681212500971e-03
-5.101866149193767797e-02
1.305907266028061287e-02
1.280140109002614324e-02
-6.857154373448981488e-02
4.475687058597799250e-03
-2.368033109694689387e-03
2.245590589908452728e-02
-2.978333534478094791e-02
-2.364781649782665696e-02
2.334680537790134736e-02
-2.385915218918821523e-02
7.040364134928367434e-03
-6.693276606814357876e-02
3.264138209640643495e-02
1.965859435093619823e-02
-6.634699186452230890e-02
-5.967868043132540379e-02
8.850594804996836373e-02
-3.010610789481305005e-02
4.568553350830839577e-02
-7.563255798426338217e-02
7.879829268038385237e-02
-6.732432380503539093e-02
-5.090614604645882224e-03
-5.637648504661019189e-02
-4.268188012553020272e-02
2.388409270245839267e-02
-3.828833381989094065e-02
-5.049922117581839842e-02
7.643556885939339907e-02
3.448167942130098140e-03
-4.058752373754526133e-03
4.900392081476345751e-02
6.690326783474498384e-02
-1.207411508340383577e-02
-4.565887988810546361e-02
4.632598527338238625e-02
-5.775644706200244727e-02
-3.044352218545043343e-03
-9.459495302621689916e-03
2.003298980478351865e-03
1.300563144355804113e-02
-3.083399308779899428e-02
3.364353954411658520e-02
-2.845274961349097964e-02
-5.216428546452878123e-03
1.259715676876016488e-02
3.506637821241298525e-02
-1.873649355214812573e-02
4.346200140617728636e-02
1.335161476869339836e-02
4.752626596093900702e-02
1.220638397827844557e-02
5.030598683710474361e-02
4.291195034499795113e-02
-8.148133726297857038e-04
4.108582010895567294e-02
-1.137574524688034217e-02
4.373695643387431886e-02
7.594213248106829184e-03
7.078844276004536695e-02
2.681016223752941130e-03
1.653255566475175797e-02
-1.031889039796229923e-02
8.706997344738831579e-02
9.046735678745143616e-03
8.126226765312050127e-02
6.700554345452003346e-02
1.479299156138331739e-01
6.886521659908773074e-02
8.197581435769940583e-02
7.922327570828979759e-02
-1.058284944336349565e-01
-5.075247649823433349e-02
-1.539358657919986939e-03
-4.072906166784573401e-02
-6.133189629885960059e-02
-3.728182037627059131e-02
-3.723662289168316875e-03
-1.150492668609048863e-02
2.555973487980045533e-02
1.622450016570020637e-02
-5.327026783609900562e-02
7.720668239546712996e-02
7.118079618297157296e-02
1.325239354926877056e-02
1.006821278472802561e-02
4.034820947265416180e-02
3.874718750542083257e-02
3.183622419569576145e-02
1.480742407612645195e-02
7.977459721119473102e-02
7.138446871418735462e-02
-1.784389517543472081e-02
-8.179588389586212038e-02
-2.901098681204739016e-02
7.950440780339462776e-03
1.310870229670668685e-02
1.261078001873738863e-02
-5.794677297876438260e-02
4.404035105107562131e-03
-3.037861149597187449e-02
-2.343507087212426399e-03
3.403110637658635085e-03
7.224886456705270632e-03
2.062311611711509229e-02
-2.363911178964706039e-02
-5.445131764370891858e-03
-2.337355027075949110e-02
1.128713382150658973e-02
3.930368440110854067e-03
-7.774890641619069953e-03
-3.173201834471806038e-02
1.113267730290035118e-02
1.677283270043128383e-02
7.017511482860783190e-04
-7.625969811807298271e-03
1.935397611493927528e-02
1.006701472491977611e-02
-3.887209502740773814e-02
1.162248463828019496e-02
-9.529636513248451735e-03
3.594987415563322131e-02
1.479005539412003856e-02
2.950036897376939748e-03
-2.192166964849251443e-02
5.925685687965742687e-02
8.403721940903885468e-04
-2.743513733984181968e-02
1.784154587392849933e-02
5.184067271290349055e-02
-1.614294394720161563e-02
4.253967866350016891e-03
8.692690012271686584e-03
2.197180679464327824e-02
-1.620301563853265847e-02
6.468978353178389540e-03
-1.565355947701618788e-02
2.761866379286859186e-02
-1.159247689928344371e-02
4.858765318278557288e-03
5.591031949938107815e-02
-5.082870634809522059e-02
-8.173389327011637562e-02
1.209865737876492098e-01
-3.436820310961152813e-03
-4.655421851518681819e-03
-2.268500450960519998e-02
3.861562367197324264e-02
-5.065201076165148919e-03
6.246928216167235703e-02
4.625266832055885402e-03
-1.853556957470914313e-03
-4.693604809431040081e-03
1.071904911315701980e-02
1.993509679727001327e-02
2.191996693483089231e-02
1.464983487237470072e-02
-1.098994075409587268e-02
-2.178300060797333515e-02
3.414377487369613107e-04
-6.295121174068274428e-03
7.373354351916638905e-02
-3.178859610771489486e-02
-8.536666352853217177e-03
4.184337536048987616e-02
1.095006215669469540e-02
-3.646376264460737815e-03
1.298567677961193212e-02
-8.154155620051284359e-03
-8.686503821677238335e-03
-9.635026126840973149e-03
-1.517331448981629194e-02
5.125045301937936060e-02
-1.075504812579852754e-02
-4.369409745307484272e-02
1.668418701128260295e-02
-1.840041627682653669e-02
1.589050669970371032e-02
-1.358761448528156279e-02
5.484274092067753514e-03
-6.624600179966577684e-03
-4.515094538631592158e-02
5.833723859340000928e-03
-2.394160672782197352e-02
-1.342764451004185844e-02
-2.035011272286757489e-02
-1.247701946301615905e-02
-2.102618634157771282e-02
3.806169678879811613e-03
5.925181213242591838e-03
-2.120714236184317869e-02
-4.565123475352583782e-02
-3.988950025388682263e-04
-4.409065288155633588e-02
1.508459121790339807e-02
4.466354931659477501e-02
-4.833760446398471800e-02
1.280458849221988160e-02
-4.712162135390318696e-02
-1.522696525155975422e-02
-2.516563701528307107e-02
6.020256174651117398e-02
-1.128655354325669435e-02
-8.360025210084831571e-03
-1.203978192314569817e-02
-3.597199071287082717e-03
5.655231456809217683e-02
-5.799243687911315170e-02
1.696227020253604501e-02
-7.317783814784828422e-02
-2.538894460502216788e-02
1.099537761445068540e-02
5.713619737763830919e-02
-7.763558494103106611e-02
1.531920887804694154e-01
-1.095250093215134335e-01
1.579127449579578180e-01
-3.638339555638592238e-02
5.640336619669916729e-02
2.928969404847037161e-02
3.937680919836306082e-02
-5.733870376745553443e-03
-1.158121031803660550e-02
4.397684354165698473e-02
3.149968511592438070e-02
4.244138950578024705e-02
4.877258143769824805e-02
2.301663539446208162e-02
-2.182607227912636283e-02
3.125548295851032776e-02
3.240623353905736082e-02
4.742063704720100858e-02
3.737868705384306267e-02
-2.452724933752126191e-02
-1.808199212282035617e-02
2.487993156710155418e-02
-4.343561657304340073e-02
1.844296505472575731e-02
-2.859059765461990921e-02
-7.406253893051495396e-03
-1.375369734868758798e-02
2.672090741059385266e-02
-9.175403849470242790e-03
6.137591991986601769e-02
-5.195198848826132476e-02
1.929404186654171127e-02
-1.520127168005425133e-02
-2.723044094765647571e-03
-2.674562725596629775e-02
3.315067880591815452e-02
-4.010949023644627687e-02
6.394123958873620950e-03
-3.934202476341930321e-02
1.979217081587059113e-02
4.397152349353561362e-04
2.178931992846511179e-02
-7.931995854729745332e-02
2.502865535452336587e-02
9.686092214344910190e-04
-1.593126381275222769e-02
1.512189763263860343e-02
9.462849275592155607e-03
-1.727278574048973780e-02
2.409232454761411901e-02
-3.868680237255439636e-02
-2.518741037770233504e-02
5.424756055168700186e-02
-1.252534139419658743e-02
-2.968259151834518050e-02
-4.187007481464721792e-03
-2.384455324979750657e-02
1.041567774756613218e-02
-2.102235015177011945e-02
-1.292680362161702234e-02
2.359081609402879920e-02
8.819013351189397554e-03
-9.525348299791769335e-02
3.144049855053143716e-02
-1.296877190815060032e-03
-4.341523029829374991e-03
-2.484891470493888477e-02
7.099686779742153675e-03
4.105382785319333649e-02
-4.373281048030586149e-02
-1.832371010192668237e-02
-3.474400993016413253e-02
1.245152748489397609e-02
2.407947473561877771e-02
7.920725014281426724e-03
-3.375237980888057265e-02
4.522519332697161332e-02
-9.605926631994332610e-03
-8.892664356659363278e-03
5.868912568431916554e-03
2.911942703506520402e-02
-1.364973435171767946e-02
-5.382492610276878864e-02
4.642654809349444633e-02
1.365122425494793568e-01
-1.036967541905493562e-01
-9.181738599286060065e-03
-9.413934807086299372e-03
2.410301544570980781e-02
-2.843559674676887639e-02
-5.007559285023299722e-02
-4.513841911042737465e-02
8.661615584640713905e-02
-6.829869168216706754e-03
-3.914706195964212654e-02
-2.325691824913356243e-02
-2.158698149762994234e-03
6.420148942392334135e-02
8.718061364293205884e-03
-4.291394773161094633e-02
-1.866398441282779430e-03
-2.075778254868776429e-02
1.455093612609426046e-02
-6.791100279885053936e-03
1.734512102737317818e-02
-1.055828436683947658e-02
-2.976486097316355384e-02
1.312793584696914095e-02
2.309183474287834770e-02
-2.515886701893332855e-02
3.186812108602676830e-02
2.494884138176001187e-03
-4.336744290937444291e-02
3.925889168862850553e-02
4.927940427738874973e-02
-2.539317827626952351e-02
2.665386567316874178e-02
1.950928089611503324e-02
-1.517366452538793098e-02
1.964908007367016651e-02
5.209343388363629757e-02
-6.674262326736313256e-02
1.516376552896172569e-01
-1.999675554475333072e-02
4.645599862175142647e-02
6.124198728046348350e-02
2.077711472061016806e-02
8.258990690713785554e-02
-1.266407431612792678e-02
3.369365187902273462e-02
3.567239909192743141e-02
3.637230201057350953e-02
-4.038469232451991076e-02
5.049450481148065606e-02
-1.198289667730367825e-02
4.908670021673477990e-02
7.334841128499225427e-02
-4.450651614957834568e-02
4.824849632616245998e-02
6.899083220439439224e-02
9.284718691137472391e-02
4.968688894772865794e-02
8.455008023497878611e-02
7.558146909698226779e-02
-1.772768925167478304e-01
2.253414032863585437e-01
1.135623685297393326e-01
-1.759675675807215178e-02
-2.587353270717374087e-02
-5.212284676466594213e-02
-1.200042358625008632e-02
-8.320219942422379944e-03
-5.265371080322545083e-03
-6.807638622698153341e-02
-2.419174859511175057e-02
-2.412851331266718802e-02
-6.354711870921958550e-02
-5.178526036635600072e-02
-7.977966123408997134e-02
-8.383681974250856150e-02
-5.854431242334157126e-02
1.630456707232297298e-02
1.009817239501642483e-02
6.334801759290020762e-02
-4.981314670230019281e-02
-1.440039807061666011e-02
-1.459107118926805668e-02
-4.102063262642730024e-03
-1.791521169228538213e-02
-8.248903541103969062e-02
-3.855014775496456991e-02
5.722432386852993602e-03
-5.367178355219204278e-02
2.806632401308251090e-02
2.382445533482124844e-02
1.617587940412246184e-02
3.133825353813524117e-02
1.737865842504016101e-02
-1.144537699030756528e-02
-1.043369099647994958e-02
-5.361605808745650847e-02
8.192995487310872349e-02
-5.490273132490841590e-03
9.901139519916668519e-03
4.261797371914255450e-02
-7.748957391332300659e-03
2.587297006260147469e-03
-2.807679630473325361e-02
-3.002127874701177035e-02
5.060469440265125129e-02
-2.761305753299891919e-02
3.721333407481397515e-02
-9.626242241279392431e-03
-6.219335031173223172e-03
-5.150255160937167176e-02
7.200101039088613319e-02
-5.414824648115912353e-02
-3.386057465802849720e-02
-4.492354935220266299e-02
4.178848259044842806e-02
-1.621144552554287799e-02
1.340465920047506643e-02
-6.471304140796885207e-02
2.528191594751350024e-02
2.294731999323396110e-03
-1.184353902691537286e-02
-1.296433464365875921e-01
2.642449973594063195e-02
-3.220408785790329631e-03
-1.741516335366455337e-02
-8.242674247738346338e-02
3.376762887314699313e-02
2.562951634750554319e-02
-2.487591348770967770e-02
-1.583149446499416690e-01
5.456338840442098714e-02
-7.885994091054948640e-02
4.278368416064992630e-03
1.088661950243352550e-02
-1.282493849674004593e-02
2.737438030421035506e-03
-2.045813945729157979e-02
-6.156908196063248795e-02
1.214102065371536199e-02
1.542625085471538426e-02
-2.081947763160796327e-02
-4.736026525830805411e-02
-6.816763965807037806e-02
3.810051733886909986e-02
-5.007388797749712239e-02
-1.310271850443367470e-02
6.508919665425905166e-02
5.170240594804109691e-02
-4.091342281393872682e-02
-1.088144456265291993e-01
6.701750055815214324e-02
-8.166388152185177773e-03
4.153101452124996484e-03
-5.541786134815263054e-02
2.016052083509434212e-02
7.903673866911153922e-02
-1.014141215502775140e-01
-9.063935087355812215e-03
-1.042673973834653545e-01
3.239160203241286951e-02
-3.093799601063818017e-03
-1.468828119757947803e-01
8.373601016711296197e-02
-2.511629136514592631e-02
4.042514959585341572e-02
-1.579591097937309563e-01
4.179401201957988476e-02
2.140658820279517371e-02
-3.371593061941213776e-02
2.141230420593709383e-02
-2.991769878027472629e-02
6.606089221591515681e-02
-6.734376674668585139e-03
-2.522503368007855684e-02
-2.206508759548864163e-02
4.053134080041864706e-02
2.922490266346233767e-02
-2.014922895296322736e-02
5.699930891722626569e-02
6.250135107751741970e-03
5.867697768167445815e-02
-3.990300931450896371e-02
8.391798607670697407e-02
-2.499952010336237151e-02
-5.549295205161186573e-02
-4.391974538697773767e-03
2.227768764221327302e-02
3.781493776024902331e-02
2.415279792861824149e-02
-3.971430970091560653e-03
-2.701327324813984632e-02
-1.551732255737903188e-03
5.823260182382483663e-02
1.504211468800331630e-02
2.112072846011781024e-02
-4.957898206503141836e-02
-2.644470043564073336e-02
-5.603671203687010660e-02
2.202246443954614108e-02
-1.197080427410845971e-04
-5.345091253731393266e-02
3.286169305000807839e-03
-2.196408538573013658e-02
3.305991143518527409e-02
5.842832477133619307e-02
-1.475760247819430937e-01
5.473693236602894530e-02
2.556917724243712442e-02
3.144930469655937699e-02
-9.531102559687809617e-03
-4.146525120116795193e-02
7.331975708209137466e-02
-3.547718025782087281e-02
-2.666198297126953776e-02
-1.792295735450988303e-02
6.064676479903097217e-02
2.848548776658965664e-03
-8.150207096755668346e-02
4.447862060953022834e-02
-6.655696550752354668e-02
4.257208174441995396e-02
-2.254153254582114130e-02
-2.329623779757872271e-02
1.026782678728022091e-02
9.765709627950425187e-03
-1.236066721735227247e-01
5.504104038172252800e-02
-2.146912110563725662e-02
7.438511543677739368e-02
-4.247876406006678707e-02
9.672845251456063664e-02
-2.924090516368549331e-02
4.687258775202529648e-02
-8.346973761200660036e-02
9.671987094032408194e-02
-6.754679831975263227e-02
2.836791463184384909e-02
-3.501123326763622146e-02
3.094561218712099659e-02
-1.665035976400996987e-02
8.896369485349397976e-02
-5.242420618944976241e-06
4.301428216192260123e-02
4.611795298523624353e-04
4.311838699336867364e-02
7.447114700699186685e-02
-3.657379382892278485e-02
8.910901495083711765e-02
4.898060153016725593e-02
1.180115795913483367e-02
3.106820557326983590e-02
-1.705000337900086649e-02
-5.506246591625574283e-02
5.296636793658793252e-02
7.071950501400969813e-02
-6.354232628656086845e-03
3.236382660785652732e-02
-1.900013423598112539e-02
6.484030061877144036e-02
-2.281974536596886871e-02
2.526201969723018692e-02
1.037212808953276166e-01
2.314521640939526392e-02
4.004793345998614029e-02
-1.788794434951235246e-02
-7.192726801809490311e-02
-4.256174309410809542e-02
1.319727339994245519e-01
9.174830123578070484e-02
-5.605604174834355469e-02
-4.951640793819134245e-02
-2.944915001128678433e-02
-1.073296155652356809e-01
-8.410302527118496130e-03
-1.516053285925300642e-02
-5.255964179958860782e-02
-4.966670022340613500e-02
3.107962792754737080e-02
-3.612558132673582278e-03
-1.309648158531282469e-01
-1.348654980414387694e-02
5.285229808969416077e-02
-2.044465186491706277e-02
4.745809194751871019e-03
-9.586031490182334025e-03
1.920362640625761230e-02
2.450411954521247715e-02
7.054497328251430055e-02
-2.046125494029515934e-02
-9.867540072730052181e-02
6.939177121051498531e-02
-3.236635110322394482e-02
2.246835241484701484e-02
6.106112514516714995e-02
-2.261155233754363891e-02
5.207398542965124832e-02
-1.392395740065710541e-02
1.441551880049285472e-02
-2.587874673860124375e-03
1.114640831891438033e-01
-5.546406901713663018e-02
-3.488314257882185743e-02
1.511424351660339838e-02
-4.742551542475936799e-02
1.696636079267799246e-02
-2.526796224153660120e-02
2.436312118940797689e-03
4.559193018070839543e-03
1.299552462488895443e-02
1.048202151712640529e-03
1.159651876669443027e-03
1.943248371010497522e-02
2.965406890676014484e-02
-1.454792129989224136e-02
-4.599729915591765916e-03
-1.530379837275175348e-02
-4.598028108525342716e-02
-1.354298594581848647e-02
4.385519705989526784e-02
-6.340139084360885136e-02
8.996436751429781609e-02
1.102101134445154784e-02
-4.863034151663114812e-03
-9.401110437539550446e-03
7.078192438080233018e-02
-3.855165992132159047e-02
1.122841365198379293e-02
3.395389065472365075e-02
-5.798362863486206109e-02
-1.129446238558040605e-02
2.097763030642685322e-02
4.959341090359137283e-02
-4.273545869467154645e-02
-2.987214515916392088e-02
3.847999397282153566e-02
3.159346534719720268e-02
-2.726675723783733574e-02
-1.090671783732579669e-01
5.266785938346307816e-02
6.806330533155202644e-02
-7.522392466022731483e-02
-5.515743891468760651e-02
-1.511751476767830837e-02
-7.821672662073897442e-03
-4.851270170798116510e-03
-6.862907852564603672e-03
-1.706539465601242256e-02
7.892625193877123024e-04
-2.684050538002136221e-02
-3.996017348376090794e-02
1.158403507498517726e-02
-4.938660007283868225e-02
3.747652113362631709e-02
-2.612917284592874978e-02
2.376010458079091947e-02
-1.373701548572325848e-02
3.409767743162106513e-02
-5.696111527295855126e-02
5.102941363973512168e-02
-1.269020432985712432e-02
-1.602942065627033230e-02
-1.209423542101362159e-02
3.570324075053266100e-02
2.678142685429696357e-02
-1.100131270347137757e-02
1.183380108589071611e-02
-7.948167710826314902e-02
1.207392586606497176e-01
-3.767119592063483680e-02
4.186983445439151907e-02
-2.375157151267570654e-02
2.576225392302200490e-02
-3.599877526071715295e-03
3.379865178623209232e-03
3.188813839112558668e-02
6.005981302568574876e-02
-3.056564894328817061e-02
-2.201082735947545999e-02
2.405548396469470163e-02
6.667511956655625127e-02
-3.044695554440934870e-02
3.103439306512312257e-02
-4.932589440107548739e-02
4.359065655546023876e-02
1.022883260075468925e-02
9.022138666626489112e-03
-5.326279776786346787e-03
2.178732813325634510e-02
7.150218664337071317e-03
-2.418119882326097425e-02
7.902010722159680256e-03
-2.461931428792007992e-02
6.375464635802297053e-02
-3.934716040406582849e-02
5.797970015380782272e-02
1.783681285130356287e-02
3.828390642746537509e-03
-6.512859013668048647e-03
-4.673722395266799445e-02
4.503595491434841946e-02
-3.346592090699140876e-02
-1.987163961168270099e-02
4.156165342867179646e-02
-2.520130478712401256e-02
2.931439365889887405e-02
-3.274433173154056576e-02
-9.642487296702473287e-03
1.927755413658482908e-02
-2.395569186743173873e-02
-2.368280852867199471e-02
1.377056820775046653e-02
1.403630552958179400e-02
-8.334416616892381668e-03
1.488269491744209638e-02
3.176842436943294601e-02
1.476880550728632002e-02
4.701357989592169773e-02
2.988518629585712461e-02
7.624820433603973768e-02
3.657613813233506761e-02
4.732973226817582812e-02
1.574592792815265874e-02
3.779782070279202877e-02
4.207901563317317795e-02
7.516039938660701303e-02
2.662550237333971559e-02
-1.816648561440457055e-01
-7.014060468623295463e-02
-7.795283455312351784e-02
1.788889379892166787e-02
3.049359502879145367e-02
1.951104352996013702e-02
-6.012551938326282652e-03
2.084094818569259822e-02
4.947779669414020809e-02
2.199421627528574952e-02
1.357804564393649827e-02
-3.446385304614629774e-02
-7.707602937177981950e-02
-1.750315588829698399e-02
1.056334054898799835e-02
-2.065877523445225350e-03
4.707534466508223048e-02
-1.635717812557224704e-02
-5.639172454403995616e-02
-3.721884472870495841e-02
3.321797362124367936e-02
-1.332853245328635694e-02
8.047441691318946155e-02
1.145711258264614507e-01
3.071533074832633048e-02
1.777590145622820472e-02
-1.239626482136513275e-01
-1.021320702437122918e-02
4.001692439545045943e-02
3.145575031275882338e-03
4.345965401956020102e-02
1.171429902089959896e-02
-1.596912173747488950e-02
-3.560546055947710897e-02
-5.821970830849565459e-03
-5.494276458376301520e-03
-2.661025353412460603e-02
9.178996744777734307e-03
2.302553380446781262e-02
-5.251480754642390281e-02
-2.639581262071244439e-02
1.942033818594079975e-02
-1.117290632718814791e-02
1.713488490840386902e-02
5.150502841475557148e-04
-2.328892504928514740e-02
2.175934040128302271e-02
1.062347087654336164e-02
-2.054133477859476642e-02
2.644708105212778548e-03
2.149011086150665051e-02
3.879766887552227317e-02
-1.311771315898324630e-02
-1.140558664217561358e-02
-1.046222347584047085e-02
2.778910982480109482e-02
1.609206403873209013e-02
3.987076061587391251e-02
1.123466292723751536e-02
-2.240030949439164587e-02
1.846409971180174026e-02
-4.187357913864575565e-02
-3.164380912083597508e-02
2.286111618040065352e-02
3.062732165509407523e-02
-8.685895091135797941e-02
1.072982566959490569e-02
-6.980258767108615814e-04
6.525920542209995290e-02
-2.816621896472248920e-02
-1.343624611714844264e-02
3.116787017729061304e-02
-7.011828632725425337e-03
-8.214033872007364678e-02
4.151346188192173159e-02
3.710791436964155920e-02
-1.753173676877128884e-02
-2.287113447337008054e-02
-1.097471464218058301e-02
-1.385256598595319133e-02
5.508313582973123346e-02
-7.243189271582739508e-03
-6.810759099485697021e-02
3.582898152901448086e-02
-6.203753815730017607e-03
-1.144732366565293091e-02
-1.313562434803872137e-02
-5.308697770801451554e-03
1.809165745409258008e-02
1.178754747380494905e-03
-3.509792867565808550e-02
4.599479986367649431e-02
-6.006861890999770637e-02
-4.247029955433534454e-02
4.135848840462186260e-02
-3.953055835053032041e-02
1.724885615969329322e-02
1.073580492652803642e-02
1.701445736431361766e-02
-9.865849880152932627e-03
-2.086065098582334798e-03
-5.228322271267415999e-02
3.394625934083350671e-03
-2.998228211244180486e-02
7.868852373649959375e-02
-5.730460889021760096e-02
-2.176465978023278680e-02
8.461968989695023424e-02
-1.707838578000986374e-02
-4.289372975617489203e-02
-2.431628376325711827e-02
7.337039653160060126e-02
4.225582791914650471e-03
-6.513770403474383741e-02
4.882382346940605800e-03
1.630912385456007030e-02
5.437236427962677254e-03
-3.098834943678951959e-02
7.444378052139821733e-03
-1.980523986150739546e-02
8.131701003762703550e-02
-2.209184553320131528e-02
-1.009834707284706923e-02
-9.162943865490547068e-03
1.107941991432070949e-02
-5.483632536889571085e-02
-5.972513762699227513e-02
2.183822394426471192e-02
3.356596074681617026e-02
-2.764534654024997096e-02
-1.154526362815655460e-02
-1.123898229452358066e-03
1.272148274221995834e-02
1.619401558996358403e-02
-6.523535581571904274e-02
1.514620492876872504e-03
5.007881238060729601e-03
-3.995866161654149096e-03
-2.827793858890093048e-02
1.594332274975140962e-02
5.801131635967937683e-02
-7.232275326337234134e-02
4.284140072135489419e-02
5.341850188765207008e-03
4.287312316968039383e-02
-4.129761935105058512e-02
7.665180592671605453e-02
-2.514261376800863701e-02
-5.029059702844485003e-02
-3.777012334647888991e-02
5.618691365262495907e-02
1.153156591888349070e-02
5.537994551448655045e-03
-1.117616670929955092e-02
-5.447629799311126675e-03
1.435795688773433554e-02
-2.983118939697737559e-02
1.898261907904386092e-02
-4.059625358596585798e-02
1.147143386775253404e-01
-5.428426961146648466e-02
4.626131234135577586e-04
-3.149899284240920139e-03
-2.811233369636889634e-02
2.093731540486443166e-02
-9.646903243331506062e-02
-2.043933106383821752e-02
-3.310359759600522978e-02
6.241475513642180672e-02
1.656961560097602870e-02
-6.734299655364139880e-02
-5.391675763311054581e-02
8.812902753257745303e-03
1.390886348932607319e-02
-6.802804304919840561e-02
4.040835158585798226e-02
5.086987767528672322e-02
-4.281098159498597511e-02
8.626320227096861970e-03
1.646437384814758431e-02
-1.128694493130932841e-02
-2.545581261749729762e-02
1.924807928177951766e-03
-2.308953663321489103e-02
8.370521829585175766e-02
-2.303609013963558994e-02
-1.696393149221409047e-02
3.183423371250304612e-02
5.127213822875287264e-02
-1.264552625160098032e-01
-2.490428220627416422e-02
2.276650142760194839e-02
8.236421818435912812e-02
-2.461935941042403542e-02
-7.224218008976146521e-02
4.262326172227837162e-02
2.649037427962452895e-02
-3.971308232944892325e-02
-7.555153858936369815e-02
6.337185498043451659e-02
1.949237606953513335e-02
-6.049445284806109768e-02
6.906184622041955379e-03
-7.143522427235815542e-03
6.751959976632981864e-02
-5.831253651858148146e-02
-4.943347161545075252e-02
9.596135532878502516e-02
2.176983224516471083e-02
5.157860587966078825e-02
-3.520796426103167676e-02
5.638513512099985192e-02
3.130236908329031564e-02
-4.482923087031132070e-03
-1.097283530784638472e-01
4.818711863268410056e-02
-1.454672347080077088e-03
4.825305386446565592e-02
-1.059369438592603352e-01
3.764060849967210132e-02
8.813043487762728390e-02
-9.490242860089193044e-02
-1.152295007693959761e-02
9.813918973364366138e-03
6.655555588629180619e-03
-1.707717981773715366e-03
-3.273125851402713948e-03
2.775381711284952146e-02
-3.986348841649167696e-04
1.899879154550232485e-02
-5.386365114866409343e-02
-1.007458276260475571e-02
1.213321862678977681e-01
-9.047345231035830437e-02
-3.949518997452194924e-02
-2.362814958855530278e-02
6.213247018738021765e-02
-2.588296256474986734e-02
-9.356235368542931141e-02
9.866782553260122768e-03
-1.631647161578708705e-03
4.302843036925052544e-02
-7.478779547199065902e-02
2.574308969074623477e-02
-9.236504385201627088e-05
-1.784700514127735005e-02
-8.173958608189968444e-02
5.618944206707920941e-02
-3.432158243782934548e-02
-3.121684592832796312e-02
-6.168889872797977958e-02
6.697735450798525392e-02
2.658696522186998479e-02
-3.891439721671430263e-02
-3.818718985120606035e-02
1.859737118190496474e-02
5.964130354110874777e-02
-4.030378991865735117e-02
-2.034784403654121832e-02
-8.816281992913399534e-03
6.683040759471436942e-02
-4.004381961542957669e-02
-5.601942019699990283e-03
2.612579683978610845e-02
3.600764880304607729e-02
-2.677751593735289148e-02
-6.728311947613940802e-02
6.537608929837857019e-02
-3.610978207113868521e-02
1.751034030738729541e-03
-5.751419000046409380e-02
4.343550277613150712e-02
2.852768040610742517e-02
-3.404395823212391647e-02
-4.440561044088298104e-02
3.867444990574586683e-02
-1.639843616850500396e-02
1.858099561617931883e-02
3.200133512945013692e-02
4.428416291669812210e-02
-1.521143898848853482e-02
5.459639671244298498e-02
4.497494261565160301e-02
3.709902191196867705e-02
-2.974019867180910381e-02
8.360538555393404181e-02
1.966771105946873988e-02
-4.086612224598340504e-02
3.494714656441599843e-02
5.409523574627872478e-02
-2.135484090268446877e-02
-2.482079110316082193e-02
2.695542979305010078e-02
2.589052018882664896e-02
-5.358302343018372937e-03
2.926155521131734716e-02
2.364872285704144872e-02
-5.071513170814956339e-02
8.244738998803846641e-02
-1.946354271046302209e-02
4.060483843652362701e-02
6.089401242461289776e-02
-8.208585016625558062e-02
5.557813000060396469e-02
4.626606269237698577e-02
4.730044709282221760e-02
4.146455666992387989e-02
9.448847187668141245e-02
3.182694330270186001e-02
4.597447269185961360e-02
1.112038971003568300e-01
-2.041069311563823430e-01
-7.197825330226015339e-02
-8.476122655081019808e-02
-4.548006255309999801e-02
-2.710465551290308639e-02
-7.238343294019067287e-03
-4.200293567302137987e-02
-6.020972790377498995e-02
-1.014942573967791972e-02
-1.372810622026787719e-02
-8.160246525114711602e-03
3.068349360555111538e-02
-2.497244657573727267e-02
-1.302571559371834553e-02
-6.558471208913285722e-03
-4.518522400424762608e-02
-1.830486381694518272e-02
-3.611976533197358563e-02
-4.351253428688028890e-03
-3.206716991561853192e-02
1.598057896449356363e-02
-2.929775543190960008e-02
-4.249473918593427157e-03
2.501854411795445543e-02
-4.617559143903315899e-02
-1.600762064716310107e-02
-4.352632904409237113e-03
-8.659022553150208523e-04
-2.827439179780188994e-02
5.755438908634857853e-02
-4.820082966544747549e-02
-4.081187684646181424e-02
5.236596075038324472e-02
7.948088213702853011e-04
-2.705610830872418049e-02
-2.015641675829682455e-02
1.538408835412052866e-02
8.953640502002535584e-03
-7.338880533877301104e-02
4.034875715027474996e-03
1.971809063785645577e-02
-4.219431939242657137e-02
-4.291304269697970852e-02
-1.090660518406094681e-02
6.185523085151967138e-03
-2.272967423172511658e-02
-3.032701201984888684e-02
3.619799228755171683e-02
-4.243602623972142496e-02
-1.934272002086201425e-02
-1.284995703808933243e-02
3.197185499215215998e-02
2.202971464151826098e-03
-5.334576228998955116e-02
-3.869734092529775182e-02
3.552071462735417740e-02
3.363736633061709114e-02
-4.601033629775441725e-02
-8.600236495249991009e-02
7.052344526733156371e-02
1.814492843818227286e-02
-2.958585122017520774e-03
-1.211358059922327257e-01
1.426171216095095673e-02
7.554522842046340614e-02
-2.264665907307517045e-02
-7.365305323853155173e-02
2.181162267528957699e-02
2.173285587819595577e-02
-4.171918561353393784e-02
-8.620789044573839988e-02
-7.050400235332077159e-02
1.416913577093827925e-01
-3.945503125631555363e-02
1.754889508109336305e-02
1.241100899128300128e-02
7.453283657004750040e-02
-5.140554127735086354e-02
-7.954060003170271287e-02
7.747565407123202519e-02
3.139006609261363323e-02
-4.708661734218688721e-02
-4.375482726832480296e-02
2.498825294149931153e-02
4.314035317569198114e-02
-4.739862336564959477e-02
-7.295167400554536385e-02
8.268019622628353105e-02
2.681341649820634387e-02
-1.441007842909236558e-03
-5.720905977999368730e-02
-8.814687559125733429e-03
-4.743394171084114319e-02
-3.053918066968996925e-02
-3.068361350104620300e-02
9.032061804072899491e-03
5.370833657501750125e-02
-1.659369373652630486e-03
-4.656037506796772973e-02
-1.728458625857864916e-02
7.577358079600937657e-02
-4.776800804499981012e-02
-1.158178085098748866e-02
-1.912680590815440951e-02
-2.549322595413183734e-02
-8.906852441165247214e-02
-2.910377497197469410e-02
-7.851536543381776312e-04
2.300403178914622870e-02
6.376838739951651291e-03
-5.959706182152491039e-02
2.316548708962118397e-02
3.674668696996929995e-02
-1.679639719580183765e-02
-1.831045075096682240e-02
1.876435573441437299e-02
1.499576995098435006e-01
1.477459551738391497e-02
-7.605211252870702765e-02
7.796407713383057825e-02
5.569800975508920615e-02
6.183601456410947605e-03
-9.550258772940356522e-02
5.452691436614420795e-02
6.281606331161349033e-02
5.797900313322834620e-03
-4.431544585489266552e-02
7.029141057567445117e-02
3.247437052415280689e-02
-1.347069847473125748e-03
-1.085277801740636150e-02
-1.831461489373920060e-02
7.531324551562335046e-02
-9.874297925807073995e-03
-7.345403607206257846e-03
1.305740699862090182e-02
6.323110675082954657e-03
-3.518018430765357252e-02
9.080896722259534926e-03
-2.731309368553169747e-02
1.143523291473607095e-01
-6.490357518704881201e-02
-3.740742482264014512e-02
4.797059939545844642e-02
9.444323657561559671e-02
-6.795236812075833299e-02
1.527901749666327191e-02
-3.748624767072383790e-02
7.914017493777336654e-02
-3.614993173124236847e-02
-4.333696318529911551e-02
3.040955756893914952e-02
-1.269433922945761850e-02
7.000560486992224440e-02
-1.016562173875197317e-01
3.637028527322083704e-02
1.291585728172783831e-03
1.349905543166096678e-02
-2.834634081568898623e-02
5.884904507793597972e-02
8.119187038574171567e-03
-5.513702226678152130e-02
4.380111007034948045e-03
-8.699522679565863115e-03
2.677104409065478308e-02
-6.146130862104337567e-02
-3.328070893133361352e-03
-3.857574357435922252e-02
5.851282866202689448e-02
-1.057367369244386346e-01
-1.828112736496345647e-02
6.215369899463585313e-03
-2.950726624479216298e-02
2.716571705525261393e-02
-8.090372429510939156e-02
5.720598451914549187e-02
3.602108691257788209e-02
1.411657415122924419e-02
-4.516271029965812644e-02
7.957702195458793426e-02
4.780432791933897363e-02
1.809826672393288760e-02
-5.693631942680887903e-02
6.066132009403313319e-02
-1.974099803617068716e-02
-1.188133150631953683e-02
1.143476463043935354e-02
-6.354339764951255631e-04
6.274690456352471912e-02
1.867158105828714554e-02
6.577724220748315531e-03
-4.479620174528298193e-02
-1.835615354339736882e-03
2.817196261802035195e-02
2.613528036710555114e-03
2.207293026938783598e-02
5.626449080226203492e-02
2.755740014283158956e-02
4.322591853255453032e-02
1.225193743395003310e-02
9.484408834490754003e-02
1.531723117833516667e-02
4.329539508544000270e-02
6.394067907069800327e-02
6.175692047060055145e-02
-5.652604598432908745e-02
1.665256053792418811e-03
4.743313244121205585e-02
-8.482543690894628341e-03
-7.394281950957148908e-02
8.215225269577075551e-03
8.401795007121570791e-03
6.524192208264367743e-02
-3.614308616143979691e-03
5.363670249386665034e-03
3.582314672502251440e-02
5.276225682854862598e-02
2.569705864850035937e-02
-2.981568739723750028e-02
2.267888683203445055e-02
3.658929173256542100e-02
-1.801538256056867127e-02
6.061270894046399960e-02
-6.094552264054664548e-02
1.411011670866546552e-02
2.957681137041134889e-02
1.015090417565733816e-02
3.126036930277908965e-03
6.332982032761957925e-02
1.869356187477366760e-02
1.234213722349508657e-02
4.461296411800752537e-02
2.307549120239293927e-02
6.848745727665850325e-02
-2.082857595856957289e-02
2.249074404976969532e-02
6.071094236441343384e-02
-2.452390266349180337e-02
1.756514138570164363e-02
3.143823884922181122e-02
-5.603415442117398726e-03
3.005717878110347741e-02
8.397162062618868106e-04
-3.437166654634848939e-02
4.503197997948582554e-02
2.597454999867720993e-02
-4.478808820865154416e-03
2.349695050207922797e-02
4.008233703363872635e-02
4.712504950121254588e-02
4.114014877496341427e-02
-4.486729625841068270e-04
6.549076427250910548e-02
2.342106405927446566e-02
4.526740509968285586e-02
4.546252368694414514e-02
5.951597863116786513e-02
-3.706340033735600059e-03
5.546352874588134085e-02
4.515774219430390701e-02
3.556010176648349841e-02
4.216171380377398137e-02
7.655450246977357764e-02
5.547352922512960305e-03
5.964804336158158193e-02
8.407955285096058162e-02
6.915381442818357982e-02
7.305225448957175516e-03
7.369525013762512344e-02
1.098287457045454829e-01
1.357445020212975084e-01
