7.538380092551932421e+00
8.255792070510796776e+00
6.996584898779959261e+00
8.132735675503218076e+00
9.258195920518144106e+00
1.041784891177994155e+01
1.154382315384870594e+01
6.212211377466831941e+00
6.475970508727532327e+00
6.750199046684836723e+00
7.025213354605365446e+00
7.297040429672932760e+00
7.563707768739288184e+00
7.781989495745767371e+00
8.060702079067835868e+00
8.236383146966227642e+00
8.439443955556912513e+00
8.678333625040584920e+00
8.910831079549172529e+00
9.235553928551219371e+00
9.483022708346615204e+00
9.774565906659015369e+00
9.940325548729134653e+00
1.011942246691191194e+01
1.031720711626384812e+01
1.049757556052854923e+01
1.062723588006353026e+01
1.081239347309605847e+01
1.087728686787869492e+01
1.091638128638393113e+01
1.101745472514823732e+01
1.110309222397509110e+01
1.128094815317737698e+01
1.142336063577404737e+01
1.145668408864994348e+01
1.159169735747764740e+01
1.168534699438899516e+01
1.181220379123018382e+01
1.194624521733593170e+01
1.202071397533846131e+01
1.218596608853092000e+01
1.219888357339265106e+01
1.244073183017889583e+01
1.247349343211533501e+01
1.245352651653117348e+01
1.251536361772072681e+01
1.277141896617630046e+01
1.269601978117900032e+01
1.252776336641815291e+01
1.251541892889341945e+01
1.259736714383478606e+01
1.248582599788164949e+01
1.244159839545011259e+01
1.238414168500766088e+01
1.248043070484881945e+01
1.246028878603903856e+01
1.242226652715493529e+01
1.239370798859232359e+01
1.251037010183885023e+01
1.244635628550103235e+01
1.244128500115438030e+01
1.243022619378947446e+01
1.249105844947552235e+01
1.247983103055055487e+01
1.240882755702879336e+01
1.248762358999057653e+01
1.262170370648388662e+01
1.269214368089726186e+01
1.267031541149107454e+01
1.279302450368975741e+01
1.308341046232843041e+01
1.291413802808236433e+01
1.304107543515639733e+01
1.307541210884078353e+01
1.329721472728396670e+01
1.335151414459669361e+01
1.327574717048292108e+01
1.336869998160625883e+01
1.365382431340756675e+01
1.367739720816161153e+01
1.358284868818157065e+01
1.365301662186709564e+01
1.394785832293591099e+01
1.402286309725898228e+01
1.375762135724013824e+01
1.394358513800423616e+01
1.411371920870904972e+01
1.399473374369778789e+01
1.379280329773064828e+01
1.381994809566307758e+01
1.404884950991880999e+01
1.399021349831011740e+01
1.391258987985188789e+01
1.391409992917105676e+01
1.411569257767930807e+01
1.410004117566844783e+01
1.398780564738503251e+01
1.391212133127611850e+01
1.406975926378981079e+01
1.392661435085529753e+01
1.367338235540371727e+01
1.365234424639548294e+01
1.368809635748977449e+01
1.357978964471353756e+01
1.337755052585982263e+01
1.326683122511889934e+01
1.333637483770849208e+01
1.322278827072327978e+01
1.306212060727976798e+01
1.299323754291681965e+01
1.303324814339935145e+01
1.291780701457710734e+01
1.270630529033456391e+01
1.260877665018922222e+01
1.248345395900580357e+01
1.230900668021488187e+01
1.214004963813306404e+01
1.208340439391501597e+01
1.195881672635197468e+01
1.180548468323577893e+01
1.166690813990717146e+01
1.131386727494207278e+01
1.108894085276425123e+01
1.076961946414898819e+01
1.041855077073134161e+01
1.003978649844605187e+01
9.680113416704308804e+00
9.259302568511623477e+00
8.873937752582872207e+00
8.430037987077463768e+00
8.038460096931727250e+00
7.658873714886595963e+00
7.288637515626426477e+00
6.869108969702172551e+00
6.528901111347990671e+00
6.241436906038919652e+00
1.144733897472680084e+01
9.631971627499753552e+00
7.692408924496354494e+00
8.078576500071285693e+00
5.694744924346417214e+00
6.699674273338870556e+00
7.439613164789091293e+00
6.670910392597797944e+00
7.984050261840595297e+00
9.122419835419218970e+00
1.017662765520532275e+01
1.084826126306171901e+01
1.152770203832213625e+01
1.178185493729979250e+01
1.163559452441431930e+01
1.132998411691087526e+01
1.103822679791591987e+01
1.084806918933356279e+01
1.066291400981610948e+01
1.055254564179498011e+01
1.049784423967409275e+01
1.050469689989315469e+01
1.060267902861375866e+01
1.080966794717316226e+01
1.125971787226429122e+01
1.186152041493613041e+01
6.191464392606714995e+00
6.379897213311076953e+00
6.579476931489921299e+00
6.781041237590541115e+00
7.008420072098690667e+00
7.213444038032888805e+00
7.414182147027045922e+00
7.595534119096018166e+00
7.719675817717847721e+00
7.944124371901203574e+00
8.134702415110917073e+00
8.323755832215107731e+00
8.576712685121552937e+00
8.711747198703601924e+00
8.918447260721455550e+00
9.050785595792143923e+00
9.275022032560928054e+00
9.387334684184111211e+00
9.506118759555436171e+00
9.657039200424126335e+00
9.821998277678623879e+00
9.990304396438110857e+00
1.012933671992813522e+01
1.018917637297008127e+01
1.030240729322843940e+01
1.045017688622965224e+01
1.058722061290089123e+01
1.063797711091070752e+01
1.077863152554838955e+01
1.090747421460456934e+01
1.101258251635574226e+01
1.106829582948201818e+01
1.122048928680987956e+01
1.131715843451384096e+01
1.140713042153727308e+01
1.146944339311866834e+01
1.158508490060435570e+01
1.160056534234077219e+01
1.149898202349219467e+01
1.142616800625811280e+01
1.136736411703584970e+01
1.140032409854639894e+01
1.150738744330326213e+01
1.152798148255895150e+01
1.161463146544123148e+01
1.163072199922277861e+01
1.171423366139344679e+01
1.178159421525618455e+01
1.179633436174496275e+01
1.183573488541532548e+01
1.190538333314628616e+01
1.195996292576809239e+01
1.191994613669725744e+01
1.196299237700147344e+01
1.198450781686663369e+01
1.205958155694541567e+01
1.199907194238723918e+01
1.200806708868431194e+01
1.203381912220237737e+01
1.199226225034624704e+01
1.190240198867249788e+01
1.181730857706784121e+01
1.175916208393526929e+01
1.169306564791253322e+01
1.162438038692476816e+01
1.154680561146331286e+01
1.148792592978615801e+01
1.140055854483256503e+01
1.127224072113053843e+01
1.118126972600913227e+01
1.109389234003397284e+01
1.099848918233545270e+01
1.088201239124159869e+01
1.074358122429160289e+01
1.060973543935804919e+01
1.037499809109263715e+01
1.026757954599936618e+01
1.007006994851037973e+01
9.807043222732836796e+00
9.595122601747709368e+00
9.377600627157939073e+00
9.122076521703265328e+00
8.870511312672201498e+00
8.528812105373598129e+00
8.280105785467489099e+00
8.040601054039644424e+00
7.852865464465526912e+00
7.652651775533788836e+00
7.509348605546589894e+00
7.426742094153230056e+00
7.357446115059317115e+00
7.285170784482545514e+00
7.167272518065110454e+00
7.073841905611621073e+00
7.000736069510938187e+00
6.885521523139367162e+00
6.807121202254417192e+00
6.770069799920780618e+00
6.748532810451202124e+00
6.726222310748450894e+00
6.699592105932058672e+00
6.765610025028942154e+00
6.899884018722638679e+00
6.752872308347941832e+00
6.884553457772631724e+00
6.915356026103555820e+00
6.991639293323997251e+00
7.023552493468784519e+00
7.093611594177312796e+00
7.127169514078699919e+00
7.215643262840718997e+00
7.255851630368402638e+00
7.335627023410024705e+00
7.360234672231001696e+00
7.456348802549280563e+00
7.532502571993433982e+00
7.560911009221250367e+00
7.608591754261206042e+00
7.742269139479782680e+00
7.791683617413174723e+00
7.869927103220137887e+00
7.907659518087890582e+00
7.962123701122414410e+00
8.000998108135275899e+00
8.029625876954780139e+00
8.076698367672388912e+00
8.169925953395850371e+00
8.277210128843684345e+00
8.464119188912309966e+00
8.628699327500273242e+00
8.763854057801205855e+00
8.872138935520585079e+00
9.018661039150318359e+00
9.221238556076533754e+00
9.357465319635265288e+00
9.532162888677406798e+00
9.723407341393469849e+00
9.880186821331372826e+00
1.008850690893380175e+01
1.021244155509120866e+01
1.043135266623628254e+01
1.057977892342024262e+01
1.073077767543940908e+01
1.081839946388553386e+01
1.097959620467812947e+01
1.113550462890724901e+01
1.130219854539903146e+01
1.149551536772157334e+01
1.158884517467456021e+01
1.173833780301813867e+01
1.189415130342400495e+01
1.209385126865742599e+01
1.222620349782237170e+01
1.236905580749704114e+01
1.254919823856049632e+01
1.267352748729294198e+01
1.276731107637630380e+01
1.296334834317534579e+01
1.308691688908970008e+01
1.328531855357902103e+01
1.315183833912469957e+01
1.321211776395166915e+01
1.321015178246959287e+01
1.333607067554024894e+01
1.333083330489728979e+01
1.349905381760075684e+01
1.373397641811953740e+01
1.394919235284441683e+01
1.394507088157162400e+01
1.405313271678656051e+01
1.430260318363883343e+01
1.447472605037930826e+01
1.445871848968896067e+01
1.455074925277509301e+01
1.480995938115766286e+01
1.501214921943486047e+01
1.492391790894848924e+01
1.502722676847578143e+01
1.526828895308691258e+01
1.516227729282493186e+01
1.493498829855880672e+01
1.485418299784919149e+01
1.504283628872243028e+01
1.516589330404788960e+01
1.489133992526506134e+01
1.488453712945766405e+01
1.503452746700269493e+01
1.497091525105446941e+01
1.472555947497901485e+01
1.462405241621373264e+01
1.472913642624455122e+01
1.479366046848482696e+01
1.451542467987885843e+01
1.436489419657881683e+01
1.446826974371888141e+01
1.452973380545789439e+01
1.421913277897434114e+01
1.406906152516483210e+01
1.418467634333947025e+01
1.420317095349805392e+01
1.396222211810401781e+01
1.380477235290131155e+01
1.386027763994881035e+01
1.396003080345947289e+01
1.366572407695975500e+01
1.353101262221912648e+01
1.356520972172937434e+01
1.376613155746518125e+01
1.329330378336763552e+01
1.329802051241919969e+01
1.336372704611560636e+01
1.359669141678793736e+01
1.314267908285143704e+01
1.321582683394772495e+01
1.328447629378971051e+01
1.329423164968864235e+01
1.307753498698756722e+01
1.298337268041239412e+01
1.293347861541479205e+01
1.304530634366255271e+01
1.288822968755909848e+01
1.275612146013584258e+01
1.270502823202709664e+01
1.264928520484087215e+01
1.238859724993396583e+01
1.217730163993801185e+01
1.203434992759255451e+01
1.196729679069466101e+01
1.167414918354172215e+01
1.150911094417407199e+01
1.132264785037587096e+01
1.118300399369443099e+01
1.097003833545669949e+01
1.081364295434591583e+01
1.065903116301860010e+01
1.045730414279949017e+01
1.030374033614350360e+01
1.015783820009240657e+01
9.960426414518943616e+00
9.717465819266646321e+00
9.515732093909459621e+00
9.273670966796887072e+00
9.007629742974367915e+00
8.721610647250473747e+00
8.547032068268105576e+00
8.294021796657169432e+00
8.053170923254629798e+00
7.757594326300726095e+00
7.472151815986525669e+00
7.212053490502039033e+00
6.952792235617226702e+00
6.669797096298123229e+00
6.369093442187725884e+00
1.183012386974493602e+01
1.111148545869465387e+01
1.082620443750796113e+01
1.050734561998268113e+01
9.893064114274608301e+00
9.001219446161558224e+00
7.819786115785246849e+00
6.259897676954080836e+00
6.836808339166899451e+00
5.930967410539228268e+00
7.164055287350738155e+00
7.818287535910608099e+00
8.614633952386054006e+00
7.725068395079648376e+00
9.156237536302047175e+00
1.049852843136384273e+01
1.180209755100049485e+01
1.308364545663457612e+01
7.007312882216086614e+00
7.287398035282115494e+00
7.547847998670595970e+00
7.815959185830234190e+00
8.030876725031873775e+00
8.185839416471830887e+00
8.357073294459567592e+00
8.360816305283236716e+00
8.490687735976248263e+00
8.639781959915358911e+00
8.831016659605976926e+00
9.102140531110036292e+00
9.328155276000712703e+00
9.448860015572190463e+00
9.576912300665565425e+00
9.674158482470579301e+00
9.827790070999226302e+00
9.960663349176343218e+00
1.005825571207741120e+01
1.008645424429094462e+01
1.012884027403626952e+01
1.024627541000964648e+01
1.025291441985533503e+01
1.044488438316958678e+01
1.046477168461155216e+01
1.070642200073021577e+01
1.085711402475906695e+01
1.102735028804794304e+01
1.115865454565529014e+01
1.141310680316628634e+01
1.149201795142178106e+01
1.159780494658680539e+01
1.182445784712056991e+01
1.197003035031432638e+01
1.216323681701902792e+01
1.229959460402402094e+01
1.245593040442586563e+01
1.259047166371138005e+01
1.289284151300982728e+01
1.283889550168983185e+01
1.300820957547831824e+01
1.314078753616793271e+01
1.329264137178962635e+01
1.336567507796829268e+01
1.347191263426896057e+01
1.362138859090964793e+01
1.387075425391010342e+01
1.383673524029258850e+01
1.389535710850982397e+01
1.408651046490048842e+01
1.432885352141432556e+01
1.425152614504995618e+01
1.432971188734841839e+01
1.457728953880639189e+01
1.477558702689790238e+01
1.471069990485450596e+01
1.471254525584753914e+01
1.491385525773425336e+01
1.512978090404765119e+01
1.499936315908138518e+01
1.501304786386654833e+01
1.522086938134400214e+01
1.541294571452417195e+01
1.532367591817863861e+01
1.520096208658575065e+01
1.530263720797906402e+01
1.543152984744889977e+01
1.513256658468149851e+01
1.495702466935196995e+01
1.514861321941486061e+01
1.524124551965300611e+01
1.498320042688223097e+01
1.488610274640354092e+01
1.497156958698720430e+01
1.512037015732807355e+01
1.488302275977208389e+01
1.478370207226984689e+01
1.487672552521270752e+01
1.492671964894661585e+01
1.474925567806855220e+01
1.462493269254224160e+01
1.475426719784314322e+01
1.481191805070479717e+01
1.460793536341269494e+01
1.448486420120656959e+01
1.458042899417147886e+01
1.463467304542431080e+01
1.449706813930861671e+01
1.436506918275827793e+01
1.451722739716408839e+01
1.467946774748955896e+01
1.455006200295956376e+01
1.449907435605927652e+01
1.465588394123570914e+01
1.481871673799851408e+01
1.470429606924832200e+01
1.459486418637921545e+01
1.474538807785268091e+01
1.489567011810577846e+01
1.468080204901336749e+01
1.457032029808811480e+01
1.472507749292165791e+01
1.479156245973479145e+01
1.466378398177643128e+01
1.464963890134597868e+01
1.469790537957785759e+01
1.490598079612037630e+01
1.471517468479346924e+01
1.459732590548822273e+01
1.470486525208170825e+01
1.495078407494260730e+01
1.470693571077974759e+01
1.451500959587271744e+01
1.461026233570600041e+01
1.474639813527442556e+01
1.447361598941381899e+01
1.426888160545026984e+01
1.430416413866760372e+01
1.452794461743653720e+01
1.414191090475416424e+01
1.402825990679343526e+01
1.396312471014427992e+01
1.410643073662580882e+01
1.399383377846526422e+01
1.383166702948481941e+01
1.390676028254424779e+01
1.409836413922923271e+01
1.395754201872158262e+01
1.394643320103983797e+01
1.361810965976322407e+01
1.402138431326272716e+01
1.381683964761624317e+01
1.369212434235508624e+01
1.376949434972890884e+01
1.374058561237927201e+01
1.380608188639361167e+01
1.365009187015894199e+01
1.373682567303366575e+01
1.390805982675217933e+01
1.376762211178188267e+01
1.371862071518023285e+01
1.378371721351552637e+01
1.400857095167236288e+01
1.383604721284715033e+01
1.374225656759542424e+01
1.380527589774841957e+01
1.390591700607848580e+01
1.371380919803556786e+01
1.361592355947598065e+01
1.362302582153181874e+01
1.370316474998651302e+01
1.356683926103222149e+01
1.341185812423375978e+01
1.338562476839830317e+01
1.347201742547554026e+01
1.332459053577139940e+01
1.317796538553193741e+01
1.313099761577934466e+01
1.321659472316616046e+01
1.310846325273397639e+01
1.289129087569170729e+01
1.282732117672061101e+01
1.286644795989075973e+01
1.271434078652154298e+01
1.253098722564159040e+01
1.243830939625954457e+01
1.236727897533041443e+01
1.221523287034613325e+01
1.206306021838564924e+01
1.194197623911504103e+01
1.189775609966380543e+01
1.174027731002434471e+01
1.157158166313310055e+01
1.138797338461792918e+01
1.124929590259398005e+01
1.112608852144825988e+01
1.085494730541170227e+01
1.058088048688766314e+01
1.021402535677434109e+01
9.957250913187086994e+00
9.590338049116658325e+00
9.204373304129719102e+00
8.820666064331522449e+00
8.483232175284459942e+00
8.250890123237125451e+00
7.937325406914383485e+00
7.662423494803021207e+00
7.370921243229806130e+00
6.986489130342127041e+00
6.694529830093477685e+00
6.463716012019445678e+00
6.316729779705031689e+00
6.128146248314826572e+00
1.163693372819047944e+01
1.054242057849181258e+01
9.524151280519566498e+00
8.580232567768099727e+00
7.434835182818646970e+00
6.960886429203771542e+00
6.740558565308010230e+00
6.369283591230398223e+00
8.639787921396580472e+00
8.021506841893664586e+00
8.371819991686281881e+00
6.422463165141440555e+00
7.261599228091948355e+00
8.306339010331903694e+00
9.391971735752893125e+00
1.036741271105139717e+01
1.130987152540536123e+01
1.209500135333791704e+01
6.410113953463977055e+00
6.582502710720621764e+00
6.864578783652460103e+00
7.093342687276666503e+00
7.275471601882243178e+00
7.369988442195487544e+00
7.353475489808663390e+00
7.593538801645538072e+00
7.696184748688162713e+00
7.878636186215063120e+00
7.922977953571271215e+00
7.957921626536808013e+00
8.063419981177037954e+00
8.174056059765609561e+00
8.286335950150991891e+00
8.531859675910473229e+00
8.764802139061780295e+00
8.898834283644276866e+00
9.040453291405592395e+00
9.032121360244797614e+00
9.240272805180804738e+00
9.345322251757856691e+00
9.419262537482616438e+00
9.624231949168468248e+00
9.770017992146559749e+00
9.942823836401045057e+00
1.008939731390557171e+01
1.024650068620799637e+01
1.046582685349561004e+01
1.058797553519073453e+01
1.071337739598573258e+01
1.087520337904546253e+01
1.103696927845474107e+01
1.122209134242461204e+01
1.137993028993469125e+01
1.150864206638850717e+01
1.166895515289435892e+01
1.179342367098782773e+01
1.200236994837145232e+01
1.212079077088547230e+01
1.227464882846240002e+01
1.248618715915934985e+01
1.246005589726533813e+01
1.273108603069407785e+01
1.275840422339284252e+01
1.294077376001558477e+01
1.317735884860442930e+01
1.332168761296266268e+01
1.327498274283000512e+01
1.339573180041693412e+01
1.361538088598296525e+01
1.369133755567861677e+01
1.361568261827425452e+01
1.374285214988728931e+01
1.402441052084376949e+01
1.400758718743898257e+01
1.377591151692798377e+01
1.371487961949003953e+01
1.400368727360165266e+01
1.376435286099374444e+01
1.357493858274642129e+01
1.344180141992085353e+01
1.354759230380752300e+01
1.340262724027937580e+01
1.329073021057589976e+01
1.316928944805167312e+01
1.326906759919624079e+01
1.320206214076301166e+01
1.293235935294773320e+01
1.285402532221858785e+01
1.296276738331541090e+01
1.278858640424578041e+01
1.265773631746901451e+01
1.258176626728283942e+01
1.260757737964300418e+01
1.253071992071988205e+01
1.238080907233936401e+01
1.231321034679387694e+01
1.229187425090316310e+01
1.231967146983068773e+01
1.209954776496615025e+01
1.204383258051849204e+01
1.200866770756604929e+01
1.185830143375052970e+01
1.167394115512644248e+01
1.143456458167564271e+01
1.129886231290037735e+01
1.108510330073190531e+01
1.087120726538591065e+01
1.063861046453834902e+01
1.041005159175667849e+01
1.002702307118224923e+01
9.833313200427408418e+00
9.525459080439695470e+00
9.274304223248273971e+00
8.964997941870505471e+00
8.720724427888411512e+00
8.503230996163395616e+00
8.503587742169123942e+00
8.289056742818932122e+00
8.292756531535887987e+00
8.182087898698386041e+00
8.105573521564618744e+00
7.979051847924329977e+00
7.895781945249921385e+00
7.689269609125515714e+00
7.505515330056729439e+00
7.267296453423487179e+00
7.039147802714121660e+00
6.806710277828337929e+00
6.558011509336671985e+00
6.279401832835133312e+00
6.006287161652666740e+00
1.112226821474975935e+01
1.002287490289094585e+01
8.807635233643539507e+00
7.707549656047825160e+00
6.809123791371588297e+00
6.156908429966291507e+00
8.208545453035805295e+00
7.206702019507751800e+00
5.879963363471929050e+00
6.618392070780148018e+00
6.143876176765531660e+00
6.054340102329719642e+00
7.024531856928706297e+00
6.039707906696196282e+00
5.831211343016203585e+00
6.457415905133967904e+00
6.531744747115652672e+00
6.617266030447667369e+00
6.631548200325886988e+00
8.867184141037141032e+00
7.304410464846835538e+00
8.587646763302005937e+00
9.913644399479707658e+00
1.117402948030057175e+01
1.238743016723017654e+01
6.636531423538141183e+00
6.896149675399400714e+00
7.157498273963090796e+00
7.366074694969652725e+00
7.600142442297883605e+00
7.799058122907710278e+00
7.993661545544455294e+00
8.056837704413473134e+00
8.135439584617920161e+00
8.224450805526380748e+00
8.339640167765352885e+00
8.509562961198966491e+00
8.558393920767475294e+00
8.637437586526420574e+00
8.631075729561283438e+00
8.580065183168978038e+00
8.536004324176353464e+00
8.457640893600082421e+00
8.387297851864991216e+00
8.331364217038386144e+00
8.170827595196206161e+00
7.965104607440595785e+00
7.707624876490601906e+00
7.418884616557944511e+00
7.162142321681603363e+00
6.958430480736081059e+00
6.910463805972693940e+00
6.829955723067226536e+00
6.779981430820166466e+00
6.773509131675266914e+00
6.767237983844657911e+00
6.814391356466657612e+00
6.816851367023099684e+00
6.834782107649585825e+00
6.905801697283232343e+00
6.975466830588762157e+00
7.020773626346385576e+00
7.125622060117789758e+00
7.235215381897316611e+00
7.306614689591648393e+00
7.393500674772497838e+00
7.453966621116049573e+00
7.518279244860236687e+00
7.560324548366907038e+00
7.633424087347200349e+00
7.729569885918777139e+00
7.717936163222797852e+00
7.807873107331434248e+00
7.856495552455638354e+00
7.899772302186507389e+00
7.981260891512155453e+00
7.937853264132773923e+00
8.121871012920502508e+00
8.289331209603069794e+00
8.401180742282861047e+00
8.651401301931628041e+00
8.740329272560408924e+00
8.915746575459984058e+00
8.959435464544409200e+00
9.176836342859486351e+00
9.298593519694538401e+00
9.357494743084931343e+00
9.490418404132190844e+00
9.643661106068943667e+00
9.739008897309709312e+00
9.953380583400985415e+00
9.927707157641263436e+00
1.007569143400478140e+01
1.024787089753233715e+01
1.046212759332960118e+01
1.032686153920651151e+01
1.061979026401154691e+01
1.072352605781543211e+01
1.106277747637166975e+01
1.069977389707553606e+01
1.101297307936294700e+01
1.110153391241598442e+01
1.108436701765220000e+01
1.100685216928556187e+01
1.096085465898182321e+01
1.100380975660105776e+01
1.092563209871459584e+01
1.091460924121179410e+01
1.089408855671366538e+01
1.090443847589318516e+01
1.096190915790497300e+01
1.096683594547700835e+01
1.111972135666701789e+01
1.113956488739764161e+01
1.117041933765273676e+01
1.119754749714444664e+01
1.122407595549151615e+01
1.129698337188431090e+01
1.137339601457793137e+01
1.135548497295355297e+01
1.143227513013476226e+01
1.150794612322103738e+01
1.162764981399884157e+01
1.172209720312282322e+01
1.178916345118882347e+01
1.187911934685960524e+01
1.201972795726222465e+01
1.212927312681453884e+01
1.216932810592613379e+01
1.222426429674085568e+01
1.241049163182872128e+01
1.247850933717053579e+01
1.252290371622997789e+01
1.265431004602401188e+01
1.274301393807131255e+01
1.286001381310454050e+01
1.287203360724682888e+01
1.294303419076159400e+01
1.314579250813534372e+01
1.328560347683546006e+01
1.325309691383897182e+01
1.328278443168823486e+01
1.345961229581329199e+01
1.354592405119967502e+01
1.353971532007827427e+01
1.355556553757503124e+01
1.379728636004879760e+01
1.392265730913389987e+01
1.378527963744028639e+01
1.386557763719194902e+01
1.405193963089697640e+01
1.420473892518886494e+01
1.408827438132459520e+01
1.402676448460581859e+01
1.408528018461641906e+01
1.414602214397153546e+01
1.396763901841297084e+01
1.388950930021376351e+01
1.410414552982343750e+01
1.422625737479386032e+01
1.412186658931151761e+01
1.421700569359088107e+01
1.449615814961777716e+01
1.474113502483391436e+01
1.465202049228777703e+01
1.469873018754272387e+01
1.505229303456453138e+01
1.516345105175664543e+01
1.503976026040248648e+01
1.507894920395659888e+01
1.537401640835352978e+01
1.551233370100972486e+01
1.535431775881444949e+01
1.525538770451476545e+01
1.553064447265782277e+01
1.570762779853372137e+01
1.531004054997181996e+01
1.532095882998225278e+01
1.534407371960766753e+01
1.550709927915604425e+01
1.547081134370759159e+01
1.534796786762754728e+01
1.557122669715587726e+01
1.568807464014779640e+01
1.553588822117856161e+01
1.551723366941204141e+01
1.581085205014949402e+01
1.591199458217287344e+01
1.574169582404392287e+01
1.568807667000568884e+01
1.592687454120215840e+01
1.610241903688123699e+01
1.574696810210529030e+01
1.581578876900440811e+01
1.607619199779087182e+01
1.616381029419249415e+01
1.601045459462061160e+01
1.592664171836755571e+01
1.615262266280010905e+01
1.628275025291251055e+01
1.612961019160272613e+01
1.611740858272377963e+01
1.628945386566542552e+01
1.643464171068044521e+01
1.637583541649099672e+01
1.644260589707426234e+01
1.641742256695213698e+01
1.645951019000280979e+01
1.646927230548621068e+01
1.651428135087697413e+01
1.654077685979365953e+01
1.651573092027556555e+01
1.649662309295029061e+01
1.642410728836772904e+01
1.641701927861811328e+01
1.630459635834012389e+01
1.625943123738527518e+01
1.623775993495150161e+01
1.621742247118895719e+01
1.621449011567595377e+01
1.615906856709999317e+01
1.613976389512628984e+01
1.614335408296359375e+01
1.616599339667624236e+01
1.605332559117573155e+01
1.579512452184877880e+01
1.584895445789351243e+01
1.603006919758745497e+01
1.579190845950991040e+01
1.566690196675901525e+01
1.580321030127308291e+01
1.579156649982833294e+01
1.560091321126882313e+01
1.553734870453151196e+01
1.560633445109957229e+01
1.575302180777930161e+01
1.547263172158751487e+01
1.537420712530369116e+01
1.542835615146301897e+01
1.558688194262766302e+01
1.534917454567592898e+01
1.509216468602576988e+01
1.515984771385733332e+01
1.530301536673718310e+01
1.505903574276717727e+01
1.480623795747248828e+01
1.490410160195184730e+01
1.498556288217006305e+01
1.491298977430716199e+01
1.455816330129965941e+01
1.470008390785653596e+01
1.479491262476154922e+01
1.457017328505170006e+01
1.444369479468379502e+01
1.447006511690694808e+01
1.456605620706221949e+01
1.447399067798405703e+01
1.425741886239259237e+01
1.421440867911289274e+01
1.445691885095188489e+01
1.425983453440560034e+01
1.400397045417277830e+01
1.406794109591610642e+01
1.421851633124161651e+01
1.401103270150172797e+01
1.379536172012866935e+01
1.381029737021672510e+01
1.400764039596723620e+01
1.381805452458904604e+01
1.361053426865658977e+01
1.365778070633782804e+01
1.384645656743354358e+01
1.373431201568956617e+01
1.366781490455113790e+01
1.368109518466842722e+01
1.392216016182649874e+01
1.388212313315157864e+01
1.373004272599612108e+01
1.374345160056162740e+01
1.398980420037452710e+01
1.396465481492486660e+01
1.377328265922774975e+01
1.379623355105892557e+01
1.390811721175041349e+01
1.376769093780270659e+01
1.353200834276157138e+01
1.342663639476623061e+01
1.357066431305865706e+01
1.366897895689139730e+01
1.306055903538680951e+01
1.321323236621514852e+01
1.337983874883613922e+01
1.326986009488940432e+01
1.312734471890931864e+01
1.304575480660646569e+01
1.321827651819619298e+01
1.314450091396133402e+01
1.302419556168772274e+01
1.303185043614672800e+01
1.313974075473098857e+01
1.311484653674131451e+01
1.301414790967497126e+01
1.296819250800421131e+01
1.314832241717712336e+01
1.299278344997741286e+01
1.284046746317850562e+01
1.272554581293688791e+01
1.279196892162056010e+01
1.268840865401773499e+01
1.245218152119576871e+01
1.239407149783842854e+01
1.240930232713971471e+01
1.233946901157509579e+01
1.214443087254304210e+01
1.210275061288664311e+01
1.205108949336443480e+01
1.196919559216013873e+01
1.185482711229935582e+01
1.171477410685680454e+01
1.163476970696216206e+01
1.153037724836405786e+01
1.132544348846483651e+01
1.127191169066588472e+01
1.114680017113144750e+01
1.104872494354333945e+01
1.103990886969390672e+01
1.081772647570091195e+01
1.072063012521785197e+01
1.064057546115521902e+01
1.054328897544052523e+01
1.039672634637982007e+01
1.030745634080503770e+01
1.015318091071528706e+01
1.008148242608797851e+01
9.991918550638427376e+00
9.892494263900919904e+00
9.817100651593639427e+00
9.806841161092169301e+00
9.683275408910718696e+00
9.574762746630407051e+00
9.380617431519437943e+00
9.350556455663769029e+00
9.207005394544403032e+00
9.083981869858886782e+00
8.857951288916650512e+00
8.740340817429528286e+00
8.579096442439581693e+00
8.325391351513058424e+00
8.063445754900222084e+00
7.801679013734758250e+00
7.480846199363111459e+00
7.207523506539704528e+00
6.917129105727810590e+00
6.607520099532376179e+00
6.316543073778714934e+00
1.170444458223182060e+01
1.023180396008597093e+01
8.964786050691078145e+00
7.901033950414560358e+00
7.335402987982437395e+00
6.957081628412236540e+00
6.504136770727717121e+00
6.058276870735178399e+00
8.032292628009830793e+00
5.846712774897219411e+00
6.480907668057209747e+00
6.550088197737101936e+00
8.506315129516860196e+00
7.456337095531575088e+00
8.736439652021191549e+00
9.938127436236884549e+00
1.115458218315471584e+01
1.221124330649268330e+01
6.470131838255412049e+00
6.746267494464727399e+00
6.971162454037984624e+00
7.196763380230869700e+00
7.432716474227524905e+00
7.647008263716037035e+00
7.827897813118211090e+00
8.027474774210393349e+00
8.131995087272109402e+00
8.292966602378145424e+00
8.482484018063923159e+00
8.610764372740865369e+00
8.803913661221708153e+00
8.970101303794741909e+00
9.114702353694458026e+00
9.217761271588472027e+00
9.392916015116883344e+00
9.550438076801953002e+00
9.777230226118804879e+00
9.754574514849506883e+00
9.908674817674471669e+00
1.009030405655810902e+01
1.031672702528473451e+01
1.024250495187697929e+01
1.037163772381358307e+01
1.057921732244165725e+01
1.087213642373336775e+01
1.056597519328660262e+01
1.090761996193858785e+01
1.104482912158239571e+01
1.117540157549440138e+01
1.128037254631258257e+01
1.146278552023107089e+01
1.153210293393551211e+01
1.166829096086772211e+01
1.172037407058453873e+01
1.188842218507276449e+01
1.199429740095735397e+01
1.208248320122569197e+01
1.230381418773145086e+01
1.235037807153404366e+01
1.243804683378888853e+01
1.255652021147857944e+01
1.275717130543939426e+01
1.267970367339843385e+01
1.258389735104035445e+01
1.249872379398530420e+01
1.255008116699639054e+01
1.250949449869274765e+01
1.244161273137093104e+01
1.245249857500441593e+01
1.255105171846799195e+01
1.254412750234135032e+01
1.255041300604896293e+01
1.261256843345204715e+01
1.283513317494650430e+01
1.284768957636817177e+01
1.276921851601507463e+01
1.287831561372212619e+01
1.305199847280843706e+01
1.300010702161862852e+01
1.293126093123273890e+01
1.302438306076071584e+01
1.323780588672355840e+01
1.319298704988496063e+01
1.317618987501982097e+01
1.322587406583649106e+01
1.342325391684986435e+01
1.329846696501920178e+01
1.316821030128746450e+01
1.313401312549091138e+01
1.320603094654332743e+01
1.307015000156287066e+01
1.297566608934589283e+01
1.304505376923107818e+01
1.321407706012808525e+01
1.318603695640339524e+01
1.309258697510998459e+01
1.315004858273004018e+01
1.333810250188702717e+01
1.322805118727155538e+01
1.318396964793042869e+01
1.310431512548119670e+01
1.321156295471275932e+01
1.314188038529279368e+01
1.301508454511429669e+01
1.297316748394920793e+01
1.301657533714822890e+01
1.289084337650684020e+01
1.273848796239203729e+01
1.263455500293495604e+01
1.264028246225248786e+01
1.251928598093451228e+01
1.237695677034116315e+01
1.225393118227502498e+01
1.225497017067169025e+01
1.216144216231364972e+01
1.203989307931287911e+01
1.189478037187276094e+01
1.181342300531785128e+01
1.165973612090361122e+01
1.140897085224158047e+01
1.129262062577759096e+01
1.106247839125235544e+01
1.083616776390669223e+01
1.054636242714720673e+01
1.029202266751299888e+01
1.006274734725211317e+01
9.751580764302307358e+00
9.554231750674789581e+00
9.256441554717781628e+00
9.024563170218559804e+00
8.691926351923418892e+00
8.452560513654553631e+00
8.129507224525655218e+00
7.870998138878977812e+00
7.180285842876134694e+00
6.773848861597035587e+00
6.266697407147701959e+00
1.101475403759081217e+01
8.858930399593813121e+00
6.883876227330161690e+00
7.008435939299830331e+00
6.617320318850861582e+00
7.500068086762695430e+00
9.586784238244606016e+00
8.131906992269843926e+00
9.440998247116972664e+00
1.053190095867524612e+01
1.141265650632222517e+01
1.182676920172098711e+01
1.182367906630140020e+01
1.151151749216907128e+01
1.118497834341160235e+01
1.085105900706906290e+01
1.054855376548537826e+01
1.049513855440942578e+01
1.055391644884222835e+01
1.076211352317055692e+01
1.105907749339610469e+01
1.144320830266915223e+01
5.961559975908944153e+00
6.130601789031949522e+00
6.272277558619044235e+00
6.438711935285374111e+00
6.551531397922827793e+00
6.740873194013031089e+00
6.968376328692882815e+00
7.111051768624992775e+00
7.232438557473663820e+00
7.442283728844575563e+00
7.634923850329559336e+00
7.838499737230775644e+00
8.023857497284707208e+00
8.135774874776451782e+00
8.299689556429079573e+00
8.471977794117666605e+00
8.705859077994851702e+00
8.953473360077117249e+00
9.123722012677824011e+00
9.265339782412562286e+00
9.383265749202381656e+00
9.542400087177892232e+00
9.697577780251585011e+00
9.896458912321021373e+00
9.966878415861856411e+00
1.011966923243691951e+01
1.022897722889608829e+01
1.032389931523597149e+01
1.032903169161877699e+01
1.045176672528087636e+01
1.057926667404625398e+01
1.063020020987490355e+01
1.068598183319619288e+01
1.077815049607389497e+01
1.088123439080796828e+01
1.090053265799146764e+01
1.089093746454672562e+01
1.089285517482078980e+01
1.090731908484838364e+01
1.102474394676798752e+01
1.098656260055487977e+01
1.091903561342617124e+01
1.099865987915365828e+01
1.096384746439540869e+01
1.089835270603648354e+01
1.089264074081978784e+01
1.083838172740772698e+01
1.080531360353039005e+01
1.073391525607771868e+01
1.064275081086746333e+01
1.070533878093468161e+01
1.056628647219393358e+01
1.044507709574272880e+01
1.042822670463726453e+01
1.071221493740864616e+01
9.857667491635599077e+00
1.016431782987986487e+01
1.007811383287092433e+01
1.016594881879259482e+01
9.754347302203303371e+00
9.791132123349459704e+00
9.706158545583040365e+00
9.617206372195662212e+00
9.559880821486999025e+00
9.496505451064145120e+00
9.445276262223609720e+00
9.425989687554331198e+00
9.370090541302962706e+00
9.371292854445776754e+00
9.279241353551251237e+00
9.229760961362662997e+00
9.161436401954738074e+00
9.096550736422171823e+00
9.004898615755983826e+00
9.002253976640348654e+00
8.912609971971701128e+00
8.871594262236373041e+00
8.815041244974883838e+00
8.839078569551496400e+00
8.782499899200537641e+00
8.766768579210062029e+00
8.745115466865158282e+00
8.738994292022029597e+00
8.773826882957548534e+00
8.629519435301945762e+00
8.633065718391243593e+00
8.670717827551911228e+00
8.660523594980228168e+00
8.638313494115145375e+00
8.645382651054315915e+00
8.520328019732948732e+00
8.522579753032481165e+00
8.451306397054759501e+00
8.440459026767548778e+00
8.408214554503107507e+00
8.381721287325454739e+00
8.364326038737230462e+00
8.296671867360322139e+00
8.267999046515335237e+00
8.282669373431684079e+00
8.239579434156137694e+00
8.199129645671519029e+00
8.210424068611144932e+00
8.182547033226290623e+00
8.186334278768677919e+00
8.141066665255333845e+00
8.129804110858376731e+00
8.112994555862735879e+00
8.095824966008446921e+00
8.092902982361898978e+00
8.050419130909087784e+00
8.093175810327762676e+00
8.027545014342901908e+00
7.942181756811655724e+00
7.943083070711880467e+00
7.854192409824150012e+00
7.763302310344926127e+00
7.719442481553432600e+00
7.710913574241379465e+00
7.674437390334745146e+00
7.678690829816098962e+00
7.707021163817582732e+00
7.661137043887912945e+00
7.676428222614779528e+00
7.717110133639336844e+00
7.715336837359254574e+00
7.800352340518311500e+00
7.793048681630672547e+00
7.815187437332556719e+00
7.849223895722982292e+00
7.806752638033338521e+00
7.883048491880989772e+00
7.869741143211030021e+00
7.854570282212725907e+00
7.865909672998898650e+00
7.848570912532077060e+00
7.849797315516119589e+00
7.876565216114587820e+00
7.911707072556080966e+00
7.957250753240842300e+00
8.033529054063219377e+00
8.078218867399845848e+00
8.127605744241130026e+00
8.276638347059952494e+00
8.358513625408788172e+00
8.508776545411576464e+00
8.690961880406078421e+00
8.819815543543802150e+00
8.888201515723610058e+00
8.965247402346422589e+00
9.114187414770075435e+00
9.244249849261471752e+00
9.325861218668697106e+00
9.316710657688314967e+00
9.488939776975735541e+00
9.544797312891388330e+00
9.724397729370616972e+00
9.863403253739852161e+00
1.009456074707151529e+01
1.028485761461942083e+01
1.047214821801122753e+01
1.061225839472038146e+01
1.087233807553968390e+01
1.098228328457564551e+01
1.121911286392027662e+01
1.143065589555554062e+01
1.158512874273143645e+01
1.180764590024131522e+01
1.201005840887081710e+01
1.217665068453339039e+01
1.230060678588116829e+01
1.245431995496686284e+01
1.269295521144070626e+01
1.282103280758088815e+01
1.294979399482141424e+01
1.309323986130568862e+01
1.339258403852381640e+01
1.351603446816619147e+01
1.356921354960234183e+01
1.367942492242775465e+01
1.391525943623028816e+01
1.406613498445056543e+01
1.403246915324152866e+01
1.417128197258462485e+01
1.434033642875308168e+01
1.434809431317133388e+01
1.427027275803303219e+01
1.431348931559418070e+01
1.461545108453167785e+01
1.461647662922710467e+01
1.458094538700896159e+01
1.459174482207574641e+01
1.495986063193103988e+01
1.500624703544068694e+01
1.488821376854749623e+01
1.498863833401479440e+01
1.533044908914014570e+01
1.530403687145772373e+01
1.516295703359985581e+01
1.506049238138752777e+01
1.533305856550994228e+01
1.517151743226073002e+01
1.485808571908364151e+01
1.481151101565930261e+01
1.503028190562149113e+01
1.485998231848889795e+01
1.458328460982506591e+01
1.452616485193936313e+01
1.471017894841358142e+01
1.457320491900063253e+01
1.432394599231414389e+01
1.426342974541096531e+01
1.438832005551439508e+01
1.429523133647497524e+01
1.407578782188871891e+01
1.397663551765188572e+01
1.406898335535632327e+01
1.405346124273961372e+01
1.372892012329813660e+01
1.371142503226720955e+01
1.382128456391338922e+01
1.371804394610118827e+01
1.353554683437758044e+01
1.336322649917452310e+01
1.350094356362336789e+01
1.351860499822005934e+01
1.327588047786470149e+01
1.316707581261224114e+01
1.322853117249148447e+01
1.324038936650558185e+01
1.297634159328616654e+01
1.293564700635386977e+01
1.314788084190527506e+01
1.282725620305714465e+01
1.271796532180936445e+01
1.267088160277802267e+01
1.268648645994195512e+01
1.259373937157519663e+01
1.246373243189305491e+01
1.239682335281885628e+01
1.235388088450027944e+01
1.226561853773142552e+01
1.213092559620696242e+01
1.194054652356674140e+01
1.179355609890925827e+01
1.161365493314849040e+01
1.140886676531859045e+01
1.117663915822850740e+01
1.093645930895804597e+01
1.073823018046896927e+01
1.047631950303005155e+01
1.023189052788429443e+01
9.967506320047149870e+00
9.697826508149066882e+00
9.435537062025723287e+00
9.123978654597689086e+00
8.894485872037643404e+00
8.580325184131620375e+00
8.357921757910087734e+00
8.087898023783475665e+00
7.842069733695305800e+00
7.574425399041214035e+00
7.198217148450401837e+00
6.947321512353486384e+00
6.611030560498457831e+00
6.301052365588525994e+00
5.965176443729866662e+00
1.097769251910676225e+01
9.728218305819355649e+00
8.481010149519734753e+00
7.265347060150045166e+00
6.073230341284468814e+00
7.012035351105956771e+00
6.217333674902177698e+00
6.346907924318683669e+00
6.241790068685767245e+00
6.951716103823856407e+00
8.244374839751552386e+00
7.109809846325056526e+00
8.304170901559041695e+00
9.491601962067313991e+00
1.058527176867694841e+01
1.179456845749580118e+01
6.322408539698411545e+00
6.621927120236928310e+00
6.892923572527844378e+00
7.146896758037003750e+00
7.403483415463005812e+00
7.679057495565892566e+00
7.829255976756182456e+00
8.084634640376888726e+00
8.311804189885640071e+00
8.523791196085101163e+00
8.897074868995959562e+00
9.180548126845645029e+00
9.437256957991380091e+00
9.583037147524487764e+00
9.801968204338708190e+00
1.007927402003944195e+01
1.016481420693412652e+01
1.031800714256059770e+01
1.053311311265462713e+01
1.074285828698130452e+01
1.086739642352283930e+01
1.101832895491779674e+01
1.114232321509953572e+01
1.123704427171704268e+01
1.130369787381987479e+01
1.132213593843983013e+01
1.137638932357437405e+01
1.142905800185302567e+01
1.152079053612226822e+01
1.159198015603990939e+01
1.160866509730115226e+01
1.168486675613603865e+01
1.180153097641358073e+01
1.184689590088367339e+01
1.189438908013891094e+01
1.206911400030464421e+01
1.216853245756742474e+01
1.231668232767844984e+01
1.237911167199362872e+01
1.243182679463356166e+01
1.250760217954155884e+01
1.267462800218140728e+01
1.267403798958122785e+01
1.273424216753010008e+01
1.294028977459347551e+01
1.296836281885687825e+01
1.294311878102853974e+01
1.293805761761899120e+01
1.313662137010944697e+01
1.334568336205838968e+01
1.326769124506859932e+01
1.328674886876319228e+01
1.334786027093847594e+01
1.347591871026223131e+01
1.335151129408730597e+01
1.336305908173409307e+01
1.346141454863686882e+01
1.364795879665202882e+01
1.355593194111883015e+01
1.366014157519697036e+01
1.370215301816298314e+01
1.382192400159565437e+01
1.379311145582806830e+01
1.380471758986820774e+01
1.392609599426343081e+01
1.412280267612120355e+01
1.400820229818665652e+01
1.404498654678664948e+01
1.413914900849575851e+01
1.439893314830107585e+01
1.431183266331072268e+01
1.424114940910532390e+01
1.438498935927502309e+01
1.463216116245214415e+01
1.448293807257725518e+01
1.442287605411125639e+01
1.454885421285413294e+01
1.482892642459167654e+01
1.469442465795660091e+01
1.462331645777838851e+01
1.471810043170810189e+01
1.493625097736685881e+01
1.480620142633391900e+01
1.477675913948073472e+01
1.493563532480022893e+01
1.513063593545872543e+01
1.500416312193998181e+01
1.500552223857534884e+01
1.515041580837651836e+01
1.536322657348812015e+01
1.525904567253055255e+01
1.520415478650107133e+01
1.535192831906714162e+01
1.558722224704762027e+01
1.552440990835381207e+01
1.542369293775942474e+01
1.554633461063424349e+01
1.576719154501742715e+01
1.569236293712408425e+01
1.559520302011929793e+01
1.578485828440553007e+01
1.595895131531961830e+01
1.606369388781250152e+01
1.562972479937165637e+01
1.588311604340093552e+01
1.614473436284606223e+01
1.621651476598214003e+01
1.585335373293208683e+01
1.621871846510221715e+01
1.639449285250256594e+01
1.637510749864002690e+01
1.645737870933869118e+01
1.662136288348481727e+01
1.644526543628409243e+01
1.622094363306146647e+01
1.606133542716133888e+01
1.615017404660475719e+01
1.627270630987077027e+01
1.623043030439511725e+01
1.625230794508092202e+01
1.628518770398940774e+01
1.631852514022007838e+01
1.629050460413172274e+01
1.632255029077796138e+01
1.624750944748804571e+01
1.617940499493847994e+01
1.611026487689315800e+01
1.597002050484381463e+01
1.597120909030593339e+01
1.595987590021081814e+01
1.587729080589869568e+01
1.574505346289579499e+01
1.594922745599431302e+01
1.621115911331167680e+01
1.607225645724063412e+01
1.586475474400742236e+01
1.598488424414150977e+01
1.619006140886520129e+01
1.607139376120878183e+01
1.588081216070410306e+01
1.596993512660335313e+01
1.615196022358998817e+01
1.599023025335637271e+01
1.570429311402044092e+01
1.566541301798783259e+01
1.585442728390638578e+01
1.565500602759771809e+01
1.542537829314258424e+01
1.540409400031618858e+01
1.555066694639476843e+01
1.530692188783887175e+01
1.505563399762180765e+01
1.502537495777683496e+01
1.524373714155538906e+01
1.489642241515639931e+01
1.462310659530137080e+01
1.455825273828122057e+01
1.464915149306222197e+01
1.439001004124221872e+01
1.405190416815140786e+01
1.384589568061371700e+01
1.384395888166924848e+01
1.353291085534211646e+01
1.316217646775959871e+01
1.308925514096079823e+01
1.298416780598724252e+01
1.272021947920732110e+01
1.232560492226349780e+01
1.200373387791013968e+01
1.174377968923654336e+01
1.139382517563969088e+01
1.099169914950196336e+01
1.060833448906709542e+01
1.025668737863253632e+01
9.930256568702302999e+00
9.627606968177817137e+00
9.229659354708115160e+00
8.990814625623425371e+00
8.676692703972225473e+00
8.478587073093825310e+00
8.342867068055859647e+00
8.206898695156509049e+00
8.006902617896278329e+00
7.801898420640381637e+00
7.549231968912886614e+00
7.324548990311802399e+00
7.004329928829383434e+00
6.752879191264849368e+00
6.438748606851811829e+00
6.212077744182380457e+00
5.911285572376020703e+00
1.123342520306266223e+01
1.063816249689457294e+01
9.777318981316026836e+00
8.668287495617166272e+00
7.201151640932623721e+00
6.212951667471094730e+00
6.301462885343058318e+00
7.039355880189962278e+00
8.016280865630712071e+00
9.135349429346678818e+00
1.003452404658189145e+01
1.104665749085338611e+01
1.226221515869074352e+01
6.483181757429486325e+00
6.672926220473117453e+00
6.921407375202465850e+00
7.103461676803466851e+00
7.272285264282689177e+00
7.320913470590528327e+00
7.454547849160342743e+00
7.483570864335383099e+00
7.602476760121683164e+00
7.637269331001729000e+00
7.736510828396905737e+00
7.787546179289598136e+00
8.014603927667691252e+00
8.162620002165798638e+00
8.226364551019980098e+00
8.243896480976099284e+00
8.321263316751304373e+00
8.490826892953105443e+00
8.721409824395362165e+00
8.860313203980600960e+00
8.937383891182358653e+00
9.041722062055281839e+00
9.300139505287980057e+00
9.448442133234872031e+00
9.600992008486510798e+00
9.728795580111556873e+00
9.888205992691185386e+00
1.002355350502712206e+01
1.021091232071231758e+01
1.031111753909211792e+01
1.050746230369451695e+01
1.063653370041146928e+01
1.079759541010984059e+01
1.092150942532363977e+01
1.114089222558347636e+01
1.125484351808750638e+01
1.139294635770190389e+01
1.155244582444985646e+01
1.174072725407063800e+01
1.184620905529134127e+01
1.206451164165776646e+01
1.216036013749591405e+01
1.207426086946769495e+01
1.228117100921521221e+01
1.241936685307203980e+01
1.269778350755835206e+01
1.266240037809840402e+01
1.284743771926473777e+01
1.297979276652375447e+01
1.318558170732409174e+01
1.320853340336472215e+01
1.332382274353224716e+01
1.348385947268575435e+01
1.366202773662539371e+01
1.357571739771199759e+01
1.360591336797829243e+01
1.372511847419761999e+01
1.373043314848050400e+01
1.342183100025247988e+01
1.340156213797736662e+01
1.336423765896867444e+01
1.338306688086226970e+01
1.317294825769587696e+01
1.316236185847114371e+01
1.322693646810044221e+01
1.331457285367892851e+01
1.317561698352113098e+01
1.312070452036100932e+01
1.323737029952699906e+01
1.330535502941624770e+01
1.317067075695038447e+01
1.310896156427092407e+01
1.311130020032491927e+01
1.314602244478952819e+01
1.296672126188108365e+01
1.285716851854372855e+01
1.283924392337780951e+01
1.288486145691576290e+01
1.268856627296663397e+01
1.267590525743465868e+01
1.269905940017604884e+01
1.274679205576005536e+01
1.263059844165211665e+01
1.260146575303014060e+01
1.263731550423950800e+01
1.259503828334360165e+01
1.247570654929018374e+01
1.242639003637209960e+01
1.241144905905104601e+01
1.252564466581763014e+01
1.255094636651650930e+01
1.204308043079797308e+01
1.222532548845622813e+01
1.224800670974411965e+01
1.207469751978266537e+01
1.197148416423300965e+01
1.194928809353760535e+01
1.191825850704788969e+01
1.171163084383477582e+01
1.171019258890376413e+01
1.166033117150602472e+01
1.163269017043023190e+01
1.152843756454054081e+01
1.139987238947207437e+01
1.125927866249534759e+01
1.109844538147513049e+01
1.093897687756490100e+01
1.074380052834755084e+01
1.054615945628188811e+01
1.032965831244508159e+01
1.030436020704626543e+01
1.021414010969909114e+01
1.003700807279394347e+01
9.797665983147314961e+00
9.624102662285615395e+00
9.401079437820028417e+00
9.176799719286810486e+00
8.910502442795284139e+00
8.604703391846332039e+00
8.421907242627693080e+00
8.246250314592215247e+00
8.191288631851602275e+00
8.129503087637109715e+00
8.070319711774901705e+00
8.006711700564704159e+00
7.865879983570568612e+00
7.732225439956798674e+00
7.580790626264971799e+00
7.394123745546239412e+00
7.307915699575237234e+00
7.240771895252662738e+00
7.160497412342857970e+00
7.098265322991019310e+00
7.038820079174412214e+00
6.966571961271689872e+00
6.911525256744143419e+00
6.748795661408921731e+00
6.547126035591020354e+00
6.270246655055453644e+00
5.993584309515122222e+00
1.117879336249607114e+01
1.005612018845817879e+01
9.391545306330336018e+00
8.883532500712954416e+00
8.207846817764414382e+00
7.489164397045142252e+00
6.739814802293174978e+00
5.944019499144332919e+00
6.309295934910768011e+00
5.968783438541048980e+00
8.039917969909174289e+00
9.713503168392728426e+00
8.084573305843232305e+00
9.118500659259655805e+00
1.006100794668940956e+01
1.087636305211217902e+01
1.175344207576279310e+01
6.194689657093238822e+00
6.423050642008040434e+00
6.610836435245071918e+00
6.881215308140256504e+00
7.075838719407016697e+00
7.272608711711993301e+00
7.452596977443354476e+00
7.625039954768925377e+00
7.788466346820761999e+00
7.858556893903331009e+00
7.960806343317026190e+00
8.059977973105839411e+00
8.181784666946066764e+00
8.383061657719585114e+00
8.526515154507331218e+00
8.743571778576200160e+00
8.854304733636293889e+00
9.082713894219866191e+00
9.244254421066806060e+00
9.421248900527146475e+00
9.609325893984726363e+00
9.749401776310548939e+00
9.975023845530035516e+00
1.012484909466166805e+01
1.033020634749254008e+01
1.049811938266370781e+01
1.070474100972630005e+01
1.077705084376389166e+01
1.101750238952216776e+01
1.119003142892634273e+01
1.134844590556111577e+01
1.151187965281577696e+01
1.165760495400334840e+01
1.187121406956943659e+01
1.197898486823103070e+01
1.210607282863507983e+01
1.217067222978110053e+01
1.231712989281649762e+01
1.247050876741492154e+01
1.247658325310120198e+01
1.257610898679145883e+01
1.262940222479834773e+01
1.287792511233503490e+01
1.296458725784361299e+01
1.304804690456591310e+01
1.305948075990812818e+01
1.331442383655777029e+01
1.334918107518718777e+01
1.340033969076666232e+01
1.315446737055869875e+01
1.352843520749049411e+01
1.336907848630239926e+01
1.327025603411075849e+01
1.322746635867478027e+01
1.344934911046631854e+01
1.342170986142773970e+01
1.336704274561307138e+01
1.347582660012406031e+01
1.381871278879283338e+01
1.375051383679119432e+01
1.369675436434902416e+01
1.376628014314533033e+01
1.409997681197296338e+01
1.405355329344699911e+01
1.396731672579456074e+01
1.403871204009960039e+01
1.423091048600945996e+01
1.410302900600649600e+01
1.398745662281317337e+01
1.404172980236668522e+01
1.435311431826669093e+01
1.415573482912287240e+01
1.410867053757541889e+01
1.411999217076249202e+01
1.441712907609435668e+01
1.430726269246859239e+01
1.417607730714827952e+01
1.424510589665360172e+01
1.433793461562654592e+01
1.419288935792909001e+01
1.398801311487082621e+01
1.394627671953030301e+01
1.412999738071073175e+01
1.403081796783657076e+01
1.385567101331395001e+01
1.380475905736889786e+01
1.404349922864900080e+01
1.380999442767720709e+01
1.371286295492547325e+01
1.371731271598084945e+01
1.390717302561826330e+01
1.383694860113981662e+01
1.372341961900789542e+01
1.376832186507182598e+01
1.401753022144732519e+01
1.396873424125142549e+01
1.389359963177817114e+01
1.401434153649316627e+01
1.420252418933652905e+01
1.410989748433667401e+01
1.393772412249492199e+01
1.408255738724527539e+01
1.430959787906863490e+01
1.420305213094052377e+01
1.414504047598362213e+01
1.418791805996917077e+01
1.444319913039158720e+01
1.442919847273500089e+01
1.424572815095722511e+01
1.428545749923706865e+01
1.452564702881457492e+01
1.440559486596684025e+01
1.429926163534675432e+01
1.423321512919586240e+01
1.465013309182668522e+01
1.452412451339808719e+01
1.432310174493735921e+01
1.438985130743925467e+01
1.465634773480997488e+01
1.461038266724062673e+01
1.443075794680041390e+01
1.441843946955107469e+01
1.474688558751806866e+01
1.460260289355654528e+01
1.435145518350100780e+01
1.437618831337646164e+01
1.457657964229170311e+01
1.445967173368042857e+01
1.421426785331147080e+01
1.422043318617386554e+01
1.422290917268266597e+01
1.419385304883962462e+01
1.393316120797558000e+01
1.386285791668657197e+01
1.404005015032647030e+01
1.394025096279211162e+01
1.377510141807509925e+01
1.357082905746461243e+01
1.376287889970426015e+01
1.378527080471981670e+01
1.353734610973796393e+01
1.354127228483307732e+01
1.378846161928476910e+01
1.371466472650760338e+01
1.350086451242811592e+01
1.348734702187820034e+01
1.370837857723673103e+01
1.370711192093089181e+01
1.354836445728674121e+01
1.361115442088829042e+01
1.379684979346029294e+01
1.395386346438226255e+01
1.379165482081409699e+01
1.382224930516287031e+01
1.408564838576095291e+01
1.410556218132020945e+01
1.397036597597115382e+01
1.398672649470202423e+01
1.431795768726032492e+01
1.426206170086160974e+01
1.420625664526746945e+01
1.418849660520732847e+01
1.435684993409266141e+01
1.446134601828707744e+01
1.430174722599289794e+01
1.435466107547561698e+01
1.460723342666901203e+01
1.457596649838376734e+01
1.444481193443585099e+01
1.449625138719676443e+01
1.477546928386721170e+01
1.478586952964220380e+01
1.460182282892507644e+01
1.463931412188115289e+01
1.489984776808334921e+01
1.482989814844134635e+01
1.457185688633591347e+01
1.452049100202059329e+01
1.482748175082050146e+01
1.482128730820976337e+01
1.464590914651011211e+01
1.460371792841151262e+01
1.492696644057020627e+01
1.506771261655087635e+01
1.482602897137722842e+01
1.486339762760722216e+01
1.516002625005697801e+01
1.518561670309091660e+01
1.497739241050470049e+01
1.503021470703572682e+01
1.531187537395049780e+01
1.531825416799598294e+01
1.509066371870898848e+01
1.514941836136124564e+01
1.546033890996560878e+01
1.549746951197159284e+01
1.523630788854250540e+01
1.526058926559776019e+01
1.559040596086921404e+01
1.563846564585764476e+01
1.527833894708107820e+01
1.544942890314358941e+01
1.559665613216502855e+01
1.563736231242586960e+01
1.521828912795387723e+01
1.519024668033922509e+01
1.537494719118057773e+01
1.530803091197808641e+01
1.496947112636512855e+01
1.488785363989164168e+01
1.512281020303622725e+01
1.515653645040338127e+01
1.473988719477339515e+01
1.468055138776315260e+01
1.486529094314629162e+01
1.489607007815054018e+01
1.461625850541718386e+01
1.452708042535161148e+01
1.473820935722532077e+01
1.477479073003116028e+01
1.448625357121405699e+01
1.451735190532427922e+01
1.470436147373969149e+01
1.479048572380800941e+01
1.450850360701119790e+01
1.455487455887524106e+01
1.473208062129172369e+01
1.483883695185403973e+01
1.451828035266567163e+01
1.454815142168371445e+01
1.471692426578022150e+01
1.482422667054898291e+01
1.449365495446472529e+01
1.440091844370257412e+01
1.456902454459581442e+01
1.455045115978388104e+01
1.426523752251676314e+01
1.422986469527106124e+01
1.434876306723073114e+01
1.454426387313957036e+01
1.436126517076384168e+01
1.436631299968866671e+01
1.463506442501129889e+01
1.472815301907118268e+01
1.459714030981690591e+01
1.447388704484558275e+01
1.460518711879315212e+01
1.464926787669364217e+01
1.429921230986404446e+01
1.421697778039326465e+01
1.426031508454058461e+01
1.430588055609137044e+01
1.395942301109851691e+01
1.385446191816915551e+01
1.392714192433329323e+01
1.392144043677639509e+01
1.369747920171619349e+01
1.356405626765890204e+01
1.363806245955951901e+01
1.364784938986236362e+01
1.335251868249216933e+01
1.330452154726770786e+01
1.317779010481982382e+01
1.327904921009038119e+01
1.283652686553324784e+01
1.276548161155774963e+01
1.272676390852295647e+01
1.268782006101199755e+01
1.238071599761654085e+01
1.211547788896199407e+01
1.192183113968189367e+01
1.178452591377969938e+01
1.144297411885644955e+01
1.118999907692149520e+01
1.094333611599915201e+01
1.067405162405278318e+01
1.050294889037312807e+01
1.039184645806600749e+01
1.028309580154584957e+01
1.017823779073305346e+01
1.011172981463327680e+01
1.001384201426538212e+01
9.899881096865838614e+00
9.748174461127394608e+00
9.711325143213986877e+00
9.557602705132044463e+00
9.373814505291326427e+00
9.198756100091719290e+00
8.958399297006305773e+00
8.782888323420451115e+00
8.495399810447977984e+00
8.176789061091039201e+00
7.809070066121977405e+00
7.463670035230978606e+00
7.200464064940859110e+00
6.870711290344642563e+00
6.500237957948233891e+00
6.197956806937915175e+00
5.867698370430809440e+00
1.063062959227061555e+01
8.905681534528326893e+00
7.071769749827033991e+00
7.417440767606485963e+00
5.843642318197754371e+00
7.976733870074424360e+00
7.124435040561393429e+00
6.409414619525150236e+00
7.998879459250623825e+00
9.563575651054163629e+00
1.097725044778013981e+01
1.239974991850721153e+01
6.744885432328390884e+00
7.078590213304260637e+00
7.410736134552175614e+00
7.727641794663277608e+00
7.889286426796630280e+00
8.232420437814480962e+00
8.548514556775632656e+00
8.863385948235949385e+00
9.266967839887934488e+00
9.559463658542673770e+00
9.784125616624606891e+00
9.987551491806767601e+00
1.028576972444012405e+01
1.051409276678095672e+01
1.075194534105712130e+01
1.086757367084572579e+01
1.115852918480385192e+01
1.134256022343795145e+01
1.164088707256818900e+01
1.183179692792195503e+01
1.201586111162331072e+01
1.224723900782833041e+01
1.247415130237094694e+01
1.267732422502474421e+01
1.281415377660533927e+01
1.275588371000157650e+01
1.276595287730721395e+01
1.282410107581863379e+01
1.275896041324336316e+01
1.284842133725065239e+01
1.307432530441096219e+01
1.322336776628020338e+01
1.323863821989305123e+01
1.339228666851085237e+01
1.358414650840922633e+01
1.364415099235415418e+01
1.344565452502772374e+01
1.349422624929492187e+01
1.367096180019123430e+01
1.374441525784140339e+01
1.369592296428873901e+01
1.374000628902029852e+01
1.402490443309779344e+01
1.408347209536708888e+01
1.395764142560633125e+01
1.402547350686121064e+01
1.416144655364722738e+01
1.431107412869134343e+01
1.417896536579006117e+01
1.429255118095820265e+01
1.453692071446901579e+01
1.467743735113511683e+01
1.453734652814722672e+01
1.459892277813534456e+01
1.484557555614612667e+01
1.488139139802805211e+01
1.470890899257490148e+01
1.485383094850150343e+01
1.514329728155442290e+01
1.522972018473899602e+01
1.504781061522371566e+01
1.512017795822122501e+01
1.542086229891709870e+01
1.544998788725131789e+01
1.502124382201612107e+01
1.502625907700729257e+01
1.512695219097182964e+01
1.510473358521374543e+01
1.484493513138298404e+01
1.482319538655305280e+01
1.510437941975971832e+01
1.516078438288402097e+01
1.493537635077530901e+01
1.498402185910754270e+01
1.525143516047522319e+01
1.540749522538255967e+01
1.508698932910438906e+01
1.516723439937043061e+01
1.537555327515803327e+01
1.542500178265750499e+01
1.516281201774947363e+01
1.525126861349407648e+01
1.532767576876038618e+01
1.527616218971652273e+01
1.514218635732551199e+01
1.511977205499817956e+01
1.499342203220989056e+01
1.485744581705939993e+01
1.469514217455449945e+01
1.460972947388621179e+01
1.481981466246829804e+01
1.487813747303768963e+01
1.469720299056994506e+01
1.473288041033247886e+01
1.498236507327550093e+01
1.506975600382439850e+01
1.506500609104909927e+01
1.517735763491249124e+01
1.519265960132113946e+01
1.521859361111510367e+01
1.504218568744740914e+01
1.504149069232212632e+01
1.521163537486279260e+01
1.538710915359492404e+01
1.504226937798663322e+01
1.512257658487784973e+01
1.536669491707474222e+01
1.549662517570488873e+01
1.522391806985031160e+01
1.509551253183265551e+01
1.532318601321894036e+01
1.529787643020535270e+01
1.494697103339366606e+01
1.491318968411256840e+01
1.508121430705060995e+01
1.519529839740050647e+01
1.491876729123623591e+01
1.494063089135925892e+01
1.512751037312935409e+01
1.528742922347388777e+01
1.505262361599871035e+01
1.499034148243933195e+01
1.516165461084086985e+01
1.512104157822517259e+01
1.492330926584323514e+01
1.484539604535602741e+01
1.503321433284272501e+01
1.513635440800042531e+01
1.485718942325817160e+01
1.480777557959675761e+01
1.513288498282866179e+01
1.512235549952861646e+01
1.492841757583960849e+01
1.486965460709567566e+01
1.513541219228927126e+01
1.525429694405324987e+01
1.492284525757498592e+01
1.498461589288703166e+01
1.518328296417317169e+01
1.528355706794947722e+01
1.500894189335466855e+01
1.500668204031418540e+01
1.538112974884846018e+01
1.520038952357764117e+01
1.505496476468051270e+01
1.520948747461502037e+01
1.502512852743537231e+01
1.522712130464934077e+01
1.495485515520252129e+01
1.477148664254524491e+01
1.486789946151126962e+01
1.493326400764167872e+01
1.464896156473128563e+01
1.448157292207152835e+01
1.498264231247639344e+01
1.438209030329653970e+01
1.448345292932673090e+01
1.451718540170552174e+01
1.474169805357817786e+01
1.472715363965617819e+01
1.458104041036310328e+01
1.454653032580079319e+01
1.485988852855936670e+01
1.456649925713623794e+01
1.456067360937398369e+01
1.442682616916958160e+01
1.462335887081558461e+01
1.469406582693184582e+01
1.443658186466399584e+01
1.428889484317362069e+01
1.439350510571369313e+01
1.441042488458610649e+01
1.415396470412753871e+01
1.401698520301308193e+01
1.401760001136532630e+01
1.408389070492741624e+01
1.382721446312934965e+01
1.358990832600102650e+01
1.367283494797544563e+01
1.357966524011842147e+01
1.334090657238687072e+01
1.314937011997409577e+01
1.294683802204925094e+01
1.284952135705886889e+01
1.260032046027232511e+01
1.243276219052697584e+01
1.234046732728335627e+01
1.229116904650461706e+01
1.197926195612397393e+01
1.171519774156265825e+01
1.138665116485266005e+01
1.110429176049089151e+01
1.072882262487973470e+01
1.035932592056772705e+01
9.975491630031200430e+00
9.617305924564591990e+00
9.445824204556691583e+00
9.135267240508419206e+00
8.866949829392618554e+00
8.460326629630252171e+00
8.106504479674619290e+00
7.861986136064278874e+00
7.618397797380908720e+00
7.167912684258283207e+00
6.781181872793070831e+00
6.350467630868734226e+00
1.159885105845929409e+01
1.095021908507977315e+01
1.065347879960824606e+01
1.032991128699225847e+01
1.030935144170799056e+01
1.063971598374839189e+01
1.072552087032306822e+01
1.071160298415784062e+01
1.055958807649933284e+01
1.037389657460758130e+01
1.014109336782729365e+01
9.916301279316517281e+00
9.824910972046998481e+00
9.726084943370802094e+00
9.826201429959715128e+00
9.870275649402303841e+00
9.771740948324532994e+00
9.652117649927520304e+00
9.444649798689232156e+00
9.216552034015959904e+00
8.756255125778414694e+00
8.784674476951776612e+00
8.862309849164965669e+00
8.938661980775441052e+00
9.305085114881048725e+00
9.641201748872534338e+00
9.971893247430797302e+00
1.037437514802501504e+01
1.075704344658837286e+01
1.116814722287952044e+01
1.154367906116656961e+01
1.182953038348127706e+01
5.993605762093435096e+00
6.088793126146345713e+00
6.139480044061988551e+00
6.203578967603694316e+00
6.147284046162496907e+00
6.081463676214110770e+00
6.034305123477841981e+00
5.960934989981717003e+00
5.933735674831059015e+00
5.876535333985097864e+00
1.166303578777099759e+01
1.162406382438786245e+01
1.161948936170822755e+01
1.147767856090463390e+01
1.122643629991967096e+01
1.095950339981077803e+01
1.069854112424533099e+01
1.022341102202666718e+01
9.581257170227639008e+00
9.010552264626570107e+00
8.372111603244139388e+00
7.738881978303911779e+00
6.996171340547157946e+00
6.186288856418821425e+00
7.363096413030020493e+00
5.800163537152505100e+00
