2.358978182755091524e-01
-3.009956592223135274e-01
4.228565635389731625e-01
2.398119143796451525e+00
3.146295489366356612e+00
2.182440009629038613e-02
8.120139272292283827e-01
3.332049900396000019e+00
3.382741829818494139e-01
1.568451650870106739e+00
2.295500128219707392e-01
1.286722829809656687e-01
-2.019777580977228482e+00
-2.630934931070499694e+00
-3.044658377320428322e-01
-2.705353337027941452e-01
-1.452638897402035667e+00
-1.935460006036597846e+00
-2.099669931450373284e+00
-3.604928097964883449e-01
-1.291297615095234441e+00
-1.832915703022029774e+00
-1.475346169418328302e+00
-9.312946215061828070e-01
-5.827795215908526671e-01
6.793084139683038813e-01
3.325973031714591244e+00
3.386767260817808101e+00
2.119304122378856015e+00
2.243315069481269131e+00
5.108105268511209829e+00
4.893328338417797241e-01
1.134113489640163230e+00
1.779034315554905987e-02
-9.285042191752967966e-02
-3.263867958720840790e-01
-2.137224649201292070e+00
-6.154634703684331853e-01
-1.536024471241056677e+00
-4.872893519749041946e-01
-2.690022709109900489e-01
1.362907682683270227e+00
1.212246418918615065e+00
-2.117101621747252693e-02
-5.454412319657495622e-01
-2.650119387846817887e+00
-1.034395639147872359e+00
1.149545150742139477e-01
2.584575574508649609e-01
1.007833926683655790e+00
1.966785608545149833e+00
1.358781274585130205e-01
-3.757931694789500288e-01
-2.381820121437830728e+00
-3.728148103918071943e-01
1.952448242553827207e+00
1.105641201107973259e+00
-1.512673601027116899e-01
-1.375984502801892884e+00
-2.130062802759819185e+00
1.543206839620088200e-01
1.001121546938119611e-01
8.959795968764294738e-01
-1.582762494486094629e-01
1.895666321835852153e-01
-8.290981249178780432e-02
7.260622133864195193e-01
9.210291055455525067e-01
2.960677959258208869e-01
-7.010862566823730102e-01
2.755918423614711621e-02
-2.418437619769051139e+00
-3.508134315072393150e-01
7.523917234235926177e-01
8.005949143085455688e-01
9.349666392717999042e-01
6.018157932731901250e-01
1.811094357070706096e-01
1.900367773201961263e+00
-5.467478767418487706e-03
3.558229565429846808e-01
-2.062544137071955497e+00
-2.473491947555914727e-01
-2.146235524248325977e+00
-1.263123509614497930e+00
7.609061811189712365e-01
1.775331848044658933e+00
-3.277231745274727714e+00
-1.929881250244031232e+00
3.972897458837261198e-01
1.040310262617572867e+00
2.549917947922614836e+00
1.757804929722253773e+00
2.226894358242175187e+00
-2.172839935972321612e-01
2.320902492037353326e-01
-1.347521751206312235e+00
-1.283255149429435082e+00
-3.596409022310919079e-01
4.313565612553398321e-01
5.582663548589661406e-01
-1.684703625565324714e-01
-1.085596193421248801e-01
-7.475379492717074692e-01
-9.013798483125058658e-02
4.882338144373798983e-01
-3.604098581140883217e-01
-1.506185351644194093e+00
3.851563038896488322e-01
2.620448904858539985e-01
-3.867306280855498102e-02
6.226729293399559939e-01
-1.379488379484679061e-01
4.837349538295137030e-01
3.734955717509998996e-01
-2.943954530727347918e-01
-6.943885090184092057e-01
-7.171543896548338015e-02
3.121474821164688107e-02
5.399178315363802882e-01
-3.743340658339272542e-01
1.176980618204007956e-01
2.253462860939653978e-01
-6.067613898546136281e-02
6.522099628799468141e-01
4.018936861701177810e-01
-4.704497432687948510e-02
-6.257759701684595388e-02
-2.427824779389819998e-01
-3.449445247070933585e-01
-2.711853051746701548e-01
-4.819074151824082053e-01
2.372981385434979329e-01
-8.369127081886446051e-03
2.263317409882286135e-01
-7.214615307317429060e-05
-1.487980287686267111e+00
-6.100284715261834467e-01
4.377750259407031663e-02
4.800000459477642423e-01
1.921158422635124374e+00
8.758823662792916132e-01
9.097376513748800519e-02
-3.285800022112133068e-01
-3.716684875117227671e-01
-7.734654169482546582e-02
1.472344723623847385e-01
1.470134436049784776e-01
-1.214269095322071390e-01
6.890300563138218592e-02
-6.124018587056310192e-01
-7.723573876015301654e-01
-5.983511130370167130e-02
2.105791336145688142e-01
-6.611983855306774460e-01
-2.337903059111756665e-01
-3.046716369659003831e-01
3.990751469763207382e-01
1.250039115848518012e-01
9.909166967661778846e-01
1.341577831544564781e+00
4.514488621685006642e-01
-9.227777845772101584e-01
-5.252247675761896328e-01
1.747201276027727235e-01
-1.885749814427595816e-01
1.784497702144787201e-01
1.342202874332502627e-01
-8.369062933051889530e-01
-5.104560863562154216e-01
-1.758404413603897876e-02
2.455969755216708128e-01
2.630309755451057940e-01
8.838780306730595338e-02
-7.734882699029713149e-02
9.456927245707349439e-01
-8.557041865078418574e-02
2.602905791277307923e-01
9.287923759334792972e-02
-7.239244300020313272e-01
-7.854405941847799610e-01
-4.369880123446596709e-01
8.397958436524615156e-01
-1.130614571780932165e+00
-3.157152313564905999e-01
2.070145124873901121e+00
2.531642489157732268e+00
-4.780192518281616287e-01
-1.054155757132533289e-01
-2.433999861285103705e+00
-1.422516987054928794e+00
2.205603898771084648e-01
-6.302027670493524081e-01
9.342779650415224957e-01
3.661111299778940786e-01
1.954879176545981645e+00
-5.584933292189483423e-01
4.643247272580447449e-01
-2.170488910269903204e-01
2.655561534917061373e-01
-5.977074698247962781e-01
-1.855556304138245682e+00
2.775823977665267117e-01
-1.315527457332531514e-01
-6.761133896385860265e-01
7.796200159854627110e-02
6.630965242042844432e-01
1.027609403671019495e+00
8.031778890294973827e-01
2.510777849983282239e-01
-3.690036670517878870e-01
-4.773394588726921905e-01
-3.780638623353997918e-01
1.030049192964852811e-01
1.982828788691197053e+00
-4.876096088199999290e-01
-1.701157163107392511e+00
-2.519922348428800807e-01
6.592987715200059329e-01
1.158714049510470301e-01
-7.227182356109196348e-01
-6.437618576433045137e-01
6.707427553786937668e-02
1.077787291291556704e+00
1.092554982261511931e+00
-9.302418860166894454e-02
-4.653133750390007206e-01
-1.517153355429564643e+00
1.645963399285426121e-01
6.666104722288400675e-01
1.324655713135825807e-01
3.604092357064463403e-01
-4.321970889130420934e-01
-2.383417388077473109e-02
4.210870664908621941e-01
1.369640647033829040e-01
-5.610727030014228678e-02
-4.312122301694017446e-01
-1.293566798391029060e+00
3.009065376898112376e-02
9.030663042866462487e-01
2.011012945593687373e+00
7.790189614645326444e-02
-3.367118107493722867e-01
-1.319229945066554777e+00
-1.865367193395839340e-01
2.932636754579051597e-01
2.995962883994398585e-01
-6.076220965844535415e-01
-8.473893791748717819e-01
7.435390851064473949e-01
-1.442787331320957156e-01
-4.220009472500711456e-01
2.721010570777028792e-01
-2.997320997470727666e-01
3.263099362910328316e-01
-1.277537700392297748e-01
6.890375406152177140e-02
1.922290245223668426e-01
2.941767940186316155e-01
-6.234405971146258496e-01
6.981603390316171165e-02
-2.078379952048947654e-01
4.285417020402237931e-01
2.289029089043193022e+00
-6.469332325831511632e-02
-1.535574993883075168e+00
-1.047269643697737340e+00
4.487192623150652593e-01
-1.562993591512922276e-01
-1.876587728601602501e-01
7.678587792556254010e-01
1.646664211741721395e+00
-3.329877619165051428e-01
-1.016826311536118466e+00
-2.448134050046984811e+00
2.866574649993045565e-01
6.976868861115126386e-01
-1.924198698849614475e+00
-1.067114651218032062e+00
4.446331290360007849e+00
9.899258838559507057e-01
-1.217176087385190453e+00
-1.255849936207374729e+00
1.579632339183806078e+00
4.076033269158968464e-01
-6.780951683053032530e-01
2.464043857788156267e+00
2.916443977990314185e+00
2.812891356985334212e-01
-1.167201959074363415e+00
-8.270574915745236844e-01
2.644596380103613864e+00
1.207893022222554791e+00
-1.433775566253062905e+00
-7.058811375442086700e-01
1.333139337939419633e+00
-3.885794432561774148e+00
-5.222701429457723421e+00
1.493776776020458996e-01
2.292367448075702363e+00
2.407809794377114621e+00
1.565791823208693145e+00
-4.137431660877863848e-01
-1.173603743368467622e+00
-2.755795447927466224e+00
2.062724694330546893e-01
2.383452655249486130e-01
-8.947419448528325381e-01
-5.894760386400939023e-01
1.009341950926698095e+00
6.958219917546814015e-01
-1.683170515316015248e+00
-2.842496263014337998e-02
3.763316863088451925e+00
3.959320978976810235e+00
-2.657634093780237183e+00
-4.821291559264189175e-01
1.954770516180318385e+00
-2.856048850245036519e-01
-5.799249762438407174e+00
-3.621836777212918967e-01
9.517624217791161856e-01
5.427821951784485011e-01
-2.042809275217100318e+00
2.111367200622304985e-02
5.299801762641941361e-01
1.248724336117770228e+00
-2.145325573528876761e-01
-9.166193941712447169e-04
-1.466600161068950386e-02
-9.837769341820810087e-01
-6.415096950501264494e-02
2.018987700845964461e-02
-6.416719979283391773e-03
8.471308087436741907e-01
2.653208760371934094e+00
-3.290539140153048159e-01
-9.332916247901912321e-01
-1.182757087062858536e+00
3.374183066198531145e-01
2.613091914365842094e-01
-1.374891536517142132e-02
-4.822887803759164926e-01
6.831220089510517957e-01
-1.448691927744891750e-01
1.247056571181645035e-01
-1.980267977506762200e-01
-3.853458011300259223e-02
-3.924475983484718711e-01
-9.371374348686980493e-01
-7.592343750348261588e-01
3.787396564828164891e-01
5.978467793743947878e-01
5.501147899612046643e-02
4.758725145759788999e-01
-3.080709938531602798e-01
-1.723672458324585488e-01
6.142749842405847982e-02
-8.159281661855649626e-02
1.256054029085144075e-01
-1.219387934626073311e-01
8.069163550535474183e-02
1.559664541228583667e-02
1.796866031785755713e-01
6.785810708148501402e-02
8.434366887329733387e-02
1.099960464505969626e-02
3.667881794634306886e-02
-6.051128994264697719e-02
4.124855909476919658e-02
7.794070923111230675e-02
-7.333046387018177237e-03
1.237589285754013141e-01
3.777471985322778947e-01
-1.292575566714594948e-01
-3.090016905766788669e-01
1.468042601011904091e-02
-1.393547369897866761e-01
9.350930774384635935e-02
-2.869591117383831769e-01
1.595203037704329696e-01
3.466712869134908725e+00
5.458584718686316783e-01
1.664099197195483271e-01
-4.556857262051211777e+00
-3.103223267768959737e+00
7.338608013745044900e-01
1.383761657173258497e+00
1.256760414387647629e-01
-3.667172984497757415e-01
1.027347003169185591e-01
-5.956702921408396634e-02
1.394033674209762541e-01
-1.631680443154248650e-01
4.771071930485226709e-02
-8.341367777972119590e-02
1.004771558920207308e+00
2.633818189212083993e+00
-1.228122835911515942e-01
-1.738142022967625877e-02
-1.503239266282365705e-01
-3.571387915917489941e-02
-1.475785204025610309e-01
-6.582610408132054669e-01
-7.298478485378588898e-01
9.325645250479602799e-04
3.759638372533959105e-02
-1.210384063673690808e-01
2.356443986587721806e-01
2.503268748202450711e-01
-2.237462502608275616e-01
3.026065191198359927e-01
-2.164150977364111550e-01
-5.941258352792871955e-01
-4.373776328293817461e-01
3.777651879395862999e-01
-1.567852874132127927e-01
2.566463526903511871e-02
-1.558363861555367991e-01
-3.585004351960385804e-01
3.924146891621274058e-01
5.685935926808488583e-02
-2.016590352786179485e-02
3.300684899690539686e-01
-1.017861245729441699e-01
-9.441422433906337952e-02
-7.427333031908789351e-02
-5.499897661571484520e-02
2.761167139142373106e-03
-1.100221437261142965e-01
3.758883743878476125e-01
9.507150071461680785e-01
-2.081052790825062004e-01
6.390156677900300508e-01
1.863070863781372211e+00
3.100789678357460666e-01
2.018626146327513027e+00
1.338144446389005537e+00
4.354717714506966431e+00
8.325108941702890064e-01
-8.888597566401212902e-01
-3.429355878945248293e-01
-1.104889215795196833e+00
-7.595558667915828011e+00
-8.620599391805608747e+00
-4.931891482299715079e-01
-4.606591446476429041e-01
1.638791320316252964e+00
1.526976551040320373e+00
1.196777267406045731e+00
1.533924011460463532e-03
1.640164084099349218e-01
-1.600973112335242199e-01
6.081187943710375521e-03
3.805575796166227320e-02
4.334413848049156748e-01
3.391486605774536756e+00
2.652228603302613230e+00
6.381983655268310685e-01
1.709765461075326343e+00
9.300414934688694402e-01
-9.802590546037714958e-01
-7.835221878335634216e-01
-4.337015261511023567e-02
-3.834776599670872699e-01
-2.706624701602775573e-01
-1.540947882485794729e-01
2.850318438727197368e-01
-4.844378529748296636e-01
-2.621242640445946570e-01
-2.536516073089094547e+00
-8.891046534877039553e-01
9.121834771930992236e-02
7.005607968122389007e-02
5.785973126990910931e-01
1.023111623585617025e+00
4.623216507645313555e-01
-2.715361608016386707e-01
1.488362924387482744e+00
2.655403874737424452e+00
1.071236072579868193e+00
3.616954139113794930e+00
2.873393529477947794e+01
2.336100027008414770e+01
3.670321331788958474e+01
-9.050213341252046462e+00
1.104762914098851923e+01
-2.418351339318735427e+01
1.777658990138388617e+01
8.145783920891375374e+00
2.833807327811612709e+00
-2.941384795952572517e+00
9.846582261109276146e+00
1.117432756581125375e+01
2.108623209594382786e+01
1.400011402489300849e+01
-7.420343877807809463e+01
-3.021206816998471822e+00
4.942856277648419905e+01
-5.256658303160381251e+01
-2.147049939693943799e+01
-4.267505373103022492e+01
-4.890240556449890974e+00
-1.144665616682136111e+01
-2.274614723723539900e+00
1.942187813155593634e+00
2.678942314297421134e-01
-6.759164902855241408e-02
5.699463745316772911e-01
1.499932299841661099e+00
9.613042126280113564e-02
5.287159424143662578e-01
2.065154709899097440e-02
-2.133629135515348052e-01
-3.527528605812648710e-01
-6.246197975156739801e-01
-7.131682417597268175e-01
4.046492046816040911e-01
4.440769325905462583e-01
1.697900368493222123e+00
3.546404028508487460e-01
-5.525832274014468304e-01
1.890470860716031432e-01
1.649619761925265049e-01
-3.298241153503835843e-01
-6.471871170182593724e-01
-1.714471272986016759e+00
-9.058436090790733530e-02
-9.026005895068256457e-02
2.002418509602489349e-01
1.412022315156051810e-01
-1.406698690056595868e-01
7.150600843430765519e-02
-2.440520891872577369e-02
9.793622578490168706e-02
7.278151899812890235e-02
-1.538856471602521037e-01
3.868076386465069127e-02
1.696568469614464503e-01
2.769760670643721667e-01
4.407737669028183314e-01
-6.124572828809338176e-01
8.433955669950092826e-01
-3.138505311248597218e-01
1.119010325185257892e-01
1.559118469120858996e-01
2.103642127160634812e-01
1.017415235303555932e+00
-3.417769612940719792e-01
3.849207283205753338e-01
-4.059194465080562253e-01
-2.808055906267918900e-01
-1.111492575651417125e-01
-6.721239907095482025e-01
-5.174982395285370185e-01
-4.014416893721838298e-01
9.793585902185208969e-02
-8.567847316723431472e-02
3.612619725465193721e-02
5.474398905792363657e-01
-5.120593982505934338e-01
3.647823538833506740e-01
-1.078472438616849272e-01
-4.017716682258365424e-02
-1.012400335225033809e-01
2.770977349806391654e-02
-1.245847292190701561e-01
1.487736010119947716e-01
2.162248662950100875e-01
-5.136844510803179054e-02
-1.800985411848361473e-01
1.846800160315180128e-01
-2.065315054154553409e-01
1.091246039305954207e-01
-4.273344220899866208e-02
-7.374918896608118057e-02
-1.269095040817269648e-02
3.771602221628507223e-01
1.192610348526050579e-01
2.467093381133603491e-01
-1.467487628551503165e-01
1.408903883079837827e-01
6.436292738341306552e-02
-2.540685793595337527e-01
2.838079287341297441e-01
-1.640206699445272143e-01
-4.731474560669816920e-02
5.925491284771446099e-02
3.282045614047604531e-02
1.106238725797409062e-01
7.136147885003163438e-03
-1.177599040892217119e-01
7.758136221478673100e-02
6.608501569164204614e-03
1.604937186160990126e-01
-4.196714291794970686e-01
1.073186920608349693e-01
7.938812626679375706e-02
2.316865815095003889e-01
6.015770166298448629e-01
5.973099186007333472e-01
1.605944242548693612e-01
-4.518507882718880708e-02
-3.066968608224789339e-01
-4.645288538571089587e-01
-8.255867567616166358e-01
-6.750103136519800540e-01
4.401284711254105364e-02
3.005595284110557097e-02
-1.063563861910324371e-01
8.067424301791231711e-02
-1.635821776810835737e-01
-2.111100295953328709e-01
1.449332168807460075e-02
-3.085146760454584580e-01
-1.070804910041108782e+00
8.857837209586534311e-01
6.854821716844766044e+00
1.167746915689195930e+01
1.155868919777771708e+01
1.495751256893502656e+01
2.140921792144283842e+01
1.027943507499432627e+02
-7.138593710240337487e+01
-1.761327917941542864e+00
4.129556940280011190e+00
-2.007270968322828253e+00
-1.244156527722992678e-01
-2.925300308103118141e+00
-6.377840275381842616e+00
-8.336280523552815680e+00
2.233424594866714585e+01
-7.437865502888307390e+01
-8.750664586236041487e+00
-5.636298393753561342e+00
-4.381314818739786787e+00
-3.179436263384181061e+00
-3.663626850295651494e+00
-2.604031252837562427e+00
-1.735677318861912566e+00
-8.713473408827789868e-01
-1.632567250947435156e+00
-5.485447129030989188e-01
-2.400218509761046448e+00
-4.266510866720292228e-01
-9.193899471184501238e-01
2.555352439039850765e-01
2.441994137513319174e-01
-3.357807905355283395e-01
-1.048056350614476884e-01
1.001444290069297693e+00
1.098475489661367988e-01
1.226356465341273072e+00
8.387545395830642292e-03
1.595097960742574372e+00
1.410461421868135723e+00
1.754334646456386704e+00
2.238813783776051558e+00
4.451923307641319494e-01
-5.875066472817741525e-01
-1.854871428744804818e-01
1.560458759248669391e+00
-2.773094531384943107e-01
-8.828296610612706985e-02
6.029637954005462319e-03
-2.043837147288574130e-01
-5.702164324168761400e-01
-9.727126309418958616e-01
5.159440660845229232e-01
1.138826196383663891e+00
8.964800301766906454e-02
-9.616170211233631138e-01
5.781021470999325729e-02
-3.023179180830654067e-02
5.928894577693779588e-01
-7.096349187535428982e-01
-2.259329934092234038e-01
2.250480816695981101e-01
1.681223331493919004e-01
-2.732919763749303566e-01
5.970750865194305312e-01
3.560251998780860072e-01
-1.254277383901840071e-01
-1.003352697584041664e+00
-1.182986107232228967e+00
7.387341194691599000e-02
8.254751351742051213e-02
-6.621551163090422243e-02
1.665686681566382887e-01
2.070233954031375223e-01
-1.960905205949690089e-01
-2.716904063374285805e-01
-8.964666931131679561e-01
-2.094531313519727433e-01
-1.154375816877286631e-01
-2.431236465459551965e-01
4.412211194492066113e-02
-1.051552535720783332e-01
5.179489035780040496e-01
-1.677001945351079826e-01
-2.803247196557101084e+00
-6.887319398164315487e-01
-3.052214019360963704e-01
-1.186378464481977701e+00
-1.422326342279413680e+00
-4.778609977566734557e-01
9.124812384506082452e-01
2.006651382371186898e+00
9.724417285195503524e-01
1.510996571681330281e+00
9.161708490147089101e-01
-2.114407334034829056e-01
1.213698288278862503e+00
4.075552443725571905e-01
-2.598114933843573837e-01
-1.843219621498448646e-02
-3.555941643485227566e-01
5.954385106291999463e-01
-1.158022075489665959e+00
2.052268453393242709e+00
6.153116210104196959e-01
-1.908322805059303739e-01
-3.310687274713752792e-02
-4.552698441023783626e-01
-6.668840573845651321e-01
-1.072899271211403160e+00
-1.211585468120668363e+00
-8.069960722464974978e-01
-3.037610121814457997e-01
6.206788738553115081e-01
1.572915426653738180e-01
-2.802538375404566295e-01
6.612701236772160485e-01
-6.206545558865617096e-02
2.254925734686246130e+00
-7.193519854806389446e-01
-2.253167967594702503e-01
-1.650268000683992042e+00
-2.703218836565988603e+00
-4.912557534107611090e-01
5.115368623084952659e-01
2.502989788627711043e+00
1.138030702506176883e+00
2.861467291729806739e-01
1.641543346637539535e-01
1.437447616326621880e+00
1.332011964513763580e+00
-4.611192043461388446e-01
3.849984966264985431e-02
-4.978017545321469228e-01
3.474409404876097618e-01
-1.091078517380117407e-01
-4.061540343172838075e-01
1.982078276565610864e+00
7.755809296615751025e-01
4.042801916082596758e-01
2.163368225916695309e-01
-4.840579011338872473e-01
-6.142458062246936024e-02
-5.903843184930316346e-01
-2.167163142671624243e+00
-8.260033420291534867e-01
-1.106592708763638466e+00
-3.301998834423156559e-01
3.642007875316322085e-02
-1.048213153529005126e-01
4.434790872086264990e-01
1.977198722711412948e-01
1.629329309822584726e-01
7.839810014142893912e-01
1.622663338547384981e+00
2.972252445006188237e-01
-1.500004463354328577e+00
-3.378581573450405440e-01
-6.664292138270719867e-01
1.298743652061853382e-01
-1.111151254402000355e+00
7.777637649552753274e-01
1.175780855818530535e+00
-2.914488555820098359e-01
-8.609600070698069096e-01
-2.412901479873885702e+00
2.532592449755846076e-01
4.566926826458006516e-01
1.865697649171114136e-01
-1.779270202315750282e-01
2.612592498294930010e-01
5.671830686041805514e-01
-3.908085331860857714e-01
-1.825795604911024661e+00
-9.341436946125281082e-02
7.978722296014097992e-01
-1.568357438982630470e-01
-3.491313548891916696e-02
-1.301317496902880677e-01
1.400270722162646919e+00
1.206141466069060364e+00
3.204054080855649467e-01
2.756066116612398975e+00
1.422327998156684092e+00
2.223343605928125299e-01
-1.282790688744682939e+00
-3.275100445914774783e-01
-9.303973582408724408e-01
-1.522212493491190699e-01
7.022065353488446959e-01
3.739304054268121069e-01
-3.177069341045406059e+00
7.393133240900127134e-01
1.959256201290061616e+00
-6.420084975150364137e-02
-1.176441279368082515e+00
4.427870885347764407e-01
1.688855163333046194e+00
6.598078440170449532e-01
-3.228960580294712557e+00
-1.071715949502132226e-01
2.275739071226894339e+00
-3.918850680577738721e-02
-2.001163333028412872e+00
4.216644514295706525e-01
1.599838756285211883e+00
-2.124210166754308959e-02
-1.774712944155601990e+00
-7.616067305901808027e-02
1.353168535220823365e+00
1.132843649693275445e+00
-3.520870659294230154e-01
-1.267640124155915982e-01
4.071055619984133012e-01
1.385836946708002282e-02
-1.781837796104820626e+00
6.919582416788341295e-01
1.211066935229247798e+00
-2.075301200291340686e-01
-2.228051135995628762e+00
1.075738839389244195e-01
-3.009353329659336662e-01
7.622176194230105839e-01
5.129676648417853535e-01
-8.880981713945379497e-02
1.445585381408592829e-01
9.043999459546625541e-02
3.835012161350718207e-01
2.511661634919980512e-01
3.996707351444158673e-01
1.096387051010788038e+00
-6.729622272088058299e-01
-6.616409484840596322e-01
3.844026914067681933e-01
-1.539412445265342155e+00
-1.270750419733361891e+00
1.542871791462405717e-01
5.500016865591779158e-01
6.659345652304534680e-01
6.706328175208742248e-02
6.233196123506098418e-01
7.635524944887146503e-01
-1.271090364959945318e-01
-1.598299070195509652e-01
1.200263140623286873e+00
1.628906545946472884e+00
-3.314587757188651729e-01
-2.523544467392984103e-01
-1.211997789915060464e+00
-2.054806409435426140e+00
-2.155696614289468460e-01
-5.986117426995596347e-02
3.569203295742809923e-01
3.559111291572614189e-02
1.659583998037101882e-01
-4.415649169598855339e-01
-7.856243996403133867e-02
6.609128421929993946e-01
1.306557097028414383e+00
1.713818692676871702e+00
-2.589945271136224747e-01
-3.178304498025430469e-01
-1.047329070154788822e+00
5.560096849197502245e-01
-2.585254814950943558e-01
9.176244165447178247e-02
-1.138041247367143072e-01
-2.368218054141335571e-02
1.094031743398451439e-01
7.119469492079000261e-01
-6.961438307145630944e-01
-5.003594751080802094e-01
1.977311322946775363e-01
-1.609568729277033317e-01
3.564347979479449702e-01
-3.754166136265197906e-01
8.121969714029462217e-01
-4.923675035774401909e-01
5.322033374262657990e-01
-5.291529778981767240e-01
-3.733050586386953418e-01
5.748692345661533531e-01
-1.060761226820710057e-01
-3.431908777705032776e-01
1.685347359278013268e-01
-1.199374030581721318e-01
-1.074768705969189053e-01
2.456725162695239106e-03
-3.050570134741044548e+00
-5.157413949714740653e+00
-6.266169630792530754e-01
1.816359988755529287e-01
1.109567209548111499e+00
3.634049867120170862e+00
2.101450289389945603e-01
4.303676027998850628e-01
-1.052253960421379642e+00
1.095348022503559005e+00
5.708476710768326523e-01
2.644671914714369798e+00
-6.671870165237152595e-01
7.903444681944187256e-01
-5.266853924128200859e-02
-3.308034704376623392e-01
-7.551598633021927576e-02
-3.818737287498324973e-01
2.191742671717332724e-01
2.829635572258506038e+00
6.220513185811261891e+00
7.993326904186627502e+00
2.740664734201590846e+00
8.670714288000347381e-01
4.458120371843161678e+00
4.404364381884402491e+00
-1.045664757425726066e-01
-1.687415981714082136e-01
1.215355650573158641e+00
4.261734957813548164e+00
3.483414291713479827e+00
3.737391410567354910e+00
6.625400064837101866e+00
6.044435512081449247e+00
4.942217421602333616e+01
-5.535697346659677720e+01
9.299089620090654762e-01
1.767581475755903853e+00
1.980238212860193414e+00
1.827555202928536460e+00
2.898295397736809775e+00
-2.061219898495224356e+00
-7.252449132103066631e+00
-3.730242627064093597e+00
1.707756432146133818e+00
1.639141591053437708e+00
-2.222978787192921857e+00
-3.047929326318552512e-01
-1.580259940499338711e+00
-1.991679687706294999e+00
-5.398115619055509740e+00
-5.620348175864066320e+00
-5.537121901368134758e+00
-7.928630413503299224e-01
-4.500887277026141220e+00
-2.553798761068339473e+00
-2.482713594958473990e+00
-1.430081785893825952e+00
-1.954457316185193250e+00
-4.575753717985303837e+00
-1.102770823518381071e+00
-1.111401216523263180e+00
1.794509244104594003e-01
-1.215240011179474777e-02
-7.510842603001925966e-01
-3.183706305645448431e+00
-3.661418454397372457e+00
1.241637574196781557e+00
8.164420079975176492e-01
2.004630169687381169e+00
-5.526655393351094236e-01
3.310088871667418164e-01
-3.068107503877244291e-01
-2.593995180436217574e+00
-9.283358664635664725e-01
4.138438824637897806e-01
1.167044672147012907e-01
4.755826946034548142e-01
5.052863496080505223e-01
4.758230977225199609e-01
2.060843017644691799e-01
1.385837157440095169e-02
2.345550642775771633e-01
-6.083160131625142686e-02
-2.541399153935261612e+00
3.991457062375478593e-01
3.393802226041582326e-01
2.226811615385442256e-01
4.593054316178298291e-01
4.952431251461356654e-01
-1.628388632290020677e-01
-3.306630609844551927e-01
1.815177075371965931e-01
1.757018237397413585e-01
6.472968934240691530e-01
2.043384535441830074e-01
6.609052486710563779e-01
2.038088455473517691e+00
-1.418709524964092417e-01
2.566438422728989366e-02
-3.988724236559189951e+00
-1.623480911296605544e+00
5.368014879843572285e-01
7.239607670039571730e-02
6.237367962488988837e-01
-1.858382837575778268e-02
2.898281899078782864e-01
-2.025104024838308980e-02
1.545417938871422869e-01
-6.448879132168305883e-02
5.237945387580674739e-01
1.646827821045919960e+00
8.441078898262532881e-02
7.893707350814249679e-02
-1.972937500441230840e+00
-4.472717036384294409e-01
5.134249262293084648e-01
8.816795261252103888e-01
4.710169586853141244e-01
-1.417569452055083001e-01
-2.364624538065054349e-01
-1.279773015420533344e-01
4.415556414667420881e-02
2.712532975430511639e-01
-1.618539793477858924e-01
-4.655360384685089947e-01
1.490623845077765353e-01
2.847395703492905383e-02
-4.129338214503326387e-01
5.968658942009458235e-01
3.381707215885882967e+00
2.772931479527386944e+00
5.568527290285140374e+00
6.509792039660384333e+00
1.494174292986869546e+00
-1.876414250132611983e-01
2.347307101618866909e+00
3.073257239580676980e+00
4.378914735896504595e+00
5.695187393748490479e+00
4.714036212718454522e+00
2.603589610092349460e+00
4.947206336482880573e+01
7.982750760993951644e+00
7.156960179279792555e+00
9.445340447383998139e+00
6.329513160808332373e+00
-3.671582745418817240e+00
-4.612596765399260335e+00
-1.905258174154013773e+01
-1.919382692566914272e+01
-4.798915270105064224e+01
-1.710430066374009073e-01
-4.511128232403013527e+00
-2.011309716625355293e+00
-1.326750508080642987e+00
-4.240715674551527314e+00
-1.370160092215110481e+00
-8.475838048230599497e-01
-2.112473443374831561e+00
-4.340326520583176695e+00
-2.486104605299277459e+00
-1.751349913400855662e+00
-2.837284228951940879e+00
-2.137842428587033439e+00
-3.786409589078916227e-01
6.787991474158405758e-02
2.616522055185812157e+00
3.031717371493725999e+00
1.097950624221821769e-01
-1.361284272153960639e+00
-3.613997800634843216e+00
2.079122386912282128e-01
-2.504945834592815501e+00
-1.003581712081146549e+00
3.492127905130208987e-01
3.771330445559493150e-01
2.086342454105210908e+00
3.376362292595553427e+00
-1.359185902346280450e-01
-3.032993269716912632e-01
-1.658989149024719945e+00
-1.500454026863982993e+00
-2.454044890702096637e+00
-1.815633271491606138e+00
1.461417068678549924e+00
7.314901839331002797e-01
-2.762751186486448685e+00
-1.146332726713259476e-01
2.243698432420835331e-01
1.352093866165873237e+00
3.095498425204201709e-01
1.137418752423043689e+00
2.054282801731147856e+00
1.936905501723738432e+00
1.878148945884750454e+00
2.564097245693340188e+00
1.821686486537843486e+00
1.935285975851637197e+00
9.154449567484945760e-01
3.272244737874192566e-01
-2.474898624941559433e-01
-2.484489231306271861e+00
-6.066956594028846794e+00
-2.539217564584971498e+00
9.570429105642586087e-01
1.775475125250058239e+00
5.298615405058135774e-01
1.063986391265272280e+00
-9.638045078970813861e-02
-2.393390453529709028e+00
-8.147557789277994900e-01
4.211582465388945540e-01
-2.031955587597173984e-01
4.042712429952598219e-02
-8.644667889136269379e-01
-1.606272753935420017e+00
-6.593467936554464615e-02
1.778927557600700204e-01
-2.132111347258005551e-01
2.038822387513287815e+00
5.139265513026749943e+00
7.946185859969983056e-01
1.878473846050372487e-01
3.099492881940903999e-01
-2.797226726653287532e+00
-4.723833632074645905e+00
-1.020334177553052113e+00
9.149270459000817812e-01
7.232911179602976581e-01
5.376666013598071503e-01
2.850368818654768766e-01
-8.835876297425950820e-01
1.194574184821382001e-01
1.340784893698243607e-01
-3.512700022412880152e-01
3.289661312807101723e-02
1.314031067696803667e-01
1.572092672982214889e-01
-2.034225318118152437e-01
3.441114153291845446e-01
1.311957298127107929e+00
2.095722719563346104e+00
-2.507722664569320692e-01
-5.365577396665137666e-01
-5.280349273588795800e-01
-3.540825583062127135e-01
-1.225576573192971974e+00
-2.078367279264344836e-01
-3.189973877526012802e-01
-8.148258331001635435e-01
-7.296974585425832771e-01
2.378372238843224906e-01
8.415461966603985378e-01
1.124218699314216696e+00
8.087358779401696562e-01
2.282408582612206471e-01
-1.810690605322946567e+00
2.612014390263018848e-01
2.542155963549834752e+00
-1.043244322737746366e-02
-9.613754891482640952e-01
-1.231565363773813981e+00
-2.763440011290507758e-02
-1.404607795573731721e+00
9.105212455712000663e-01
-8.659124516470076971e-01
1.123382815361922749e+00
9.734834087731045749e-01
1.192514205500274871e+00
3.391555876370617728e-01
-6.110226472133926112e-01
-2.005202855071189560e+00
3.422066400050203239e-01
4.433085554999384170e-01
-1.159463333262672202e-01
1.282267057088962270e+00
9.360349686384745738e-01
2.294118086394698608e-01
-3.993607945443797824e-01
-5.252082837514360225e-01
-9.339334475869958130e-01
-6.400819373224675424e-03
-7.913502554759674901e-01
-1.077232154107911732e+00
1.717750506650723707e-01
2.729480943091363576e-01
-5.990144792889495751e-02
-8.184177873422693317e-02
-1.416750364965166931e-01
-3.486713963717431586e-01
5.782976101758916521e-01
-4.084392653613961865e-01
1.479235473235527287e-01
5.638215251369699255e-01
9.021570832411740515e-02
3.945823937697722772e-01
8.410167756682849216e-01
1.309823183265783397e+00
9.156310483774499076e-01
-3.942510090420516811e-01
-4.730443907037127360e-01
-2.442581197360532030e+00
-7.934496017693123404e-01
9.372435655313027247e-02
-4.977937546262278801e-02
7.097799561412198033e-01
-5.512204661370695424e-02
2.022821975176889997e-01
3.696921207336064108e-01
1.148850210139338024e-01
-3.714472740436999820e-01
5.940516829734898696e-01
1.286324056316367592e+00
-1.619947277159083932e-01
-8.808457070890368668e-01
-6.417209519431719134e-01
-1.218056611203177653e+00
5.496871677952883672e-01
3.548555401167975965e-01
-1.029339288088084725e-01
7.355143822929999242e-01
5.020146495890748239e-01
-8.357767236340624128e-01
-1.682522755023893035e-01
-1.911737628746009443e-01
4.623602098205592537e-01
-3.786910041178012665e-01
-1.141132396750491051e-01
8.818301332601778952e-01
-1.435030098816529875e-01
-2.794829760132123697e-01
-9.379361933056457046e-02
4.232638809144029235e-02
-7.361414008440216039e-02
-3.860048225104990155e-02
5.195213941685044023e-01
1.093331734932171395e-01
-9.496803399780368027e-01
1.498313682594939467e-01
1.526430845080880006e-01
1.933503668339189852e-02
-9.608581715259354450e-01
6.978281166322355400e-01
4.184163192817180743e-01
1.462382468007814018e-02
-1.229302708903019958e+00
4.099763893223747901e-01
9.141052434537577653e-01
-4.855636889878672258e-01
-2.947854660467462029e+00
1.114176094633198222e+00
2.946785312480560304e+00
4.240464074136549577e-01
-1.794853242289539130e+00
8.004365991860094010e-01
1.775210666703964435e+00
1.548141215243551638e+00
-1.518781815699107973e+00
1.191776852778673401e+00
2.431159503336488559e+00
1.529235344663266716e-01
-2.246841147020783858e+00
1.331052759101879701e+00
1.626580635706637246e+00
2.548292494097292860e-02
-1.713909237121032270e+00
5.851742010860725429e-01
2.807151197366097861e-01
-3.797196288605775738e+00
-1.565103475432584101e+00
2.695438552136122934e-01
1.295459892197089680e+00
7.407078829706787992e-01
-2.934405968905799966e-01
3.015652354428346449e-01
-5.372389392103587014e-01
-1.146844910239405824e+00
2.273499066146474901e-01
-8.076420063738112276e-01
-1.393433142550839277e+00
-3.391926113290982814e-01
2.457762767392315695e+00
-5.793765286183216734e-01
-1.350346628930010562e+00
8.314761030251817120e-01
3.379079141528345875e+00
-9.488001667292276231e-01
-2.266181738424240422e+00
1.925212686255200478e-01
1.791342023596085520e+00
9.905723005910127554e-02
-1.376971290085671207e+00
1.503558382408868299e-01
1.308343531390629533e+00
-5.417811080802183987e-01
-1.529326182879428675e+00
2.173127141798275597e-01
1.224087769358418232e+00
-5.235330813098111324e-01
-1.534925894514718614e+00
-7.063104215446286416e-02
-6.782340800500108458e-02
5.042848711961072095e-01
-1.145864524327745715e-01
-1.540723604291685533e-01
-3.236515766136243144e-01
-6.482389943375629349e-01
5.229523802169966373e-02
3.218356033250712178e-01
-9.278073026694336756e-01
3.713305667541317856e-01
9.905714584153879620e-02
9.168759059397313393e-02
-1.393277496025693285e-01
5.179817617631570226e-01
1.050608067534160694e+00
7.755825561618505670e-01
7.820242504994294741e-01
5.244498280149574310e-01
5.923655136443630731e-01
-9.979022286070993175e-02
3.055199073713903424e-01
-5.765811260378108649e-01
-2.276912405624147873e+00
-1.636887360112737166e+00
-3.309761313180163977e-01
8.902426772210092487e-02
3.328920803524491046e-01
9.865926048874027465e-01
3.310201821491075558e-01
-4.217950566850526412e-02
-1.834004537878129448e-01
7.154432616575606696e-02
-2.741580888086427858e-01
-1.109396995284940290e-01
1.952983645637046406e-01
7.242697568508790762e-02
-1.366044132623103480e-01
-3.208134279734980998e-02
2.823759438046904435e-01
-4.583059348870169303e-02
1.063566124989395317e-01
1.980328706235461866e-01
-2.402117741910837490e-01
1.778818567082518232e-01
-6.419229220758680687e-02
9.350943508219551614e-02
-2.181984132464247494e-01
-3.062229572101034525e-01
-3.309857360448247299e-01
4.585887342506012043e-02
1.164513766690945529e-01
7.699880367016165295e-02
7.610620390899675014e-02
5.088268435694963676e-01
1.879384547004669948e-01
-1.210107406357978643e-01
-4.309453359811031559e-02
1.897831691074964855e-01
1.022261849680954127e+00
6.491530633625042235e-01
-2.465835803853455577e-01
-6.536894078214312565e-01
-5.499294771704787976e-02
-2.640767723411745482e-01
-3.557484871745307253e-01
-2.094279657021921981e+00
2.393660489728703933e-01
1.955751745836119770e+00
-7.023515316086098581e-01
-8.508537519309345987e-01
-1.761228301872207691e+00
7.463954717643761505e-01
4.355180314679618636e-01
2.443257086203718398e+00
1.211093454240224965e+00
-2.795675751545594334e-01
-2.897182231004872932e+00
7.582306887310974464e-01
2.323235717902679465e+00
9.151042907651143476e-01
-1.659481631174830385e+00
-6.647370272659467449e-01
9.902385359680515586e-02
1.407548506223396556e+00
1.293143745873531314e+00
1.720017393932453675e+00
4.761053382785576105e-01
5.995642512228016585e-01
-1.117130883367622118e+00
2.189278283700319960e-01
-9.203352584820922999e-02
-6.716599468745751977e-01
-3.793774856160505138e+00
-7.910956347119573184e-01
-2.939226760843821618e-02
-2.691661827822061648e-01
-5.015627444974923854e-01
-8.680565764262704320e-01
-1.639072343483119587e+00
1.825529166124542080e-01
5.024340021895623565e-02
6.063279043727423101e-01
7.841630423782675052e-02
2.808393755288077553e+00
2.386301231627204089e+00
1.166328233006628246e+00
3.185620585256834225e-01
-6.593506246226339407e-01
-1.040075606556656762e+00
-4.359593203889524649e-01
1.601368284726107927e-01
4.812586967004639504e-02
-2.643269232991536377e-01
-5.576769436420003778e-02
2.183415022279120876e+00
3.096954154820389604e+00
3.764218938215084798e+00
3.352299598590846585e+00
5.765227034865667122e+00
5.007359288594130931e+00
4.730424283417317355e+00
7.203586129358438228e+00
7.275209566705882480e-01
5.653678359947967635e+00
6.417460136979848073e+00
6.531458020923722074e+00
-2.936899592383554136e+00
1.423981417479176059e+00
6.813289874134028423e+01
2.120918340088890375e+01
1.813282222125093313e+01
-7.012603558349971422e+01
1.104981897514576872e+00
-5.443299756674278456e+00
-3.908929363569896509e+00
-2.678741663555214814e+00
1.612325687790416850e-02
3.187848676804804882e+00
1.782038267301686574e+00
1.639757346387966663e+00
-2.599967718261140703e+00
2.789071623752981566e+01
-6.626666956942187880e+01
-3.037519301087947454e+01
-5.076522022182027527e+00
-5.472106295559857614e+00
-3.933635691854682204e+00
-2.057787856915145319e+00
3.987900606767522116e-01
1.701844486519502597e-01
1.230913450496388117e-01
1.452504562104627306e-01
2.294405803096910557e-01
-5.557588483359943154e-01
6.234007326907969881e-02
5.242953780204329117e-02
-1.584989454001394238e+00
-1.128036418415839792e+00
3.386564686476334352e-01
3.487809293437444946e-01
-1.100977644948533118e-01
2.430815029760643231e+00
1.304743675413634119e+00
1.964801356556846734e-01
-4.973823797180294548e-01
4.185880521884932648e-01
-4.305287046253747363e-02
-8.223797813384043920e-01
-2.059013510581526152e+00
-6.314140697701887683e-01
-3.591303616263237242e-01
2.506479519921500643e-01
-2.141824495764943492e-04
5.255897368716390128e-01
-7.374809625971212590e-02
8.154654091171071872e-01
1.032657519337492058e-01
1.144557387779013974e-01
2.866688232778370482e-01
1.170117658682427453e-01
-6.894814617744332574e-02
9.111113422278910301e-02
9.484837335862461583e-02
-6.010469247859987485e-01
-3.996167700043772031e-02
1.241509689389661969e-01
-8.875002463579562129e-01
1.925677446590017272e-01
4.731586944636290148e-02
2.012014886774344258e-01
-4.247822324557739004e-01
6.600831154369460885e-01
-2.261367082539851858e-01
3.235427499255084105e-01
8.546752837187206187e-02
2.355198284826426347e-01
-1.111517780119077314e-01
-9.665771764643113495e-02
-3.283434917817311671e-01
4.664571713616227910e-01
-6.089338824415502227e-01
7.686788661712993243e-01
-4.092286992545681179e-01
2.179396647033597367e-01
5.114975197170820720e-02
-1.958715173145908761e-01
2.951805400704970994e-02
1.493033096925231729e-01
6.106221840873121698e-02
-1.406697486397157359e-01
2.793142663727563590e-01
-1.813782923588995177e-01
-4.934145673510126340e-02
5.648078905457376564e-02
6.969571955679298991e-02
1.104043486499226567e-01
9.974775708609628921e-02
-7.069724606835288139e-01
2.187842605326082990e-01
-4.350105992330703941e-01
2.884796070339886720e-01
-6.767063616312454788e-02
1.536709831511548774e-01
3.229013141325023928e-02
-1.722138842636608824e-01
-1.681963603985629829e+00
-9.003019999500876391e-01
3.868114229626717915e-01
1.624760139343655263e+00
1.062839357633197590e+00
2.467095958240599352e-01
8.269031513400704192e-02
1.513305517371683617e-01
-4.618765705263225829e-01
1.999231832948422660e-01
-6.841819526732273449e-02
4.810448287305993942e-01
-4.878698077000059863e-01
9.132858173832059112e-02
-3.871620192920737225e-01
-1.270611499299667768e+00
-1.607084942917929027e-01
1.384255822644404610e-01
7.137316466301779627e-03
2.419081842044432662e-01
5.209095329300313937e-01
-2.019495955969805578e-01
4.862839987829469801e-01
-1.447358740161247104e+00
-2.520647508256307567e+00
6.019608698601648378e-01
1.837644562184594932e-01
7.716643133083911366e-02
1.728549968521044145e+00
5.579073877138730708e+00
9.816440444216524952e+00
4.195740709072092045e+01
4.739655726368812338e+01
4.730162061777321014e+01
-6.473227674836522283e+01
5.557884633762881776e+00
2.128927700449168015e+00
7.839027843799399875e+00
7.949257346811108960e+00
2.968222895535006955e+00
-3.252094964266831312e+00
-1.086368654846310733e+01
-1.869705517959704366e+01
-1.343265885421381256e+01
-5.790162754364996545e+01
-8.581388576893385078e-01
-8.491141519068552412e-01
-1.456811932025940948e+00
-4.893391459965606316e+00
-2.563686456498958322e+00
-2.031377329292709533e+00
-3.986887328920799334e+00
-2.163514744330869988e+00
2.336486957520964580e-01
-1.306312725426444388e+00
-2.070264422175224439e+00
2.517562905437635834e-01
-2.296375708578164421e-01
1.831305477991071129e+00
2.080915652287432138e+00
-5.392532675797490072e-02
8.153501282406345751e-01
-1.186575414642140558e+00
3.274932199086419971e+00
3.298033210836504470e+00
3.244204850769230042e-01
1.625540621826528254e+00
9.857230015068459972e-01
-6.296036142805316871e-02
-1.213977016459460989e-01
-1.016261415981670746e-01
-3.422735470443526440e-01
2.951662271186412667e-01
-6.658086817528621193e-01
-1.359608214881853794e+00
1.251710300129662556e-01
2.160186825678853673e+00
1.664437718003334732e+00
2.734064399076086005e-02
-5.387890248931438419e-01
-1.661132775687428897e-01
-7.442922449243409844e-01
5.612913753715450538e-01
-6.295147723262962958e-02
5.497161949480326992e-01
-4.385201802697977769e-01
-6.005821731644384043e-02
-6.195119114168173846e-01
1.972322192926556084e-01
-1.353764618886588389e+00
-3.885935863491951636e-02
7.845045605814124912e-01
1.800440761752163166e+00
3.157517105384273215e-01
2.314535459921995830e-02
-8.638715339224456446e-01
-1.335755177186638276e+00
1.254255806594902767e-01
-1.723155843131044529e-01
-2.087408207413689709e+00
-1.450905821714347343e+00
1.899588178485949186e-01
-6.699063320706244440e-03
4.972667198117854959e-01
2.413093119017148958e-01
8.437973390305053556e-03
-3.463205443106698311e-01
2.313427142038637641e-01
-2.215568661905589209e-01
-1.355554805568434773e+00
-8.155562535087126363e-01
-5.137039041306694642e-01
-5.396086417393242129e-01
-9.473155917509563650e-01
1.934139750728647300e-01
-9.980192115961621369e-01
1.196739110480862678e+00
2.403076772736286060e+00
5.967989079498980942e-01
-4.726848791379856252e-01
-6.676780361321545954e-01
-3.227776584082375777e-01
5.134029713243313253e-01
3.295864789704525677e-01
-5.336856038863739826e-01
-9.010735521370420997e-01
8.365350061347909261e-01
-6.301921580047125104e-01
7.051551955844113095e-01
4.538285053729937957e-01
8.140754189350545289e-01
3.513021922658126073e-01
6.272080445629852896e-01
2.981412883789964496e-01
-3.480919862440456924e-01
-4.506832547772856579e-01
3.337428191299451896e-01
1.046173090860941013e+00
-7.682473474573088268e-01
3.364088946175566974e+00
5.750025606182407323e-01
3.072415903897818268e-01
-2.602694899426170050e+00
-2.047475390410884444e+00
-1.254803634796653355e+00
4.900458715734936632e-01
1.239735963394005935e+00
2.191979596531550278e-01
-2.614485866764218347e+00
1.221017658701915920e+00
2.599847884525629649e+00
2.346929784875555924e+00
1.318324047842084346e+00
-1.815454783850856124e-01
-1.439305476301446785e+00
-4.134618383011632314e-01
-1.998634516297373986e-01
-2.869511722797687403e-01
1.249563709359162056e+00
3.000547013117067063e+00
1.035841594554428369e+00
-1.244951367024778044e+00
-4.053792522912045726e+00
-1.391600667561269322e+00
3.547686482744598635e-01
4.161875744503751307e-01
6.343747033211557529e-01
3.126109230549594109e-01
3.667347965794820475e-03
-1.564029737969706790e+00
-1.626492168881554345e+00
7.479372852816106310e-01
3.253204942630016916e-01
4.294288567155080116e-02
-1.215742759987525901e-02
-2.912300530844655899e+00
-8.672547733224762467e-01
-2.891564154864543212e-01
2.301914108772163736e+00
2.151114768152284640e+00
-4.393045992882833595e-01
2.585055563249931687e-01
1.328798411520009770e+00
1.522809909147913032e-01
-3.986893547609002830e-01
-3.187925498393901158e+00
3.440291323602453488e-01
3.939823463608389531e-01
1.210084678778712064e+00
-5.609265653706927424e-01
-1.816332816369611525e+00
-1.112469520326380135e-01
7.556368553689640777e-01
5.748161473301363067e-01
-2.064565160597671145e-01
7.096764962351898021e-02
-3.511850670628593463e-01
-1.174048960011988108e+00
-5.165228292293502221e-01
-2.635817773134165876e-01
1.568516193384876800e-01
3.080984146337976792e+00
2.837087547404522070e+00
-8.816628010095370338e-02
-4.470416065647568882e-01
-7.335710613493571230e-01
-9.356249675147296774e-01
9.456500370465281691e-02
2.541969159068788287e+00
1.203762895821152590e+00
-1.187034389359379549e+00
-1.306705159746771594e+00
1.085902848343553551e+00
-4.420348904587927952e-01
-6.459655487109751126e-01
1.751417326858960566e-01
1.061461147313810027e+00
-9.389005674165273874e-02
-1.197099869513010617e+00
-1.566480142666377917e+00
7.442176109779110593e-01
-5.633596786131904732e-01
-5.407820344115950029e-01
-3.147779640313279614e-01
3.124640933957274935e+00
2.337684798483904425e-01
-8.372536037504705320e-01
2.801802245996523055e-01
2.572034651837950214e+00
2.897908188302922294e-01
-1.833924461388728666e+00
-1.382958559933471943e+00
-1.434840604390160923e+00
1.632548395231026239e+00
1.637282070091427677e+00
-2.684481863658385592e-01
6.170259145294101355e-01
-1.440842249498555994e+00
-1.539139653771002259e+00
-3.329739537309932551e-01
3.942402643106759363e-01
-3.128121753486134971e-01
2.938628045891316098e-01
2.194045593058566723e-01
7.236960755901129527e-01
3.964538295489807851e-01
-1.035965772314521915e+00
-9.469437977546046881e-01
1.510978943377204509e+00
3.802742374711650886e+00
8.027253041066773065e-02
-2.844898766747693930e+00
-1.302102754911387494e+00
-5.158552145627881558e-02
5.754959552595839689e-02
2.734653094343446611e-01
-3.774010852996290133e-02
-1.598284785080119619e-01
4.025459867115168677e-01
4.172936340652951825e-01
-1.093105483064730488e-01
-1.102103199305489722e-01
1.148845165270520607e-01
6.119943371981092506e-01
1.269128301258799274e+00
-1.909236773121247843e-01
-3.633511173439207820e-01
-8.320603889359419192e-01
5.415267547711518636e-01
1.127388814894760838e-01
-4.415644616942880907e-01
-2.163027619087428965e-01
4.804183802054118324e-01
-7.146871379627495191e-01
-8.207824950841401401e-01
1.256923145556789745e-01
3.937511748718915405e-01
5.102643056386454434e-01
1.028418746177199417e+00
-2.308359890345514920e-01
2.759968724068277979e-01
2.456471902946053554e-01
-6.649036045899123781e-01
-3.937406372128138266e-03
9.940266574064323679e-01
1.334919382326502646e-01
-8.096990565693422681e-01
-2.842720330992664080e-01
2.095524030047827058e+00
2.335398546261080455e-01
-1.130202469659848941e+00
-7.420967157568865158e-01
3.481435265485379738e+00
1.473603794532182043e+00
-2.614188029422619408e-01
-1.149968685501723265e+00
1.270219096420581728e+00
-2.073149258094669101e+00
-3.511244711931400975e+00
-5.601549803136437689e+00
6.746442604171134505e-01
-1.779428197946995027e-01
-1.145360712291092931e+00
-2.960530946391868312e-01
1.918572567669167839e+00
4.942522473550412521e-01
-8.598047443595970840e-01
-7.271649225086491697e-01
2.178898355837028511e+00
1.244450640670134556e+00
-1.163271630972726678e+00
-1.092657131689588113e+00
2.268559274452889074e+00
1.740747338434678104e+00
1.102651994915353484e+00
-1.837279803993285388e+00
1.493528389533932188e+00
1.064354099290180100e-01
-2.063656178502534022e+00
-2.124735335509692291e+00
8.321071395023706962e-01
6.440029838246263960e-01
6.013838465643528419e-01
3.815061478964258956e-01
3.897404743876771605e+00
4.389571991656107564e+00
5.632544482142884945e+00
6.156202929412783575e+00
2.453148938345705687e+00
3.861694072181428794e+00
4.879435336012072355e+00
1.810181674874378643e+00
4.042184343458309570e+00
7.588866390085186708e+00
7.948053138395437145e+00
2.562103062148473498e+00
-3.091928723576984339e-01
-3.572393132306430630e-01
-6.431391039919844843e-01
-4.670134561379128968e-01
4.029965654766243688e+00
2.391522235647947525e+00
3.252190494941068266e+00
2.179179897315279391e+00
2.384152014477081138e+00
3.071716245517279731e-01
2.050595815887845674e-03
-4.183617688396729761e+00
-4.122856448241066118e+00
-5.771744107547192471e+00
-8.002903677120485781e+00
-1.257993229585068207e-01
-2.096549306325762529e+00
-1.617919923437533214e+00
-7.506151546415914311e+00
-1.066603876618573565e+01
1.918815879169102345e+00
7.424306975703416356e-01
-1.323554026094271308e+00
-2.613254407845456484e+00
-6.541680537098764958e+00
-3.885085396533190405e+00
-4.932767359201154278e+00
-4.938562525263237468e+00
-1.866875400306140742e+00
-2.616142418327480068e-01
1.035693738217832838e+00
8.373830084982420985e-01
1.073826532724408311e+00
1.689133774528277954e+00
-3.735221215770589964e-01
-3.231681151811853780e-01
-2.838017279324459352e+00
-1.718648580885518307e+00
1.218166484619568779e+00
3.220327921633881485e-01
1.297265501307699465e-01
1.581984282795830254e-01
-1.618307217193303948e+00
-1.216813399803889029e+00
8.243375161610171364e-01
2.353819576232833999e-01
7.925382478401579167e-01
9.133007667645942629e-01
1.120127394568319001e+00
1.930544156909212994e-01
-1.687233573163184897e-01
2.270144788436025962e-01
-1.438134043253977978e-01
-5.051255108265453320e-01
-1.411003282980251017e+00
-2.704160565675580719e-01
-3.440338332593365633e-01
8.426125835051607726e-01
-6.917972411633185326e-01
-3.358884442541371085e-01
-2.398268898207200905e-02
1.748439198550721940e-03
2.382509431458434968e-02
1.913124654382585277e-01
1.178062332646867327e+00
6.128538343274454459e-01
-4.178885168770204439e-01
5.154131474934597890e-02
1.959599372858348509e+00
-8.161261643068584704e-02
-1.900369875282389875e+00
-9.518643693738589873e-01
-2.749842231598818021e-01
-2.318908488286091085e-01
5.049738671353110053e-01
1.094529337860976614e+00
4.506993619730714773e-02
4.781029533404690390e-02
-5.013182134606208873e-01
-4.845768848579036225e-01
-4.580761245151226402e-01
3.283514385190839935e-01
1.461727205987471689e-01
-6.890032338435619907e-02
-2.180367291322846401e-01
-3.854482310146782331e-01
1.534258603992696202e+00
2.847224716247627629e+00
2.279453639590125036e+00
3.536551190729317895e+00
4.400700098664783511e+00
6.216499226958008606e+00
3.297760872140855781e+00
5.306859817890220654e+00
6.348679260738695262e+00
7.764611482152567135e+00
6.977304603958359053e+00
4.007963511653720445e+00
7.527961207349875394e+00
2.381365873304460479e+00
7.577595188667203274e-01
5.013046584207316414e+00
1.649551251136287533e+00
1.760719089945212090e+00
1.745446467329060170e+00
-1.892039725606835532e+00
-3.400395255730657595e+00
-4.603786790123791661e+00
-3.528124397010415692e+00
-1.207303111890185932e+01
-4.197689109108715400e+00
1.402881603135057276e+00
9.513205578952508290e-01
-7.038997508385236301e-01
-4.515040545263545368e+00
-5.045562414589767286e+00
-3.861520867281413416e+00
-8.372712294973222669e+00
-5.364607376077724865e+00
-4.143505367912334592e+00
-2.218022710772105555e+00
-8.934473679214622877e+00
-7.341613233202771482e+00
9.625923819762634004e-01
2.617001858970033901e-01
2.045674235217062265e+00
2.372265768650392848e-01
-8.495571432403877798e-01
-9.730988457491217547e-01
1.091797278643455993e-01
1.036594359142916977e+00
1.589453750130791043e+00
3.199051634563245816e-01
-2.496539125207930532e-02
-3.265946614479797727e-01
-1.849178210272817147e-02
3.396026163078147420e-02
-2.179603738193700568e-01
3.589236932974970706e-03
-3.037209187927858434e-02
-1.396229091137844991e+00
-3.437507413980266380e-01
-1.053596696003445299e+00
-2.016072190518270801e+00
1.572606707005623772e+00
8.109455446647324539e-01
8.646893282589350749e-01
1.010985392660845861e-01
