7.365572980074745146e+00
-4.274237058139235046e+00
-4.640499428121380276e+00
-4.589852221947850808e+00
2.070095610646531981e+01
-1.168263647453876786e+00
-1.001788552624201856e+00
-1.067142981547178238e+00
-1.176749272390051004e+00
-9.490751984834453481e-01
-9.714631077250253099e-01
-1.005847846349176677e+00
-6.867516680441809740e-01
-7.766654595818849316e-01
-8.844523751764583608e-01
-9.226964779513622261e-01
-1.211323028843146687e+00
-1.270729423603576436e+00
-7.939518412659580804e-01
-9.665614544718650336e-01
-3.551195880487441059e-01
-9.906055248374912026e-01
-8.349428433004959516e-01
-6.535504574351662654e-01
-6.126340740619866665e-01
-1.094900068477187460e+00
-1.036388195239304366e+00
-3.645781602996009951e-01
-8.349661108581258873e-01
-5.428738910280017649e-01
-7.359657850844598670e-01
-8.658620284479852103e-01
-5.169564363037792987e-01
-7.625890402298409754e-01
-6.856481983349311804e-01
-4.780173823508775399e-01
-7.702584352757924080e-01
-1.126039657111022052e-01
1.015009093588972178e-01
6.779813778354082388e-02
3.335551857054568359e-01
4.858567876610706548e-01
7.505423656407117505e-02
-2.647923709380961554e-01
-1.359675206340824616e-01
6.236859694013219269e-01
-7.236180793602642325e-02
-2.565841083908537712e-01
1.944243779188141730e-01
3.097128729271574343e-01
-3.940695695026619205e-02
-3.028194379846738116e-01
2.300607772869511791e-01
2.405324135187711931e-01
1.103907832344717121e-01
-4.325406247648473368e-01
3.163368291646122543e-01
2.288057766262809878e-01
6.161592877509747268e-02
-5.298223227021736648e-01
2.430978725096935023e-01
4.453551237241768490e-01
-3.307397553495690090e-01
-1.056017841594666606e+00
1.258274659333039835e+00
-3.265553259978517531e-01
-1.433842735386363643e-01
-4.626491817639220017e-01
3.352125786512516470e-01
-2.890235684050281861e-01
1.754457062820549140e-01
-5.276824192614526510e-01
1.017409260875723476e-02
2.723985788712823819e-01
-5.574935955134918686e-02
-5.969937259536308716e-01
6.254135621654270949e-01
5.986554293598871368e-01
3.481287225660878448e-01
-5.578383236547068691e-02
6.178821688497038167e-01
3.230916472498179814e-01
-1.122648372112422521e-02
-5.528834689332242647e-01
2.835520219681768594e-01
2.471306036587748167e-01
1.486542429369919205e-01
-6.631700715827548720e-01
3.341682431516375118e-01
2.542540480554720261e-01
-2.438077659988380219e-03
1.615445983496499593e-03
-2.433283869190319137e-01
1.290712402538950698e+00
1.864391301375505350e-01
-3.934460358545592840e-01
7.731383935057110079e-01
2.564627801565890763e-01
1.310408574436650042e-02
2.359148903016716758e-02
1.137500277548681993e-01
-1.306036134274535243e-01
-9.879104306624952869e-02
-3.753708468289005395e-01
-2.538197738683578564e-01
-3.213886664680387639e-02
-4.470331495973098868e-01
-4.039102607463576078e-01
-4.035516957869802468e-01
-3.498347882292023314e-01
-6.401813548209105420e-01
-5.879959074518481543e-01
-9.170852674225926648e-02
-5.932177581952231549e-01
-4.464792341998276015e-01
-8.997417095653474917e-01
-2.762073208302240346e-04
-2.586972152857924812e-01
-5.339030178089174683e-01
-9.257359538008032018e-01
-1.107877264211580837e-01
-1.579084836591562180e-01
-7.406368138416326019e-01
-1.441095407939137374e+00
8.216873234362154221e-01
-2.550642002528533681e-01
-7.947172485414668586e-01
-1.027013100446957594e+00
4.603180501233765654e-01
-3.823628624063957204e-02
-7.460718965715997797e-01
-8.743217079741896214e-01
5.381033957252085997e-01
7.946310089535870702e-01
-1.693495494088281816e-01
-5.170073953487133167e-01
5.204975544568739565e-01
3.248826347549282900e-02
-3.474268187641627037e-01
-7.999035781818619739e-01
7.991552940307684594e-01
-9.179852200249882799e-02
-6.292514359842442673e-01
-4.953273657808381358e-01
5.484698258333438048e-01
3.533466002994885002e-01
-9.104143399935082925e-01
-7.543085927388162304e-01
7.885697726711242694e-01
1.603413743162533933e-01
-8.288915914635168747e-01
-6.442385783761253037e-01
8.423282115737578124e-01
2.423867083620763196e-01
-1.130875547427542926e+00
-1.861539594476084858e-01
4.915429191235887174e-01
4.264460826396216930e-01
-2.001402714057078924e-01
-3.088242065522521784e-01
1.142072214985248024e+00
1.125043583059252228e+00
-7.793986782744752873e-01
-3.784910407784778386e-01
1.215779656845043633e+00
3.889521632273371665e-01
-3.404566720225474796e-01
-9.117071393039495319e-01
1.113223453782715922e+00
-4.348473385746842723e-04
-2.707830839083413821e-01
-6.615976890759966977e-01
7.111611305257312665e-01
4.224247325579284507e-01
-6.026447023101084710e-01
-4.954004715674003023e-01
6.954119824582107867e-01
1.736025346595937435e-01
-8.261941788145321652e-01
-5.029863211583815996e-01
9.394271241189287025e-01
-2.592813422722883843e-02
-7.233423822357920585e-01
-8.602470962674786392e-01
1.196692245107421115e+00
1.493410455116901403e-01
-8.885310931169954074e-01
-6.746172537193615426e-01
5.777642361032775398e-01
1.855027345398383432e-01
-9.496639765572183478e-01
-5.810730504968617538e-01
1.016862360281656663e+00
1.901083664672071905e-01
-7.566745353051445022e-01
-9.799503952335371082e-01
9.884884755994107763e-01
5.593524537038518929e-02
-1.162655167318575877e+00
2.105174449907210033e-01
3.282931930068073711e-01
1.283601811387789837e+00
-9.246598444971994013e-01
-1.461610831911954733e-01
1.340252556269149409e+00
1.873694907417657873e-01
-7.690813450813607233e-01
-3.721341422587727266e-01
9.771290810676518390e-01
1.601454671247495298e-01
-9.274814420679291516e-01
-5.512234759069940537e-01
1.190003264858972898e+00
2.287152898206770146e-01
-3.923594031264201476e-01
-7.930155006758852210e-01
1.200514883692179069e+00
4.686888321004971658e-01
-1.113349324220436642e+00
-5.265581753451087366e-01
1.252355138283483882e+00
-2.015980508760861767e-01
1.549877985682783788e-01
-1.162651277088151858e+00
9.956567667952498368e-01
3.412495527865360145e-01
-8.400620999752845819e-01
-6.789887059071446629e-01
1.109920824137113016e+00
2.595319699056517493e-01
-8.477104615872406157e-01
-3.911124125795666373e-01
9.772963587275853570e-01
3.004357084360336216e-01
-8.362258622185692047e-01
-7.740686165997345825e-01
1.114167347428789867e+00
-6.041683527598706860e-02
-9.207428781377302585e-02
-1.314528746877414278e+00
1.582144372526549603e+00
2.074910667822038590e-01
-7.957044899522074388e-01
-5.943671591954000633e-01
1.001693256753718231e+00
1.512331382130014390e-01
-8.291760438875357409e-01
-5.810563721480122013e-01
1.220661510034510400e+00
2.024274299873525251e-01
-1.194678238909851586e+00
-4.522404121767138463e-01
1.248393957012289945e+00
2.824838861092899833e-01
-9.612398618052182542e-01
-4.867074367407866475e-01
1.147042787326739699e+00
1.116498452944014730e-01
-9.033174488968995774e-01
-2.377728729536485730e-01
1.367821134320166720e+00
5.305873375046772367e-01
-5.156418121688162159e-01
-5.304953033331756274e-01
1.259261923398703686e+00
9.324855744286963954e-02
-5.175362629263062786e-01
-5.830877853571649894e-01
9.774645011294111896e-01
3.714958414114590823e-01
-1.079238139057707713e+00
-3.329268334955628461e-01
9.384467190569552031e-01
3.125158721535257200e-01
-6.727310959262382539e-01
-3.293808076925799355e-01
8.750120538038643758e-01
2.044700617117598540e-01
-7.276415247541052622e-01
-4.129672875314369662e-01
9.839697014622359461e-01
1.540257574661083595e-01
-1.042475565592297926e+00
-8.520110275505032860e-02
1.066920555144740490e+00
6.019697983964888977e-01
-1.277609442421038466e+00
-3.032803136989770110e-02
8.564265391928245208e-01
2.811554610075859273e-01
-6.775224404663688915e-01
-3.732933306543131380e-01
1.037494975243760109e+00
1.901905777947305864e-01
-8.770788211773350440e-01
-1.878629994624745336e-01
8.865049282190042845e-01
9.404896471033907801e-02
-4.585455926533796855e-01
-6.553979745917786204e-01
1.138729712018431428e+00
-8.034579991707602176e-02
-4.450562532374249258e-01
-3.213092978401022037e-01
7.878343501392492954e-01
4.418649696223369006e-01
-7.797847972246287895e-01
-3.861331395662688237e-01
1.058866782076322011e+00
2.150991173069485285e-01
-7.131303044917416400e-01
-1.966308007398467339e-01
8.527868839426204772e-01
1.618169528177020311e-01
-6.597770108440030867e-01
-3.329649875672657799e-01
1.083079777593262349e+00
1.353962032892610523e-01
-7.015925276604519922e-01
-1.290012091319354681e-01
8.945254474226445041e-01
2.644194068041585410e-01
-4.863995665326257267e-01
-7.350534421840606569e-01
1.061587770112893736e+00
2.554080186818907805e-02
-5.853417596092782560e-01
-7.569586807287009833e-02
7.426574380893953276e-01
5.033119347568515423e-02
-3.437835339575201488e-01
-4.762433261787464289e-01
9.708215694534843010e-01
9.990457572678934639e-02
-6.674849542174925432e-01
-5.677525136201779787e-01
1.386975920828170672e+00
1.845306613650947725e-01
-6.940231320592644693e-01
-5.301415518747205624e-01
1.019296471150425987e+00
1.045589313366690476e-01
-5.457046275941550562e-01
-2.580831697866159402e-01
9.021609998569530831e-01
2.417402508384327575e-01
-6.042999422304973223e-01
-4.989707195897352676e-01
9.439026176571374549e-01
1.837939094701326326e-01
-7.734805753769862235e-01
-2.291144420258319769e-01
1.158552511953743647e+00
5.780336503128395975e-01
1.634552985244326351e-01
1.159695229251312298e+00
2.578228397973155950e+00
1.968614180293180027e+00
1.627662774797343559e+00
1.109686663540422558e+00
2.188483742870289461e+00
1.992071431508577461e+00
1.912399450824430858e+00
1.970306067530849248e+00
1.620873583541758478e+00
1.947553797220294314e+00
1.986771391971380751e+00
1.819672492743542591e+00
1.867275973112139553e+00
1.800929056364680036e+00
1.478193059616380367e+00
-2.063696925375586844e+01
4.666302044562847584e+00
4.435175737404186691e+00
3.231183772157393719e+00
1.312127422749561845e+00
2.969673845623582054e+00
3.681286790157532351e+00
-5.528200355607690852e+00
8.234045385880751411e+00
-3.143692252188859726e+00
1.224815461186370413e+00
-1.152139109962181251e+01
6.025033490681504844e+00
-4.534072318470631302e+00
-4.497576000403682883e+00
-4.157208467322121237e+00
-4.162935464320796086e+00
2.239000024504288078e+01
-8.521616864834058447e-01
-7.567544870496405451e-01
-1.214051175154512663e+00
-7.365969461323658152e-01
-9.358833374524166970e-01
-8.975269357814852356e-01
-8.712125184569572411e-01
-5.022872619695419871e-01
-8.159133718249407252e-01
-9.290455747533385988e-01
-8.024813193689581681e-01
-1.429542156608931691e+00
-6.949986365494993379e-01
-8.551341027161356578e-01
-6.097098124563444799e-01
-9.991109056343816519e-01
-7.623553788700263567e-01
-9.010168676521033149e-01
-3.351068584297749453e-01
-1.190964546740545416e+00
-6.668147934286992040e-01
-7.391413275463989407e-01
-5.088538406083387144e-01
-8.443531552288519038e-01
-5.909162800772236324e-01
-8.347143904777425405e-01
-6.866654909380827121e-01
-5.414061657396587179e-01
-4.738070288609250724e-01
-6.122688141585612698e-01
-7.640577799889811672e-01
-2.429599670632143216e-01
4.224146632601133433e-01
-9.274360947820525780e-03
-1.649288964963275816e-01
1.424872541342587340e+00
-4.908348523960910370e-01
1.598718879555605099e-01
-3.164893775901589379e-02
5.376304123699071624e-02
-3.946767551875467461e-01
-2.004067336089150331e-01
-5.746735254290982198e-01
1.320882990945122515e-01
-1.914373961584914241e-01
-7.901051297187393629e-01
-2.988033754548879983e-01
3.815723487707529671e-01
-6.267816433401662835e-02
-4.272891201309647613e-01
-1.272544492409295458e-01
7.222879631272078882e-01
-5.469712610099719541e-02
-4.685656853113755460e-01
2.500521548106178216e-01
3.489018757470390142e-01
1.097930545999687979e-01
5.815399339100366660e-01
-6.812315667672663722e-01
1.188391719858799433e+00
-2.500083018225751630e-01
3.715122301080668876e-01
-1.185306115210096323e-01
6.705484878553207295e-01
5.972913437509603796e-01
-1.054177314702897661e-01
-6.988158094015943789e-01
2.562998106299993140e+00
-5.169354574077544839e-01
2.185245886816389316e-01
1.626671639087859944e-01
8.289620469976100026e-01
2.763834603354666797e-01
4.877167372591770800e-01
1.245088662906205457e+00
1.418230886560571946e+00
1.469517422305337107e+00
1.608152210314486297e+00
1.826829392914866901e+00
8.294164621529418469e-01
1.174259014012044133e+00
1.200315443009536409e+00
1.289620301518908718e+00
8.841375996956628569e-01
1.359481283734268686e+00
1.593953595333715612e+00
1.368921685552560774e+00
1.241055857914275862e+00
1.128744389306046259e+00
1.696312476765829302e+00
-1.834928652621138312e+01
6.864377985792835091e+00
6.078268674749796929e+00
6.828025564101046996e+00
-4.385802089269294157e+00
4.108001320322866690e+00
-8.957211524002293146e+00
2.610752044868799970e+00
-6.818618596757413997e+00
9.159992117949769863e+00
-1.894318923295887913e+00
-7.567743979469732096e-01
1.440257093285438827e+00
1.432290727474740066e+00
1.876138066421511041e-01
-1.391932909924957329e+00
-2.242865060743795880e+00
-2.802903558908564463e+00
1.534888009274373744e+01
-8.210975863605831648e-01
-2.159324859856782552e+01
-4.048203862471702053e+00
-4.253135119547792442e+00
2.252629543612991370e+01
-1.074269549103554766e+00
-1.101862910823843578e+00
-1.174248076627161907e+00
-9.591466820904521740e-01
-9.038186573406932212e-01
-6.039109082032467768e-01
-1.084536036899859113e+00
-8.822813056008556032e-01
-1.127047313446247756e+00
-1.232957909629689652e+00
-6.142578922057637669e-01
-1.012656179780634602e+00
-6.610436320077042183e-01
-1.233320152520221313e+00
-6.262782422940773586e-01
-9.379451182114166841e-01
-7.558540684911889684e-01
-8.481035586981988672e-01
-7.965007353343267482e-01
-7.203695440524242599e-01
-8.301888894403433028e-01
-1.414072809722384250e-01
3.803330562972320195e-01
1.382248854692349482e-01
-7.142977293597851940e-02
-2.361983386225645631e-01
-3.336957538344833551e-01
-1.137028416357495075e-01
-4.738617246596490418e-01
-1.563226814510443319e-01
-5.456391895308740914e-01
-2.395000850317856589e-01
-3.559063111871054730e-01
-1.743732679987530787e-01
-5.585210256915118521e-01
-1.891107596881269615e-01
-3.936034053723673765e-01
-4.197846242882974366e-02
-1.966602055339237154e-01
-3.881182145566910435e-01
-5.275039519504431951e-01
-3.295388066511648617e-01
-3.255637970132667647e-01
-3.784235160720399449e-01
1.216876571576719357e-01
2.255081911710448139e-01
-1.204366119981727934e-01
-9.261719344409655719e-01
5.290887357114471001e-01
-4.644129756274395504e-02
-6.233988377167776207e-02
-5.660981540492784347e-01
-2.609245372408963703e-01
7.909946739613573641e-01
-8.862623874932396006e-01
-7.792714784881127343e-02
-5.389716275649902855e-02
3.532876933688271492e-01
-1.078629552896757104e-01
-7.570925493418556584e-01
-1.780062046525543451e-01
2.057613831318718667e-01
-1.171189212814809366e-01
-7.785058833550735358e-01
2.696750843347928139e-02
-5.856939243656924532e-01
1.626005623337228201e+00
-1.560404804474771367e+00
4.618165847511548350e-01
8.051865985316624119e-01
3.903633938140984583e-01
-3.496865854983823851e-01
2.596824968966942038e-01
5.912543214112844225e-01
6.277635377323775856e-02
-3.097310820568068834e-01
2.020202190486628524e-01
3.948852078336742011e-01
-8.341199708673485702e-02
-4.104846560363455410e-01
4.796774818553473096e-02
6.341403627032704549e-01
-7.436484785744568171e-02
-5.921438465493835679e-01
8.268920768476561989e-02
5.360392858707001551e-01
1.917069522988512631e-01
-1.790889359183509555e-01
3.155344908432766715e-02
5.869497474855975838e-01
1.495645665885518838e-01
-3.479262769503250752e-01
3.103214574036456952e-01
4.734320689733735321e-01
4.468480502815168620e-01
2.730873489394980425e-02
6.612777035796568725e-02
5.723457891458423319e-01
3.711140399860397565e-01
1.237327084272621391e-01
4.125836469319139610e-01
5.249031093850362595e-01
8.954461592911897583e-01
9.720559753119957236e-01
1.147397476675664052e+00
1.410933563842846183e+00
1.180739373394629865e+00
1.207627675306795823e+00
9.644047697502884375e-01
7.232104250767932285e-01
9.192780599017780219e-01
1.081588019233834075e+00
1.421656024921304606e+00
1.585396904594382761e+00
2.110428160609558290e+00
2.043441513927454878e+00
2.444081896115495312e+00
2.115312764892596675e+00
2.052737737165248433e+00
4.704661972313530782e-01
-2.171990120830294657e+01
2.200807891273414896e+01
2.870333450918103324e-01
-2.191055576450295916e-01
-2.011025864304230026e-01
-8.858619091633102016e-03
-4.896995445292020577e-01
-4.921376237383618957e-01
-5.919450579837537418e-01
-2.693529744773291768e+01
2.397052734450616285e+01
-6.017852943016670508e-01
-1.113056121178843227e+00
-6.860788669034825205e-01
-1.154276791347520259e+00
-7.967581942587322885e-01
-8.900293798970437820e-01
-1.025774336664817099e+00
-1.034872698884342412e+00
-1.418139419561839532e+00
-1.102165545831404359e+00
-8.537592935613602663e-01
-7.667150885915248182e-01
-1.316099790996311469e+00
-6.879838844119916530e-01
-9.903179394267098701e-01
-9.981369507445592149e-01
-7.224521490600821494e-01
-7.665479498591594165e-01
-1.224089687383532521e+00
-7.838814327559546768e-01
-3.398261947789009696e-01
-1.934593647952880247e-01
1.533847801541909917e-01
3.628045399455714914e-02
-2.866544493126852444e-01
-5.994490034602648620e-01
-1.715221354360991768e-01
-2.644226998135579265e-01
-4.496805884424546207e-01
-4.392102700887008382e-01
-1.030431538293456128e+00
7.774151732747469623e-02
-5.721469704571546799e-01
7.659104359731827572e-03
-8.591604218473776200e-01
-3.412047320347610935e-01
-3.259228461169456637e-01
-6.674553556914801788e-01
-6.083686199020448271e-01
-4.559969258444027673e-01
-1.315794303814499244e-01
-1.016656255438306289e-01
-1.010785025579806984e+00
-3.616542958308457401e-01
1.500639935641387979e-01
-9.939951234700430405e-01
5.706353446812215680e-01
-8.346026444799790056e-01
-1.172160904372461232e-01
-1.991409761595761552e-01
-8.016883009544741867e-01
-5.667828783442985241e-02
1.512941072300790779e-01
-4.322541319863759668e-01
-6.837712495003316349e-01
3.276341922730949818e-01
3.340105344430099876e-01
1.652315182310672981e-01
-3.530067202097981749e-01
4.230106790762064861e-01
4.976880532616689834e-02
2.063341823184074997e-01
-5.158597866016592093e-01
1.380700849564533428e-01
2.156403339003247766e-01
-7.040296416293756465e-02
-5.005931554416989115e-01
-4.904563315133003698e-02
5.299078161635364381e-01
-1.661133905655987064e-02
-6.394454416840318345e-01
-6.572780525937815810e-02
1.388434982070450019e-01
-3.952868058736598300e-01
-3.008693349964985941e-01
-2.627408306841161334e-01
3.588830726202374422e-01
-5.682606619203980358e-01
-9.859286917993586030e-01
-3.116149187781047658e-02
-1.541037632360087173e-02
-3.790436552205846965e-01
-8.742533342781939609e-01
-4.385896990881619217e-01
4.846533077292392022e-01
-1.219068485393478340e+00
1.134018857499086153e-02
-1.342299144713763326e-01
-1.212575454709678979e-01
-2.493491117304174054e-01
-1.072980935320785534e+00
5.639525232132314159e-02
1.290604638312728980e-01
-4.232476859771523436e-01
-7.616226823240737076e-01
-2.377542875971130343e-01
3.565307063686020683e-01
3.021983229835996099e-01
3.676451720899933662e-01
2.722683304785533664e-01
2.730117073699958041e-01
3.157386544485447644e-01
-7.535506933060531765e-01
1.159783461191494780e-01
4.504486139576400205e-01
-9.500254649656980632e-01
1.354085419266795043e-01
-3.821110780236836035e-01
7.122065444947480728e-01
-5.405454259395412464e-01
-8.155094885688356499e-01
3.258671861283062299e-01
-2.162626099579370020e-01
-2.760666717449709040e-01
1.752777804811387341e-01
8.990098745780983336e-02
-3.014273814647481231e-01
-8.099115624089847643e-02
-3.024849973825496363e-01
1.288497867640785444e-01
-1.216547311177862412e-01
3.246344893342723026e-01
4.218417613876539463e-01
2.611095583892648619e-01
3.233646488214674264e-01
-6.223238602660785546e-02
3.068024749712492394e-01
8.482327362253272440e-02
-1.039091625166435051e-01
3.120834942342582963e-01
8.396114949229627200e-02
8.149119496728474132e-02
6.233221185527781927e-02
8.234479618056411709e-02
1.832261005408142296e-01
-2.759725146822304964e-01
1.761984188137191154e-01
-8.786348452038339474e-02
-2.989540357326418984e-01
-7.789918460058231631e-02
-1.279988670016365404e-01
7.039445671906889856e-01
-7.519279867860859667e-01
-3.801509548960524398e-01
4.562545761891385609e-01
3.902953867675904576e-01
-5.312429567851637557e-01
8.135462781406488375e-02
-7.643224839409867855e-02
1.766179288767943945e-02
8.356609564174277693e-03
-5.870151829155645373e-02
-3.459700251958963690e-02
-1.895714424560424050e-01
1.548955000267682180e-01
7.314684942224403130e-02
4.767726895291986011e-01
-5.271371957597068558e-01
-8.623255093371398061e-01
8.198127091724387583e-01
-8.999722873366522435e-01
9.457004589821593754e-01
6.255934969287579861e-02
3.733939407192394810e-01
6.451325528417299893e-01
-2.119809030662977989e-01
1.211896584823222156e-01
1.036148218859835879e-01
2.007760994965082091e-01
-8.179339146754927015e-02
-4.621315652214050829e-01
-1.532131857927012675e-01
2.857396119519890476e-01
1.868434883844116712e-01
-7.676641916216695449e-01
3.295154372665791698e-01
3.572206196569567282e-01
6.842217806138961578e-02
-4.760530763966457357e-01
1.116172895780707108e-01
3.526160742491697420e-01
-2.736114828479330185e-01
-2.141783781089969807e-01
-4.808132788019321424e-01
8.302124785113917937e-01
-2.289291499913304051e-03
-7.960036125119103190e-01
2.104803919036299931e-01
4.099818918176936222e-01
2.832705812829985348e-01
-1.563833501353428801e-01
2.234217939801865782e-01
8.229074325343219698e-01
5.020540699905566839e-01
-1.432957046608294149e-01
2.161564732206713302e-01
9.340929632012588968e-01
2.703177435646821891e-01
-5.358020929701012847e-01
2.988619852602880655e-02
6.485419285941276257e-01
-1.918520143139588185e-01
-5.622378630214370787e-01
-1.641806280363056203e-02
-1.124720188088375039e-01
9.472106074640151974e-02
9.038119672505473545e-02
2.806865100353661546e-02
-1.206196481236929685e-01
1.489961116284845843e-01
-6.218892759619620847e-03
1.282635192167873583e-01
8.509042673306765892e-02
1.109321990112306366e-01
-5.145791833316621933e-01
6.430736146040061385e-02
9.172389451688474082e-01
1.141773144511333271e-01
-1.490683569010045062e-01
3.274909624861450652e-01
7.805518260073824877e-01
5.023298456451854577e-01
-3.846576290128496112e-01
3.380545629543263431e-01
8.891791370155388563e-01
1.940125101565328691e-01
-2.502232803046027243e-01
1.226881969138560180e-03
7.082936932431422861e-01
6.093236704217019906e-03
-2.636123254499054269e-01
4.413293656609340587e-02
1.936935998521960300e-02
6.007221067167023421e-02
5.532172837275339816e-02
9.252473035949293489e-02
3.301477935424728116e-01
-4.130197056196820427e-01
-9.757182799788211014e-02
-5.092602360125653149e-02
4.623079299341483761e-01
-8.591182680536491034e-02
-2.595450000330572493e-01
-1.498850048210869090e-01
5.673801364432762284e-02
1.634344957818640864e-01
-8.918443393349662074e-02
1.338665456518981500e-01
-6.617156633128473686e-02
-9.137672182592382342e-02
9.342930593170706288e-03
-8.434093638385320446e-02
-2.110241310752769550e-02
-4.110553263051315298e-01
5.154746814752826367e-01
-1.076251679560513708e-01
3.056705905161578585e-01
4.880936665904442862e-01
4.986321650778151593e-01
-1.594355085467668687e+00
3.781024561724116495e+00
-1.229052040621574804e+00
1.619532483201666651e-01
8.085345316153791373e-03
1.031352498551044050e+00
6.303762028053938593e-03
3.481226510168227151e-01
3.300273816759329293e-01
4.874858880943833128e-01
2.431053281151989154e-01
1.722272402962943261e-01
6.249522207385211914e-01
1.362080790379067707e-01
3.946789776641281833e-01
2.471224933812123936e-01
4.640293776908279710e-01
6.424100615975234518e-01
5.070877587879181192e-01
4.404012618001758028e-01
2.333746509839187411e-01
7.559940581681985350e-01
8.565123480540393075e-01
8.664219764642950850e-01
1.234328228089864865e+00
1.146675549379025938e+00
9.818079959062302464e-01
1.224374384976833596e+00
1.248928786835108440e+00
1.487146954725481862e+00
1.368317116717591375e+00
1.508870277766916956e+00
1.832120085325293246e+00
1.278732667771635079e+00
1.059633909191980194e+00
1.181026647657240858e+00
7.054635430567763876e-01
6.980650253886722112e-01
4.559763903535234419e-01
8.259592512317581736e-01
5.761922241912778020e-01
6.409470376240236078e-01
7.888911179113335947e-01
7.033628468686465851e-01
3.728186415205918536e-01
4.715540386544780915e-01
-2.411668615437776708e+01
2.446242639173665268e+01
-1.744822447639506890e-01
-2.124753047627407909e-01
-1.763749565306369504e-01
3.676213277543638469e-03
-1.717116762744943514e-01
-3.066405714100675084e-01
-8.377606519473701496e-02
-3.697123894569074309e-01
-5.036484816900852479e-01
-3.391459883738683345e-01
-3.695833291291101830e-01
-4.311286320863487731e-01
-5.890972884138854226e-01
-4.145993933440159651e-01
-6.399786401274170089e-01
-4.599468468637866181e-01
-7.783151604843006055e-01
-5.711695825160632012e-01
-5.440873790890456974e-01
-6.165901570631291406e-01
-1.112776705764986218e-01
-4.786195543144557973e-01
-3.917352711198915927e-01
-6.117408883625472527e-01
-9.973180503727334667e-01
-6.544497001852818130e-01
-5.545774398311209552e-01
-4.386330055811171746e-01
-6.915084485488023347e-01
-7.402043964208857574e-01
-4.205803527783800178e-01
-3.516450057081570435e-01
-7.184250753935046419e-01
-5.902800602560631660e-01
-3.483907865269628701e-01
-5.068501189824061726e-01
-5.113024723634040924e-01
-7.794728620221462734e-01
-4.961156833456144000e-01
-2.001958789005087169e-01
-5.068591007845029139e-01
-5.292230775580009094e-01
-4.480271069369194947e-01
-2.747339541050592970e-01
-8.443519900605949147e-01
-3.040899791282214437e-01
1.883682518133085182e-01
3.158346202723834040e-01
3.009720996518581160e-01
2.310722393130504315e-02
-1.577275081374907018e-01
-1.684509719530993266e-01
-1.787539238367585881e-01
-1.602989667359793202e-01
-3.370268418813111566e-01
-1.170353909448991203e-01
-2.966521217494673124e-01
-2.009690558904040358e-01
-3.340078332096254599e-01
-2.399545616276412829e-01
-9.273251705272258505e-01
1.363661655347321755e+00
-9.891260976230213942e-01
-4.109937289954928019e-01
-4.269652237512389092e-02
-2.683982740346309015e-01
2.226457151480474295e-01
-4.045212441850765117e-01
-3.729234858141694531e-03
-2.788436164025824837e-01
-9.093802663255701191e-02
-2.535348153461072229e-01
3.283051402884140657e-01
2.517275943059260612e-01
1.730150466553368460e-01
-1.234480452412114460e-01
6.010742842530660823e-01
1.059296252274180006e-01
1.944234098894099816e-01
1.181553533449175575e-03
-2.115503563135234799e-02
3.884305972864297019e-01
7.790529130659251678e-02
-2.124381907277808068e-01
4.686405239847530879e-01
1.025718065450789140e-01
6.736145779008495538e-03
3.155729443272505819e-01
5.214744946473288678e-01
6.341614307265786010e-01
1.132521883334831614e+00
8.267711103043566823e-01
1.097958580583004107e+00
1.201233966333411729e+00
9.074473202290889162e-01
1.009812724019575114e+00
9.567484800793195632e-01
1.150251747654316148e+00
1.261449462627204809e+00
1.350591485415421289e+00
1.364461839399403686e+00
1.359221232281122127e+00
1.545489554327961201e+00
1.246363302622011560e+00
2.024610428868257372e+00
1.552314687019052286e+00
-2.104478439401593803e+01
2.829737786056931270e+00
1.614134788159091727e+00
1.249101098491287587e+00
1.601241607974444037e-01
-1.023395533974579052e+00
-1.616136219953290265e+00
-1.693541753103687597e+00
-2.098406013461975306e+00
2.261058487541708217e+01
-4.927717763596248801e-01
-5.271463313306448129e-01
-2.115276923325914993e-01
-6.710756128695791745e-01
-1.974952053796172891e-01
-5.960477385219640212e-01
-4.864710891224426348e-01
-8.804622714408125717e-01
-8.601337839151241837e-01
-8.396555988813609872e-01
-7.535244655021884341e-01
-6.224349481328985689e-01
-5.538663164353216928e-01
-8.652310604206974176e-01
-8.925921686261446553e-01
-1.250581806789909933e+00
-1.127091202543745396e+00
-8.585667650423403074e-01
-8.255233037827878206e-01
-4.042773488066373488e-01
-5.664727874238124627e-01
-5.218122991258553611e-01
-6.140161723791095483e-01
-5.122144022098211735e-01
-4.469402167276683713e-01
-1.628749380591614226e-01
2.637987346495265228e-01
1.894723209235351646e-01
7.595025351514550493e-02
6.194476136309461367e-01
8.561509133686939776e-02
2.779125071298125249e-01
-6.420752271058205451e-02
-2.058822205642769632e-01
-2.007563011552377930e-01
-2.494754586702612187e-01
-8.829050563990250566e-01
-5.851535561481426839e-01
-5.113950257757409190e-01
-6.210439366047637577e-01
-7.145220331103274702e-01
-5.298212357100382519e-01
-5.416423606538245394e-01
-6.689446122505771086e-01
-6.409144428017583550e-01
-6.555679977627093535e-01
-6.677157844768260020e-01
-5.151927939118081667e-01
-1.157369018922167925e+00
2.495035278623376485e-01
-1.362259025977856197e+00
-4.765569137019198820e-01
-8.315828684292156936e-01
-3.785353379894971226e-01
-1.076324083694792932e+00
-6.755267381619418643e-01
-2.576245935992602654e-01
-5.535171878900158049e-01
-1.408691718196969589e+00
4.626179268747421247e-03
-3.689869707757296169e-01
-7.264485377155835977e-01
-1.044798626059908031e+00
-9.986297128672561030e-02
1.018301774004299887e-01
-9.454176071853552799e-01
-1.379052568046930105e+00
3.083101656402291724e-01
1.125788316074505246e-02
-9.145743794369636248e-01
-1.195824632017576050e+00
7.742509947107834023e-02
1.635130063774568043e-01
-9.065584746861006238e-01
-1.386934447567895745e+00
4.954569618042370394e-01
5.595500601890108783e-01
-3.106044144810695684e-01
-5.194185686359205079e-01
1.242759108617327968e+00
1.176109627228065335e+00
-8.703160675243992728e-02
-4.517012242195761473e-01
1.267871396981348653e+00
9.148094341520334183e-01
-1.640567904885301687e-01
-7.255557355282391541e-01
1.112103649320012266e+00
9.520648616273561515e-01
-1.731211731124702169e-01
-8.031136084969006106e-01
3.578396680615156811e-01
1.020960964940790916e+00
-4.389631962015059230e-01
-8.702490284932693498e-01
4.691862013849785740e-01
6.627710023358588387e-01
-6.393593616769095433e-01
-6.160431676950111068e-01
4.606035633115581618e-01
7.197051065196475861e-01
-5.065207528984174701e-01
-8.374707648974748508e-01
1.546561574610976209e-01
7.009651123208797685e-01
-7.082701892813929589e-01
-1.096559601697727260e+00
1.044706760459817474e+00
6.716551041000684563e-02
-6.599376001523751256e-01
-1.147935954275546067e+00
1.506663382119910466e-01
8.176531263201241018e-01
-7.503920910429258129e-01
-8.660075971572496201e-01
2.696030741278718779e-01
4.857465226271386882e-01
-5.173534903856165101e-01
-1.271434905850213681e+00
5.200876100768923038e-01
7.116345443255056580e-01
-5.224908298114243621e-01
-1.497781343378804308e+00
6.520453825914387380e-01
6.873159257915588682e-01
-4.720077542984668639e-01
-1.471853743942602932e+00
6.707304081271630025e-01
5.109669086109889236e-01
-6.639045044164646470e-01
-1.251463475006573844e+00
9.958251967355522538e-01
2.050735157472445280e-01
-1.436943129854171275e-01
-8.366596977508180544e-01
1.131627266215097904e+00
1.109166729958467101e+00
-1.296006530767712661e-01
-3.531134898297807467e-01
5.496431557348628871e-01
1.284142248440431899e+00
3.108631678367856921e-02
-8.774382553989923395e-01
6.174890058828310657e-01
6.607694823434542286e-01
-3.129986815041903014e-01
-1.272521035450644433e+00
3.937472886812471984e-01
8.230656626968766432e-01
-3.942287276425631148e-01
-8.917968864804279860e-01
3.666478659213510127e-01
8.522351240794989735e-01
-7.706308776860453236e-01
-7.546792772210295652e-01
3.304337092519347152e-01
2.189426089164285827e-01
1.549896905769401201e-01
-1.120533042177896732e+00
2.832814059151402830e-01
9.516232643737296826e-01
-5.793186696155245841e-01
-1.144986426846109850e+00
4.982204299176800077e-01
8.785229309384590124e-01
-5.425802488465194529e-01
-1.046622255383795164e+00
4.144592191733309505e-01
6.126718993454929318e-01
-1.487507547049418122e-01
-1.272511223750463216e+00
4.395848305028380310e-01
6.078841104108576587e-01
-3.483861527835472316e-01
-1.058252296689623506e+00
3.831187409951581913e-01
1.294135415415865964e+00
-3.907300132839992557e-01
-4.897048828886312322e-01
6.464310890219095995e-01
1.401264072103629132e+00
-2.515392270982133027e-01
-1.019007908025557185e+00
7.012902409705077389e-01
1.298837638417531082e+00
-1.455991548380666245e-01
-1.004988193188367518e+00
4.575175266586768430e-01
1.587604376964662833e+00
-6.386249201163494149e-01
-1.325318159183275668e+00
9.143124926533019448e-01
1.161582837833442738e+00
-1.424579571487214480e-01
-1.107763076367525912e+00
5.445651226925960486e-01
1.155054503655591702e+00
-1.987862204557728774e-01
-1.005225454012965258e+00
4.695752627708174032e-01
7.359617611606523724e-01
2.238591338248951956e-01
-1.084447387049060296e+00
5.606499021459043774e-01
9.780194320754489468e-01
6.522837983385443295e-02
-1.162398937995618553e+00
4.758679485092400796e-01
9.689281815236654438e-01
-5.928144737921314800e-02
-1.090402563418685133e+00
6.491279855614919825e-01
9.125730565209408951e-01
-1.419498627159399007e-01
-9.715220686525256610e-01
4.182886775890324316e-01
8.695458298580120982e-01
-8.224490020145225344e-02
-8.217283829302246545e-01
3.050922382418548295e-01
8.893814098525041345e-01
6.837188933022986248e-02
-9.276864148473791261e-01
4.255989317285937545e-01
9.147060261251453994e-01
1.614404216917932899e-01
-1.139894889540997269e+00
4.345134809601916004e-01
8.627693594917857922e-01
1.366267844414252863e-01
-1.159313408106939391e+00
3.663591963799248674e-01
8.429842124119559799e-01
-6.699557059967276018e-03
-7.717693001729486468e-01
8.568288870939966273e-02
1.033037098308284385e+00
-1.801921128385046700e-01
-6.960601652579896381e-01
3.954959157298532091e-02
1.242592090009587480e+00
-3.344466295183963211e-01
-9.363210224761502332e-01
4.640456276074900188e-01
8.278931337480273100e-01
-2.579820017575897850e-01
-8.631669075474448505e-01
2.644402387783486574e-01
1.309575097676656696e+00
-2.405602210360981985e-01
-1.195655460528797676e+00
5.200688047962032101e-01
6.082263012333442020e-01
6.019566238590812191e-02
-7.555501576198082603e-01
9.695765616157814293e-05
9.867683613700108936e-01
-1.785662363850448742e-01
-7.818351310383775399e-01
5.311989028827923676e-02
6.906365249982044929e-01
1.648281642413280679e-01
-8.314419246935429442e-01
5.336479514105718636e-02
8.204812235743901283e-01
8.053228614373608707e-02
-1.191430452543947638e+00
5.187884138471900997e-01
7.420767500984268850e-01
1.893266612826565165e-01
-1.104363030357319531e+00
2.547274059627397946e-01
1.020569895934208660e+00
-2.132732037376428025e-02
-1.363872305646872007e+00
3.947187098829019192e-01
1.131261287708909435e+00
-1.232275749467248716e-01
-1.071274979470935307e+00
2.543597956292984463e-01
9.602332841147074305e-01
3.327510944652303237e-01
-8.920389287670928979e-01
3.144386671292380697e-01
3.255669951456283684e-01
2.421098730822848211e-01
-1.030983062523901594e+00
-1.450842333790092198e-01
1.014740932736685863e+00
-2.069496940883865932e-01
-9.997481864625044068e-01
-2.883495511701781311e-01
1.107153360721135016e+00
-3.836238422968634154e-01
-1.337011722241975065e+00
1.297087557689025061e-02
6.506157100432190532e-01
6.572421176755938177e-02
-9.832848685289121704e-01
-1.679686795250106002e-01
8.967174755774962591e-01
-1.796375505409244511e-01
-1.331595649811767146e+00
-7.024039137807136512e-02
8.899682160286630506e-01
1.127054210349527352e-01
-1.488932044190171666e+00
1.535192422251299149e-01
8.238549585588899049e-01
1.336281285645668504e-02
-1.265191849173895378e+00
2.288907379612155069e-01
1.436373464476496054e+00
2.841486910960284717e-01
-5.246877769876121533e-01
4.417538450993347965e-01
1.138666989751513370e+00
5.547269616722871888e-01
-7.021194472107552542e-01
2.682647312727368671e-01
9.245694422965300419e-01
1.801470879779714096e-01
-5.942493555417200923e-01
-2.280484908578941372e-01
1.082361713401176928e+00
-1.622317007917928322e-02
-9.107483306126340494e-01
-1.486678389401419054e-01
7.312834429383769930e-01
-6.675348323404506345e-02
-9.118890857082817547e-01
-7.360925066836898623e-02
5.793774539935796497e-01
4.700551845626677050e-02
-1.059503480591359903e+00
9.695285632324157632e-02
8.801328055260384531e-01
1.122751393098297967e-02
-1.009697189200089440e+00
2.276128559202916790e-01
6.758007980255200664e-01
-1.860011423463561187e-01
-9.719425129643042283e-01
3.737914827200157220e-01
9.420900689019688912e-01
1.757429297198456197e-01
-5.545675241276768475e-01
1.497627252509019513e-01
1.396316054063042600e+00
8.713743729952483363e-02
-1.060965213913576122e-01
6.379823076474622212e-02
9.938678829590159580e-01
8.070468318693357901e-01
-6.268822186161813192e-01
2.981434854902147435e-01
6.296100521429792707e-01
8.427992882719976819e-01
5.109597703995021334e-01
6.308397085267145599e-01
1.945854072330362783e+00
1.082525812115811448e+00
1.445989774396998939e+00
1.065599964931060128e+00
1.550357638785087033e+00
1.484161237685995616e+00
1.347453209623893144e+00
1.320323371767720744e+00
1.318343822026299961e+00
1.439598929734316357e+00
1.676964432818678574e+00
3.810440529857146430e-01
4.450071085594213827e+00
2.907479423560523912e-01
1.156622726302892090e+00
1.008312262475911325e+00
1.289692124410283469e+00
1.390800830557285650e+00
-1.975227888201753501e+01
2.693400772656730169e+00
1.837889082914784922e+00
2.040714810319326133e+01
6.598509535013299399e-01
-2.162132604752926568e-01
1.704606714132665957e-01
-1.684591172135192494e-01
-2.169014955421140201e-01
-2.243838463317402443e-01
-3.386514302386949282e-01
-5.682013519603472673e-01
-4.490449549705175514e-01
-2.253500938178782675e+01
-3.354297005420619371e+00
2.220959598222421860e+01
-9.430026364327268595e-01
-8.397597746399441121e-01
-9.377200983881586183e-01
-8.572244419283094885e-01
-8.116367213563933092e-01
-1.327103784392402730e+00
-7.025189101791688984e-01
-9.886197613477989421e-01
-1.033217981829086085e+00
-3.981560735109610505e-01
-9.259685263055459359e-01
-8.621199217928108283e-01
-8.375557857100446313e-01
-1.699304169593048641e+00
-7.215772955348143114e-01
-9.967949294516103009e-01
-5.650129224978783782e-01
-2.341256429798050931e-01
-1.306807043877228125e+00
-3.674877816548089982e-01
-6.211038481154815827e-01
-1.267510472831673951e+00
-2.532788355392199264e-01
-1.487282465524820907e+00
7.917378987375656152e-02
-1.257105864672830364e+00
-4.802591368702522345e-01
-8.286955147566885671e-01
-7.711238081596150096e-01
-5.613824188304690210e-01
-7.780169262443124012e-01
-8.818429361342694506e-01
-8.164375819681310986e-01
-3.029617248127465245e-01
-7.030987455295019117e-01
-8.992717508323906372e-01
-8.533233521607073158e-01
2.898493639235582009e-01
8.455383644812286548e-02
-1.140904968351023285e+00
-8.069772934684777965e-01
3.951579158742646314e-02
-4.456152016857259923e-01
-5.291546850469615038e-01
-1.074431727124000702e+00
3.135966746320093534e-01
-4.685156968621555507e-01
-9.277408966351075037e-01
-8.944364397978148418e-01
8.598509811731389618e-01
6.426453952343180731e-01
-8.446552123479804663e-01
2.642508759112160988e-02
1.285311794295886045e+00
-1.638404457247872870e-01
-1.033744694081534021e+00
1.992261458003454777e-01
9.127769993803980242e-01
-2.025608213822991388e-01
-9.940046034872906944e-01
-2.607722936359593291e-01
1.002362040514569230e+00
-2.760386502481608773e-01
-8.781413265620301445e-01
-2.592013334244285261e-01
1.658722364308566455e+00
4.176517848046330528e-01
-6.239912063138461917e-01
9.263046681839881558e-02
1.416932189821373811e+00
2.690846217315581157e-01
-2.597720146536559582e-01
-1.907248721021659321e-01
1.681369263229342437e+00
-3.263756574339922167e-01
6.375719267157364811e-02
-1.344727215716261526e-01
1.608060040625524323e+00
5.909033396197571619e-02
-4.038332039399818996e-01
-1.864582243179739862e-01
1.201873808030491375e+00
3.612292540165142896e-01
-1.250884719744789209e-01
-1.497855212164722616e-03
9.376437061074582857e-01
1.533229119313048727e-01
2.324429700419727851e-02
-1.564341481161335423e-01
3.608495318156315079e-01
1.588116723831355159e+00
-5.236345579244385817e-01
5.720437159846625264e-02
5.415404809373640660e-01
2.149165029512190017e-01
2.612619998787764075e-01
2.605173109425109601e-01
9.018912937653240647e-01
6.971908145486267472e-01
8.003114522463192770e-01
9.335281691714882868e-01
1.761989217643609607e+00
1.556133939985414827e+00
2.088275500016962383e+00
2.190476577462376895e+00
1.883551322058472977e+00
2.600399264686750200e+00
2.479971608576246211e+00
2.346370147583193955e+00
2.227884840435883973e+00
2.050757997383751530e+00
1.617549013761113486e+00
-2.039129430161740686e+01
2.792868001712179193e+00
2.299198261635552853e+00
1.954258293111270461e+01
-3.244414220380136271e-01
1.182619749343807314e-01
-2.006628147868845247e-01
4.123150863261315635e-02
-2.661064576453746611e-01
-3.117078898517213759e-01
-7.380548506323272306e-01
-6.927775425571134349e-01
-2.446964629908929822e+01
2.126079773385130167e+01
-1.123866868249283613e+00
-9.468011156774487347e-01
-1.335273975201687335e+00
-8.912114875424954619e-01
-1.292737747648239122e+00
-1.175249775545150754e+00
-1.119811400929020095e+00
-7.559824827639545219e-01
-1.111844755096527138e+00
-1.187684866192270761e+00
-1.169371568131900574e+00
-1.544600087577350678e+00
-1.031126092180471687e+00
-1.019500566398996000e+00
-9.216903889746177470e-01
-1.204548685575701938e+00
-1.085801805745290949e+00
-9.337472157846846699e-01
-1.055571273019474177e+00
-1.047905453851335267e+00
-9.282938363807602400e-01
-7.474537822321991598e-01
-1.265204389289607434e+00
-7.286431030661546515e-01
-1.067758498478916351e+00
-9.277055738629016446e-01
-1.160673880742258746e+00
-6.098733873216275470e-01
-1.301267045101823783e-01
-9.282444968759904214e-01
2.147485719936781834e+00
-9.346386019428223335e-01
-3.168032503460906923e-01
-3.658075129257483127e-01
-5.898848832277963083e-01
-4.079146104766451231e-01
-7.386235340249172054e-01
-5.969866756033823663e-01
-9.084912434737546505e-01
-7.134980499903775808e-01
-6.552780910916524704e-01
-7.119734268868143090e-01
-7.836817841782490746e-01
-4.924424968752845189e-01
-5.874456205101736828e-01
-2.233180149878819520e-01
-8.316212016564179521e-01
-9.018984456573519992e-02
-7.064953197585666089e-01
1.760549343539494771e-01
-6.948256056610659925e-01
-1.249769354821509637e+00
1.611367029129290529e+00
-1.125969530498117877e+00
-5.811129584755292399e-02
-3.908609600516257387e-01
-1.895595852618185972e-01
2.693890991118337297e-01
4.250725696616655114e-01
3.670154475233431413e-01
-1.985886306093362919e-01
1.297971991901363253e-01
-5.633136985807141173e-03
2.529436675621354880e-02
-3.726649741998926402e-01
7.831051401205968432e-02
-3.650295126552691727e-01
-3.516642888254324362e-01
-5.366355118363230758e-01
-2.364775906127363214e-01
-6.367894071838122727e-01
3.863335654332047397e-01
-4.782706820605824305e-01
-7.584945011346775345e-01
-4.623570359200925850e-01
-2.562798855370402862e-01
-1.308531375245834738e+00
8.438195814780868886e-01
-8.026657087396102952e-01
-2.268911617486253363e-01
2.315629192686969873e-01
5.861341638063350956e-01
-1.501667334844825064e-01
9.695768130740418655e-01
5.853878570141546334e-02
3.995344309641808422e-01
3.584666118149897329e-01
3.873284766973625892e-01
1.136869862056784086e-01
7.575584265210011381e-02
-6.210777944814083185e-02
9.454280763065980864e-01
-3.622103737101980414e-01
-4.012378378971277471e-01
1.730939182513679953e-02
-4.901615429528760615e-02
-2.331136180265502844e-02
4.020857881847916815e-02
-2.434223200248197827e-02
1.642340168174598602e-01
-1.239807229103604413e-01
1.803957011028813895e-01
1.129946932070424737e-01
8.047560620525473496e-03
-3.381884651695514776e-01
3.005632320315072548e-01
-2.480572252695338875e-01
1.442936157906586914e-01
9.726350324049803930e-02
3.451156641893504684e-01
8.420126540124783787e-02
1.126111909930500588e-01
3.231077063488072554e-01
1.237264965061939392e-01
3.434379541177321471e-01
1.155498705310975538e-01
1.376549511854250341e-01
1.157743796165391359e-01
2.292017689797489766e-01
5.250626267356039989e-02
-1.962435131957249723e-01
3.997409322217464478e-01
-5.635171652578776502e-01
3.740397711684408932e-01
-3.802564801006695916e-01
-2.569068044353599589e-01
1.467660536542041427e-01
1.700715860183947825e-01
-2.464378582714772392e-01
4.331866092747986841e-01
3.326127917312362570e-01
1.434445624499289806e-01
2.049004973510264449e-01
4.477401596060914812e-01
2.343114372354691000e-01
7.638913602741013165e-01
1.984984798792766014e-02
4.690984127558266437e-01
-1.669524598400187188e-01
2.698824269153732303e-01
-8.875239970151937996e-03
-2.806824239485905537e-01
-1.804272748749795596e-01
-2.061358005747422339e-01
-4.518386133766227886e-01
-2.629724660587413609e-01
-2.614334879956103919e-01
-4.774742642822360494e-02
-4.089501998360844937e-01
3.149715020257985998e-01
-1.345985030139544847e-01
-4.093190779949011926e-01
-7.485970530461543149e-01
-5.882415615506886297e-02
-1.969048098585943762e-01
3.462576616169599220e-02
1.896189871963827045e-02
1.797088679174407844e-02
3.976168940411639596e-03
1.008574963585488149e+00
3.525669311446435472e-01
-3.454674484077386865e-01
3.289811160525886180e-01
8.841339111241737214e-01
2.395757395726292316e-01
5.749487003659226048e-02
2.018634803251018184e-01
4.629889597350995700e-01
9.900469566750942363e-01
-4.507653099033390731e-01
1.546138922920690106e-01
6.742860683175351255e-01
6.462108941765620784e-02
-3.949421248180442490e-01
-4.250494417007573134e-01
1.585883932300475863e-01
3.131878097887081935e-01
-8.881408851400607318e-01
-4.679560178831536632e-01
4.430814903211341971e-01
-2.846662930011234494e-01
-4.008482454332522593e-01
-6.169339516212772878e-01
5.754509993590559702e-01
-2.357722468571523677e-01
-7.306671208226234171e-01
-3.257354446573685891e-01
4.930122686934197418e-01
-6.664958596743986163e-02
-8.322662488329441999e-01
-8.472227769878770687e-02
-3.302211943617407996e-01
4.004372119424886023e-01
-6.208248551420609829e-01
4.976531645114050662e-01
-1.026664176221743219e-01
1.374779346809305025e-01
2.322468492783968941e-01
2.566994214993698620e-01
1.231933056538998983e+00
5.719884492781091012e-02
-5.270382614382640440e-01
3.189141540993745139e-02
7.139025614313680990e-01
5.990397727838825404e-02
-5.552887919215834245e-01
6.886676435914580452e-01
4.880495339205737082e-02
1.559012567808437666e-01
-3.045309699765894607e-01
-1.304669236390978426e-01
6.154130104875576990e-02
2.790902041266463129e-02
-6.005102004824962592e-01
1.729305469634539349e+00
-2.359127710799953093e-01
2.508032611590493843e-01
8.403490248642953020e-02
7.208822895111595130e-01
2.280858933598040039e-01
2.822466464818873533e-01
-1.466362467382964496e-01
2.405907738769030857e-02
7.091751395568550720e-01
2.007647532608203278e-01
-1.716292987989334051e-01
-1.277272925444847829e-01
7.760595831635015429e-01
1.636810617467929774e-01
-4.837119875087836363e-02
9.190906468646176108e-03
2.695581566150551112e-01
5.042901108985375913e-01
-1.004853934007599037e-01
-4.409119205831757426e-03
3.031947632620273225e-01
-2.009429000381075525e-01
-4.076508342866134171e-01
-4.164374037093452330e-01
3.121498328759670926e-01
7.268676447079513991e-02
-5.421061859462810162e-01
-5.823084599379484416e-01
5.131239503136129088e-01
1.288962690886066298e-01
-6.264474482524704513e-01
-5.928037421309184651e-01
5.824654975804364199e-01
-1.121299249597385028e-01
-1.649102489494964630e-01
-5.251911196765988166e-01
3.074604242526461917e-01
1.109553353037000534e-01
-4.988454380411653233e-01
-3.775885084743606512e-01
8.850183836930654024e-01
3.853554711408051503e-01
-5.082154123148541203e-02
-4.128453076668847643e-02
9.725575054855255530e-01
5.630650057019721544e-01
-9.202765210023500231e-02
2.128221841367832212e-01
7.051737028184277278e-01
4.276327396301979888e-01
2.010522397172991305e-01
-1.091597144171743139e-01
7.156629968362864247e-01
7.744435033207324182e-01
8.605460007706540182e-01
9.821143263921428002e-01
1.435758435335017680e+00
1.367982472412933248e+00
1.351991279939277035e+00
1.087702808692938561e+00
1.685189417193583949e+00
1.355121019186043441e+00
1.204399907488280519e+00
1.197314021294502595e+00
1.227077164484967398e+00
1.530973385517540919e+00
1.178981963798229060e+00
1.167090594193552988e+00
9.054759055693182290e-01
1.114252526499107887e+00
1.063362801759730303e+00
1.052412160289321719e+00
1.192199486855244572e+00
1.082310787918096651e+00
7.657680288064163676e-01
5.659300659308286185e-01
5.862881322455706368e-01
2.044107163427000273e-01
3.061245555683917985e-01
9.906938896071082468e-02
2.091995010782383702e-01
1.004186061180689649e-02
-1.727003122504555677e-02
-2.237834630667911995e-01
-1.634344009305195300e-01
-2.324691302726407116e-01
-2.545886984519505347e-01
-5.691516675662668945e-01
-4.953148648937215626e-01
-5.335582003438759102e-01
-6.272550569908084128e-01
-6.202402543653633415e-01
-6.282283272876227898e-01
-6.167528550406871091e-01
-7.870701362452976468e-01
-8.971125168559908047e-01
-9.300101008300245553e-01
-6.277322118073627166e-01
-8.216704846764599779e-01
-8.078170515027451870e-01
-1.038241658410790080e+00
-8.769432408544233226e-01
-9.125477420325083244e-01
-6.331082057996155754e-01
-7.832845412062638957e-01
-7.926391722100518678e-01
-8.090431571237388653e-01
-1.307297917374341978e+00
4.073413789763122850e-01
-1.414835260298481501e+00
-6.132870803589085540e-01
-8.462461522036477390e-01
-7.346265451444082828e-01
-7.440364143674003117e-01
-5.955982046167562771e-01
-1.259974004137994541e+00
-3.073720940411348579e-01
-6.956850825974854047e-01
-6.528733938143602700e-01
-1.117395517939606009e+00
-2.406378515782563454e-01
-3.966514812844508242e-01
-9.498304489238051929e-01
-1.024069102909557216e+00
3.190900108490168918e-01
8.357163919613554981e-01
-3.385610590904022388e-01
-4.504616352870769447e-01
5.557619740976349476e-01
1.609071646455717541e-01
-6.416921245606985735e-01
-1.003249068009580469e+00
3.881528960066162881e-01
2.509979207229733333e-01
-9.949747698924866768e-01
-4.769716206753358279e-01
7.788745172263347172e-01
4.994771506988087140e-01
-2.151847048401833717e-01
-3.618649991402236310e-01
9.325127033950195710e-01
3.926876833319994375e-01
-4.851951251227859530e-02
-3.979420676467952944e-01
7.009589534178033432e-01
3.504438465073747011e-01
4.202699726635472643e-02
-1.316483768520555486e-01
1.035211681374384796e+00
1.220454382276557226e+00
9.597469280468615693e-01
4.498497413258135680e-01
1.358981739831207847e+00
1.234034304270750226e+00
5.040156476581429956e-01
-6.195676430322691886e-01
4.835419488973116131e-01
7.467886343764362778e-01
5.697342121911646018e-01
5.605633574527004725e-01
7.104708335210219161e-01
8.711551104961827718e-01
1.099743995344205416e+00
1.392520974610967244e+00
1.948294522392529871e+00
1.906542833513682922e+00
1.616292414978872216e+00
1.722936929916457416e+00
1.709438223957093328e+00
1.256096917973081872e+00
1.157592029848157011e+00
1.445330596991844629e+00
1.552677863009495951e+00
1.352734078714878052e+00
5.682299093750131647e-01
1.829470950061846679e-01
4.167081513373283030e-01
5.703392016009090071e-02
5.080265570111919260e-02
-1.170539991222661058e-01
-2.194690143013708905e-01
-1.234926960236819582e-01
-4.209205184514104303e-01
-4.897516414846450061e-01
-4.216797947480586117e-01
-5.351802654349384625e-01
-5.593756474131623690e-01
-4.897584967880419526e-01
-7.925807645194886675e-01
-5.464218134492604406e-01
-6.366317576481037577e-01
-5.916250203838089305e-01
-6.643681375837466874e-01
-3.956001962076527434e-02
-1.289246514724027293e-01
-2.207193309025612393e-01
-3.504462825224408107e-02
-4.783393572922278736e-02
3.329001859891747017e-01
7.491405030638276230e-02
3.390344099712621073e-01
2.544580896045367524e-01
1.226826197527159934e-01
3.065815816620940382e-01
1.365621598818371751e-01
3.570008962248252260e-01
8.013153518619375859e-02
1.315923396639853138e-01
4.513951941232399179e-01
2.752866003793101868e-01
3.908294858389673720e-01
4.113598066903563222e-01
6.163016181402269922e-01
5.312862924732364434e-01
9.408722041437016514e-01
4.709379417613348551e-01
9.576470970075945388e-01
8.195991560397253295e-01
1.166715157521551305e+00
-1.928569433896182517e+01
6.210959652834830536e+00
6.279833030522908643e+00
6.748224017472146841e+00
-4.313578309698719693e+00
