1.632614047032633978e-02
7.650454075600453957e-03
5.062514649028238001e-04
3.311795479252964652e-04
1.352978817779216733e-02
1.900298961289562192e-03
1.648112086612226693e-03
4.849050036596685466e-03
3.107184466493598338e-03
3.906029885957016615e-03
2.731263298289497102e-03
1.139594581606864949e-03
8.694804475754919172e-04
1.244313755255428656e-03
1.373579196925249967e-03
4.068496270367816248e-03
2.468143750209440043e-03
3.056855134831125138e-04
1.115066838426257085e-03
1.591038762199178686e-03
1.347342053889301079e-03
5.975317341025902351e-04
4.940608562412394412e-03
2.949991067705460060e-03
6.769506152369621265e-04
6.713840800134871986e-03
2.078201954810596913e-03
4.817039843709646808e-03
1.547393740922538806e-03
1.612897036511153331e-03
6.479967905913189405e-04
4.438382918295799800e-04
7.636313451258056138e-04
1.858159800731011557e-02
1.876993275192936905e-02
2.748523130632038718e-03
8.440736374764298486e-03
2.660752935120315119e-03
1.978000756291409539e-04
1.640243686368988985e-03
1.588151803895094909e-03
2.822031338197319994e-02
3.665421578695232663e-03
5.753825955610689276e-03
3.948324461593597130e-03
7.093562393451638762e-03
6.266132039985726314e-04
1.742459681597924824e-03
3.429227074281993286e-03
2.029601582171753585e-04
6.344348857299629161e-04
4.661027331804490879e-03
1.375724845611464792e-03
1.871897716959756292e-03
3.887457729968947680e-03
6.679471144958717098e-03
1.715682309626155068e-03
1.199919924265651023e-03
1.192783023391917737e-03
5.525966446369649787e-03
6.407159154934892117e-03
2.805284770159675520e-03
1.748554703698927942e-03
8.412530064282999808e-04
3.442961249220699658e-03
8.186222359676410668e-05
4.260267388883717636e-03
2.288985806270057120e-03
2.782770330404726530e-03
5.377839100622974072e-03
1.626718636916042130e-04
2.526428727692031249e-04
1.178655384905019773e-03
4.601060928858107316e-03
3.541996128198861195e-04
3.643817896605665296e-04
2.034565698609464013e-03
6.119809632321974871e-04
4.785714566541160063e-04
8.895819933953592103e-04
7.370505511054231337e-03
3.846809918127573613e-03
4.924032341499812865e-03
2.836518565607479476e-04
4.795328853838963686e-04
3.209948516737705371e-03
1.586420085358462547e-03
2.404154475714161566e-03
3.544321528090249931e-03
9.487436559665461027e-04
2.321065826674273934e-03
9.912606363309275914e-03
8.376543382580897701e-03
2.021760061460035895e-03
7.574099589647704731e-03
1.102419140611034199e-03
8.852267241890036031e-04
6.096031353593357304e-04
3.453468190887314972e-03
4.873393571168651607e-03
1.095757992108515070e-03
2.910559182232442307e-03
1.811228520680029704e-03
3.641068014882024341e-03
1.729572685594847788e-03
3.424081304670475306e-03
4.618329084665022941e-04
5.106121119050404875e-03
1.303993601436512911e-02
1.133967108876256583e-04
5.679729337149173711e-03
1.371612537004975778e-03
3.656498399497359398e-05
8.079853051922936125e-03
7.374024395301880495e-03
3.000083303643917045e-03
2.856909657589559444e-04
1.518863953050669053e-03
2.683208254751939429e-05
1.140742657143091606e-03
7.650740913471881094e-03
2.191788271781195871e-04
4.910471374974894037e-04
7.731256203914950887e-05
4.265509516129399430e-03
2.512306096697876009e-03
1.008789477228713314e-03
3.459319705059263339e-03
2.050798278965045712e-02
1.575349669745254024e-03
5.858753757486071662e-04
3.491729685305175294e-03
1.075311208412055297e-02
2.614668979856986895e-03
5.468379170289246888e-03
3.396760638282326702e-03
4.925427974042810401e-03
1.053323856771268459e-04
8.972339789862676966e-04
1.351623605853646262e-03
4.785516371938191584e-04
8.121614364578711928e-04
3.248858721930600210e-05
1.743613730128777076e-03
8.740425500840180544e-04
1.744400439213489046e-03
5.619298054958146542e-03
2.308410849492023055e-03
1.031141756381175750e-02
1.247517091506066683e-03
6.914935178489576076e-03
4.387549788707213391e-03
7.840413965586857882e-05
2.634874232505358439e-03
4.648992685505302382e-04
3.530175567391787179e-03
4.418258397658658167e-03
1.519191821370568162e-03
5.184044690693667690e-03
7.256950136658707647e-03
2.277031100800889010e-03
8.571970347464078280e-03
3.076227887125471128e-03
1.578796644355014590e-03
1.779020353483195920e-03
1.978017480565853921e-03
6.906907042699169177e-03
1.849103514240093811e-03
7.122526332470830931e-03
4.666918991030051360e-03
4.436226248669442387e-03
4.220095105913450198e-04
2.641656213020895233e-03
1.934663919669491806e-04
7.012490673820885936e-03
4.071739679768103461e-04
1.736085582718012465e-04
9.036360959003925596e-05
2.026069191429140035e-03
4.136837012624539414e-03
2.392700729400231395e-04
1.096899379765294003e-03
1.102460468452740126e-03
1.419866210466359064e-03
1.824352076060685099e-04
1.939683827002554751e-04
2.640647641245564767e-03
3.397236748412598914e-03
8.305010028013307642e-04
1.452656184026347632e-03
3.732040933183448754e-03
1.372364836655826700e-03
3.002752704194958013e-03
5.705152180253063136e-04
5.307486411359387674e-03
5.818293179613316830e-03
6.785160545783132380e-03
1.638491629954969865e-03
6.468676288856351625e-03
7.632746117901819533e-03
1.094211183688886703e-05
6.333556321324721773e-04
1.303331777824182948e-02
3.450419347284563662e-03
1.640218358805230247e-03
1.397195450566693711e-02
1.252907508085045543e-03
1.359351849990724902e-03
1.120460476420059338e-02
4.788027970267645129e-03
5.060429263265427656e-03
2.136584453817458676e-04
7.199960048658725527e-03
1.030276466453754853e-03
1.421641083205084366e-02
4.793595969084575061e-03
6.512517256367290897e-03
8.672816507748468129e-03
1.430827155563639541e-02
4.585665301887149013e-03
1.518304445355241885e-03
5.496645148489669001e-03
2.234224040071015015e-03
1.900405072143928394e-03
1.025863417979305109e-02
2.159558076646331867e-03
4.331247099174612841e-03
7.106887136210320683e-04
7.192261063944945833e-03
5.749697780325622488e-03
2.012017268561893120e-05
7.378803479789905148e-05
1.690609074932862554e-02
2.630956486611676567e-03
1.025615399298207032e-02
3.077049046518521343e-03
1.148719023513558590e-02
5.239766283647051028e-03
1.177589241285871557e-02
1.240452685514827243e-02
1.904349984514027566e-02
1.381210545752135574e-02
1.762834129694693152e-03
4.373462228626893294e-03
4.727085516233113884e-04
1.071312271236462763e-02
9.496852524281649416e-03
3.501887862832888873e-03
4.836972813111025597e-04
2.532697147925682540e-03
7.357141011978853007e-03
5.939672225010505027e-03
1.442479344363383712e-03
2.606382083630425471e-03
1.640399590694755546e-03
7.174643072021379825e-03
2.152846158272756286e-02
4.059940319150918964e-03
4.641389225294344049e-03
2.551400713813892977e-04
2.058790801431015314e-03
1.581137984261779756e-03
3.216643484527825780e-03
9.333753025203924206e-03
1.114519785550763947e-02
1.454218418958295317e-03
9.052881196543304670e-04
9.299646207586741153e-03
2.346379625782279727e-03
3.410214152283253235e-03
9.052311699851310536e-04
2.431400375171564616e-03
1.000221070795131659e-02
6.118750193011384710e-03
8.090756512997511821e-03
3.533437276329360385e-03
5.818826729824708513e-03
1.728168799016966198e-02
5.536873834662911151e-03
4.341376066956375429e-03
5.017511122046854066e-03
3.071819493958617871e-03
1.664917275829844775e-03
2.012870389087588474e-03
1.561581250773632322e-02
1.489330310943341685e-03
3.130980801517350975e-03
5.440896163296985279e-04
1.464024068277953951e-04
1.139075365567202187e-03
1.823139646252153884e-03
9.970718254314755395e-04
1.044307532997837407e-02
2.918696772835825855e-03
7.914025017739845930e-03
6.466424467445046776e-04
8.457844293066613464e-03
3.016653038562628567e-03
1.201796215802414551e-03
2.110051624391622114e-03
2.856936595056256247e-04
2.106571439149903732e-03
9.227571751122988844e-03
3.305868240448292354e-03
3.522134325578450491e-04
1.879402320856756760e-04
1.834731973864634803e-03
9.588889778694416419e-04
3.420059006814642145e-05
6.113182967184223110e-04
2.882670872560409714e-03
2.816951376003282593e-04
8.647910709383033190e-03
7.288438957947921022e-03
1.756185852365658041e-03
2.641413820525298321e-03
7.191570414536069961e-03
6.346746692404968979e-04
5.397176620057560041e-03
1.787675279439476838e-03
1.209628667975882641e-03
1.328894996672546746e-03
4.027468166884809117e-03
1.684125985265240780e-03
3.364421375246990850e-03
1.673016761341581185e-03
4.284664415205917919e-03
1.257121075780614355e-03
4.071578544853510576e-03
4.352066730408373461e-03
3.194249429946007315e-03
1.398970331936385744e-03
6.674554988332347463e-03
4.715677053198288372e-03
7.101797677447482197e-04
4.777698076089264699e-04
5.760503789037055462e-03
1.808748997049419369e-03
4.072382478444078885e-03
2.764850711686607770e-03
4.796689471748920991e-03
6.026870567304987419e-04
1.329700395140396381e-03
3.813857483090885361e-03
1.715418787058239350e-03
1.595857488908572703e-03
3.934125582650772369e-03
1.500713603731739605e-03
3.794833497510948297e-03
4.725755279787575373e-04
7.685341336863801874e-04
2.919360725763737053e-03
1.078313930483255217e-02
1.405012299468557562e-03
3.784969428731238886e-03
1.167042215474866544e-03
1.901820199144725913e-03
4.471873300939524509e-03
7.203332435146588691e-03
1.403703183619620272e-02
4.372702183499233182e-03
1.070548602990351560e-02
1.447772723701938255e-02
3.536035007793861891e-04
2.952298498604225300e-04
8.028358159257259485e-03
5.920703737510382876e-03
4.138157120367816355e-03
7.508601545663735714e-03
8.567397409039544456e-03
3.976474278972203652e-03
1.326196634488765848e-05
5.109580966874179529e-03
1.143012044825231395e-02
9.542146887338880589e-04
6.459294512679769271e-03
4.878491264778541531e-03
6.307571805308115863e-03
1.102908830035924381e-02
5.612202354967577196e-03
4.610033575589668302e-03
6.500207378603651068e-03
2.829625892414157438e-03
5.081713801916913804e-03
1.840245414827255347e-03
8.885080425336711225e-04
1.928525428840968323e-03
5.203282713120274683e-03
2.601992629778037899e-03
4.880750590415163480e-03
2.294851242238527239e-04
4.859775168514586172e-04
4.485262702220081839e-03
1.243648367831405067e-03
6.007044670771342128e-05
3.570959572974050436e-03
3.622630973119622374e-04
4.414114944699634724e-03
5.086647263235796572e-04
2.240153344302034302e-03
2.193086780536685973e-03
1.622201800383387803e-03
1.184563135265348423e-03
1.112646777425260356e-03
1.827919429959890072e-03
2.958120644871017977e-03
3.683678254522236312e-03
4.338949036996277500e-03
6.997944082200893527e-04
2.201981167010821016e-04
1.454444692361044414e-03
4.655169737619532094e-03
1.682347250242757341e-03
6.399096911879156337e-04
1.779171937510195742e-03
9.287484240558700060e-03
1.827773600823085279e-03
3.107864650237359729e-03
2.212154957825218475e-03
1.499906045133629108e-03
8.785965469084965063e-04
6.366535450938095447e-03
1.678896372393430579e-04
2.332201112313047209e-03
2.831968201405236484e-03
3.938940277141840876e-03
3.266078717622995266e-03
3.253640060837296056e-03
3.805806092320791756e-03
3.566146359634376714e-04
1.094813324709114017e-03
1.182576953137170692e-02
8.879570320507368299e-04
1.078490910847064530e-03
8.838635165285489356e-03
6.430662835093420814e-03
3.039968819663232350e-03
2.421421367030187916e-03
1.372908318421757002e-03
5.681037289631105450e-03
6.238010696427940920e-03
7.585968858760617529e-03
5.403838821659445561e-03
3.165040089421564378e-03
9.813053658678815884e-04
9.757094629252553719e-03
1.843413288442863904e-03
1.318259015026052548e-02
1.164272702004285915e-03
3.249643133023639389e-03
1.425101645775126748e-03
1.486482033783467598e-02
4.045934169038575834e-03
2.195142158564758299e-03
1.724220473674828360e-03
7.689325022274745743e-03
1.095366678967243587e-02
4.779677552814526331e-03
4.943309330246136758e-03
1.724313212716752682e-04
2.744601193933916394e-03
3.381573347255442197e-04
4.341009532775305484e-03
7.814429044584372125e-04
1.432000736866336724e-03
7.401757363720656152e-03
4.905977800559238426e-03
4.614544224465687294e-03
9.070326320156614844e-04
9.347586658268922620e-04
5.880624354181840201e-04
7.448481930139747194e-03
1.431699945073383303e-03
3.031858581231494914e-03
4.187516355246560101e-03
2.930373011796014691e-03
3.721323779149749832e-03
2.247423965088034790e-03
2.576784239563143127e-03
1.446392558124086347e-03
3.052697747324518290e-03
3.153592014078480553e-04
7.718130430289679017e-03
1.532196294585965769e-02
5.823801966822975823e-04
1.863094062872282589e-02
2.451272230450100842e-02
2.024697791189090240e-02
3.631426666419190763e-02
1.869483501741028147e-02
1.847746351964395586e-02
1.063537763993388334e-02
2.914029453437044087e-02
2.881319632892925461e-02
4.231543407733438095e-02
1.198340903460159805e-02
6.257406461368848760e-02
5.227390419561975254e-02
1.318528036657659261e-02
2.102334719322691836e-02
5.022913728161863128e-02
3.966110926625824457e-02
9.240936881771483896e-03
4.657690696513713813e-03
3.552770755823819130e-04
1.269503881171804962e-03
4.498256483574771538e-08
3.135047456574656301e-03
1.557586313169642906e-04
4.547705397376061720e-03
7.797075870637480179e-04
1.672844581428766615e-03
1.358062132450396945e-03
9.832990822343566726e-05
1.626863066708854463e-03
5.582602461267243191e-05
2.266076587519837149e-03
7.620808956687158062e-03
1.153463670012767162e-04
4.536309365201202483e-04
1.564793766260490476e-03
1.589584646880249676e-03
5.357223457915445729e-04
8.101837245018249801e-04
1.306457629781129608e-03
1.920211597123531403e-03
1.192144107774836597e-03
2.592427261288062380e-03
4.045411085480684439e-04
6.532972695137509792e-03
1.045785448051269294e-03
2.755722502619189270e-03
5.748759828857799006e-04
7.970388346428189375e-05
1.893917391457565534e-04
1.191436734909808717e-03
1.836483403010471215e-03
1.882284793087197171e-03
5.810749276112802363e-03
4.415142849951410840e-03
2.330929059340890088e-03
1.063613798090877385e-03
1.907762782239507727e-04
5.235609802849081930e-03
5.126014604603864070e-04
4.213371827604476326e-06
4.726832016493947740e-04
2.342962285876494435e-03
6.992240674099132894e-04
3.584033709024196050e-03
1.576390418035852892e-03
1.369724559342635475e-03
3.413770004759415083e-03
2.385026172134241482e-03
1.164337179984827487e-03
1.172920245887953093e-02
1.746333403561321773e-02
2.104009004090326169e-03
2.109503452996193060e-04
2.527957473321644629e-04
2.015313914689554481e-03
2.446969667843369375e-03
2.739772829196163682e-03
6.056061728515135106e-03
8.780757866130337952e-04
1.553161643898404057e-04
1.815340948008208099e-03
4.087027433381867306e-04
4.423983689869102204e-03
3.308728922693620332e-04
1.981967531064989137e-03
1.559915334250021324e-02
3.333461142465508377e-03
6.750789886408002649e-05
1.360725600928768680e-03
4.154956439670882615e-03
1.241667007824381018e-03
2.782587677360946841e-03
4.585963822938313172e-03
3.371148734943125915e-03
4.585129958477946930e-04
1.350894455911911792e-03
4.438696478111655089e-03
3.448657242943230141e-03
6.261402345813312127e-04
1.838465235809089767e-03
3.937929843199152596e-03
3.511097051643459986e-05
4.208481757742777623e-04
3.544503336117179725e-04
2.152535111985158251e-03
1.515930638151762088e-03
4.024985635480711477e-03
3.203817082491490498e-03
3.370322314067624586e-03
2.201680666768723697e-03
2.959092641101805188e-04
2.525949504942143209e-03
8.888287043590743786e-03
5.739792928780697388e-04
3.836874695637954025e-03
7.281020598108507193e-03
1.740027525625303939e-02
8.079995953274557788e-03
1.256327615677269808e-03
1.076711752210262121e-04
1.902109773226788234e-04
6.589168570834191612e-04
6.461452648330275658e-04
2.989066531424959886e-03
2.903322475069659674e-03
6.398432373851208575e-03
5.909554578760823143e-04
1.324269478611206753e-03
1.214772881905734858e-04
6.473453973947334780e-03
3.139208921413194110e-03
1.908489811957123257e-03
4.424319189769024621e-03
3.831209724509498753e-03
2.676471706223139055e-02
2.685018782143888888e-04
5.578933948140488326e-03
3.594218577410166621e-02
6.562756171499956048e-02
8.481671128458163900e-03
8.579039813914784984e-02
3.897543010226361959e-02
1.936595537863768784e-02
5.864275362300092748e-02
1.476702758069466798e-02
4.706461640073645453e-02
1.300785232243957708e-02
7.672297712613251885e-02
6.841999658135229125e-03
3.202544703775213764e-03
2.935807327457836367e-03
4.995364596658917987e-03
3.868418040526010269e-03
2.115120211729814518e-03
7.091788711675846638e-04
3.912080032992400550e-03
1.445168701670816432e-04
1.541746708097153484e-03
7.375453491317112125e-04
1.817426176569806977e-03
1.335301721713514148e-03
2.905904220358869559e-03
3.993155385748780760e-04
1.704796007396898114e-02
3.528726534647489300e-03
2.076084994765240842e-03
1.072550580813616365e-02
2.962370650771035344e-03
6.602068925133825232e-04
3.188459577888868961e-03
2.611935197491272939e-02
4.030810944546399767e-04
2.395644189226429932e-04
2.213533776420672280e-03
6.682802458396845929e-04
3.621378407830246158e-05
3.035335676103509666e-03
2.322630316404673302e-03
1.621650785707866695e-03
1.877932624280176724e-03
7.472916947280997153e-03
5.619886866722821270e-03
8.583111627753913127e-04
6.916455722198996958e-03
1.558259197408106182e-04
6.253565814797272179e-03
2.061453800098859111e-03
3.104078387405055216e-03
3.535317747579075527e-03
5.389357172624876201e-05
1.819578718029066580e-02
1.035825370268748588e-03
2.715960450792996583e-03
4.072120380586706501e-03
1.278632095005208594e-02
5.432096511759416935e-03
1.859193029155762743e-03
1.729731918326667811e-02
2.876896867693768374e-06
4.704888557114640614e-04
4.149860809616637627e-03
2.132620169377534569e-03
1.721068211675340527e-03
7.507759767161289489e-04
3.762633198464386021e-03
6.221208253135831947e-04
2.869484944548580680e-03
4.581241645616634592e-03
4.175485466722418247e-04
9.923941457351821271e-04
1.081935680168852679e-03
4.155983212240005331e-03
1.055927865627357201e-02
1.936371297440943676e-02
4.273933640685441166e-04
9.244721394891689675e-03
2.559553412614354144e-03
3.388700119221935841e-03
6.738772850685192939e-03
1.542057240634950874e-03
3.601990685897831813e-03
2.863846716037122143e-03
1.699942225016111289e-03
5.232922600684855249e-03
2.341845938200226660e-03
4.994754535169551590e-03
8.707299242464966449e-03
2.564188861735741589e-03
4.946948131505814542e-03
2.509512906869802544e-03
1.999530229405514434e-02
1.581537707964105193e-04
1.301569273757429736e-02
6.158331735608631695e-03
1.912961286869994688e-03
6.892928726332658504e-03
6.663404569018034455e-03
1.366458506200192956e-03
4.323585972864641726e-03
4.882576781331682096e-03
6.067474890860579534e-03
1.045431899968808295e-02
7.354714264923676789e-03
4.826721968765293642e-03
1.284790138986605969e-02
2.795335829354422732e-03
1.360629539183506138e-03
1.627375654674513214e-02
6.779750447217172335e-03
4.060640820748110530e-02
4.359617960391191580e-03
7.355819625470902921e-03
9.269742301623183547e-04
7.274763706283274983e-03
2.675960031336432378e-03
1.049694191498298443e-02
8.722141165776074387e-03
2.284624097890159897e-02
1.418541452081738740e-03
5.109120905503436753e-04
9.205448724005438690e-03
1.343345209296894528e-02
5.545569327864760707e-03
5.624863139643815520e-03
5.459018689065298470e-04
1.548039236078138777e-03
4.153770996067639490e-04
2.954127701580371891e-03
5.481343233797654913e-04
4.372480770556392659e-04
2.651326569127634286e-02
7.126540859031908759e-03
5.182756342649510496e-03
8.455493220427587331e-03
8.860112588340171569e-03
6.773375417641119486e-04
1.054700722686410970e-02
1.519301338664765487e-02
8.048294069551127985e-03
6.182273876811050263e-03
6.689139465979091446e-03
1.529890291145635708e-03
3.831768333432622811e-03
1.629376709436447610e-03
1.194801586733008902e-02
1.861462341549974860e-03
1.593572736093977135e-03
8.505841805712716260e-04
2.021296734262958224e-04
2.022520008258108046e-03
6.276450919344420186e-05
6.327929474673762468e-03
2.030436963723087056e-03
2.508042282550591688e-03
7.825544641649296446e-03
1.877566286792481040e-02
3.859437926041231828e-03
1.855455512867274902e-04
3.187480157254089872e-03
6.070602173195074197e-03
1.385672537140947725e-03
5.967019320526974376e-03
5.241063707550087112e-04
3.596627027711605824e-03
1.204939537777673661e-03
1.435689177875331844e-03
2.047363174620949605e-03
5.867435568703996927e-03
8.750076648222800384e-04
1.257376406872940224e-03
1.791311750029438155e-03
2.597576429054081638e-04
2.145053375385919028e-03
4.072394573786259839e-03
1.189492851786907827e-03
2.212590658914241268e-03
8.159047490188406360e-03
6.954194025437215453e-05
4.429348105048401020e-03
1.985183514943972619e-03
1.679895102249259449e-03
2.732924232643821599e-03
1.738761807467829185e-02
5.190933471802975166e-03
4.663738231147972896e-03
8.681597822384187757e-03
6.570799770672392653e-03
7.473927882458865531e-03
3.427989799882839861e-03
3.486235323293577527e-03
9.632657347025955913e-03
2.462396281209242900e-03
9.384593640440027284e-04
1.395998082588373714e-03
1.104343113841026354e-02
6.322646728487641213e-04
2.329529841442569589e-03
7.490169853733694497e-03
7.052343809376931776e-04
3.535735843793057914e-03
6.202949998144212385e-03
3.629380663927925417e-03
7.867274224782646111e-03
1.435141358161518910e-03
2.901816745766664339e-03
8.377480104820263229e-03
6.780179701881398381e-04
3.227778099818944392e-04
1.168842894981174038e-03
8.641333192168002388e-04
1.054679514755573443e-03
5.943211542596755180e-03
3.052765103120286868e-03
4.561717480157233707e-04
2.417832107671113312e-03
1.167038668932223865e-03
4.785597103470711107e-03
3.041338181515426588e-03
3.647376163819777105e-03
6.750900620887382740e-04
2.042467713439321576e-03
3.145429932425998758e-03
4.297559275510415971e-04
7.835430307963623569e-04
3.456136788024307543e-03
2.701913918711656461e-03
3.748886861424226107e-03
2.092243332041911034e-03
8.242575140717169069e-03
9.590489815538337601e-04
1.460974188126185503e-03
2.913294980432061792e-03
7.500991190779610247e-03
8.316970665847694608e-03
9.606697252177281640e-03
1.030051072549213308e-03
3.674873467945096242e-03
4.669719779489402839e-03
3.837049558274866802e-03
4.016171709238530339e-04
4.932697004732840632e-03
6.626276624354885889e-03
3.412630350155514657e-03
1.763113112678950335e-03
4.320560238749156061e-03
6.229618701978553545e-03
1.037787678050208729e-03
3.390616593987805065e-03
3.730938980457556772e-03
1.482654932161824425e-03
6.766182736978414852e-03
1.525351513615116894e-02
7.337700275997808760e-03
2.333992089959104847e-03
6.577138027418071454e-04
5.408530024590466750e-03
5.606324565628834555e-04
6.174639709813040805e-03
3.786123443475651780e-03
4.969567362438959308e-04
2.509246691189592239e-03
9.185524387049297593e-03
2.705025729597073953e-03
5.285605843735851662e-03
3.353629852148672270e-03
4.522509738556943111e-03
1.400938323905431132e-03
6.419854186812026797e-03
1.374069153658265957e-02
1.629830163541230725e-02
1.055088587046918921e-02
6.632707845243951059e-03
2.987531191862656706e-03
5.620881088770659758e-04
1.458073503680767501e-03
3.217783986028998136e-03
3.746519116979992771e-03
4.102770272772925282e-03
1.470135172111143931e-03
3.275518975323956847e-03
4.793256351766266368e-04
4.061875006675011619e-03
5.984458626407603531e-03
1.801133721329473266e-03
5.107871548662983908e-03
5.431329900802620361e-03
1.140388434319983789e-02
1.708646125532727359e-04
1.429058611185842799e-03
9.453262249099099457e-04
4.333413688813778086e-03
1.783335904920090725e-03
3.297011654496370594e-03
3.021278704363921860e-03
3.057215960486129279e-03
1.201193114853043448e-03
1.511178756891343612e-03
4.600043099504928443e-03
7.373980897954382323e-04
4.767005023513396465e-03
4.105304575192599004e-03
4.320742298461599865e-03
2.596748130740391455e-03
5.555837703952201754e-04
9.763532258466099331e-03
1.204318588143427852e-03
2.211069182694967630e-03
1.795632316025490630e-03
1.044158264596672589e-02
1.436897771201441597e-03
2.301039369836477798e-03
3.864779327248029500e-03
3.142944987876987450e-02
6.477480144123607883e-03
2.988206474474504673e-02
8.390798284916558755e-03
1.048813138457092842e-02
6.695221770161649197e-03
1.336994540806381478e-02
5.592983532298167505e-03
1.936458025205011271e-02
9.630476609281667447e-03
6.135156272574969656e-03
9.876441328082951124e-03
6.162262585947616764e-03
2.179163251291972234e-02
1.051998743577397741e-02
1.309012740042806919e-02
3.092987067629326785e-03
6.902629296784495820e-03
2.090769115867169292e-03
4.521046885304034861e-03
5.369778472370998184e-04
4.135072878256824090e-03
7.093728916119768470e-04
3.843959914316233845e-05
1.925231274541252049e-03
2.120962618519277136e-03
2.795076246529519526e-03
6.465261022991999505e-04
1.640098621065120329e-03
6.105264057043402123e-03
1.992228797425112889e-03
1.272523864067925514e-03
1.106429283692520566e-03
8.690386507869517089e-04
2.306725484516972471e-03
2.709951849364575357e-04
2.674176060769738097e-04
2.172180651830948276e-03
4.370067574435003953e-03
2.566978058646041290e-03
2.003318302243394075e-04
3.513229862429619998e-03
3.242199060843653003e-04
2.812030286518229366e-03
5.464114592970620906e-04
3.522249426871290352e-04
1.729919145707595847e-03
3.994109473031618243e-03
1.445654556371606765e-03
2.306502612736517112e-03
1.105872200174189222e-03
7.878447674351939534e-04
1.339635107429132908e-03
8.628995884449465470e-03
4.179198694853988871e-03
4.147041586546823880e-04
4.080118803111208812e-05
2.729615009503895840e-03
3.103840021623782263e-03
6.197457919287887966e-03
7.970501517008231210e-04
2.716155640800191600e-03
3.402786904927246944e-04
7.881982872221376122e-04
2.939782928761269440e-03
2.345510595423531963e-03
9.570598932789296798e-04
5.096846960686919267e-03
6.846475480481332108e-03
2.894063830810151682e-03
1.330446247556780082e-03
3.044592474534268262e-02
4.415705301976796671e-03
9.109254787826393321e-03
1.149635305016661821e-02
3.409694593431560625e-04
1.034016340037606681e-02
1.096569558620109214e-02
1.790004499875339676e-03
3.828005345208184432e-05
8.392074014891489101e-04
1.219421660067132644e-04
4.157285925401313018e-03
1.370982632187821380e-03
9.183380028372103814e-04
5.060359660372416857e-04
1.724408835497273770e-03
4.721824449678829473e-05
8.004008690504592696e-03
3.770672414416688552e-03
5.078943088049301400e-04
6.600034670209807422e-04
3.778615813739005791e-04
3.187269642340106839e-03
1.224278245897294799e-03
3.775644764151961635e-03
7.751045569763813413e-04
7.186152667061887836e-03
4.083189773621249616e-03
4.778621955928619505e-03
3.836469151077033599e-03
3.034281781328934929e-03
9.643260830951015314e-03
2.747995701172571432e-03
3.541581236395792941e-04
4.812056973514843711e-03
4.518342244895841298e-03
4.567924022723692835e-03
7.761072525874285677e-04
1.927395407484050124e-03
2.358152458463152676e-02
4.011287175615212836e-02
1.400486862083416377e-02
4.288456924470417791e-02
7.602891600468197897e-02
1.428454146935728176e-02
3.644095884431097776e-02
1.832611217847179147e-02
2.250019430245660951e-02
5.356162071986165542e-03
3.033771129496435921e-03
1.226364014608046296e-03
1.678622073261437989e-03
5.771109411725681287e-03
2.442676785688821799e-04
8.087052254531136575e-03
8.800505384023859937e-04
9.862611896377666398e-04
5.372388873309014157e-03
2.070595941685131509e-03
2.783465708779709344e-04
1.965797228832324647e-03
3.022973157389988175e-03
4.350430577720815813e-04
1.169469435936242637e-03
6.481518836473125706e-04
6.914558096078360664e-04
3.797803875778058675e-04
7.908459351836235121e-03
1.133611317472693614e-03
6.205899400059531256e-04
1.679420380860577279e-03
5.457850588513462340e-04
1.652046066223280391e-04
4.331080243639181052e-03
7.893298272521102887e-03
4.313318500287212712e-03
1.312681134012224325e-02
3.170146154591378315e-03
9.442801893522135420e-03
2.383828835860012877e-03
1.519729432802850244e-03
7.273707806716123397e-05
4.208452207374305110e-06
3.997832143733737360e-03
5.774316555385245429e-03
7.331908994563200721e-03
1.639106017510550068e-03
1.486773706324977825e-04
2.171273647162958245e-03
7.173810047205781901e-03
1.082263050934511575e-03
3.002024830693721114e-04
2.088977520715786570e-03
3.161998340648684673e-03
5.920525327405237737e-03
7.257556817208131103e-03
2.260845247609336126e-04
1.260631789871520091e-03
1.392183914539543016e-04
5.387196987076465181e-03
2.943591984103976437e-03
1.782891596107931669e-03
1.203132408207448082e-03
3.554688031101384781e-03
2.864450997080141264e-03
1.425579305560578745e-03
8.554270125639400625e-05
7.272201967215934353e-04
7.826196246618060282e-04
1.249209135391082933e-03
1.331179835398224381e-03
4.587728048984513612e-03
8.877945525621492662e-04
3.340337432249489754e-03
4.876090053766264469e-03
1.653771791308006594e-03
2.339502039996075276e-03
9.566520540836956398e-04
1.248505890149153186e-04
6.675626976381676290e-05
2.292034930321083276e-03
3.242000100202194722e-03
7.687769886626857766e-04
9.076750461188330329e-03
1.504747857584840453e-03
2.405635662777934683e-03
1.013384012083564387e-03
1.007084533552275382e-03
5.830020750684288162e-03
9.166064212558727373e-03
5.098648667078074966e-03
8.336141984132149942e-04
7.526910916713126787e-03
1.169662219332608197e-03
5.494431825068393956e-03
9.949029351802153240e-03
4.346725420347051939e-04
3.572727600968372656e-03
1.574223628457143559e-04
9.567388814772946615e-03
1.760945413797959961e-03
8.275335604140680174e-03
3.253691149720596559e-03
2.127348721137436484e-03
7.015629592661895043e-03
7.241555554235354873e-03
2.727791703775656485e-03
9.625017106086949589e-03
1.391388998440417323e-02
6.427301006056102516e-03
1.897844868468833227e-02
2.548062348629777634e-03
1.571840841891386812e-03
2.653723473447456779e-03
4.617585206539763162e-03
5.342689033109354092e-03
5.995286012801867917e-03
2.514525534795623678e-03
1.370038470327265140e-02
2.282027905692322889e-02
1.314767290570559646e-02
2.667034303873561715e-03
2.908554087351835661e-03
7.710598622661397200e-04
5.879775731778218162e-03
7.613042215745313744e-05
3.627020850663105066e-04
4.558285921997652732e-04
3.877852060599976634e-03
5.470874940629005378e-05
7.680321022476312848e-03
1.572543778624169164e-02
5.386564760402944105e-04
1.690190274753483688e-03
2.917387359854679927e-03
1.313943085757390697e-03
1.745627281716694869e-04
2.916413644570644333e-03
1.052334046348239217e-02
3.939325546312953674e-03
1.068666519727148011e-02
5.916881451193230917e-03
5.683480752373695766e-03
1.403680901684321684e-02
3.714033396635877510e-04
2.950160976489783413e-02
7.307369785154488491e-03
1.022842516153287321e-02
7.541193056604975770e-03
2.290136895977418468e-03
4.989925676140708616e-03
1.391602830111935980e-04
2.850841680463133548e-03
2.630118185089986172e-03
9.010465512814310601e-04
2.053774972096777170e-03
4.552006820936171406e-03
7.630304741513620984e-04
4.042849762773204677e-04
9.912003108075554975e-04
1.286989400962388393e-03
1.711588625788552703e-03
2.351135289967064973e-03
7.991138339019101047e-03
6.690323457653070863e-06
8.750723381959643024e-05
4.832224449731702814e-03
1.567790183261111997e-02
3.211712925144101331e-03
1.059284099823306138e-02
1.801537849045090176e-04
3.866194131679953280e-03
3.773363168793629745e-03
1.893172322851860087e-03
2.852603835784383104e-03
1.239534074539524675e-02
1.589148392164013582e-03
5.179581417071755546e-03
2.622440169513624679e-03
1.093170148218344968e-02
5.671750017400313537e-04
3.286586831727631488e-05
1.235020058648772338e-03
1.986227356139981352e-03
1.130455572408912805e-02
8.587925654804149864e-03
8.348757491434837322e-03
1.401863188584804437e-02
3.350911385821894219e-03
1.009425887139081199e-02
1.256102195770987789e-03
3.146527868713988596e-02
7.603230709435637724e-04
1.001611534527479261e-03
1.567855884651802797e-02
9.449920184932077138e-03
4.764517316084604902e-03
1.234650573603713122e-02
1.019587044800069221e-03
1.002448288737537579e-02
2.997644136569781355e-03
1.957853844040023921e-03
8.413011028979275330e-03
3.951845441680189655e-03
1.200895030465480183e-03
2.093055565743108526e-03
1.575240050166823870e-04
1.197555479419311645e-03
3.904392393774224184e-03
3.449418707443536146e-03
8.139201219536677454e-03
1.366306765469040875e-02
2.538814641675230660e-03
9.325972818267775884e-04
9.724991085681264705e-03
1.421030457564305925e-02
6.489023454903575976e-04
5.036006132937908501e-04
7.123315531872635199e-03
7.980610011978413881e-03
2.081906457874210022e-03
5.192251012916123190e-03
5.552933445315691788e-04
9.331065333157888362e-04
1.837978078849623323e-03
2.380917046879294906e-03
2.134951269614719822e-03
8.670450069410643584e-03
1.311858356240147246e-04
3.780034743953132430e-03
3.294322930957169671e-04
1.773337315506659420e-04
6.486332210259244729e-04
2.569078560803834173e-03
3.851518608698080827e-04
6.048637844102115616e-04
5.897974857016229956e-03
1.018479705899162993e-03
3.354336114071238754e-04
4.372804542203865782e-04
1.744031481049662657e-02
1.002593659199040033e-02
1.412380410760678481e-03
1.212802562403269158e-03
3.941870690142453698e-03
3.639438039319757567e-03
4.219898282465401468e-03
3.415891177753492807e-03
1.384058653288932662e-02
3.219516625742041473e-03
4.065605730276400246e-04
2.628688154701610581e-03
1.886397099093897311e-04
1.678905779530562997e-03
6.738680187167941232e-03
1.827540275581569090e-02
9.097029598059976725e-04
1.350839014127901486e-02
7.404786225684426883e-04
1.422230044043940825e-03
9.354334406837356512e-04
1.183232604047977209e-03
3.602416366261952836e-03
4.633121677945096356e-03
2.320745909254049583e-03
8.245503282719059265e-04
1.902393403113951994e-04
1.388675133267197213e-03
2.582538330016804357e-03
4.607790240391188355e-03
1.741957121144471982e-04
3.140248913808823422e-04
2.614087873383551318e-04
3.912695137007475565e-03
1.932066686625951487e-03
3.371757468851384332e-03
5.220184290054763953e-04
6.406447627215689552e-04
3.308340252105453159e-03
3.093701754330567110e-03
6.225116033054069187e-03
3.006422733672384478e-03
2.497300793471750151e-03
2.909818612590253911e-03
2.054380310123881401e-04
2.201210455995144741e-03
9.326754356037365910e-05
1.245428293232582993e-03
2.262681381717774037e-03
1.180200040475101525e-03
1.142949701142033521e-04
5.654478530828762131e-03
2.408473420522816877e-04
4.063695760781105629e-03
2.294639193838360521e-03
5.498212373160594156e-03
8.125857150244474199e-04
3.487234214412285966e-04
1.365592777678831943e-02
8.625084735805622904e-03
1.465210926456629722e-03
1.486809757176843971e-03
2.122794915023865601e-03
1.495864178629633529e-02
7.992604124367201808e-04
4.625486212953428163e-03
6.525556084075958066e-03
5.884851834137568884e-03
1.730584250579459814e-03
3.348344884220469039e-03
1.812411219213415966e-03
4.202089847062784171e-04
3.097948897300678421e-04
1.571260526433199828e-02
2.534379023725426804e-03
3.611350319687363971e-03
2.097350985457429630e-03
1.884892869064572251e-03
4.087042513706145262e-03
2.303367893761192400e-03
9.769352573661528680e-04
1.107487972426617409e-03
4.837032466196880369e-03
4.754447359024252572e-04
4.451359768685394960e-04
1.843138219098350002e-04
4.419496038899975443e-03
8.021551491664396724e-03
1.477817566981310185e-03
5.146912840386811371e-03
1.229280125503762200e-02
4.111504273386610425e-03
1.655409003994257446e-03
1.674009114466568429e-02
1.928225596945978317e-03
3.416429744747448947e-03
1.534163276383973280e-03
3.976940633417891911e-03
2.255939828581183040e-03
2.725130329143313213e-02
1.527220276119642482e-03
4.761075642353150192e-04
1.739132364767518061e-03
7.171829130222135383e-03
1.125446462548864498e-04
3.587854378149095717e-04
7.338567508378301312e-04
3.100423618529067529e-03
5.135191606040230691e-04
4.854264053611315535e-03
4.202683395978496330e-04
2.241536394377148175e-02
2.805978518532214767e-03
7.210601314717976149e-03
6.919301242525499780e-03
5.612051306792467144e-03
8.402156756353661160e-03
2.190928002923423737e-04
1.391256104888729216e-03
1.495345771969551030e-04
2.479710733981520514e-03
2.707599247277003656e-04
1.194523058439901295e-02
8.092909980721128133e-03
1.261857247946211649e-03
3.243620364204225816e-03
4.342613145641285866e-03
1.657623147302735109e-03
1.485553627097831099e-04
1.825581042443072009e-03
4.330760382944524520e-03
1.181704724551417996e-03
1.625890245938261397e-02
3.323707119684682267e-03
1.627763334575818219e-02
4.228180524405038276e-03
1.779764103105757524e-03
3.807529777627176662e-03
1.191839734919434429e-03
3.629384840859831672e-03
1.369599816065699208e-02
1.844372255268851915e-02
1.269833947631310994e-02
4.894947500505445435e-03
3.591398737268288507e-03
7.891737454062441523e-03
3.659595939610156470e-03
3.212341603857951644e-02
4.689068059714811970e-02
7.170740059337794847e-02
1.001663830272462967e-02
2.227565114022729900e-02
1.101371000609519674e-02
1.794506716301614777e-02
4.134122586617393173e-03
2.705728162619717644e-02
1.645466352313276759e-02
1.488880314942459329e-02
2.811219645038597059e-02
1.306672530258787268e-02
7.428028924346508077e-02
1.675887890353292692e-02
2.699027757368954554e-03
1.729555840340735607e-03
7.138392098893590063e-04
8.583833898716763900e-04
1.780915499995096806e-04
7.925991831364305592e-04
2.250394029578293986e-03
1.533792421535310098e-03
8.561863786124045486e-04
1.274312451643922449e-03
1.546259500819202213e-03
2.590533540109748057e-04
5.764389859970528787e-03
1.385963332874345531e-03
1.639559184572481933e-03
4.865703974118824535e-04
2.059292507956938232e-04
3.667325159855319011e-03
1.672426221265991067e-04
1.785676530176486627e-03
4.541826756881610447e-04
9.382190865190893209e-04
3.317358095057610073e-03
3.388720972785294605e-04
1.218990676672365801e-03
1.910905495155066540e-04
1.193567861921165495e-03
2.096636828746642738e-03
6.465838722651424389e-04
3.622711642172044087e-03
1.312268517108918951e-03
5.840840145153838522e-03
5.870530529614676005e-04
1.002361006335320947e-03
7.186500733958049898e-04
1.241028114586318004e-03
4.833500947294477358e-03
1.262030567331568365e-03
9.886287009525216232e-03
2.728482724251252677e-03
2.913699506023245504e-03
9.791936552845662695e-03
6.901698355925342911e-05
2.779489637153436678e-04
3.809285388269654637e-04
2.362610424833721384e-02
5.135472319145619954e-03
1.797543186911449830e-03
3.102807128470864441e-04
1.599290716891186778e-03
2.600457997338179086e-03
9.243753855058581617e-03
1.182833705030615808e-02
5.018833160692284454e-03
3.290224819948535297e-03
2.079337915505374747e-03
8.505097290138936839e-03
1.828856127083514083e-03
2.219170516828628198e-04
6.029178672947940049e-03
1.156518151146539337e-02
4.019305140301425569e-04
6.528651121753897661e-03
3.277293233580834495e-03
4.098410692577452233e-03
1.255859854990264840e-02
3.632482183854467053e-04
1.696210525153718333e-03
1.971559324862287577e-03
4.518734349258523089e-03
2.036070402000154586e-03
1.564657674425542003e-03
2.303893950616284908e-03
1.788201091698561965e-02
6.309198898957883196e-03
2.173015534524249445e-03
2.138082757913342680e-03
4.660451290613739153e-03
4.779446750808723048e-03
2.851490772938443646e-03
2.597596825222678145e-03
9.850542278531209653e-05
1.224428631398420588e-03
3.869718387834080245e-03
3.721488098669908950e-04
2.432311116736638520e-03
1.115666264249070075e-03
3.974461394829739529e-03
2.466387916489826745e-04
8.004718411966529543e-03
1.523589120907591554e-03
4.360257513668075284e-03
5.646301264249407132e-04
1.631267328268341376e-03
3.844893748567283515e-03
6.325032598751323225e-03
1.720696771666402293e-03
3.269371935958068943e-03
1.085665925092329761e-03
4.736985142422175921e-04
3.929406709432103212e-03
1.955153887461259267e-03
5.312953554068716722e-04
1.445352585882911855e-04
9.291888274424559349e-03
3.946223862806842037e-03
4.047358345273947486e-03
2.579708059287102138e-03
1.856460828696482194e-03
5.306153719224469129e-03
3.311811950286723018e-03
5.590112868742667593e-03
8.062765811246033407e-03
1.336372985772609759e-03
5.738767666186292415e-02
2.394391493443648669e-02
1.719734693250168228e-02
1.048421611409505218e-02
3.914540750731013152e-02
2.261258165811405596e-02
2.726489316470801297e-02
1.020485202659626306e-01
5.872486816962715905e-03
2.240280597943121454e-02
3.706197444711362404e-03
2.190518592506260701e-02
1.528428328878801701e-02
3.993115146397763909e-03
4.229789064180262959e-03
7.469761539435210151e-04
7.153887608954413420e-04
1.378355471119468685e-03
1.152457952641047778e-02
3.199617070793996619e-03
6.314004001369945621e-03
7.863777733776037074e-04
5.449823990651700770e-03
4.174295662785612593e-03
6.760724565211858293e-03
5.822260060403880791e-03
1.592415024917958341e-03
1.224555421694488791e-03
1.372452520962026473e-03
1.991699875300399856e-03
3.635280748547570565e-03
3.331624841083644724e-04
1.450909664405624602e-04
1.451650661723984277e-03
6.657925894179725357e-03
2.375478158553534763e-03
1.993540559114237790e-03
5.224958989627731358e-04
5.230614057794532798e-03
3.854629770001991029e-03
5.816389111389159115e-03
3.013396051138735390e-03
3.999106506004081185e-03
1.310201258981474534e-02
3.214668736831495944e-03
1.948496446832247500e-04
4.230593856117276404e-03
7.923252138867587988e-03
5.570168449868601046e-03
2.470036119170516443e-03
3.687732242958881735e-03
5.422419368619610033e-03
1.313764575551163444e-05
2.244853093981384086e-03
3.609125885947756917e-03
3.505262806975303728e-03
1.691340325180301900e-03
3.846872300493708787e-03
9.305850125536604175e-04
3.020503219271059112e-03
1.173254041093196344e-02
6.857642038824768652e-03
9.936524632390442494e-03
3.025612308779528862e-03
1.031679260456523119e-02
6.565236443122818288e-03
1.787104435645333039e-04
6.831221204375348410e-03
4.556072913897037460e-03
7.324320754663821501e-04
8.578004366189124347e-03
7.899262755538193851e-04
9.200908180712911912e-04
5.774995634275416692e-03
7.731674188222491858e-04
3.389768845622002577e-03
2.832590455913841249e-03
1.239069891834036069e-03
6.934069671275524052e-03
4.253726243952292386e-04
6.791743624889911776e-03
3.990508387320755579e-03
7.626225935805529786e-03
1.378108662894596921e-04
2.798507541476346824e-03
5.725982883965658604e-03
2.607458616687997107e-03
1.146417562153725749e-03
5.097794793513239602e-03
5.154385590124016970e-04
6.233006605873401933e-03
9.175571515058206359e-04
1.797356060591083146e-02
1.838846514479307184e-04
1.298450666915915500e-02
1.027403634651177095e-02
6.278983905367772206e-03
4.425422978208302049e-04
1.918311386952880346e-03
3.966945365228141391e-04
2.430974658530031529e-02
5.369572314357147491e-03
3.985909688125985166e-03
1.872336449648356145e-03
1.646213172350736650e-03
2.774443857674380870e-03
1.029082217474066620e-02
6.006639139958073158e-03
1.985752406607525344e-03
2.021588651747479714e-03
3.800647009032584889e-03
3.406959993565807521e-03
1.582524767953181815e-03
3.322638953813692245e-03
1.578889430881725078e-02
2.406752824578472626e-03
4.544079829337393378e-03
1.602517153668162747e-04
6.306966325954880929e-03
2.249295100992574660e-03
1.850564069256726727e-03
3.261299768340122050e-03
4.355000596802093352e-03
3.127298087422275292e-03
1.071109756075653684e-03
1.286968100484468715e-03
4.881055758419740667e-03
1.230927993349982368e-02
2.024448571967386087e-03
1.079895138928153170e-02
1.385569844947326639e-03
7.737847102747927308e-03
1.498825794162927548e-03
2.282968838409984037e-03
5.753392717576988682e-03
6.143113040945114012e-03
1.007804642149424078e-02
2.641732398801523857e-03
1.049996690595775620e-02
6.843894835275893263e-03
3.977740259315933752e-03
1.108518517913325684e-03
9.986801212048194987e-03
8.600742676780157719e-03
7.526799760875951470e-03
3.611995008531047619e-03
4.340934617192471895e-03
4.152445876054972757e-03
1.237686742672173407e-02
2.217924993827202849e-03
4.072016996529703183e-04
4.171648470766597602e-03
1.891680860437458186e-02
4.146549382184476149e-03
8.295324496055305960e-03
1.841302703904892576e-02
4.446316141769022373e-03
2.395126706535084370e-03
1.323370062320152439e-03
3.325074533210564806e-04
6.613825602817789435e-04
8.809666439633490054e-03
1.964115845134622226e-03
3.973366670861963081e-03
1.094161952496573893e-02
7.004962803614063959e-04
2.953914222392299647e-03
1.175001891613592156e-03
1.952508573588511041e-03
6.747352657563388152e-03
1.167345334518013478e-02
2.343576660637393741e-03
6.516153298533351040e-04
1.108654594149661998e-02
1.616263397238400104e-03
3.322440443699545818e-04
2.745485285147230680e-03
1.643520671053478287e-03
8.629506211723349252e-03
3.108095588304941176e-03
1.639063839380226067e-02
6.359879132059311976e-03
5.865301845550742119e-03
7.332780585660359949e-05
2.014838434835843517e-04
2.079867492370091747e-03
5.046973586166501793e-04
8.807464968906347173e-04
6.873896914787977139e-03
5.937970098040680489e-03
1.883936023580599125e-04
1.833554637432921811e-03
2.210952452788036201e-03
5.372782303857659945e-03
4.655778510649463318e-04
2.838737288347080619e-03
4.827890244338770183e-03
3.318945085293045424e-03
2.613694221597186859e-05
1.059158048742205515e-03
1.974946619341898246e-02
5.653053228006370626e-03
2.225751318128031501e-03
4.744592185312902777e-04
5.728588211469677442e-03
2.268324477562498175e-03
2.106200122039376347e-03
4.276530154881811978e-03
3.354938559715140572e-03
4.979927817540760228e-04
3.133069238959505873e-04
2.527533564792945261e-04
3.085025129100033101e-03
3.099336817842266844e-03
5.991946321995281297e-04
1.506352440673661272e-03
8.326021824566008644e-03
2.415745864487171043e-03
6.783962160923649775e-04
2.764458091338501886e-03
1.176056022751400349e-03
7.817694178208762883e-04
2.078561946992231197e-03
6.064640264267645575e-03
1.122880419938165376e-02
2.636693242222542220e-03
1.413590310702917329e-03
8.066673672894923708e-03
5.548661394455619731e-04
1.031057750531426745e-02
1.934667348491525551e-02
2.895503100410082992e-02
1.538452399824520112e-03
3.502521839065286108e-02
2.883759436651370939e-03
1.038165610346741862e-03
8.086310772856462187e-03
2.332712405424867096e-04
3.503822730051644324e-03
3.193173876715091689e-03
4.642240844272641116e-03
2.209989289461429529e-03
1.871170195673737754e-03
2.266020376538100252e-05
7.982464128663876307e-03
4.696751472252483524e-03
1.722357303469254381e-03
4.607922986170131857e-04
3.648199942182068448e-03
4.012018318582747864e-03
2.618350931749046165e-03
9.230888334780965130e-04
2.163420590323874085e-03
6.111910469323640247e-05
3.993030086747876954e-03
4.156272549080568257e-03
3.702810318291967391e-03
2.212368066581235030e-03
5.535594102370369036e-05
8.481672765175217021e-04
1.492838561647154803e-03
7.788627337355263740e-03
1.789618589333431212e-03
4.709677494354390544e-03
1.735816436964275579e-03
5.133433733031017576e-03
8.550386413433873822e-04
4.137314486769513595e-04
4.506858484938158077e-03
2.523247309973236045e-03
1.431422563723441311e-03
8.692631480913707437e-03
1.294874315683481811e-02
3.703574306207339274e-03
1.832644490713028831e-03
1.828376536877648721e-03
5.005939405357168019e-03
1.613679062710757228e-02
7.922330715934978833e-04
1.651642685187751629e-03
4.540154785770461116e-05
4.937181252172031208e-03
3.772221570128532573e-03
1.037742533201655272e-03
4.264989294158552397e-04
4.068533709141373381e-04
2.923848399768418614e-03
7.003296516901455666e-03
4.059937305645418271e-03
3.877993763524223599e-03
2.974108685038123930e-03
3.847870378522283592e-03
8.942523929071709288e-03
1.177892673586895941e-03
1.608857568154300078e-03
1.045311107079557400e-03
1.837519889567493150e-03
1.189178717771047179e-03
8.497404477128329293e-07
1.911560969877509767e-03
1.897862305862986574e-03
1.301898890181740244e-02
4.595918254033536012e-04
2.210446153110795769e-03
3.944752005540333971e-03
9.498451632182080759e-03
1.238906613211864871e-03
6.920484128474737977e-03
1.084070098195739386e-02
1.510843257814910821e-02
7.577368765012685269e-03
2.372327849497112007e-03
1.770897685693605811e-02
1.282188603681327400e-02
1.607774035080140884e-02
2.711989369301598569e-03
1.026064022052856385e-02
7.311493633962291155e-03
1.288860235009870250e-02
3.699082638525579003e-03
1.998550938104168111e-03
6.029254213238788990e-03
4.509997342238055568e-03
4.480237481964801705e-04
8.857537530151098765e-03
5.158056277761123402e-03
3.959027333617242718e-03
8.422184771046793781e-04
2.731263099185264435e-03
1.884413593122708864e-03
1.465752286167918642e-03
1.763587214907464274e-03
2.466878478192412899e-04
1.780075204385679708e-03
5.339676233508742738e-04
2.676978810480009057e-03
9.352682696481819883e-04
4.869721998240096193e-04
5.781348074717572146e-04
2.216384696382257369e-04
9.487780611397856733e-04
1.296193879534572732e-03
1.050483138886948659e-03
1.401041968347361936e-03
5.284259221440103585e-03
3.627136163166328012e-05
2.354926711471204241e-03
1.159187019737475000e-03
1.442056672779831999e-03
2.593274692026011595e-03
9.777296508432353067e-03
9.971922847803568052e-03
4.124573737221546264e-03
1.015732035730841339e-03
2.241989737580098348e-03
5.635393399029218348e-03
1.324462499884000288e-03
1.439479243654871309e-04
3.509709591113343782e-03
1.460251394475000492e-02
5.041476837415764800e-03
4.509919931121956702e-03
1.320738601301500031e-02
1.360821257648437560e-02
2.664701016672040707e-03
4.115229678457553789e-03
1.483409183629264775e-03
9.342278520501050981e-03
1.474226674707636688e-03
1.772336467778855588e-03
1.424005840631479072e-02
6.595830383491371914e-03
2.665187668467659549e-03
1.092317901198085108e-03
4.974573477404447067e-03
5.756990829063076244e-04
1.714540838917383986e-03
5.669584165235847656e-03
3.987868119997309280e-03
8.260872683002891924e-04
5.559513071758182597e-04
1.167961367748928281e-04
2.792442628869650813e-03
1.493012151442859453e-02
3.026683841304024340e-03
2.210225043687247086e-04
1.147724753401249513e-03
3.229759308143771799e-03
1.999656255203733409e-03
1.250253015717176473e-03
9.452502890138204245e-03
5.447804565871232352e-03
2.659962121155261044e-05
1.030472433715384512e-03
2.870607571992987977e-03
7.481937674044690859e-03
1.636980926584165417e-03
4.500782151010214796e-03
1.338575783050975458e-03
8.992873061358191283e-03
6.485988838885281375e-03
1.355998725900521042e-02
3.587138028951632023e-03
1.822156397766465721e-02
2.619602175654390033e-02
1.934867517806219267e-02
8.521207234138619344e-03
4.410991423429080210e-02
5.624160408917815851e-03
2.254153598824829366e-02
2.717886192011118029e-02
1.674224370189156957e-02
4.178108904344324942e-03
6.905808797630525256e-03
9.841399112799010390e-03
9.051606108338879769e-03
4.147495591375337763e-03
4.095282331331268413e-03
7.511864150045911501e-03
1.266442596669627337e-02
1.123591558316442513e-03
7.168950682687269885e-03
1.235523289692300295e-04
5.008659269084622147e-03
4.792738007390983171e-03
2.250895453621970434e-03
1.625813111250427098e-03
6.146860456512488920e-03
1.352942750156869121e-03
3.813794860552277132e-03
2.316329867248493723e-03
2.593725734561986608e-04
5.345579846087723797e-03
2.666891478570260036e-03
1.724673028144104153e-03
6.613750385281595527e-03
9.608167545089462856e-04
1.675636768067786768e-03
7.899264160873730378e-04
6.437325957570974588e-04
7.260259611516854650e-05
2.487581199332995416e-03
3.489375274418530723e-03
1.228946822738192970e-03
2.506919856732829459e-03
5.017892752554403701e-03
4.326076047738738189e-03
6.944847152799823661e-03
4.554718024181347857e-02
3.882919159548535275e-03
2.484961933256912836e-02
1.050933818480325604e-02
