-1.821917618670861327e-01
-2.075970033458209296e-01
-1.356614656928973595e-01
-1.075164623808601283e-01
-7.171271733768427858e-02
-4.973588742957483350e-02
-1.310400505612495554e-02
3.289263347475322730e-02
-7.876027739328574778e-03
9.492051579901926439e-02
-1.646754543095948348e-02
1.029258255502532859e-01
-5.562586572271534247e-02
2.438272304015810961e-04
-4.544594364229116723e-02
-2.180655997113093575e-03
1.306001092989539196e-02
-4.815615321216067113e-02
-5.506240136823750686e-02
-1.116392311110486479e-01
-3.940983930039290706e-02
4.209419698413611501e-03
-2.297958658294521617e-02
-9.422551169895675149e-02
4.187369729867963797e-02
-7.806202741980057536e-02
1.290127691861421566e-02
8.401561063584289668e-02
3.404887957505888657e-02
8.162266951974990470e-02
7.546969331937501690e-02
1.935532089569815262e-01
-5.185933793116200008e-02
9.874783349833533841e-02
-1.362184256941464770e-02
2.650026622072109567e-02
-3.255665545108340445e-03
-7.238682230355310276e-02
8.028909034493218744e-02
-1.371836176520577211e-01
-1.166026479447538310e-02
-1.172435197612645558e-01
1.260944126525490316e-01
2.498222520871740474e-02
6.561335385641306472e-02
-6.211207367039161403e-02
-8.146447542808345210e-02
4.443520132477648925e-03
-5.149166794007714772e-03
3.447172184213898039e-02
2.873876586303127176e-03
1.101579498178450467e-01
-1.255586683377460724e-02
-1.434586083885584784e-02
-2.673600913893874748e-02
7.103841167842800917e-03
4.163873919241584121e-02
1.058546765389069277e-01
-8.304045804182082213e-02
6.417826640884438790e-04
-9.542494762125437735e-02
4.422380458383155799e-02
-6.106617803667826333e-02
3.419225997795825173e-02
-6.129469121129933751e-02
5.656028468953438332e-02
-4.703938688587277345e-02
3.208438822413718639e-02
1.008279839357304267e-02
-1.474123601516688295e-02
4.610505066361560329e-03
-6.256645289757967188e-02
-1.463571921728414882e-01
6.285302313935851870e-02
7.474563329045703919e-02
-2.933423360385942202e-02
2.151662447373173942e-02
1.532176126824862442e-02
4.417957173396987874e-02
9.570500486023192366e-02
2.918882215397765410e-03
-6.147506553940366991e-02
-1.990443471758992708e-02
7.221333028885859595e-02
-1.479541942339165361e-01
1.677376338721701943e-02
-4.891736537899631782e-02
9.065264759207657119e-02
-1.806359373240354338e-01
-6.213615031153987833e-02
-2.032183466738199384e-02
3.978916244141862679e-02
6.661136255235361459e-02
8.670651637858517446e-02
3.086850251119835353e-02
1.577122572738746953e-02
2.382425280380785423e-02
3.015161132282535503e-02
-2.723168768335742715e-02
2.839220263741721109e-02
-1.395187854960241482e-02
3.472936707993588140e-02
3.943090112729627505e-02
-5.979903073760747811e-02
-3.212389670635574807e-03
-3.263286322560041142e-02
4.125888258603552933e-02
-6.916386547384117955e-02
-1.107915961141652805e-01
-1.221590988495205310e-02
5.621771912071152344e-02
-2.007400868101875263e-02
-2.769794082964457602e-02
2.935016715773634474e-02
7.356203691273499774e-03
1.547740390103235358e-02
2.302716253827917243e-03
4.987345691126836116e-03
-1.501139589083119556e-02
3.842850767258696593e-02
1.074424460056084239e-02
1.815299442415448800e-02
4.436107302474217445e-02
-9.768809177696558682e-03
-8.279117674462948065e-03
1.783317833615792949e-02
-8.480383947642791687e-03
2.254352558747692303e-02
-7.852629218137013520e-03
-1.296785447754694384e-02
-2.492960872645055490e-02
-6.180764784198089501e-02
-3.723822344821939995e-02
4.813668627773266123e-02
-1.546392222578787251e-02
4.010352251307584825e-02
-2.332554971691236725e-02
-7.846639669849772569e-02
-2.207854859191635613e-02
3.629894649663822220e-02
4.598844700998650642e-02
3.139909309191654674e-02
-5.424656062289372367e-03
7.423666163125551554e-02
4.024914382291364806e-02
1.512594063118621185e-02
3.265047757458778427e-02
-1.165346175061428464e-02
3.133211587156859573e-02
-7.518749870957384257e-03
-3.343256247957109711e-02
-5.468854935448492355e-02
6.962078366289149722e-02
-1.056106615218567191e-01
5.256145715048387429e-02
8.138323690322800050e-03
1.284843176184755596e-02
-3.824749760852033838e-03
2.889638059729296438e-02
-1.358943706010979843e-02
9.887372742500871725e-03
6.349312576069089664e-02
-4.648745623029896384e-02
1.236637501309330832e-02
4.258459394091807827e-03
5.736918231600556667e-02
-2.264429561224606813e-02
-2.122316629096251180e-03
7.564086872470864031e-02
4.310914527365440618e-02
1.143865574566902722e-02
-2.978129820197622860e-02
-5.919171476135415798e-03
7.048734419107242910e-02
-1.018197092511017310e-01
4.058708037292653448e-02
1.074629715335117530e-01
-1.190488785697011581e-02
-3.266472474633316803e-02
3.736582846988054096e-02
-2.667421459112298901e-02
-4.420808096750748761e-02
-2.069326342938027780e-02
1.074869598488649089e-02
-3.116597665001051912e-02
-7.992760292148244627e-02
1.978453133392528082e-02
3.531508843382701046e-02
1.632002516573022588e-01
-1.878302068537739400e-01
-5.862101447697658230e-03
-6.948412690780123024e-02
1.142077072874218141e-02
1.704287783539295588e-03
-5.326254795572129544e-04
6.276972332955028933e-02
1.594362529776295612e-01
-2.409530983073610369e-02
-2.679778238278265889e-02
1.385109374415632692e-02
4.114456402164126669e-02
6.678154028943120157e-02
-1.114373906855378876e-01
1.249731667496338378e-01
1.484507089256760504e-02
-9.260351077088208038e-02
-2.074072679605725236e-02
3.497280203144718241e-02
-5.985935599389358847e-03
-5.958190167119944980e-02
2.799697861150171954e-02
2.776390903053718717e-02
-1.029190344060432021e-02
-1.862818007378615540e-02
9.509649199999388458e-02
6.079562830547255436e-02
4.112034272041232945e-03
-1.413677241521825098e-02
-2.060596973693162165e-03
3.951820154265433421e-04
4.190530753292675409e-02
3.225990531394538896e-02
-4.116419876394120103e-03
-2.188312137449852784e-02
2.656498999239085418e-02
-2.257229635131909051e-02
2.590434513223200189e-02
2.435773029433620229e-02
-1.388989473687351692e-02
1.813265209277392653e-02
3.352127641282560966e-02
2.633154910944609725e-02
2.729797938215140773e-02
-6.572427872220032441e-02
4.422215499864590865e-02
3.591968108741900451e-02
6.903685617605637148e-02
4.442772034926589786e-02
1.966581381841816731e-02
-1.672226262569769806e-01
6.553857270938634461e-02
2.911517477065304893e-02
1.769639665551947516e-02
-8.876308932385994221e-03
7.674774526711415634e-02
6.622972217688079255e-02
-5.134546804840432049e-02
-3.853112821164114687e-02
1.682187151875835437e-02
-1.955095913992536613e-02
-3.088370673449895853e-02
8.383375853051237836e-02
3.204528385218188141e-02
-7.178310618579503144e-02
-1.619770266409765666e-02
-1.221058930431540707e-02
-7.387558992913942357e-02
7.932757411988509977e-02
-4.754421847670631945e-02
2.080670546892926520e-01
-1.569216148180120063e-01
1.746853677532590188e-01
-2.253600799012537292e-01
1.067991787970220680e-01
-6.480003933251666723e-03
7.375554225037710132e-02
1.242846398955778364e-02
-1.986537321809207501e-01
6.517669298057840455e-02
-6.174692239911401537e-02
4.722906404940978298e-02
3.609099057949244349e-02
-9.381262421079845926e-02
5.127139313941140447e-02
4.742733885674098315e-02
-2.174374160318378602e-01
-1.494900291292885694e-02
-1.025738668038321949e-01
4.020575974359422849e-02
-1.228181362736520399e-01
-2.509264179746699130e-01
-6.772753842245596290e-02
4.377040247906682779e-02
-2.586529300337628984e-02
-1.171651046599410800e-01
-8.726639800672052541e-03
-3.399326413187136325e-02
-4.240550552371321474e-02
-1.918375947268390613e-01
8.390091674500373131e-02
4.474115099059398915e-02
-1.555864236579078963e-01
-1.171036845540266019e-01
5.333564881498938787e-02
-3.416900149221400312e-02
-1.859310242141067326e-01
-8.152247644877001764e-02
-1.021533825010607771e-01
-1.262996449656874909e-01
-1.098603378423134852e-01
-1.433242142067250036e-01
3.650363976039141395e-02
2.329671144677631159e-02
5.125316696779292497e-02
-7.912960260209329910e-02
-3.405457356198642038e-02
-6.601590933623185942e-02
2.039943606496507494e-02
2.085465834348058933e-02
-1.283126781724450161e-02
2.195622599978044875e-02
1.217702765009658211e-01
4.314527506292920728e-02
2.641993565721696344e-02
3.008531138619193954e-02
1.922920199012198017e-01
3.070428426636301888e-01
2.169014521683059263e-02
9.899196353535802406e-02
1.660874915708262511e-01
6.803967130322698120e-02
-9.473844689175839329e-02
3.675024358996671625e-02
3.146682225228272095e-02
1.442523141653147545e-01
5.233295944369659863e-02
-2.824734106050287227e-02
5.677311611924458143e-03
4.601567575449771325e-02
7.964886421553398974e-03
3.289277198366870325e-02
-1.718643296179337516e-03
9.341723173597410446e-03
-5.384328548042959829e-03
-1.695875200972117233e-02
7.477882331584707887e-02
2.544158064480498901e-02
1.073231563131159527e-01
-1.221685291707441529e-01
5.901572251934951961e-03
-2.521429313317589960e-02
8.951037659608580832e-02
-2.933995195696811192e-02
-1.289435118358453480e-01
3.919731859045343797e-02
1.495691325912444636e-02
-7.204251387363995451e-02
4.068914572779383509e-02
-1.971786232083273457e-02
6.711121124595430254e-02
-2.080475013404766912e-02
-1.329107144736208501e-01
3.399696388264889652e-02
2.195538777453551194e-02
-1.295802860638664289e-01
-1.770642749666974033e-02
4.441764956900832312e-02
-4.177886473986983096e-02
1.068313238011804056e-01
-2.303636631310365668e-02
6.074872429444873323e-02
-1.130105992329902415e-01
1.713825056486781295e-02
-5.438368578128393444e-02
1.908676247887993935e-02
-4.699147021493875476e-02
2.510176543159893178e-02
-6.481616826459743463e-02
2.596133865182121553e-02
-4.080374209017227638e-02
-1.775919374752164782e-03
1.719877659655977276e-03
-4.034664638025913658e-02
4.143491222877963148e-02
-3.857160967047899847e-02
2.918372659289231088e-03
1.231826034704655050e-02
1.742170848986905607e-02
1.839517943948680567e-02
-8.527992151309712887e-02
1.839653865732118407e-02
1.645214019528853933e-02
3.192234457368902517e-02
1.179208567088182447e-01
-1.688340242207198375e-02
-7.378969406866130176e-03
-5.400007963466965655e-02
-7.981019150312445437e-03
-7.500058106154224025e-02
1.153684385868724085e-02
8.237548832698772527e-02
-1.203412304870669358e-01
4.105086678072955575e-02
-2.107654432845757972e-02
1.445030906306979911e-03
3.972354827207016242e-02
-2.801171632817740786e-02
2.132467174406846994e-02
-1.500992870457424147e-02
1.188332460397095031e-01
-2.355815346315678210e-02
4.766754814588262251e-02
9.160472862238210751e-03
-3.651352622504631246e-02
6.429120852262557029e-02
-6.092549791553093091e-02
-3.392948731502579834e-02
1.661211323725531952e-03
5.748280150555504925e-02
5.679418648422189519e-02
6.359668166452631805e-03
-1.123481231599134274e-02
9.053313447164586941e-03
4.957156526048302203e-02
5.753767574805182528e-02
-5.409950416277035240e-02
-7.851296924059669724e-02
-1.077284863849792274e-02
3.576390225053461408e-02
2.848420643939187161e-02
3.456058315776505685e-02
-1.369358181318315257e-02
1.931384451104216013e-02
2.561622458896751706e-02
1.146229455176474808e-02
-2.360844826804923274e-02
3.335111340844244820e-02
-1.890898637539792024e-02
-6.131422452229612352e-02
-1.386576920877704254e-02
-5.555494717427829181e-03
1.776553211675365937e-02
1.495589449194206950e-02
-1.168921770687247322e-04
5.993765547496155560e-02
-6.406826832656040138e-02
5.150838558214190788e-02
2.440443483425007096e-02
1.884065878429802207e-02
5.008506961373163785e-02
1.329800710806803843e-01
1.001375066114804507e-01
-2.096366165964967307e-04
-3.691287127220795744e-02
-6.850541882175904818e-02
-2.029867476359741296e-01
-2.299524775413030742e-01
-9.165638417622996859e-02
-1.298442865230197557e-02
1.000604186436075405e-01
4.335116613354510207e-02
-1.163884878632601323e-02
3.174609010563511635e-02
-3.185057307243831931e-02
1.107366868171379658e-02
-2.862456508743589298e-02
-1.227943470322211995e-02
8.704722444246406829e-03
1.155994475181830877e-01
1.093295730015803602e-01
4.035574794621851064e-02
3.210397184375993196e-02
2.735543695084417457e-02
-4.559694912871207345e-02
5.316746818787916606e-03
-5.438313699847267119e-02
7.416422678536162272e-02
-3.026143929937976512e-02
3.333037127571900765e-02
-6.660016782708338967e-02
-1.598422820694866270e-02
-5.718799023551846689e-02
-8.009082358778435440e-02
-5.577538753691946988e-02
-2.870041822334844922e-02
3.214932589895840714e-02
-7.904463594525944214e-02
8.805368965601861886e-02
-1.097574782322819839e-02
1.099738092458500856e-02
-5.728845495826216661e-03
-1.150712239635189905e-02
-3.442770777296187430e-03
3.745220261488101110e-02
-5.653574927095969538e-02
5.855519350226246443e-03
3.327054404932139886e-01
2.823456629114962091e-01
9.830766750693914480e-02
1.476408895942084853e-01
2.289179532782039117e-01
1.506439377598459139e-01
3.070471917244399496e-02
-3.849339839997484726e-05
1.946093091647900786e-01
2.505362294168234638e-01
3.828064718198411764e-01
3.107716639060835173e-01
1.304040090113974815e-01
-8.985598717373113886e-02
-7.046539957745868721e-01
-8.302152778622384766e-01
-3.293203869844169018e-01
-2.845705100896160911e-01
-1.494597326035253249e-01
-4.276511273818838221e-01
4.279853931627967956e-02
1.948378664753561973e-01
3.992736362274716504e-03
2.766171734030914171e-03
-1.458333730690910407e-02
1.016224079622195797e-01
-3.750430214702592246e-02
3.978025143370828715e-02
2.286782245085663620e-02
4.886314922943678363e-02
2.826158946968231750e-02
-1.559289656980757978e-02
-2.784859374419512701e-02
3.570685129570997512e-02
3.494130384099437131e-02
1.895791148876630958e-02
5.048174619377821665e-02
-1.132003368672075206e-03
-7.856981024428834250e-04
2.942596670217677637e-02
-6.303571421015351228e-02
9.790461794128442127e-03
-4.517137893433335188e-02
-5.504935090933498615e-02
7.943430093078113208e-02
-4.264043865942628714e-02
-1.747045192081347897e-02
-6.800294164814216225e-03
6.477997381706568358e-02
4.830183631585369813e-02
-8.265771725861723040e-03
-4.730999899963271582e-02
2.830030236553385606e-02
6.998211309781497691e-02
-4.571845102573156988e-02
2.934636440500753771e-02
2.002866777012746527e-02
1.142962256681018252e-02
-1.894930868913476812e-02
-3.869165483997946686e-02
3.087181839380391535e-02
2.549703657579338936e-02
4.398652837978189040e-02
-4.910806590164184388e-02
3.550056906301866932e-02
2.868016770886542763e-02
-4.962076231120916142e-02
7.034158275891705392e-02
1.526598052101482521e-02
-8.273025793766938807e-02
-6.505369656664859723e-02
2.633613953285765877e-02
4.816216465280755143e-02
-2.755450772359799641e-02
5.461615009338851440e-02
-1.564550137140621744e-02
-7.032155960018565688e-02
1.238987236244115386e-01
-1.569212592883061780e-02
3.933051604168683046e-02
7.439812169650212789e-03
-1.399332821394931071e-02
9.612613458115433496e-02
-5.459016039632141881e-02
2.460503081912056994e-02
-1.252935980176073938e-01
6.690630925613463842e-02
1.300193358669756577e-02
1.946995809799979479e-02
4.525343629829955278e-02
-2.796137593900325721e-02
1.404866847151736188e-02
-5.167463583167041657e-02
3.719410071153801678e-02
-9.684825985247412505e-02
1.093668406826878332e-02
5.464582421231170550e-02
-2.224931155676688858e-03
2.608379173765212194e-02
2.492440548418183716e-02
1.279541267516407302e-02
1.126862762003133647e-04
-1.258888849967951945e-02
5.270729016834319741e-02
-3.094652175557641507e-02
2.171375097444899413e-02
9.157785639971736946e-03
-2.226757278123597458e-02
-4.414086869839400212e-02
4.322115620199067781e-02
5.806788428522317164e-02
-7.704492624855867333e-02
4.277502952823940968e-02
2.060155686403538841e-02
-1.354166799655298452e-02
1.000223232978111054e-01
5.846454607192361208e-02
-1.109246459886939831e-02
2.103177979833499404e-03
-3.958353998234505344e-02
-2.510962944319080140e-02
-1.586511595493937665e-02
1.070972967304870994e-02
1.054994412619756142e-02
2.163330330730654436e-02
4.178811324232559882e-02
-2.479029361354258276e-02
-1.735062760223259060e-02
-2.272526093940993586e-02
-2.161290775145782370e-02
2.278556982445329999e-04
-1.615184419250346726e-01
-9.911628324430835080e-02
1.278747958636941850e-01
2.771338964208892031e-01
2.880350453515962972e-01
3.988204550135062698e-01
6.628413646170547846e-01
6.499682478905618455e-01
1.834264913814040721e-01
-4.754865603376749739e-02
8.642441455876635759e-02
-6.477970892710332995e-02
3.186706490256782653e-02
-1.710547737553491099e-01
-1.895895590387848273e-01
-2.725813792019631809e-01
-1.159104658898785889e+00
-4.781095051318698941e-01
-3.409559176391354640e-01
-1.722077730458232148e-01
-9.131584369716541638e-02
-2.067976795821328817e-01
-5.016857701024611538e-02
-1.201639237334121146e-01
-3.739582799355646581e-02
-1.146527996518964670e-01
4.524203816513305138e-02
-2.733082869879318796e-02
-7.140232933145773675e-02
-1.351270918085406558e-02
-1.074649621223535273e-01
-1.723753171019959396e-02
-7.490202491540449981e-02
6.831266252007589523e-02
4.342686584513204967e-02
-7.743285696278320862e-02
1.068159982979624556e-02
3.357696307926485296e-02
1.951494987797195921e-02
-4.997182135846503503e-02
3.611023180135812527e-02
9.614792037946331971e-02
3.468765978009422102e-03
-2.068141286522090158e-02
3.267377705531317872e-02
-2.314965826747329009e-02
3.188792452509167652e-02
7.559384722348265993e-03
-6.062874963240594967e-02
4.564956884965133688e-02
1.873270100925100712e-02
-3.144989069097301609e-02
-5.472707774404134834e-02
3.935564115759489223e-02
1.059643598576577410e-02
-4.173342845575861437e-02
-7.022774967320963291e-02
1.122984822290466235e-02
-7.964257826167855242e-04
-1.324451761865902757e-02
-1.103201380649066615e-01
7.937480570811662056e-03
-4.865648062469532520e-02
4.799886609175034458e-02
-8.046955529818816677e-02
-6.781016412861026743e-02
5.309562292264591310e-02
-2.063376624100991125e-02
-6.658775191863203213e-02
-8.420910492545766526e-03
-9.770470605439834921e-02
1.545742339520144414e-02
4.961479632114765281e-02
-4.573422818594213152e-02
-2.811233993596423328e-02
-5.392348050492270888e-03
-3.276122933874036497e-02
-3.222034745274708623e-03
1.590198838182658395e-03
3.614023192977133814e-02
-9.713062718015924579e-02
7.462950017062455928e-03
4.025053160532810620e-02
7.441220303370829452e-03
1.115991063677648255e-02
-1.208248769372921028e-01
2.161802252487618134e-02
-9.730822793339820309e-02
-4.637274167585662271e-02
-1.344488423381356990e-01
1.372165539269681878e-01
-1.104758708497427244e-01
9.154442276024425673e-02
1.644419145957626976e-02
9.330972655493337264e-02
-4.718496880251572129e-02
-3.901133276422434192e-03
-8.042167476378411783e-02
2.281151865440272930e-02
9.686145820991422239e-02
-7.366940466033974899e-02
-1.276502549199732550e-01
4.859376822312918426e-02
-1.000320587743098316e-01
-3.269094181432073698e-02
2.705224835287464019e-02
-1.207602622384237705e-02
1.089288373231159061e-02
-2.768999520520209340e-02
-5.342317313059280481e-02
-6.314126754573477773e-02
-1.656683525672458246e-01
-8.071687042597518180e-02
-2.264728354432655674e-02
5.814446546653802284e-02
-8.828771917059131946e-02
6.951897237251743189e-02
-1.111286244848989357e-01
6.197765628282869005e-02
-4.667377301308051757e-02
-1.244612948317624489e-03
-1.899275228792179637e-01
-4.116236946088458470e-02
-1.475484754636849916e-01
2.142525866909990306e-02
2.888489619849570617e-02
8.330733077337713899e-02
-3.109579368159844093e-02
2.587297931726219302e-02
-7.840189689449714172e-02
1.346715369071855295e-01
-2.674907176583146695e-02
-1.433750181837659989e-02
4.747361154782998166e-02
-5.377032100144236298e-02
1.094445821367461130e-01
-8.325683727236382614e-02
4.167859573234278942e-02
2.111732962683256776e-01
-8.395098456217364724e-02
2.552195373329214090e-01
5.910981308298003667e-02
2.106192990103833151e-01
7.563292472568562685e-02
1.443673642558891412e-01
6.095500701445297209e-02
1.353352312911711708e-01
9.834967876515858520e-02
1.604264145997566504e-01
3.663627621000612594e-02
2.305077671310525045e-01
9.408514485873142874e-02
2.057773477344810031e-01
4.602296651433043784e-02
2.765284210770614370e-01
1.900953038843669618e-01
2.091094971832572202e-01
2.333736697181072739e-01
1.042695386292801230e-01
3.509990201347075178e-01
1.094449255615563971e-01
2.543506512564340794e-01
2.030255441889815271e-01
1.389450570502402948e-01
1.677717656118589973e-01
1.628675461290106929e-01
1.038091064231126265e-01
7.532458585799840789e-02
1.775850937107055494e-01
1.581848998777437010e-01
1.656673729092208169e-01
7.983538946697019134e-02
9.104059122362088974e-02
1.377755603126099571e-01
-4.112515733480959224e-02
3.119023868635853805e-02
-1.676087808728577962e-03
9.536060303806523364e-02
1.612895098471023997e-02
3.992157247758279515e-02
7.449731702638620612e-02
2.484366765222701529e-02
1.367056165644981933e-02
6.363130513642985264e-02
1.932962789417415686e-02
-1.625195064993851385e-02
-9.743550730247479974e-02
4.957258634281742210e-02
-1.074968934826244504e-01
-7.569234396927716768e-02
-5.532307722519913540e-02
3.149165194243201682e-02
-1.975725364503000958e-01
1.004248272621046165e-04
-7.933374733901163434e-02
2.113861328459873401e-02
-1.616159350523737881e-01
-2.341146602394214484e-03
3.685575793740891726e-02
-6.012569748925288698e-02
-1.504837418975393248e-01
-1.202221687324487309e-01
-1.658899837885549622e-02
3.225987814665996767e-02
-1.203327589540144765e-01
-1.098456189598780580e-01
-1.720137660947077939e-03
-9.036141553817743366e-02
-1.217546946136547348e-01
-9.717409255180206595e-02
-1.837363546137832067e-04
1.180634091840113975e-01
-9.171876828094789602e-02
-5.043250805097532208e-02
-2.678549877974493662e-02
4.151428396380968389e-02
-1.395652281664948313e-01
-4.789687676495605478e-02
2.749096070195550592e-02
1.745341694272157726e-02
-1.204629739375805836e-01
-6.509421307091578512e-02
-4.368510478316019879e-02
-8.554980658761097978e-02
-8.422274805617410709e-02
-7.355827774754801485e-02
2.048568479227269243e-02
-3.426723658508939660e-03
-7.278251963857322593e-02
2.030524166336625941e-02
7.310848904410766069e-02
9.561666705357499407e-02
-4.599448798223994272e-02
-7.361371244632712585e-02
-2.280099736286803503e-03
-4.881502721260341099e-02
-1.101568558202413450e-01
6.829135814518801084e-02
1.485132037320283614e-02
9.872207898997719180e-03
2.269547666307356049e-02
-9.539400486860071752e-04
-3.986502247719317382e-02
-3.108609871933123645e-02
-3.181551716077282710e-02
3.688622544237715739e-02
-5.162174331226049008e-05
-1.360414961514073116e-02
5.516009737315275691e-02
-8.566044830346218608e-02
-1.000111291312032052e-01
3.195144940388548044e-02
-8.024584688084114570e-02
9.350928381986195470e-02
-2.402640236079802913e-02
-3.880182133428682067e-02
3.202290806174481336e-02
-9.103057736190536819e-02
8.499448767269640603e-02
4.428576140010898055e-02
6.231662704922532464e-03
1.002496142400291154e-02
-3.186312544315410972e-02
-6.336473292902126964e-02
-4.360558872599622909e-02
4.139009914064818718e-02
-1.038575296744700116e-01
-6.503799014258716815e-02
-6.148931819779293595e-02
-3.723761608004334117e-02
1.309021376542247308e-03
-6.664084203363999925e-02
-5.915684526837292068e-02
-9.744563307052442336e-02
-8.232571140771258178e-02
-8.938582935965633594e-03
-6.965585464696660845e-02
-1.141258598512736450e-01
-6.965903660722892743e-02
-3.824642513362470214e-02
-2.947765318098798104e-02
-7.831487647114503126e-02
-7.113312445952678365e-02
-5.563178430804929797e-02
-1.100754514759734459e-01
-5.382611617610230659e-02
-7.504178976143272006e-02
-7.471946987195991763e-02
-1.423617598260500383e-01
-1.752850056504348664e-01
-1.879787011268223007e-01
-7.169054702024733883e-02
-1.073385342251989283e-01
-5.561033129174906831e-02
4.953744260499939878e-02
-1.588465819452545419e-02
-9.917682547727353637e-02
-1.671377320885891193e-01
-7.385888515570190882e-03
3.333119753412039366e-02
-2.850611184820423666e-02
-1.208628474076229170e-01
-4.785255290517743260e-02
-8.893681610114907710e-02
-5.352020772583927083e-02
-8.453280704991945893e-02
-1.241339992905581141e-01
-1.053915806967861551e-01
4.295677877140225559e-02
9.392420838567897001e-02
1.089604099070062698e-01
-9.912328689558136396e-02
-7.252605515261781322e-02
-3.681690997221281209e-02
-8.313991006871584988e-02
-1.408583845782462596e-01
-1.177416137984742678e-01
-6.396028641783740865e-02
-3.846178877461793599e-02
2.916280226358377789e-02
5.954435124563765835e-02
1.215710292745038196e-01
8.234797471466311081e-02
-1.354994657097854382e-01
3.201624338720243657e-02
-9.131311361764269177e-03
-1.658175333857642847e-02
6.954316432954482652e-02
-7.543135895433787652e-02
6.393187289639605531e-02
-3.559669765730960611e-02
-1.221709281727797747e-01
-1.754662949874050137e-02
2.528776409532421110e-01
4.150929478301060849e-01
2.541430679802363368e-01
2.811302016967793249e-01
2.290622783410904140e-01
2.789244016224204370e-01
1.481442262167140533e-01
1.762256570248256216e-01
7.041740193629029976e-02
8.020873134767851631e-02
-8.065231678167390913e-04
5.847124873377607807e-02
-2.785818173482537338e-02
2.352136715041864071e-02
-1.668289686635065008e-02
-9.088704955128838747e-02
2.092649336808241264e-02
3.142123823517673636e-02
8.501110377914185279e-02
6.119700981285779162e-02
3.252716050129407684e-03
-8.837576393811073794e-02
-6.169651623901085263e-02
-1.783899445647884122e-02
5.727442222688503004e-02
8.752915440856216811e-02
-2.576017967734738415e-02
9.377632265403060968e-03
-2.190422729051983916e-02
-8.701844097889020746e-02
-3.828211359292534033e-02
-5.211578822564017638e-02
2.178398462803499136e-02
4.347524756412554647e-02
-3.932637738969230190e-02
-4.786248138870315139e-02
5.772639019199408972e-02
8.852688065385938684e-04
6.642036624499744919e-03
-4.920447974340841184e-03
-7.042547560106957039e-02
4.867123038455165723e-02
2.420330620943927230e-02
2.577323475035804556e-02
7.340789590551010345e-03
4.869957862057057441e-02
-3.340687097482171464e-02
-1.115010021781876696e-03
4.064878204314016641e-02
-4.446107713556761432e-02
8.156597983668753549e-02
-3.194954150656412195e-02
5.324178116766504348e-02
7.937827037862346669e-02
4.513537405713459461e-02
6.263612392462635306e-03
-1.981697935706095148e-01
1.110542853154037612e-01
-1.140673551103552619e-01
-2.569324386147422978e-02
1.197205235301520253e-02
3.749385000823129283e-02
4.862009213161663269e-03
6.046109877076636524e-02
-1.021396320488316412e-01
-3.659638150883824659e-02
4.173341286658283078e-02
1.104165187563331887e-02
4.869177903289604453e-02
1.057334499274354203e-02
-7.847173897311657265e-02
-4.055398912509481507e-02
6.845073190431416599e-02
-6.056168811281200520e-02
1.524140141468339482e-01
-4.262379966121766089e-02
-3.095242451558879657e-02
-6.319033287283251643e-02
1.612705386776049354e-01
-2.239304296336859165e-02
-2.732792742607325839e-02
2.896339435102822032e-02
1.805243279852880231e-02
9.016855221795773423e-02
-1.275602474104077788e-01
-2.744301473254050563e-02
7.368738329361627926e-02
5.904141866595236793e-02
8.909585347706033831e-02
2.477077713203832687e-01
-6.194935392059355145e-02
-7.414572708721235694e-02
7.171313771448491192e-02
1.826700311112864350e-01
-3.531084637921593893e-03
2.332355098344575661e-01
1.558329514974849950e-01
3.653732231712486251e-04
1.906531550478095527e-01
3.970536865159386697e-02
2.128659680210039651e-01
1.327035179611558702e-01
1.819916452809254570e-01
-1.801157006598035903e-01
-1.154798414173571486e-01
-4.596945898994668211e-01
-3.380462652650852995e-01
-2.283368121200054224e-01
9.632002101216000090e-02
-1.615183094716209078e-01
5.598073990597069588e-02
-8.210170040450499862e-02
-1.439725783466672682e-01
2.552264409151572266e-02
-6.850728000152657426e-02
-7.203968617173010791e-02
-8.580230085701902321e-02
-6.110960736915037328e-02
-2.440098508183179138e-02
-1.467645510742676858e-02
-4.560108897830479624e-02
-3.511213527468996093e-02
5.954435801912821846e-03
1.096767697252920282e-01
9.694555270021715243e-02
1.007761602033635517e-02
-4.451403965898247106e-02
-1.281770687055518443e-01
1.135277628660835425e-01
-8.691335285687089296e-02
-4.038131576438334057e-03
1.379744239909283174e-02
-1.127498408667929573e-02
1.420408497172671869e-01
6.966212918736684745e-02
4.649767884001426016e-02
-1.569609573518177632e-03
-1.082090267646650984e-02
-7.951345307361662451e-02
-6.886177462689038742e-02
-9.757630926562749218e-02
1.424298787162454061e-01
-4.071122693150517821e-03
-1.035600486390451797e-01
-8.392974503074357440e-02
1.165434527530260916e-01
1.401978998522834530e-01
2.168834646014524553e-02
1.295011119773964783e-02
5.477421968653686801e-02
1.279915514406761712e-01
-3.178679698965206080e-02
1.327279260115652171e-01
-1.320971344260875010e-03
5.512293513525389627e-02
6.623039512367098237e-03
-8.438501040955085838e-03
-1.531697617855208061e-02
-9.112725851669947752e-02
-2.311706688472965621e-01
-5.408237608005721231e-02
3.885921260311880204e-02
4.499449822790411307e-02
2.832637129903449111e-02
8.282065756847527271e-02
6.606211882104254252e-02
-9.470781523852189743e-02
-4.982801570612670206e-02
2.470959689080984983e-02
-8.393275988702415466e-03
-3.216741112433609689e-03
1.516039817993818963e-02
-1.575853117206310328e-01
6.019576325206051765e-03
-3.539937141981846255e-04
3.317002827223482914e-02
5.773506730728799469e-02
1.152150231900625210e-01
9.460716412083068627e-02
1.551307587988115478e-03
2.291723041575846262e-02
-1.572224019936791506e-01
-4.153127875427868598e-02
-1.102378343032748842e-01
2.257992170924568668e-03
1.284241935933057993e-02
4.984278976616642043e-02
-7.961434186801220891e-02
1.499124666197554911e-01
-1.038921336395766254e-01
1.105320257214369162e-01
-1.098290395167085542e-01
5.118072911485869320e-02
2.325864198161995897e-02
1.165299873229041008e-02
7.798599523591125994e-03
-3.553867636374606620e-02
1.016009364640745316e-01
-1.188497271426393054e-01
8.193490291088730004e-02
1.086867051662644551e-01
5.919256498396016641e-03
-1.041647425186896236e-01
8.888111084115055127e-02
-1.430815192706296271e-02
-3.335314941578357631e-03
5.224054250805371807e-02
-5.524694314442539500e-02
1.591605231395382819e-02
2.992943148989039501e-03
-3.226526006466257090e-02
7.768652956733942960e-02
1.031665665815301308e-01
-7.181963021021622873e-02
5.101253661020996311e-02
-5.970587835296210094e-02
5.265855683259600128e-02
-8.340981804565822735e-03
-5.748811073618314421e-02
7.760561802969107893e-03
-7.369907714547692390e-02
1.378868478010248921e-01
-7.101550930968120179e-02
-5.049378739098249469e-02
2.478529679955750881e-02
1.601080298737088126e-01
7.731241037026655855e-03
-4.619225088930000583e-02
-3.069489658155521994e-02
8.459984684769505242e-03
-1.270904951627330366e-02
-3.110881142705711547e-02
8.853035774190443075e-02
-8.349086329446410437e-02
3.613496082084079186e-02
-7.029344685498670935e-04
-5.641937383700486829e-03
-1.302331802217230050e-01
1.128756543458802747e-01
-1.837780599682807200e-02
-2.179790551322174138e-03
6.349872733365184707e-02
-1.143421061115975079e-01
2.124644776643638822e-01
-4.412842484331893494e-02
1.996894490969559205e-02
8.488525217851041209e-05
-3.435520890250927297e-03
4.062536608090464713e-02
7.658417053267117802e-02
-6.400705983140005106e-02
2.430913536718938485e-04
2.617529568340948298e-02
6.965062951463583951e-02
9.682095687534276410e-04
6.029511645199143316e-02
2.780863525494777638e-03
3.413450408078796960e-02
-7.448540022477362355e-02
-8.648174509962527901e-02
1.790341718916397054e-02
-5.481508046881645307e-02
1.346653176791077211e-01
-4.259057760092567479e-02
4.520721140903621177e-02
-5.842550709328458297e-02
9.170915185325276275e-02
-6.376081046467276664e-03
-5.072027048748795584e-03
8.917893478001848173e-02
-5.184210480359875868e-03
4.165897815943373633e-02
-3.674223458682999294e-02
-9.033503821661141922e-03
-4.246754457637761521e-02
-3.276494402876302392e-02
-1.205776605282969476e-02
3.138053044397327157e-02
4.573650617059989848e-02
9.311808981588065581e-03
-2.069333555931667651e-02
-7.507491515172989849e-02
3.960737337667896013e-02
8.672634144327283356e-02
-4.553113012239796975e-02
3.000061936026958767e-02
6.346492105740131340e-02
-1.287461385532554237e-01
5.286350033955766574e-03
2.598895129738681628e-02
-2.340042937608251966e-02
-4.507399384901771694e-02
5.897303034998693100e-02
-5.503652658410591869e-02
4.514469728031748896e-02
-9.883003849700509186e-03
5.106432482269866041e-02
4.548764344446582647e-02
-1.799310029640746045e-01
7.050135180121459844e-02
3.449550427423158511e-03
-2.979052033272398467e-02
-1.067931834436819521e-01
9.792016198410411973e-03
6.140412574016616831e-02
-1.735205636481144953e-01
-1.044895662419402793e-01
-3.385287727481147146e-01
1.690859789861026696e-01
-6.374043693093775498e-02
-7.858594737977864231e-02
-9.298024252910015719e-02
3.102628049576953984e-02
-7.648110345961989243e-02
-1.578570327453329147e-01
-1.801687753862601937e-01
1.313306689263065707e-01
-7.745814961713057278e-02
-1.318220166730167398e-01
-1.172219808677468639e-01
-6.589309481588918882e-02
4.582849228604500558e-02
-1.998555236341361674e-01
-2.795953146713972895e-02
-9.405729139319607413e-02
-5.991630247351028421e-02
-1.306369476685642350e-01
-8.572504170761049286e-04
-6.188037263861597553e-02
-6.826659243566480899e-03
1.327643772897078682e-02
4.042965773650177702e-02
-3.258510532289275730e-02
-7.309468437085363257e-02
1.074411356202023826e-01
3.690187260533969033e-02
1.566612392310362187e-02
-7.763477481968675264e-02
2.151252262774234481e-01
8.801851310485821200e-02
6.711576376368287578e-02
1.054407401533084994e-02
1.976679518593092710e-01
1.885100874579348218e-01
1.157392470485417262e-02
8.887650390078342955e-02
5.522388691123746723e-02
1.125883768293096943e-01
2.800492706362495642e-04
2.742448361167581714e-03
1.187251819002730219e-01
2.411603661749336588e-02
1.438309323895525273e-02
8.191454823713461078e-03
6.064320072538342300e-03
1.430464941776069532e-01
7.853967850944514398e-03
1.152003000389198624e-02
7.624737656154756751e-03
2.171872477388549910e-02
3.473043274136804887e-02
2.458531502421639273e-02
-5.558875111869872321e-03
-1.135249184890518431e-01
3.971734119797044882e-02
-8.010263461241739569e-04
-6.474887582834712441e-02
3.192044589528546944e-02
-5.208426875406881734e-02
1.369756321435403219e-02
1.721784914406693234e-03
4.026600640455142775e-04
1.621506309484172306e-02
-3.840859499657691811e-03
-2.280865963844738720e-02
1.941926127470098434e-02
8.595026772577553376e-02
-1.393819103213172761e-01
4.182430220072185650e-02
-3.686895751186017312e-02
-1.028957101562343601e-01
-8.654398192974650794e-02
7.579642780040767025e-02
-2.724520342762663003e-04
-5.082657346493624217e-02
5.720041420192159554e-02
-4.155237444045090794e-02
-2.126311408599330585e-02
8.534126470625984229e-02
-2.659162100490215438e-02
1.072043290334764865e-02
-2.062936395418570393e-02
-6.710888233360774724e-02
9.851926819211810626e-02
-1.641378638156524572e-01
1.268352460995541275e-01
6.407150195052052633e-02
-1.076260591726307947e-01
1.032723196941958826e-01
-2.762353144450869352e-02
-5.020298557786029292e-02
6.258193524373487082e-02
2.567489193772793873e-02
3.948280881344472248e-02
-2.406753638631564662e-02
-7.191968658682207360e-02
-3.071165264676395043e-02
3.421630182854311364e-02
5.161411833401333485e-03
2.028848201249915800e-02
6.900894965905134603e-04
8.767423709385627206e-02
6.646945868772122235e-02
-1.070423889623990238e-01
4.509803306187504246e-02
2.194611379458116449e-02
3.036756984207597196e-02
-8.199867996183739238e-03
-1.599452893297329328e-02
5.380940718567641529e-02
-3.307050950736114409e-02
-1.034828912713160916e-03
3.192109034501176834e-02
-8.389731860952055753e-02
6.368057338864287209e-03
4.974351043419417140e-02
5.404206518574233148e-02
-8.951150811941957497e-02
2.820416086651975768e-02
-7.334266002623515690e-02
3.776683832110711014e-02
1.087027186484370439e-03
7.271106223758916354e-02
-6.951386359226431610e-02
-7.197079777652698462e-02
-2.979652354772383688e-02
1.217092991862733370e-01
-1.559761922531567591e-02
-7.061395774967618721e-02
-1.148132516255154570e-03
6.791193114765430028e-02
-5.405990533916554819e-02
1.604753393753447777e-01
8.637829420078060871e-02
2.093035416646779612e-02
-2.947226707614683527e-02
-1.095834472768888318e-02
2.139902375341030949e-02
-7.588730516975601692e-02
-4.912274196112936808e-02
6.829723651411585481e-03
-6.547380446258971309e-02
2.263144549047038656e-02
-5.854072755196155706e-03
-4.908906019011612110e-02
-1.582074903230527851e-02
-8.945357501502643194e-02
3.175264676128956853e-02
-5.716238491412472394e-02
1.428615019228750803e-03
2.380043477966199000e-02
1.017736634038867577e-01
3.169653462854581799e-02
4.208395385709333414e-02
-2.081553583200045077e-02
2.849975922125655078e-02
-3.912944167408125007e-02
-7.136290310061735309e-02
-1.451961603088544779e-02
-5.004065362088030988e-02
1.035397269151562723e-02
-1.217290448454646373e-02
3.444765903592442169e-02
3.836874027609320920e-02
2.133215432142520837e-02
1.026280183443176452e-01
1.342428250464336448e-01
1.310518301299216093e-01
4.020770352168192424e-02
3.018472780059235916e-01
-6.038265663445271242e-02
1.545664108131938885e-01
1.276575103652411725e-01
1.631961912850683205e-01
-1.605425036055104599e-03
5.659126128236613429e-02
1.716389606072239171e-01
3.553451173379563732e-01
3.268775427435525183e-01
2.869401977573368123e-01
9.547848153862274756e-03
-1.064101736905715412e-01
-3.492296322302290007e-02
-1.080428765458103652e-01
6.775765282187416749e-02
1.204592379973016270e-01
7.905491988326092401e-02
1.410253697351986080e-01
-1.310376913362648055e-01
-1.223538519137327141e+00
-6.224987784645598099e-01
-2.458228589316959756e-01
-1.803397518118244058e-01
-9.490861895622974831e-02
-1.174219118504596648e-01
1.146270720455033580e-02
5.115982080415326129e-03
5.581548586246009441e-02
4.922889698389313132e-03
6.441438800547684418e-02
5.028076414292616259e-02
-2.491669150911520955e-02
1.295478833202086226e-02
-1.467984572482560444e-02
-6.147663656855752862e-02
1.280042676633738261e-02
4.039420186907066723e-02
1.251970730180857090e-02
6.003047850953286552e-02
8.408571550979741793e-02
4.644565230438748443e-02
-1.828301098411902817e-02
-5.260445815490231644e-04
1.503946220002387070e-02
3.084475907304617612e-02
-5.341685793721271530e-03
-6.653232479187157211e-02
2.383836093635420539e-02
3.571376071514185263e-02
-2.394450070168612985e-02
-3.669275270395090660e-02
-8.079226895216888582e-02
-5.190568578212505918e-02
5.804627337483099503e-02
-3.114455214530923929e-02
2.589625685710257239e-02
4.047605080342132899e-02
-1.753701843986676945e-02
5.613498076199275461e-02
-4.046259222480663720e-02
2.042790655400367889e-02
-3.561372899592750441e-02
7.932694137655274882e-03
5.340389267009230251e-02
-7.424477132344599328e-02
7.539509885988004111e-03
2.386447986968440182e-02
-3.567385310606842330e-02
-1.023731619199870838e-02
-9.871105374609683361e-03
9.759669782649024738e-02
-1.713756731489051929e-02
-3.839151323415691125e-02
-1.979481292394504738e-02
-3.968317091481521341e-02
1.528258010910071296e-01
-6.325532885082056633e-02
8.965237033663945795e-03
-1.597290912719559236e-04
-7.885993933678425369e-03
2.308517061272300636e-02
-5.435633934876931556e-02
9.710382843368062233e-02
-1.195559630303093430e-02
2.523005838795601072e-02
-8.711975485635301344e-03
-4.400603346621021622e-02
4.195461799825522115e-02
8.045811366333656053e-03
2.050777197924350329e-02
-7.912684518492876795e-02
6.334134899631599369e-02
4.777578025423295099e-02
-2.674188814149254176e-02
7.385166408627048817e-02
-7.319892522441730220e-02
2.666197910464331022e-02
-4.715635751005362031e-02
1.088991371348781850e-02
2.780757626029368296e-02
-6.327461929537612183e-03
5.623458926066129265e-02
-5.857237209744790146e-02
2.840726235327955054e-02
-7.565706596845717113e-02
-2.438465895885133516e-02
6.053213927306133613e-02
6.347028307351679222e-02
2.339890356724994708e-02
3.099845222681038570e-02
4.139540601385442026e-02
-3.439639150202827844e-02
-1.893009138922168225e-02
-2.406525951985738834e-02
1.063691772498564364e-01
-3.217118739061790994e-02
7.204733002890216509e-02
-5.069019355503999631e-03
1.518750140741130690e-02
-1.305473005919391971e-01
5.755564239841910734e-02
-9.003462340683237100e-03
8.167756463173024561e-02
-3.229847095816354430e-02
-7.310217570388408137e-02
-9.265748802763297542e-03
-4.020272684107231015e-02
-7.326141283226728085e-02
-8.912877029242548266e-02
-6.041958540130793615e-02
-6.439004391684115258e-02
4.233801187054204301e-02
7.810410294834750633e-02
2.276466342263455678e-01
4.785538459951360624e-01
6.672265107120461947e-01
6.767994249725498568e-01
1.915093235613151701e-01
1.852619204711870582e-01
6.583423413292172066e-02
3.061488228574436032e-01
2.099235246361663698e-01
1.833289117969538473e-01
-2.076502489717119981e-01
-7.460436044567191061e-02
-7.040313556951395269e-01
-1.716511614969685073e+00
-3.744950079798868847e-01
-2.131494135863899186e-01
-1.013336706888356142e-01
-7.169888397170490202e-02
-1.102396180045778357e-01
-1.012396398149419952e-01
-8.079996669835678991e-02
-6.652850088121212146e-02
-4.811967445989107084e-02
-5.260796467322211012e-02
-4.269173296410101043e-02
-5.331747865898910782e-02
1.436455358126972892e-02
-2.319911827801502194e-02
7.400276801503481716e-02
-1.113767959182874502e-02
1.863146255473363544e-02
-7.094782113786219160e-03
-1.087788134301671955e-01
1.297302545503489501e-01
6.250415471532141942e-02
-3.946758575602560271e-02
3.892014722575325852e-02
3.021668394779216879e-02
-5.210865586825488838e-02
1.407370643158937368e-02
2.864857756870516081e-02
-7.324189045610672577e-02
6.826594773856939358e-02
-1.469838963452335494e-02
-7.766919711033543061e-02
1.013091308406005933e-02
-5.762497817517226589e-02
8.875187439785066357e-02
-2.006843602546758837e-02
-1.216781659996355180e-01
-4.704786543672321436e-03
7.366098360043400739e-02
-2.733378382507626811e-02
-7.352320300362848171e-02
-6.012432847505426448e-02
4.660771721481600516e-02
-3.513958647984085498e-02
-5.327849723726504894e-02
-1.616042692271928150e-02
-9.897627657884519592e-02
3.805466774930357787e-02
-9.370789519881184138e-03
-1.735935092963901416e-02
2.785879426710686016e-02
-4.313976645169819574e-02
-5.097808369106836789e-03
-1.154750121169930005e-01
7.448069599524670403e-02
-2.009901812264188251e-02
-6.413955906656204631e-02
-5.550506136682850644e-02
-5.006507194776871339e-02
-6.462648972791244784e-02
6.333167568671187186e-02
-7.140460635681604440e-02
1.303120922318826147e-01
-1.410740410661330824e-01
-1.256907180697590734e-02
5.018680926780777311e-03
-1.447789707718252078e-02
-8.359415200234583676e-02
-3.519311313419625636e-02
2.565498774368210264e-02
-7.182148969326423993e-02
3.479307286232265813e-03
-4.871235924975861331e-02
1.100830164088294205e-01
1.264762352269570636e-02
4.632794726389494883e-02
-2.935109212216798283e-02
-3.110292468851317063e-02
-6.239710895259800195e-03
-5.051801883461336240e-02
-1.350929602293817443e-02
-7.087104583120043544e-02
-1.953853185083654492e-02
-2.640218361348258685e-02
-5.001649824689357454e-02
1.268381907826647385e-02
-2.772980933356187713e-02
2.199519649903470403e-02
-5.019670714274312995e-02
-4.361809376507334857e-02
-1.187500146097528880e-01
4.157983528646712335e-02
-1.018423782681009832e-01
-1.293986515437235869e-02
7.867922575822467249e-03
-2.703806528357248495e-02
-2.661155044063391595e-02
-7.623658505013876374e-02
6.671375694787828881e-02
-1.479212049910590410e-01
-1.869450519087050566e-01
-3.596508342200942926e-02
4.436987917255758203e-03
2.148019709959139711e-02
-9.456903005972462639e-02
-4.083996458642110555e-02
7.982438052780885251e-02
-4.418003621362222300e-02
1.131615720160019656e-01
-1.639066460371940009e-02
-5.213807702766478681e-03
5.011271784520733574e-02
-1.373854282748177350e-02
7.163022533842013095e-02
9.054703566119916280e-02
5.553056938683595053e-03
2.876704812896490604e-01
-2.601963675170891523e-03
2.035779964263494390e-01
1.024030249823276208e-02
-4.108579771775082434e-03
1.560707937863377859e-01
1.189257326811967927e-02
2.369264627931244038e-01
2.293318609312521295e-01
2.934035773802012512e-02
7.861579003897234408e-02
1.810987480575158848e-01
9.582983134355210764e-02
3.293782718618251670e-01
1.108573021379967577e-01
7.424576083433820362e-02
5.669334375597548381e-02
2.347960154918684872e-01
2.422569069045840129e-01
1.511743433785678048e-01
2.221344222279569847e-01
2.962378251188766409e-01
1.519531549893237965e-01
2.249619387800941006e-01
1.996378315866381981e-01
1.169365147313309317e-01
1.727214813938069138e-01
1.168563886824617454e-01
1.479844800459671206e-01
1.832437769443124864e-01
1.614971346319562240e-01
3.885845915405621021e-02
1.350936829641014025e-01
8.372272719322795820e-02
5.255003838477818878e-02
8.665953423565765645e-02
8.873792452387203877e-02
6.468800696531074035e-02
3.589769906623663243e-02
3.996462178039648927e-02
3.907128092226370975e-02
-1.870735911678572325e-02
9.867153395643207814e-02
2.677046233966934308e-02
-2.373232161707188384e-02
1.031096893127502433e-02
-9.541952825514907199e-02
-1.178923422704254709e-01
-1.266710544635897724e-02
7.443459616899429643e-02
-1.204630742447133224e-01
-5.472481115890922426e-02
-5.702684517273404891e-02
2.664116239640004422e-02
-3.358450313727427000e-02
-1.516159633777777738e-01
-5.301033423771903119e-02
-3.358257163650538168e-02
1.952018483239926702e-02
-1.518228999993581629e-01
-1.400453484159002449e-01
5.049103622460052350e-03
-5.695878349176092953e-02
-1.656646775415537148e-02
-1.578608498408001215e-01
3.521629825813737957e-02
-4.644629965367105817e-02
-1.002913290469275992e-01
-1.080749882752266022e-01
6.692711467270159864e-02
4.646214444203160265e-02
-7.414567734111217334e-02
-1.738160993872631954e-01
-1.629354469431196495e-01
1.980873426809340310e-01
1.263701849660326393e-01
-6.943792510624374748e-02
1.698636504934561420e-02
-1.389365069039580625e-01
-5.435434452595652721e-02
-2.108146429405024017e-02
-3.473860690347468482e-03
-9.245896569498576745e-02
-3.782912851802037318e-02
-2.008447412886113781e-01
-6.173727414428604315e-02
-1.993524895479175871e-02
-1.769809692859283107e-02
-6.666601315628416236e-02
2.599231171567014959e-03
1.435492314665949565e-01
1.406796578548856133e-02
-8.568152410114902862e-02
-8.846010671354352650e-02
4.638489820565030314e-02
4.475845966412727445e-02
-1.477687687244009229e-01
2.554433956796995850e-02
6.242710423149709642e-02
-3.405809547472407606e-02
1.720554089950747378e-02
-4.949999750290597772e-02
-2.604714934793446457e-02
-4.404965212742999875e-02
6.741322717798800546e-03
7.568942003717343825e-02
5.203573435644089779e-02
-7.797653878854321485e-02
-7.596169910769472178e-02
4.191896674469139904e-03
4.855390517721686061e-03
-4.874351513536782227e-02
-4.465438156119957980e-02
-7.371024489951166769e-02
1.080967994992296094e-01
-1.336749360426256195e-01
2.292074988430445673e-02
-8.109606657945098163e-02
7.187058232918666634e-02
6.635593800973538237e-02
-1.131490914045952811e-01
-4.415425782554029815e-02
-5.631792621642872643e-03
-2.929982185817329304e-02
-6.172907639512314332e-02
4.411984798550616649e-02
4.666329547864939142e-02
-3.903727939910237033e-02
-1.593072195882730968e-01
-3.006743315539231465e-02
2.361400365301112581e-02
-4.014291725773472957e-02
-7.450987512147140557e-02
6.002167935355906536e-02
-4.985117000043214758e-02
-3.945289234367736091e-04
-1.512150213366280638e-01
2.071526047984391730e-02
-9.121044393578689458e-02
-1.679685684087351139e-01
-2.960784586504215943e-01
-5.311829243816340584e-02
-8.806329315236424704e-02
-1.467623677986692153e-02
-1.822908863078043229e-01
-9.641100732319286826e-02
-2.459107179449937855e-03
-3.663481677516179646e-02
-1.567143540248934208e-01
-7.206987500310493844e-02
-6.402506473325410286e-02
-4.789524670361347547e-02
-1.800219654660850654e-01
-2.799814404994108857e-02
1.312037921068796506e-02
-7.357183865380099996e-02
-9.087374723277055755e-02
-9.631931734730958539e-02
-9.547111044298475790e-02
-1.314700312900041745e-01
-1.580407131971351409e-01
-1.170460786005188270e-01
-8.358727463429573012e-02
-8.481885557072073312e-02
-1.231156606277482857e-01
-2.287920491064500753e-02
-7.187131537296641282e-02
7.692373031603360299e-03
8.691072211030279049e-02
-6.275192776310306586e-02
-2.333490871599777292e-02
-8.849069551114918664e-02
-1.205794468882824128e-01
-1.159428482578068499e-02
1.275827201176767123e-01
6.542336886502506110e-02
-5.756371750253379965e-02
-1.698014003338858546e-01
-1.184873925166551878e-01
-9.934229382645416717e-02
-1.197059212864333005e-01
1.180937273303678675e-01
2.086714223992287010e-01
3.287013448899183121e-01
2.455224541170449026e-01
2.600750803653006371e-01
1.882089494011054687e-01
1.398762518511108832e-01
1.014548571875844019e-01
9.791557989553796582e-02
-5.215869505554203249e-03
-2.216245855794675076e-03
3.477510139195613137e-01
1.133741765887260472e-01
-1.952216036096968144e-02
-3.371329574850943089e-01
-2.433212249591985565e-01
1.684376319191678295e-01
3.456464360281600312e-01
3.539734673205388038e-01
2.931950650106779355e-01
-9.039062909883840632e-03
1.356307822872384336e-03
-1.355258155104082096e-01
3.811617748805283534e-02
-4.657333880013550531e-02
2.597087346368583127e-02
7.459515851914315376e-02
9.551196352063862083e-02
5.531600140323185422e-02
4.486727246823351417e-02
1.267577566108362211e-02
-4.890302930903368123e-02
-1.155103915817793786e-01
-6.337862157939977426e-02
4.556963607404312250e-02
1.736724990239977423e-02
8.288640052342814007e-03
2.145430941336084335e-02
-3.612833098504895230e-02
-1.233375285287588788e-02
-3.276615060914141175e-02
-2.184230583770204945e-02
7.921274821467065574e-02
3.008404058832530540e-03
4.266417395178838390e-02
4.162134478091669004e-02
3.269387982492352046e-02
-4.334749829895853668e-02
1.786080017972417958e-02
3.910661041562644991e-02
3.612002709055004389e-03
8.935509685854237105e-02
-4.547378807671173528e-02
4.132503002826545813e-02
-3.231260207579574745e-02
2.274421219027156216e-02
-1.043560982178894231e-01
2.463756804136224554e-02
8.078854472425199551e-03
8.606798264344291821e-03
2.674602085588637795e-02
3.532521208431521620e-02
-4.926582537132888351e-02
-7.346391243806251088e-03
9.265569088703935752e-02
-3.313236819774417752e-02
-2.401068253468787578e-02
3.902101141700827554e-03
-9.606311560799281335e-03
1.808665922344602009e-02
-1.822375733358369901e-02
9.335058118888757417e-02
-2.344384707003445423e-02
9.300331658295844794e-02
-9.092003998182800195e-02
-8.016232923986368886e-02
5.515371484931937129e-02
-1.322281411789062028e-02
-5.017533564123069501e-02
6.666298146510322292e-03
-2.207770545866859571e-02
-7.691132001144346253e-02
-1.561279403943202811e-02
1.023595542627041693e-01
4.938046208534070669e-02
-3.356980109086435404e-02
1.459000519944256280e-01
1.925109109718261824e-01
1.112846134939240034e-01
2.493085450711051976e-01
4.202272646916769411e-02
2.382302168742942983e-01
1.438384392704532555e-01
1.160087158697077903e-01
2.562343549487139938e-01
7.677484047677474166e-02
-2.443763432534274554e-02
2.468867607131033648e-01
3.070286448007117364e-02
6.683471364754857424e-02
3.297768152845579476e-02
4.721444921716546478e-02
-2.084828127686225163e-01
-2.485147129855301007e-01
-6.237570097636521704e-02
-4.814258700443979633e-01
-2.848584113703820156e-03
1.272976921536700390e-01
1.405609791777326194e-02
5.645101097950346730e-02
-2.755231883845319918e-01
-9.220411573236898806e-02
-7.780765586528065603e-02
-1.791985135162726672e-01
-1.940630973837473849e-01
-1.654351845482110841e-03
2.064807100957675307e-02
-3.629635589414020314e-01
-1.016446668454605712e-01
6.220365027544160624e-02
2.064187633058382765e-02
2.108427188788706413e-02
6.199610052649202896e-02
-3.861782520487368892e-02
7.382107412444818828e-02
-5.823375367189216958e-03
3.080457498017152851e-02
5.887259199311360020e-02
1.078916662349930361e-01
-2.845840751200229279e-02
1.390376653242208875e-02
3.315121929287240948e-02
2.757479677561177137e-02
-8.855124035548395112e-02
4.004190488035982293e-02
-8.911562628052508914e-03
-5.819526665446513036e-02
-1.562654864161535165e-02
-9.721288895927568396e-02
-5.049145423588721066e-02
1.117823974380608744e-02
5.844478799907466132e-02
1.071204275130228922e-01
-1.109842591770522080e-01
