7.738547218250294013e-02
5.769274138492475057e-02
2.577860453671459301e-03
3.486342077033129788e-03
2.230318272545549554e-02
-1.837303356545825356e-02
4.003424643323610227e-02
1.826162879972894823e-02
5.573003907381277044e-02
-6.124669218436011586e-02
2.456021494542592193e-02
-2.424769483264284375e-02
2.948182141828043293e-02
-2.665463663715707948e-02
-1.632356596003591703e-02
2.330933376315268146e-02
-4.965182838655545633e-02
1.738279028584951633e-02
-1.008236864836021575e-02
1.653258192151100398e-02
-2.799756637187218039e-02
1.420393934168149956e-02
-1.585788693410148525e-02
5.400147740626842774e-02
-2.039711336686281934e-02
7.088495387327216346e-02
-2.106736961493833882e-02
5.588777607401426012e-02
3.888226142045213968e-02
-4.010072201227311839e-02
2.530162712127012950e-02
1.372027715852412386e-02
-2.072877198946516952e-02
-1.238206074781478677e-01
5.631069910524743455e-02
-5.282707940828570634e-03
-1.909448914800655414e-02
-3.509221242453009620e-02
1.369945370695653010e-02
-2.720887750799405591e-02
-5.492394861908338373e-03
8.447178157341123095e-02
-4.600518985509337994e-02
2.747742038429577816e-02
-6.230079658630926359e-02
6.535569122797453556e-02
2.010387427801003588e-02
-4.164997095345103484e-02
5.655172622791938136e-02
-1.424572309223092262e-02
-2.090353765286746335e-04
5.050880264052203666e-02
-3.708374452573345165e-02
3.732553620335755939e-02
4.775979264369586280e-02
-5.190617409899320189e-02
4.068127723890577196e-02
8.359459089523253034e-03
-3.453244021127724328e-02
7.424961835955923295e-02
1.200627807944246693e-02
-2.731071252487412421e-02
1.941362906115551637e-02
2.702806389688475891e-02
4.471027606185174613e-02
2.352334626899871620e-03
6.506249912887794584e-02
-4.774880401439023786e-02
4.811400368774723657e-02
4.957550747048343476e-02
-1.016211108207840282e-02
7.185173228361037973e-03
1.583674602023281419e-02
6.731904618558678943e-02
1.862550269937522651e-02
1.725234680026789882e-02
2.448653103633911116e-02
-1.019954695297155788e-03
1.920935706754584374e-02
1.736749739788615021e-02
8.336737851410226663e-02
-2.764946215410151939e-02
1.305599072996487670e-02
1.170662908486390548e-02
1.613461597861911515e-03
4.827623059469819677e-02
2.381774166887258917e-03
2.626651663248004767e-02
4.650971293855484662e-02
2.443844813161158772e-02
-1.892741156356759352e-02
-5.427112688487135961e-02
9.139190194562352154e-02
-3.986365926147659305e-02
-3.906558621222368244e-02
2.354041556785115008e-02
7.643111982457449771e-03
1.116795852249707552e-02
-5.823693560455567991e-02
6.063610386133522906e-02
1.075736135015557208e-03
8.358749514401504419e-03
-3.193033823721332792e-02
5.940908600450867105e-02
-2.734403355363618573e-02
5.705303089070779682e-02
2.147040761935498782e-02
-5.113860355472438918e-02
9.960734019638892156e-02
-6.921691092147774435e-03
7.533188012452676774e-02
-2.730475359791383755e-02
-4.026314428418949209e-03
8.451865229986814387e-02
8.308648190712604464e-02
-3.354470069963464557e-02
-1.080461403106379101e-02
2.133406061550919414e-02
4.628333466894129361e-03
-3.196350863212737287e-02
5.506191393959253277e-02
3.429040579305988549e-03
1.657100320020284817e-02
2.697927723262488666e-03
-6.058288025173668920e-04
4.308152833997627024e-02
-1.588317165441686940e-03
-4.775874651612523059e-02
1.276626243762763457e-01
3.809130094405133171e-02
-2.419901476574514571e-02
4.716140359249692410e-02
-3.174858626681863194e-02
5.096126254474669243e-02
-4.115832965839370111e-02
4.889117881743573063e-02
6.854655879945024954e-02
7.606051519594784691e-03
-2.916488066497233481e-02
3.287558849358750146e-02
1.942801247739083664e-02
8.469324461888293534e-03
2.997976794131395912e-03
-3.988238979310888138e-02
2.917566447923227932e-02
-3.176305710019672324e-03
7.171375945417914066e-02
-4.804591990297655407e-02
-3.021017809708383822e-02
3.408469648039333388e-02
5.222749314150924166e-02
-2.350455410442104515e-02
-5.286855570978687968e-03
4.876818472765768325e-02
-2.034332428860290837e-02
5.934566607128154148e-02
-2.236210689524932571e-02
3.888040627222368040e-02
-5.849595858743548982e-02
8.518501594490361650e-02
-3.537065764047286204e-02
8.799377100435311350e-02
-1.974723698770042279e-02
1.163539318721721824e-02
2.514957237623327915e-02
4.289450484944206526e-02
5.281504154977080534e-02
-7.670471492431715950e-03
2.431215536664011259e-02
6.137804822349662848e-02
5.871579174909617727e-02
-9.294265429106605622e-03
4.007723013096728404e-02
-1.369802241310392153e-02
8.322721645329612949e-02
-8.795223704222403932e-03
-5.302439588799737202e-03
-6.483785641570485696e-03
1.131543636438982724e-02
2.968083845478307337e-02
1.443587147576021711e-02
-2.833935058531097256e-02
3.301827566558922927e-02
-1.756410169257905524e-02
1.199965993383255228e-02
2.743771478849093941e-03
3.963063090117088100e-02
4.162039302921927836e-02
2.091198200559225839e-02
-7.834827183576227941e-04
3.078279993775074122e-02
-3.490639426125083378e-02
4.900662781770900867e-02
-7.412209235324459036e-03
-1.072212156532763479e-02
-6.448115198756992905e-02
3.577232611082727803e-02
3.021817179820658616e-02
-4.666431736261496960e-02
-6.016425489434494393e-03
-7.162558166113348196e-04
8.072253846698887805e-03
9.327560270162495171e-03
-3.417690597638143452e-02
-2.055146298861094175e-03
7.776255090751590937e-02
3.463323393756501112e-02
3.686731788918880953e-02
1.342276729067895004e-02
6.222280450195259022e-02
1.611533886949918087e-02
1.407478397031906338e-02
-5.322830980345053670e-02
1.591082750921310809e-02
-4.895233592625431590e-02
4.453570665439080152e-03
-2.010208246603062410e-02
9.214095471892212730e-02
-7.031607954979636477e-02
2.733348207333583663e-02
-1.756116729331978765e-02
-3.963974270391528928e-04
-9.913425740635979644e-03
-2.086097038456207614e-02
5.438204222963258921e-02
1.270914783968899592e-02
-5.775864149604975628e-02
2.627638338426742035e-02
8.123743506107788601e-03
1.377559535744793395e-02
-4.219868856692827672e-03
-8.281742007846456047e-03
8.012374620850101770e-02
-5.934352020669145591e-03
-1.350507505471940485e-03
5.284035377778436432e-03
-9.991256513018671737e-02
6.613238488298073259e-02
-6.437152036284121692e-02
9.292794396557335634e-02
-9.792043295716362783e-02
-3.472817866936668552e-02
4.054620024089762576e-02
-1.332660526664542280e-02
-3.126435008687157222e-03
-9.824322999714932281e-02
9.714714618041744854e-02
1.847700423458362162e-02
-1.043264092531497132e-03
-4.279396613828025109e-02
5.958527131599240106e-02
-7.094055583574061796e-02
1.067768003886788476e-02
4.480766445223827166e-02
-2.998056541452669838e-02
7.478513083935950378e-02
-8.789114415455411000e-02
3.834529464709863361e-02
-1.763433502429241628e-02
-1.476476948100897621e-02
-3.500288597877869445e-02
2.863192809679104226e-03
-5.518994335998332612e-02
-2.243649173896283822e-02
6.363855355454078877e-02
1.945167947766129890e-02
1.713128630336503873e-03
6.447516386603333038e-02
1.034636058772436806e-02
5.719376417295517212e-02
-1.318128051835523208e-02
-1.222042898393275144e-03
1.560300877398168931e-02
-3.207524805787888289e-02
8.845115121445019934e-02
-5.925273530170413472e-02
6.945899360865281924e-02
-1.295158403658352442e-01
4.284032079457559400e-02
-6.123975210876582420e-02
5.367199362419178277e-02
5.178860601958506366e-02
-2.631324937397648903e-02
2.337533508234880542e-02
-2.309451032619300181e-04
-3.070859542778536094e-02
5.266181096359823233e-02
-7.661065973075666807e-03
-2.772025452826274751e-03
-3.022519941740741539e-02
3.177020951542232352e-02
2.677571048955114039e-02
8.846604856639269168e-03
-4.672856759109497715e-02
7.690402720940825443e-02
2.389714229242779348e-02
-4.979380550441776798e-02
6.175171777139476167e-03
2.764446240246826170e-02
-4.575279343094786760e-02
1.354062367627983238e-02
-1.634776166849524108e-03
9.597044514579672336e-02
-5.578828518288061339e-02
1.784070995968488338e-02
9.971351463910517465e-03
-4.282738544908454292e-02
8.868269606699941826e-03
5.160698521186317216e-03
2.375554049041454091e-02
-2.382232591425362950e-02
-4.375720915123823551e-03
1.342813334715311363e-02
1.940815148080698299e-02
2.938980460730319932e-02
-3.428794154357987095e-02
-2.259333950186974069e-02
2.258139652290075752e-02
1.291425946379216004e-03
-9.855560652302398916e-04
3.464806037911555281e-02
-4.439078066316685597e-03
4.635907857159472789e-02
3.364089504166436345e-02
-4.805889507965045715e-02
2.365107127075525423e-02
7.852623523378676751e-03
2.934997450407409586e-02
1.361409101171802763e-02
3.166619650199087310e-02
7.367298864733598518e-03
2.401526183604225234e-02
-4.426412168655483731e-02
2.450010637086221660e-02
-1.136371738225523155e-02
2.579323053698218300e-03
2.263037568189354282e-02
2.814412039049697320e-02
1.021129274304723861e-02
-4.830679150420737200e-02
4.737141989310503232e-02
1.586833854204664981e-02
-2.639145319859930588e-02
-6.016757912133773424e-04
-1.189110129002892563e-02
7.775697705622282643e-03
1.917279973272009372e-02
-3.365353131452879926e-02
4.456848878650126328e-02
-1.696066522864926596e-02
2.122730241212878247e-02
1.738949452847113331e-02
5.111790475454805471e-02
3.314757620678782796e-02
-5.774658536800603148e-02
3.411956304556487685e-02
4.322085424526112690e-02
6.203424937634083314e-02
-3.092508119749915602e-02
-8.860147528412819218e-02
3.187359630790537190e-02
-5.198671867819064374e-02
3.262932906005241995e-02
5.648328762712146248e-03
-6.992594780165553234e-03
-1.079224558323575722e-02
7.401165176314865313e-02
5.527640101675504458e-02
-8.626733775687997485e-02
8.508705693148231608e-02
2.459373444441093765e-02
6.207523814696586182e-04
7.130642718877255870e-02
-1.176369860419057382e-02
3.005776724496056485e-02
3.778885206708926248e-02
-1.884802721591727695e-02
5.589535252590540487e-02
2.787341471118160927e-02
-3.159192966182835030e-03
5.556626842902340907e-02
-1.935688443689892110e-02
-1.151814747640079843e-02
6.114288730389128360e-03
3.166530519573268476e-02
1.382969261069930123e-02
-4.301535797665244354e-02
7.137598220847514441e-02
5.082112058278789868e-02
-2.035834943280687148e-02
-1.485518474837548009e-02
7.509243097780661687e-03
2.697930530189097606e-02
3.420279829174206754e-02
-3.743341321914680532e-03
2.848082328644916880e-02
-1.575491449051069637e-02
4.030918113860890856e-02
1.971963894817475166e-02
-4.654636404822218992e-02
2.608700237105632258e-02
2.931889006274219361e-02
-4.897443771048720987e-03
-1.699104677413742701e-02
-3.949252242800999069e-02
3.348266941351921155e-02
-6.038101754154524825e-02
6.535998983090625380e-02
-2.111988351272200536e-03
-2.800347650998026659e-03
-3.761448438077531417e-03
6.751191251514414293e-02
-2.393007082868484070e-02
1.760830803278906620e-02
-2.601682862993114770e-02
9.329876571101851368e-02
-3.911613884740205993e-02
3.748730755277117355e-02
-3.917758676996894313e-02
3.015731335880872388e-02
-2.467328771411619187e-02
7.935966096683727544e-02
4.674907665377112630e-03
1.831186412408240122e-02
2.320500581787632646e-02
1.694391661554079179e-02
5.211242329784296357e-02
-5.297145204335859670e-02
4.886360113527284804e-02
-2.642989316796958994e-03
-2.120748350566799972e-02
7.872082994578571968e-02
-2.048472090181191474e-02
1.740191393892576849e-02
7.408623795799174072e-02
-6.861281342582405476e-03
5.469287072559826657e-02
-3.311072637376779454e-02
1.109868215270718404e-02
7.536786186485293360e-02
-7.808354831149115494e-02
4.525857500930902111e-02
3.640665038857206909e-02
2.292109702856566511e-02
-2.346198789190661119e-02
9.259371650469268300e-02
-2.068790936309072848e-03
-1.504277200155834833e-02
-1.144418237292056141e-02
1.984822341498514164e-02
-3.500027071608118046e-02
1.217242214605856188e-01
9.803328549855454613e-03
2.648897866138395438e-02
1.572457584401754788e-02
8.749234561853011516e-02
3.681059667098181276e-02
1.004070668251519534e-02
1.766000648350289290e-02
-7.847379481750727664e-03
5.090389601411379750e-02
-1.543336036177871823e-02
3.172075560641068187e-02
2.121629484456277054e-02
2.138570553943043226e-02
-5.537728162541667720e-02
8.913579609070288595e-03
-1.299542652601535023e-02
-1.056285612283310721e-02
1.100433981644594397e-02
1.134383758408634944e-02
-5.870843681765897798e-03
-3.764262012890044751e-02
5.317001025156728455e-02
-5.010945586738647234e-02
3.004435927139643449e-04
5.252548926347384850e-02
-4.139406016052855908e-02
3.142036226467304766e-02
1.158313283310325077e-02
6.266607850111414850e-03
1.615874423179481170e-02
2.135361369704167483e-02
-3.765514817389002677e-02
-1.026435253507902018e-02
-9.406673113021299382e-02
-1.262728449597156910e-01
-1.231153233318535989e-01
-1.760908536309572225e-01
-1.246097460449671485e-01
-1.346119405248402956e-01
-1.031271015001592323e-01
-1.692704584776189014e-01
-1.687647583372169913e-01
-2.055294676354779693e-01
-1.094680942174019039e-01
-2.472223789577321362e-01
-2.283204366993830670e-01
-1.137222103246292304e-01
-1.372596921853432850e-01
-2.111143954017557778e-01
-1.945214885716440856e-01
-9.050277284831623192e-02
-1.739663945633963815e-02
-1.858757878747945014e-02
2.854575975884401581e-02
4.321739319008760169e-05
5.014735094656376513e-02
9.277544964150574031e-03
5.514459782836167445e-02
-2.599854839173721538e-02
-6.462571682088033044e-03
2.574493356092407911e-02
-9.655688195688537367e-03
3.791243951938393780e-02
6.837874443076469473e-03
-9.367325999630833969e-03
5.494718261612659832e-02
-1.042092738458091916e-02
1.773505922679298810e-02
3.904445621060237404e-02
-8.505123820985819108e-03
1.539088086856770649e-02
2.492896975741141358e-02
-1.894612639239788218e-02
-4.264605504190424091e-04
2.994405417778168293e-02
5.075677177310899957e-02
1.409434300350883087e-02
-1.706521010929554910e-02
-2.097011465209948355e-02
5.235712683573778836e-02
2.195075166446561546e-02
2.485336192170723661e-03
-2.968317086860867288e-03
2.999166476486444730e-02
-1.347843670213461943e-02
3.520705604156781215e-02
2.491632053082127804e-02
-5.344706519200610739e-02
3.319596534622984429e-02
1.085881700122490884e-02
3.837449672695565639e-03
7.219985475167293998e-02
2.263911093384816248e-02
-5.540984585221672221e-04
-1.725816485831760741e-02
1.837292218405520497e-02
-1.089100114375839493e-02
5.981959471981029147e-02
-2.498615659453689436e-02
2.893793915670991174e-02
-3.988190627925785117e-03
-5.197151112890075440e-03
-1.454176890243864123e-02
1.710083424985359667e-03
3.737300560054385157e-02
4.079415600151146959e-02
8.135215566306060533e-03
-6.770652482693739413e-03
4.469008987175879244e-02
3.307675515233308994e-02
3.070099439842477462e-02
-2.764734982790255369e-02
-1.417222272122778751e-02
1.051305438197117255e-02
7.235687315092284924e-03
1.722509914671528294e-02
6.992092360644703436e-03
-3.511911758925662271e-03
-1.898008474499334602e-02
6.797186025238002860e-02
8.888046839383344222e-03
2.667685757542082817e-03
-9.111107994285870884e-03
-2.569507218667594142e-02
1.995585389950765842e-02
7.545098549501217181e-03
3.731331182039088201e-02
3.228320359435672693e-02
-2.117372807066555604e-02
3.342583192408188353e-02
2.715963493896169853e-02
-1.570057930405985638e-02
1.750765211375863648e-02
-4.116546232324837934e-02
6.274257267316341036e-02
2.543331338358152498e-03
-8.546101824206962837e-04
1.345585486719658511e-02
7.906736929146437887e-03
-6.667262723589478454e-03
4.913157879777583364e-02
2.090762928275024038e-03
5.527647998868743390e-02
-3.580361130778315915e-02
-1.689325681211306315e-02
1.155769745128054117e-02
4.003530996743458192e-02
-1.967108732962523018e-02
6.030488702029875026e-02
-3.150382267911704115e-02
-2.617508687694036079e-02
3.258926930730733640e-02
8.070281102061885314e-03
4.097486353751740584e-03
1.323573122136036985e-02
1.236335456108188929e-02
-1.720416522114669861e-02
-2.211149206240333766e-03
-4.691534059019470543e-02
1.606896289682623047e-02
1.551430283749027916e-02
1.525915434311227170e-02
-1.034947772364106997e-02
7.513924926310554253e-02
-8.687922906776288437e-03
3.385974896147278534e-02
3.578413871114819594e-02
1.282074139299302015e-02
-4.772452104326693062e-02
-6.913169325923371883e-03
1.781508869599340156e-02
-1.408403988277713570e-01
-1.784947140399649745e-01
-9.029740358052958105e-02
-2.024586118813945790e-01
-1.897442383606404714e-01
-8.381445182856374354e-02
-2.421332542338416605e-01
-1.155655234796007652e-01
-1.982997144997190597e-01
-1.114678696129548646e-01
-2.555054354716168596e-01
-3.279873426969775324e-02
1.923608978614220824e-02
-5.385054798709976165e-02
-1.395525547216061937e-02
3.122708141215406463e-02
-4.566226929174228150e-02
-1.199163800928810912e-02
3.097539379635533968e-02
1.060355623603596170e-02
-3.772787593819243446e-02
2.014782535422550425e-02
3.465506278347744995e-02
2.645494100466815393e-02
3.966449225662523059e-02
-1.392755472792932964e-02
1.303956676167491724e-01
-5.746107977924497928e-02
4.090683362146644436e-02
9.547911972057943064e-02
2.905470303700703055e-02
2.569437867251525912e-02
-5.463487199386827392e-02
1.106463377135911280e-01
1.126053895991848894e-02
6.908975192877699414e-03
2.706030340419712799e-02
-1.429384785868246469e-03
-4.739760952643088960e-04
2.381560079253482176e-02
4.270167151182109599e-02
6.946646522510319631e-03
2.169434617370135515e-02
-4.322557006813324953e-04
1.443862876417681450e-03
2.681782211045155573e-02
3.331235670551780520e-02
-1.094336236432931313e-02
1.456930940535772212e-02
3.435176028125482006e-02
-2.286999678876654521e-02
-5.705068853587996931e-03
-2.891008410306997178e-03
5.419275549415587812e-02
-7.196422819512763268e-03
3.744096237282611844e-02
4.288038602888535195e-03
5.687461502388717338e-02
1.151629196598263211e-02
-1.512785631383818316e-02
7.422357825909371709e-02
6.209095383390755753e-04
1.857307177217573657e-02
3.858726881275393455e-02
3.915342153588357438e-02
3.736524548458688977e-02
-2.596692656747712560e-02
5.773947497268167722e-02
1.947982140833768444e-02
-3.009355900673315459e-02
5.744961999143917419e-02
2.026161485470694135e-02
7.660065267270594301e-03
-2.961542678613958424e-02
6.315082905062925633e-02
-2.763179542061909230e-02
1.360343011915912392e-01
3.763105731383901455e-03
2.217212953617831925e-02
1.225775516294498602e-02
-2.874255370651673108e-02
5.141615375683218636e-02
-2.884256900033430743e-02
2.472592608132426553e-02
5.081503262892345107e-02
-4.546294846804795758e-03
6.085061551642566291e-02
4.583656532922184001e-02
3.620127485445899518e-02
3.998178371417175636e-02
4.121756893776653413e-02
3.680512278499235151e-02
1.492555704404119853e-02
2.802767188552702377e-02
-1.165916675659430662e-03
9.997312877011786669e-02
-4.417299612887243959e-02
2.370932224108424774e-02
7.272913032858516202e-02
-8.897753128888774218e-03
4.660378564652610869e-03
-2.324378548657488400e-02
6.861880387898293410e-02
7.788979504546528210e-02
-3.424803626902148818e-02
6.433746057013201014e-02
-2.220581810236563550e-02
7.170006763617625678e-02
4.505177332136598572e-02
-1.021146667247923440e-02
3.487028339487568962e-02
-6.453351845275193122e-02
1.723813243165286391e-01
-6.457766315628364617e-02
5.365288289568918845e-02
2.589401874584505020e-02
6.058133014300240426e-02
-4.322378729889373578e-02
4.732486484471259969e-02
-8.260859594491433422e-02
8.096728480356528423e-02
2.030538632211467687e-02
-2.230897958480067625e-02
8.548446316667683564e-02
4.045971906195063722e-02
-6.964991411065078741e-02
2.425403524180030565e-02
-9.479634504714385540e-03
3.743062748456310596e-02
-8.910691692199034300e-03
4.645920212963101231e-02
-7.543518301584666019e-03
3.592703350463641657e-03
6.948912430143464047e-02
2.734034785673226942e-02
-4.235990760692308343e-02
8.130272119197892722e-02
-8.606621171581850527e-02
5.184447465154420204e-03
4.913616489314247271e-02
-1.086149345437044389e-01
-7.173355641561582341e-02
7.771623614206296660e-02
-5.075693094555079610e-02
3.878378189393125869e-02
1.427728814526367431e-03
-1.825447006521957113e-02
9.073844524604861295e-02
-4.290799009470322445e-02
-3.854030807439580431e-02
2.136481082462810682e-02
1.066566844910154903e-02
-3.049195450188744647e-02
-5.757926555236624055e-03
2.096142483159452521e-02
-1.491665033149897936e-02
-4.392105611982016072e-02
7.347995709130784869e-02
2.345016196408282461e-02
2.776490628489975722e-03
1.358940677004718406e-02
-1.876410840701788624e-02
7.346727972896280323e-02
-2.762638627726903690e-02
7.679767810108717452e-02
2.209704652934199945e-02
5.865958871858951290e-02
1.161910527599160393e-02
5.069223630906300598e-03
4.425985683318812980e-02
2.272511390444097862e-02
2.179553364141675192e-02
6.227703466349111469e-03
4.224138882035399778e-02
1.356748886140288560e-02
2.979516192918063577e-02
7.577280166257737218e-03
3.445951540534319957e-02
-1.904905859119314371e-02
9.818918476331181359e-04
-8.269063112812414032e-03
1.273688845467899761e-02
4.376019414079486414e-02
-2.102327587615415716e-02
4.652011339536096107e-02
-6.294592055763281735e-02
5.066580440859933671e-02
-6.829048086474438783e-02
9.163665085091456108e-02
-7.365020207176117828e-02
2.441193903053456155e-02
4.168289334771748539e-02
-1.711410541754277911e-02
-2.280012036063903264e-02
4.041887189857619467e-02
2.788078034951283271e-02
1.086567978339430737e-02
4.098234664678031963e-02
2.040921174542185967e-02
-1.712810408759685848e-02
6.409666155061995163e-02
2.649171653765534235e-02
-2.308224560868647052e-02
7.583236389202503702e-02
-4.273889914788886468e-02
6.771378514687374957e-04
3.707046885336579695e-02
-5.386831627229379804e-02
-7.194679072683587973e-02
-1.058947298728483109e-02
1.796463730364337985e-02
2.515486617529898508e-02
-1.939461369430857743e-02
3.206953707470640291e-02
1.050534200457912785e-02
3.096750711389813226e-02
-1.086067731069305202e-02
1.504836874740578603e-02
2.907833002290059060e-02
6.056588677755344458e-02
-5.451267273786691153e-02
-6.030637792638277039e-02
1.244997924447054094e-02
3.669665340060119380e-02
-2.257955020588145109e-02
1.262128094621103348e-02
6.218448869850991701e-04
2.745935399743905381e-02
3.753292556631385168e-02
1.121036160518741262e-02
3.447287830315585999e-02
-6.766289464937572107e-02
5.823857539114514308e-04
-1.016563729454816878e-02
5.487435191771554074e-03
-6.505051622197442762e-02
4.962372578166898696e-02
7.708504425803661131e-02
-2.976745912799820190e-02
3.241873788410030294e-02
5.666696990673526085e-02
-2.352798530551198503e-02
1.982147424422182891e-02
-4.273857665168521308e-02
7.644179180622502623e-02
-5.672763249004754427e-02
3.946035157133605947e-02
-2.961586515189711805e-02
1.856092496440987782e-02
3.164666043723134842e-02
-5.121232759671278528e-02
6.107391213640711580e-02
-9.507316788860463094e-03
-7.913963588120341563e-02
1.087815762601671427e-01
-7.477343432109712085e-02
4.817480085254018107e-02
-1.571431831421459674e-02
-1.269227670839738129e-02
5.359376025303788475e-03
-5.192708252638540689e-02
5.890399348818191327e-02
1.820802888683907897e-02
4.913403606101313104e-02
-3.754413552013480954e-02
2.201171113145140856e-03
1.426402627931421148e-02
-5.433346950752012544e-02
6.388079962807191592e-02
-3.734891461448597294e-02
7.110017623763482952e-02
-1.131523103853098247e-02
5.613490806279784057e-02
-1.290212013152193006e-02
3.445401937478500404e-02
3.510682349902630520e-03
1.679117742255319817e-02
3.485510484565693817e-04
-5.562047379114400114e-02
4.113744574938295318e-02
5.547273322662434752e-02
-2.520171996313054844e-02
4.421873561349422971e-02
-1.296256085440494928e-02
2.612875254581516551e-02
5.701262315468628994e-02
3.191404458991267679e-02
4.447773801842168362e-02
-6.082093556393566164e-02
1.059734290653108896e-01
1.838217473077856899e-03
-3.339650375846259234e-02
-2.655700506435820785e-02
6.481866793744123223e-02
-7.687770359647514047e-03
1.854616658164310802e-02
4.840804699482757073e-02
-4.457776776722507592e-03
-1.930333166064616968e-02
-3.694822824168678133e-03
1.186559141730066970e-02
1.321131481020829286e-02
-4.932393689614315846e-02
2.494932716579859044e-02
-3.215574370246943731e-02
4.933689659661923133e-02
7.660917328933468731e-03
-5.732997824720142271e-02
-3.268222905530325517e-02
2.949916778302492937e-02
-2.279717482066411297e-02
-9.809403613039797964e-02
-1.954917145367968817e-02
-3.323732088328629902e-02
-3.291558102847120387e-02
-1.518379745564742700e-01
-5.532867138777473881e-02
-1.666510867814076646e-01
-9.050735181875887991e-02
-4.965006846957435716e-02
-7.129821445150204273e-02
-1.155193756683956796e-01
-7.224009979734530296e-02
-1.384262546013917405e-01
-9.813278894352890636e-02
-7.704370354406507582e-02
-9.536497996092253848e-02
-6.416994388884780798e-02
-1.472374599631267045e-01
-1.009134879635291415e-01
-1.049869193832717318e-01
-4.675141531181535581e-02
-8.163292584690595710e-02
-1.869725437512760602e-02
-6.335181163089954881e-02
-2.239609554940113698e-02
-4.876760185053032048e-02
2.525026500050151987e-02
-7.266370652586886733e-04
-3.880645675999907368e-02
1.455751999166422783e-02
-3.301065155920294286e-02
-2.281576067002540065e-02
2.588174730667903642e-02
-5.769103792784437135e-02
3.273529058423008814e-02
3.559448753099694190e-02
-7.610374344278177626e-03
1.078357554266930890e-02
3.290537215483770039e-02
1.459502427860783803e-02
-7.528068899203426735e-03
4.542259011265705609e-02
-2.017036570302045001e-02
3.503336003006441574e-02
-1.079793419350859145e-02
3.180191940541826634e-02
-1.631753611177108598e-02
1.953784297241146009e-02
-2.332694161200876692e-02
9.706818980444592571e-03
4.031291148328128293e-02
5.722286577272305691e-02
-1.181676072537742560e-02
4.637785731918651205e-02
2.463590974125734120e-02
1.940486700561488628e-02
3.393312643954773944e-03
8.932399464845072745e-02
-6.146737535504533112e-02
-1.626008806695510706e-02
5.735101613597904519e-03
5.167884784161522888e-02
5.179115804013098567e-02
-6.957330104979499164e-02
2.419253208658096732e-02
4.482699272730982475e-03
1.836190872350305578e-02
1.056812401740991718e-02
3.719272662202322000e-02
3.902531319821520017e-02
-2.772737442354959031e-02
6.504540520515995905e-02
2.464780610543853070e-02
-3.695644691377610036e-02
3.492427154834967795e-02
1.285775454552105512e-01
1.795609468989251001e-02
-5.711730161884104318e-02
8.101960880678993338e-02
-1.294764217841568033e-02
1.015775454788466342e-01
8.392321560717959372e-02
2.746156105460320282e-02
-1.991680996393479456e-03
1.010543920085235463e-02
3.303609953725840267e-04
3.614746885793559961e-02
-2.135994182662495633e-02
2.727656292589350495e-03
2.224856668635879012e-02
-4.717242210914562688e-03
-5.207509181215614485e-03
1.930970176528663124e-02
1.148672700612292027e-02
3.320031726899042024e-03
1.670922733131615864e-02
-1.907642672129712669e-02
3.679575153363740664e-02
8.140950077907799232e-03
-3.348311041691572759e-02
2.777585736899683758e-02
5.783688131237609692e-02
5.314726318009923602e-03
4.197303054618117119e-02
6.056526968234068886e-02
5.505588276760467470e-02
-9.748292222486089342e-02
1.129365123806821275e-02
1.720244260331206879e-02
-1.869232156365559921e-02
-3.086002561115631926e-02
-4.447769892576913103e-02
-2.602141117029568851e-02
-3.157641723852847720e-02
-1.499474057016466355e-01
-1.964459277441616414e-01
-1.008374538907300666e-01
-2.062454277154810445e-01
-2.593490314111906447e-01
-1.195146949495513311e-01
-1.825927345381077038e-01
-1.207091516844283341e-01
-1.154984242888077578e-01
-2.063966708595803626e-02
-5.501630302455122468e-02
-1.769270542654962156e-02
-2.592832750990084131e-02
-5.112914601631382561e-02
-6.815554198341870415e-03
-7.782506894784745055e-02
-2.165785137550802278e-03
-3.127376179509433474e-02
-5.286824220246974515e-02
4.443880016938149546e-02
-1.507441484971418916e-02
-2.019481011515802601e-02
3.688853580878210386e-02
2.081647943707574944e-02
2.339582135145563957e-02
5.558548284360750186e-03
2.611770518094961441e-02
-1.495300960291288950e-02
2.717654746768308205e-02
-1.682159037559096803e-03
-7.855633363717707748e-03
-1.000375247539300218e-03
2.189703325098672076e-02
2.016071133250372030e-04
3.790516554903906182e-02
-2.298305065876040873e-02
1.419030438581062037e-03
1.126242724245629379e-01
-4.999030559389984474e-02
6.846905567214041366e-02
-4.846978774288818181e-02
3.778548332224662687e-02
-6.632005620619349159e-03
2.033565676681040393e-03
2.643803902697174427e-02
7.589231951190469894e-02
7.331823925931013619e-02
-3.770912077596298012e-02
-7.821657334270697148e-03
3.238126533096594845e-02
6.947551130703065458e-02
-2.738342180161586897e-02
1.647864377586789539e-02
1.535459251873198816e-02
-4.283355339782705246e-02
5.772286478984622882e-02
-6.005133282242934578e-02
1.489074968484926931e-02
-3.508643245294171265e-02
-6.469014996148936270e-03
2.938826968382476229e-02
-5.088627281122313356e-02
2.506962594585971857e-02
-3.296980082182852240e-02
5.393664892836056574e-02
-4.484920741423941565e-02
3.361579308434391872e-02
9.151093999391530370e-03
2.468200841702882994e-02
2.797477519462493803e-02
-3.265483520280131058e-02
-1.437711925578213749e-02
6.634026157956078584e-02
-2.945199246491694151e-02
5.679627779686548944e-02
-3.942790941870128602e-02
4.064443835803968619e-02
4.064180990524753068e-02
-1.457202576423731553e-03
-7.971937413543664711e-03
-4.522728425998240320e-03
-2.056537926995478244e-02
2.653802486200394078e-02
-1.393054910056716958e-02
8.466025979284148850e-03
-2.468627296395432824e-02
4.812080551126009242e-02
2.434219163960679028e-02
-4.753761155181805351e-03
1.288312740519281796e-02
-3.686115947175665902e-02
6.590582097552884211e-02
1.710581468201363350e-02
8.597670820684884252e-02
3.369804478204251746e-02
-7.006179814655649762e-02
2.660955257448012479e-02
1.139218708748862552e-02
1.652198849374813400e-02
1.019998688829616869e-02
9.079936772235255860e-02
-2.931235291885380539e-02
2.175033473557793154e-02
4.025427949917713411e-02
4.399959990677483612e-02
-9.165688251037074769e-03
2.654318658964462466e-02
1.688772399774472743e-02
-8.807811530040066117e-02
7.945335497246497347e-02
-4.844334240844182238e-02
1.320696236493914544e-01
-4.981011071992647726e-02
3.906887466706068096e-02
-4.812924370772395793e-02
3.405930611605863245e-02
-5.505481401150793402e-02
7.460427824309222300e-02
-7.877364010870677169e-03
1.095800180265740359e-01
-9.451576237494016541e-02
9.696797914968793841e-02
-4.974828066551674477e-02
5.161558628624052930e-02
-6.899619661604933230e-03
7.641566686007511544e-02
-2.251749510338648557e-04
-1.885399577540402757e-02
1.773347995666306465e-02
-4.449593309294274518e-02
-4.972907565377568048e-03
-8.737983331554145805e-02
1.214504996670023595e-01
-1.057365544118014401e-02
2.910687216058448906e-02
-1.170200009665882390e-02
3.489466563885705586e-02
1.265174735107158291e-02
1.718205139450848518e-02
2.179687643719734058e-02
-3.188933105615728014e-02
4.254432252742551546e-02
-6.397179081104407972e-02
-2.016861617344418642e-02
4.205742857489637443e-02
-1.122101654170279059e-02
-6.933553953714251261e-02
7.640053646084546402e-02
-7.587774357017026960e-02
7.786567692277768238e-02
-4.091263344688628179e-02
-2.476820743030083011e-03
-1.157830521807732757e-02
5.303771501624511553e-02
2.127825486034911132e-02
-3.001392345595767924e-02
2.916233835344429759e-02
6.746016655890448022e-02
2.239054038305923408e-02
-2.005488975818089936e-02
3.089642622517211820e-02
-3.099528867021130937e-02
4.050920611667801347e-02
2.145116639645315224e-02
-4.696890112750248814e-02
2.523852286128727522e-03
-4.674917708159517793e-03
2.242299856127877994e-02
-5.913897069612449042e-02
4.989416576740807185e-02
-4.336554555880435535e-02
-1.074233961307160916e-02
2.548619725792588761e-02
-6.083794854961426662e-02
3.706136779617529714e-02
-4.266006977510616166e-02
8.496683283658992836e-02
-1.684166954985973075e-02
1.013707313130397109e-02
3.897703741863769999e-02
-2.971844858410848528e-02
1.879606012344281485e-02
-3.172920531908579329e-03
2.692369174604845178e-02
3.159762315949725398e-02
-6.330787873856980053e-02
-2.966708529729816107e-02
8.035253368014860786e-02
-7.563169708442106509e-02
2.864312375959664550e-02
-1.665915313805294354e-02
-1.512455439479822548e-02
8.895216540061096078e-02
-1.147478937785136391e-02
-2.647568871651337016e-02
8.943426876252841273e-02
1.381975003549377329e-02
-3.046468258064031001e-02
4.424745622615819385e-02
-3.183351578867485432e-02
8.244395074222866937e-02
-2.523235061218505673e-02
-2.372026160949057202e-02
9.148643899193169282e-02
-4.674092060294582351e-02
1.289709787863543150e-02
-4.542782988562781010e-02
-3.700774595368745180e-03
3.363219275894679949e-02
-1.792012736359272981e-02
-1.495684683702449939e-02
-3.052214087722399365e-03
2.666943436803785594e-02
-3.318444611319498055e-02
9.601816280521818445e-03
5.831753995117687495e-02
-7.755666527124801743e-03
-3.816862443104218974e-03
-1.265801999940484486e-02
5.634033264876465302e-02
5.465804490493484692e-03
-3.829144645708685429e-02
7.014595552488382679e-02
6.496663174421704254e-03
1.725804002388526062e-02
-3.702160920190844876e-03
3.542435953929717191e-02
-4.541363222517559584e-02
1.362189746341813112e-02
3.208869967124339424e-03
7.142663505727835094e-03
1.711420003647879523e-02
4.777813652757320097e-03
-2.127469161152066579e-02
4.894114724544605666e-02
4.167079282249284457e-03
-6.444038032202593913e-04
-6.782954887866611722e-03
2.348148160648053789e-02
-2.662196939002944764e-03
6.096320464613516621e-03
-3.565390486078073851e-02
5.637956051808997587e-02
1.227750073711501421e-03
2.909159885407280183e-03
5.331057494566775190e-02
-3.723357960239756514e-02
6.302056851473249177e-02
-5.580718305645956251e-02
1.130771953054294648e-01
-8.245288836552035899e-03
1.900348297478412010e-02
4.023060397827718515e-02
1.104032772394365931e-03
-1.083138936459486674e-02
1.704196144820022130e-02
6.519510020804503148e-02
-1.084992978130755285e-02
-2.457543167332054430e-03
9.996247308611188459e-03
-8.682053663874277072e-03
2.358193653368826845e-02
-1.746293748369797663e-03
-3.669361125646355276e-02
3.384533624581604477e-02
4.816601751223895111e-02
-2.148140738979137376e-02
1.291303526149968628e-02
1.247273533355014105e-02
1.962111552785031701e-02
2.419369495770331072e-02
-5.723422029644494036e-03
-1.332368906488403879e-02
1.577659614758753978e-02
4.992751693534737412e-02
4.033586716341141382e-02
-3.248224062804171142e-02
1.481173156018638151e-02
2.469857870052338464e-02
2.452671105566052098e-02
2.607766088597707199e-02
7.688192774919293260e-02
-2.455938364863198206e-03
-3.264034827890856943e-02
5.109295662456509596e-03
-7.215965853565249263e-03
-4.653787911423132306e-02
-9.627745005907045739e-03
-2.575463707903111188e-02
4.603082913623353367e-02
1.553076528856797006e-02
-1.036460920458846108e-02
6.896346552845455946e-02
1.457110969179404615e-02
2.076451009864383954e-02
3.024591686012917738e-02
6.308881359762745500e-02
-1.683387577812912178e-02
1.329539343806234765e-02
9.036534790195452360e-02
-4.855504345374798969e-02
3.416411102762197116e-02
3.034181507348704052e-02
1.258850966224258315e-02
1.075709784929842483e-01
4.195179915666759699e-03
5.790140578119228054e-02
6.874722599528974853e-02
4.647690158566234603e-02
-4.086318204001370552e-02
5.547336338475789691e-02
2.370760249212897422e-02
7.200043986167723592e-03
-4.855686545545240609e-03
-1.051002268756729280e-01
-5.031355794762262107e-02
-2.580532329166301125e-02
4.495106057569272368e-02
-1.628465202790601099e-03
6.154961222381037655e-02
-3.280011935175446841e-02
-2.115907242880648090e-02
2.895688235028821833e-02
-6.710751250245210187e-02
1.956644439605220373e-02
-1.521251738418315930e-02
1.354312496169817435e-02
3.960888082268915721e-03
7.199652413847916488e-02
3.450271200597066629e-02
-1.596920445974139152e-02
4.724538772559781774e-02
4.168587912095664261e-02
-4.325022926671862056e-03
1.613076238140482774e-02
1.305813115771054314e-02
5.829134803205850840e-02
3.041618879094173944e-02
-3.907815545304497984e-02
-1.004158806862614009e-02
1.397184898830247657e-01
-3.792553116621681653e-02
2.114627342915908689e-02
3.101334480615637254e-02
-3.187391760718464445e-02
-1.460890033325966397e-04
-2.288964844018201786e-03
1.411051038852391415e-02
5.022056195354659969e-02
-2.111589770361458826e-02
6.802521024562663277e-02
8.496231225269625792e-03
4.147013299148887694e-02
3.287511878820332384e-02
-8.491517052339646321e-02
4.743424960246926669e-02
1.782179426031183997e-02
6.742792769535180253e-02
7.652076563098185111e-04
3.627466258170704977e-02
-8.245063997670004294e-03
3.986372023281809646e-02
9.457746730936040375e-03
-3.445869610215287343e-02
7.722607971209520528e-02
-3.442809642948554266e-02
5.334730491393221280e-02
-3.904192393546898621e-02
4.068289111332192010e-02
-1.212096532596613173e-02
4.168928389985372684e-02
-1.054032949687956459e-02
3.547427106139860054e-03
-4.593822766416399972e-02
5.559277019586193053e-02
-7.883224749526594743e-02
6.134614471077871195e-02
-2.859671522038474342e-02
3.153057009584714354e-02
-3.078687235819398474e-02
-3.948283155845659642e-03
-9.212283165882319269e-02
1.310847418839528045e-02
-1.110719002232015973e-01
-6.870834961825285359e-02
-5.641496283212787954e-02
-8.880675390444039974e-02
-6.028566001158651433e-02
-1.742249941603617180e-01
-2.053515492999046510e-01
-2.667011117042369372e-01
-9.956843596889011772e-02
-1.491735683752191677e-01
-1.034365918057130185e-01
-1.288123488806185435e-01
-6.031686178102454304e-02
-1.579991270144683324e-01
-1.244823259764898105e-01
-1.217362421100455505e-01
-1.663912241679095516e-01
-1.118922361368257512e-01
-2.157816427596783715e-01
-1.145237734542701447e-01
-3.760254534902836981e-02
1.483244315049356624e-02
-2.230150606038945604e-02
2.337549835049224783e-02
-1.079637939119861695e-02
-8.040941779277865561e-03
1.771068693065752653e-02
3.886121959935008585e-02
-1.297588736641618057e-02
1.056527514476552666e-02
3.616853363736119431e-02
9.437457956662762687e-03
1.922138975167413458e-02
3.720502665786255825e-02
-4.113891230618177061e-03
7.744749575193403748e-03
1.369985949108724725e-02
4.211302820286953047e-02
-1.292881679479765400e-02
3.308647596519170148e-02
-1.360878602303344440e-02
2.526762507731234592e-02
-1.353480175612373909e-02
-2.262092510450794750e-04
3.408658489107874168e-02
1.352413411648004105e-02
-2.416037373108246775e-02
1.989742544852793338e-02
1.715909178679864144e-02
4.907907922325025624e-02
3.591471466997646356e-02
6.487148078445713340e-02
8.803323239817502713e-03
2.098382870182764412e-02
2.600338040703786477e-02
-1.433607114597180814e-02
5.515609889916810171e-02
-3.548748616779537346e-02
4.803427526721097685e-02
4.420299570880158874e-02
-3.256590777712045637e-02
7.261381022760383941e-02
-6.647961910913352968e-04
1.393426581832187504e-02
1.797771595561857561e-02
2.907586170265688552e-02
2.734532404695202978e-02
3.121374178002450650e-02
1.251421409831902747e-03
-3.919057520561272136e-03
2.110707068989666965e-02
4.471648695823489394e-02
5.081245311512908730e-02
5.254202335885760355e-02
-5.494034328690432928e-02
-1.276456888923932845e-02
5.368995605650575542e-02
4.087713030997883190e-02
-8.755482699859186424e-03
3.706214325943352900e-02
2.941840278402173530e-03
1.635135359001659147e-03
-2.948009003594372415e-02
5.958282281419841064e-03
6.398715578148438110e-02
2.948944953312890999e-02
1.799972176220259595e-02
-1.202500594520856253e-02
-3.707845680375974895e-02
5.462615707092406681e-02
-4.487158531114531640e-02
1.685786197983650883e-02
-3.478966108858590894e-02
3.206880584009832308e-02
4.219245384227968826e-02
2.020597163236296720e-02
5.555986252083713016e-03
2.083599973816800330e-02
2.452554327539742049e-02
1.255085772399815343e-02
2.706585258084318046e-02
-9.923848522421639673e-03
3.339176057706987055e-02
5.079316074134895831e-02
9.756586781412618023e-03
-1.378474356086694178e-03
-1.470982674378420747e-04
-6.291708799799566876e-03
-1.417518782751180095e-02
1.701510736212426267e-02
9.773349542225379799e-03
-2.439433410972287851e-03
2.347473943302830560e-02
1.464730756418611973e-02
-3.816741119776874414e-02
8.515525922368131009e-03
-5.495966830343772605e-03
5.714728914183428432e-02
-3.210380829657516477e-02
-2.176361086208834089e-02
3.332722520287177692e-02
-1.124845151450068297e-02
8.168498654710157347e-03
-1.306837435347356618e-03
1.099336040519357550e-02
-3.697975314170308392e-02
4.819219482962092127e-02
-1.473685369390173409e-02
7.095018179535485248e-03
6.623954299842714499e-02
-1.607484542321154300e-02
4.098521651367306035e-02
8.445498616341265419e-03
-3.655067437975260958e-02
-1.804306883694840880e-01
-1.518138401192209996e-01
-1.240972199576061696e-01
-9.044739436576905434e-02
-1.732521651337644020e-01
-1.503467301027845426e-01
-1.637789289767989653e-01
-3.133636319804683490e-01
-7.631471713824085346e-02
-1.329620515478887599e-01
-6.038994155517379142e-02
-1.407053952210696457e-01
-1.233165355999417401e-01
-9.536245123720532568e-03
-4.562573832463195922e-02
-8.133108113471610584e-03
2.122136917901215614e-02
5.215022887545503819e-03
6.174602174685084321e-02
-5.562120824516539330e-02
3.328850562787830786e-02
-2.027023842177357038e-02
7.342386388338113801e-02
-4.145005429863510282e-02
6.163093347881361955e-02
6.844916820299300209e-02
-2.064556921263992553e-02
2.500107314378492013e-02
2.445546569551632424e-02
4.188104437479149567e-02
5.590678092962120260e-02
1.732628405386749809e-02
4.621781148797144030e-03
3.799875168490634419e-02
6.551907110938862133e-02
-4.814548421824262764e-02
4.418618132514721963e-02
1.579272689420703479e-02
-4.527684279525902994e-02
4.604926186285694667e-02
-7.073270397057343506e-02
3.841871139758415432e-02
-3.914409056693532452e-03
3.653063655794805409e-02
2.149791756928508962e-02
7.136072178057176023e-03
2.625304311933009463e-02
5.482062204491518903e-02
4.150172291761222709e-02
-3.950116747059493477e-02
-2.733022440737967532e-02
4.781081777540593242e-02
-2.294805326215590587e-03
9.256312364873849063e-03
-4.793641378551828300e-03
4.437479363562933654e-02
2.173442693124601893e-02
5.789838101767091211e-02
-1.681367507156756452e-02
1.585384595780091679e-02
4.463585597930099652e-02
2.971472314243003149e-02
4.279166461124614407e-02
2.161411228135594678e-02
1.000767957727448365e-01
-6.600561725739902130e-02
-1.758791166923407388e-03
6.952803332304627326e-02
4.097927738224281524e-02
-2.455669986218508502e-02
9.176189889085285822e-02
1.576599249740157430e-02
3.023444634567629824e-02
3.394638152064217984e-02
-1.730395260292800011e-02
5.183821774754672485e-02
2.745751048887912563e-02
3.344417827555482003e-02
7.662464543204980383e-02
-1.580072238077707275e-02
-1.495180041717013471e-02
5.692092073914045702e-02
1.913093122870765037e-02
1.173774053059067207e-02
-3.360748419285077698e-02
4.996368836733319080e-02
5.105466461422760588e-02
8.958053323250992489e-04
6.625598750402150738e-02
-1.031041288196149659e-02
6.799899824668548254e-02
-2.380761362484988194e-02
7.304888244328769376e-02
1.282347361503541339e-02
2.735469296353876256e-02
-1.190465138362366976e-02
2.573460285694070121e-02
1.925688439724557166e-02
4.109691824692443540e-02
-4.433923642846270344e-03
1.097562907511738656e-01
-1.126411287876851255e-02
1.622379978088759472e-03
3.062088407388893763e-02
-9.775871544166994664e-03
8.007156021532808171e-03
-4.641968971219919554e-02
1.515364911236039870e-02
3.084822127784537377e-02
4.471228325917713659e-02
-2.430923888477352218e-02
-2.209709973961208537e-02
-3.918016834444233709e-02
-1.835569216396877937e-02
9.922336545030954746e-02
-1.744128548184226135e-02
-8.079359283753653753e-03
1.127316466010078178e-02
5.083334399941547704e-02
-3.906150683598817036e-02
-4.216496226691857779e-02
5.510178075145707316e-02
-2.677222381980727539e-02
1.657647973113140008e-02
-2.910567796411011546e-03
1.585029592922066605e-02
-6.975764589804282767e-02
1.095087805384329788e-01
-2.257404750478736802e-02
9.506875216206636670e-02
-3.713460841956715136e-02
-8.788924720173443839e-02
3.096978254580057266e-02
2.125717385136288023e-02
-7.097580015616830607e-02
-4.210236353347573263e-02
9.696108333719320738e-02
-3.292742302414528033e-02
4.606017750103524183e-02
-5.757977289863772108e-02
-3.675668997472324867e-02
-9.682366028340836164e-03
7.435196681963862630e-02
-2.105533786567842860e-02
-2.596197951596872916e-02
-5.994501397589198366e-02
4.741937213310631200e-02
4.268196062358872028e-02
-3.898675827415322426e-02
4.119350403579687125e-02
-1.608883347598375618e-02
-1.333988692871185787e-02
9.770162722723280124e-02
-2.987665688037715803e-02
3.720887057765689260e-02
6.592843245527995645e-03
1.691587575448517955e-02
2.781755733892712912e-02
3.576554325228280956e-02
1.162606016245814125e-02
-2.114227242929433634e-02
8.738946354287846496e-02
7.398483787642042269e-04
-4.478840599391559207e-02
1.017858796004166566e-01
-2.467137325221700414e-02
5.431937979940217737e-02
2.882940230075147284e-02
4.310085093461335504e-02
-3.903190863996845728e-02
9.082716211669171480e-02
-2.864536561285713212e-02
-2.171383150683530230e-02
7.261760873428087237e-02
-3.364333148573693533e-02
1.803986221629371237e-02
-6.981073603687209563e-03
1.899365506231791983e-02
-1.084538277225721194e-02
-4.958938165196021680e-02
1.181662281384949220e-01
-7.545926803777135150e-02
3.705886004364372655e-02
3.975687251601587972e-03
-1.101322403033904405e-02
4.062827450716118005e-02
-2.183463696283978461e-02
2.338414774319999556e-02
5.982383083228472870e-02
4.738824684151592137e-03
1.305727093398736417e-02
3.458508718911231655e-02
2.381870737440015817e-02
1.245326579645920050e-02
-1.963738430892816508e-02
5.006454223855472119e-02
2.875491748805659997e-02
5.305947385800889593e-02
-5.087660215790287474e-03
-2.897200086154012172e-02
9.680402719044045590e-02
-7.486535994250063941e-02
-4.167338871392596567e-02
-1.281070337760925083e-02
-7.328461419234792718e-02
4.141864054907869880e-02
-4.093424175073536592e-02
-2.484465383202093258e-02
5.754199783579184296e-02
1.746002837499554053e-02
1.274483491909288169e-02
-1.251846353346686667e-02
1.499544569941301322e-02
5.309209462652235423e-02
1.713976361938967727e-02
-3.881001792585146021e-02
-8.019612700528891414e-02
4.519689619758213150e-02
-2.599068219105422212e-02
-2.277420408954057562e-02
3.429361153478019397e-02
-2.177632645578354842e-02
4.535360462774553486e-02
-1.736773550336552854e-02
9.765809339015593671e-02
-5.028038202466964673e-02
-1.232802654837453042e-02
3.693648828988441157e-02
-1.175605933040979427e-02
-3.084915127279882346e-02
9.002072259319365832e-02
1.009375109126907887e-03
-1.617540032443027728e-02
8.171733925520724418e-02
-2.254944302268118567e-02
2.820212829237007945e-02
-2.971459667663072304e-02
7.894910191883564368e-03
1.119612238832201970e-02
-5.144040892303650137e-02
5.361291038766308192e-02
1.286959732409378651e-02
-4.025508161865906653e-02
-3.069511351283924720e-03
5.198235370239253153e-03
-3.964855352589560095e-02
3.759980973822515254e-02
-1.276634284233511656e-02
2.709493751967878908e-02
3.215369576047233391e-02
5.081993415454746921e-02
-5.200712107652672930e-03
2.545810870223865624e-02
-7.247049401489969941e-03
-4.799133882988440569e-02
4.982521941497455170e-02
3.901138517468868278e-02
-2.570957108328324886e-02
6.790035540675256991e-03
9.171116219028515801e-03
-2.814102349633598038e-02
-5.020330852083274009e-02
3.359557578667320132e-02
6.862127486015977273e-02
-3.734204314425444704e-02
3.619348287310154844e-02
-2.905424639706948725e-02
7.739312938268263359e-03
2.477921082063613833e-02
2.769727893429183713e-02
-1.959787938865364954e-03
-7.173473595694311589e-02
8.982471623707009856e-02
5.441134070802015887e-02
-8.123622515364605640e-03
-4.038039735802632924e-02
6.697081161478726785e-02
1.064613795805874341e-01
-2.167639299861561647e-02
3.012555266013648703e-02
-4.096252952636558059e-03
1.263199976568686654e-04
4.329456169583685565e-02
-2.214179252861497860e-02
1.095300240848992232e-02
8.249518721870713334e-03
-5.778233418661232225e-03
7.155185262163529791e-02
-1.155689438690081505e-02
7.831434942107928093e-03
8.007025793534107427e-03
5.040179604461299256e-02
-6.579964411122588008e-02
2.782073217000527107e-02
-2.378290332047739569e-02
-6.106703772179217921e-03
3.952393266615665535e-02
1.002153758560589761e-02
-1.253873039575130466e-04
-4.356791696656444474e-02
-3.485955676723818952e-02
-7.561613417287924022e-02
-2.110328618894141695e-02
-3.874394315327676919e-02
-6.188301685078715503e-02
-9.743964385413905749e-02
-2.375275280906592040e-02
-7.797154802235771454e-02
-1.034880492212637143e-01
-1.140914621111151078e-01
-7.847099844316558770e-02
-4.481424869420481960e-02
-1.285381750173171522e-01
-1.113504501254907325e-01
-1.211970259745045325e-01
-5.182156474882937403e-02
-9.438508080315730076e-02
-8.211621637798344198e-02
-1.109775401346079077e-01
-4.560460598873158911e-02
-4.133525869204848768e-02
-7.015252730595147868e-02
-4.655323882597486168e-02
-2.011653198096513204e-02
-6.907898796858502610e-02
-4.843394696144352057e-02
-6.286105291595461830e-02
1.240923718073999593e-02
-3.659776149186018401e-02
3.376864766643902782e-02
-3.043277674549286355e-02
4.180769083441266548e-02
-1.138777344414999143e-02
4.162304058994619610e-02
-2.213910997229285790e-02
4.216087157062205909e-02
1.179863283971894876e-02
-2.184437197246440199e-02
1.394134453826987446e-02
1.487636592980215271e-02
1.947443866461833969e-02
-3.575505311359228333e-02
3.138160236912440615e-02
-1.420766039531267191e-02
4.994432262456256072e-02
5.577077836594333468e-03
3.718595080350105969e-02
1.450128553368408221e-02
2.565837673336037600e-02
-4.560705438775032594e-02
9.446747444496346457e-02
-3.261989465707488406e-02
5.744217698282134965e-02
3.128091243079105660e-02
3.533688083374154215e-02
-4.117290230474704438e-02
-1.919251605915256106e-02
2.587306610364461384e-03
3.700378125444075267e-02
6.180831852201437368e-03
-5.484408048655727702e-02
6.675092715403067867e-02
-4.987132325979969777e-02
1.011064851194215519e-01
-2.024524585359107134e-02
5.072289735628332519e-02
1.582741604830042309e-02
-1.504581881758309224e-02
3.535238314860703057e-02
4.105448620415057953e-02
9.562132781888099675e-02
4.060835135919325239e-02
-8.878679021678756444e-03
3.286309844804714136e-02
1.216332594444043298e-02
-8.455767847140091900e-03
1.997770132087688111e-02
-1.031893862396577200e-03
5.115881723430984462e-02
-5.276958227486801961e-03
-2.397163256505890645e-03
9.907729429800286175e-03
1.113681715380254560e-02
1.028364870025490208e-01
-5.262884450246615997e-02
1.383523467870928503e-02
3.285847457257283499e-02
-5.189494360236584364e-02
3.045934283099627909e-02
-8.677273946239835722e-03
9.323934235071333620e-02
-5.008874684138534678e-02
3.885493932982585566e-03
2.652972346064787212e-02
-1.194043429619182778e-02
-3.559360495740450381e-02
3.969087534528471795e-02
9.451282343552514648e-03
-3.026276955390762996e-02
-6.860409504521866597e-02
-2.195860703475732006e-02
-9.909648959507055821e-02
-4.010052344808731628e-02
-1.298146949485189106e-01
-1.406145489858693365e-01
-6.388141541453697114e-02
-9.015109130960340111e-02
-1.989749357613926906e-01
-7.316261889405543950e-02
-1.479933640445433851e-01
-1.582647742351109554e-01
-1.267298349951587189e-01
-6.414070200345702022e-02
-8.297013815727291575e-02
-9.888988711704241319e-02
-7.250290263735723051e-02
-5.931491736644557006e-02
2.046020043262294225e-02
-6.757850673560977794e-02
-1.125144900500990724e-01
-3.351715643705892311e-02
-7.262108327315015821e-02
-8.764554050833216897e-03
-6.579538544692120627e-02
-6.141529864447618087e-02
4.499932767230702124e-02
-3.610497051866803225e-02
-1.066338225354968722e-02
1.714889198100157108e-02
9.379423120341840239e-03
4.755386995645685677e-02
1.608516914232599460e-02
4.061358327272723140e-02
-3.204715115899602756e-02
2.147357076507231191e-02
-2.845578412537108637e-02
2.951238969701902928e-02
-1.694174282814490604e-02
1.796998155679060613e-02
-1.385292861416248435e-03
3.690388989122696251e-03
2.645297180787337804e-02
-3.765343884892521226e-02
3.346461844235215644e-02
-4.355747074442829769e-02
6.340984144402447842e-02
4.161888902372739424e-02
-8.546580490172345224e-03
1.464732118250999804e-01
-4.627317461288376482e-02
-3.269252696848232165e-02
8.875964399728676624e-02
