-1.016741322334122621e-01
-6.574193233464198372e-02
-2.235187017643536223e-02
-1.786127002335513581e-02
-1.141593457326517402e-01
3.953138751539220230e-02
-6.735814660094874284e-03
-6.719793858577505219e-02
1.160694328796507691e-03
1.244478133320381374e-02
-4.613089138661830013e-02
-2.348710022352462623e-02
-5.501394696920680616e-04
-2.310506656550792570e-02
3.327341868930222546e-02
5.937315243345064886e-02
-1.685137407301251500e-03
-1.877262731023066067e-03
-3.183414331916001316e-02
-3.630030987757137950e-02
-2.373769852243290401e-02
1.989421627710985518e-02
-6.847726618665239684e-02
-5.816485678288962902e-03
1.615265865225623543e-02
4.109944177867808079e-02
-4.042731616516448412e-02
-4.115332707340302321e-02
5.963513037980039400e-03
-2.197528294595407772e-03
-2.797222838375024168e-03
1.598725387685018262e-02
1.827428129734709472e-02
-5.700925513504406794e-02
1.248961084990547477e-01
-5.215952575938498370e-02
-8.986732920778806033e-02
3.780594612322207837e-02
-3.181987391567719925e-03
-2.999867782293019758e-02
-3.947132380065276891e-02
1.452061689453554294e-01
-3.935662695267527766e-02
7.070231484637101715e-02
8.181393909653333907e-03
-5.312434486716322013e-02
1.491467207190755317e-02
2.782013870312294301e-03
1.520293836481778627e-02
1.397562043488065342e-04
-2.518712349478047230e-02
4.593351921663835213e-02
-7.216214808325460695e-04
-2.187926104994408760e-02
-4.008066786619357558e-02
6.312860077147064430e-02
-7.792046704008015467e-03
3.361605818647150912e-02
5.418454082857238063e-04
3.600086086394949092e-03
-7.913917134778447604e-02
4.538072004214299682e-02
-3.703600559421582616e-02
1.052315391953451140e-02
-3.799937451713786274e-02
-8.736632383238518429e-03
-5.209471757143369075e-03
3.006247073247259038e-03
2.162898470895413539e-02
-5.403802512737687636e-02
7.707357656622892961e-03
-1.417801673181573463e-02
-3.046067728064594249e-02
-8.319071433816382921e-03
2.700048520944076103e-03
-8.169352455602130192e-03
-3.788107042331123608e-02
-2.471721375179125602e-02
1.046766725233672091e-02
2.424772211012360401e-02
2.050330975088243690e-02
5.551861994607287798e-02
-6.894616339985049080e-02
-1.210812504189506811e-02
-2.183871853053931389e-02
-2.965390490821118163e-02
3.975861211330711242e-02
4.140319528381608549e-02
-3.716407042377722902e-02
1.874849084286722700e-02
4.430371223924245427e-02
8.347006139901580468e-02
-4.905470552600821321e-03
-2.080020989665554154e-02
7.776875698854279761e-02
-2.341512279497814930e-02
-2.875429643396998358e-02
2.201998723430875771e-02
7.869404188256545751e-03
3.459272292962811690e-02
3.308475153112588885e-02
5.329812837978398221e-02
2.813684454122711287e-02
-1.056543964967460170e-02
-3.133490888150891607e-02
-1.300126804794121682e-02
9.243944640928702938e-04
-4.990956166430571272e-02
5.584186416449554713e-02
-8.092397871614309679e-03
2.199357645564337105e-03
-2.502125032771518320e-02
4.511515944610966500e-03
-3.060147815607816568e-02
-2.169472100762526168e-02
-4.329938058004811907e-02
-1.299812607258044039e-02
3.261474836181399439e-02
-2.326072197234463346e-03
-1.091223043502154155e-02
-6.796268495859170145e-02
1.440210081493642491e-02
-1.471220549191576410e-02
8.368616853411392498e-03
-6.530805836641784268e-02
2.561811883393660949e-02
-3.172170748573721610e-02
3.432814932774208572e-02
-6.488634006485671790e-02
1.115358516957520862e-02
5.320339423904307807e-04
3.560241138589903542e-02
-9.871747238548467251e-02
-4.197463484342023321e-03
6.143591026443928627e-02
-3.172401727593543441e-02
1.505978920158979051e-02
-6.890599825733367823e-03
6.829620398249858226e-03
-1.645658795297322285e-02
-1.005504691049052823e-02
2.721087980233516390e-02
4.847754362708123210e-03
-1.236966913540138435e-02
-4.777358295049882742e-03
-4.164506598926198677e-02
2.182738554903629336e-02
2.074051070488636128e-05
-9.694721606706524497e-02
9.260159682507040912e-03
6.470876400181957422e-02
-6.192806895955627056e-02
-7.103048488323882026e-03
-1.601681587814551833e-02
7.144818083007375975e-03
-2.875323624869086103e-03
-6.259548364589972991e-02
-2.739676892883124992e-03
4.197937016715114211e-02
-6.805843997801375167e-04
-3.203041802539186023e-02
-2.879351683795405847e-02
5.182928244223594660e-02
-3.799229224110955982e-02
-3.386029182945415883e-02
1.175069931055361394e-02
6.416758082392659546e-02
-4.231155139348929950e-02
-8.081735849369975355e-02
2.999423590132233031e-02
3.144331483711937381e-02
-1.832010209372914034e-02
-3.217874823622546288e-02
-2.414658140824865740e-03
-9.258569827844898015e-03
1.816089226798878187e-02
-1.206203517980819484e-02
6.951556181475027074e-03
4.356638717305560959e-02
-5.706036138376280320e-02
5.556589572332626403e-03
-1.714002882635057290e-02
-3.500562886722402567e-03
-3.333719457601524994e-02
-6.200271693921344252e-03
1.365430704108083759e-02
3.271178282547015925e-02
4.080416195078528929e-02
-1.982901942606130063e-02
3.810567331587755291e-02
5.276798424400785947e-02
-1.240598550434190983e-02
-2.451740471851593384e-02
2.270626284259646965e-02
7.205915986533373285e-02
-4.074891677050107575e-02
-7.419906488901162334e-02
2.693239170829508922e-02
6.550662389359951376e-02
-8.715818230224803287e-02
3.229410076478256286e-03
-2.383682759863248179e-02
1.137818720080150392e-01
-4.777403526149059942e-02
-4.044743171692743999e-02
8.902213310195916662e-02
-7.310719192455739091e-03
3.907961722222630385e-04
-1.049973051199928342e-01
3.027128292919600838e-02
6.928726518189787242e-02
3.944477350751984801e-03
-6.608106448996275972e-02
2.787690862390990176e-02
1.087201896586553751e-01
6.909241403665467018e-02
-7.815640432425352557e-02
1.352260963105900160e-02
9.676735251304080521e-02
-6.195600099775466774e-02
-3.478375840318692624e-02
7.413830330921733491e-02
4.621631779096979642e-02
3.827825736313439364e-02
-8.544722150384709281e-02
4.469939191795857525e-02
3.154657559395968036e-02
-4.498932080397199940e-03
-8.441721302786486802e-02
7.456494318963491352e-02
1.520815412182852100e-03
-2.280522771947346428e-03
-1.024025197094502460e-01
5.094840481022400169e-02
1.012636663490895650e-01
-5.521890995524003642e-02
-3.879007043357596274e-02
2.943253222772979072e-02
8.736246207058862012e-02
-6.139156363442399567e-02
-9.723728016878041558e-02
1.122767075747677090e-01
1.090136577313716160e-02
-6.477548780745623347e-02
-2.151590006854853243e-02
3.257898819932636414e-02
7.699643711383874489e-03
-5.621821926518189017e-02
-2.196836091619802644e-02
2.648345917891781198e-02
6.169875569392324621e-02
-3.011826294338160181e-02
-3.644813429177062858e-02
-2.446743325251032886e-02
2.723169638711553375e-02
-3.977219226244965711e-02
-1.174887584491850490e-01
-5.088790325389824787e-02
6.580592263273388198e-02
-6.094395257452145387e-03
-2.887193749279104438e-02
-3.966030901539197018e-02
-1.306574285869954721e-02
9.396997852320376765e-02
-8.423379581256851267e-02
-3.280016134802732353e-02
3.003919622676765044e-02
-7.171191987413871871e-02
4.732158543805420337e-02
1.179353602663946177e-02
-2.704597962510435494e-02
4.929408672778157197e-02
-9.878642024666328680e-02
7.134373592009968235e-02
1.634473498824551285e-02
-4.748750951097058248e-03
-3.153212547066619464e-02
-2.252410008193761470e-02
6.084061759121750512e-02
-2.431190713648945234e-02
-4.622583933744817131e-02
-1.974233472785869026e-02
3.118541619431702827e-02
3.829443952946043339e-02
-1.249630312216201133e-01
2.337332834227812128e-02
-1.891334099390151735e-02
2.203174265658258690e-02
-1.177787254629114599e-02
1.501707980085198457e-02
2.852706493136514254e-02
-1.673717877096425610e-02
-1.018077252102651542e-01
2.711342368127445113e-02
4.471907441701405972e-02
8.693045323703518790e-03
-7.732025107599449498e-02
5.457582149711948105e-02
2.091841089282198141e-02
4.090662251596377530e-03
-1.011657896539119861e-02
-4.586827821091832291e-02
4.152759280359408223e-03
-1.391170287211007661e-02
5.824302592778440868e-03
9.408101937630419798e-03
7.396143996545312405e-04
-2.966888558831159983e-02
2.750959985454493051e-03
-6.855114348185420425e-03
4.811618917366056181e-02
-1.620333928772943466e-02
-9.201954109967136475e-02
8.313701109641824516e-02
-2.987348720036209215e-02
3.828512616185753004e-02
-8.173806594659138725e-02
1.116938674753553684e-02
7.345412744756130152e-02
-4.226942108287934374e-02
-3.023339203768848904e-03
3.618272491940999203e-02
4.333940471300357089e-02
-2.350353518220105187e-02
-3.247713009134489681e-02
3.337129888223167029e-02
6.498461909564445804e-02
-1.989221134994334506e-02
-6.233967493320902165e-02
5.787329893401338410e-02
5.603545607366555714e-02
-2.867468449491150650e-02
-6.866762351829436284e-02
6.415155369135439045e-02
2.410488944179123294e-02
-2.170522748541436897e-02
-7.244563399911285728e-02
3.188506679457692172e-02
6.299295181970654411e-02
-2.076787437981186812e-02
-5.052363851762908808e-02
-1.873186826361683543e-02
2.516329853589427401e-02
-6.175350572504489932e-02
-3.967392717098361388e-02
3.918412962028572366e-02
5.972042643065922363e-02
-1.918732482118779004e-02
-4.252626605756093525e-02
1.359821175671438453e-02
-1.783075337697237472e-02
5.115629194740378693e-02
-9.038860059950870607e-02
1.750001403095868824e-02
2.122030412286379786e-02
-1.702243535628866766e-03
-5.811880715794082164e-03
-2.497248896793191619e-02
7.903778708993991486e-02
7.865628019218950939e-02
-5.793769103010504296e-02
8.945874530183273166e-02
1.158147405217064829e-01
-1.793599406131995977e-02
1.569501411598039908e-02
8.894878073660361650e-02
-2.104706964878477748e-02
3.290405158947296016e-02
8.157694650091196209e-03
3.643611054679452010e-02
5.806567406867846337e-02
3.588402545114943720e-03
-4.997440189382640341e-03
1.062625796948393209e-01
7.123574733352899813e-03
7.093163731461027410e-02
-6.725506029174743716e-02
5.642057577970005511e-02
1.012529557726475904e-01
7.484799165488675854e-02
3.901824430267697430e-02
-7.826569110089165449e-02
-5.193224596650947156e-02
-7.102344173044805586e-02
-2.894052283025239092e-02
-2.640544725671656323e-02
-8.843325561202153295e-03
1.042841679718042869e-02
-4.382502993469650221e-03
-6.683029401990459029e-02
2.967930308394262084e-03
2.072652370635008623e-02
-6.129746966757632087e-02
-8.591679512517380601e-03
6.786592845851258105e-03
-5.253382032462616813e-02
-1.067922125946729750e-02
5.281368062002922414e-02
-1.094534449330897274e-02
-8.578422826627463138e-03
3.889158119476743281e-02
-2.761529441943766372e-02
-3.406725964580603616e-02
2.870454854102977293e-02
1.637864775349351376e-02
-4.286060538321878610e-02
6.149062950551176243e-03
-8.186621177268982308e-03
-2.636918492149842308e-02
1.457244556464809548e-02
3.795123447279058482e-02
9.864654386599447378e-03
-3.331214433771689798e-02
-1.816197069181457735e-02
3.320085187989896269e-02
-2.414175961605069531e-02
1.725402221204808129e-02
-4.126216696540918605e-02
-2.602444336977782768e-02
2.429902253409066404e-02
-1.642636357459981156e-02
-8.281283847733966752e-03
1.208448904834380500e-02
-4.468642684993051617e-02
-4.789045736258490393e-02
6.043048871941580913e-02
-2.346005233688597258e-02
-2.115810315825727983e-02
3.765839317355101912e-02
-1.869837542233909744e-02
2.539795204472072854e-02
-7.502533214867090905e-02
2.164100833199800178e-02
-2.785075047659013592e-02
5.787801405125536647e-02
-7.989734447046004107e-02
6.975579650196017667e-03
-3.640193904219479748e-02
3.535148614832106517e-02
-8.501103172835478006e-04
-1.187308635170181148e-02
-7.441525547149163700e-02
6.386230992646391158e-02
-5.137765468011012970e-02
2.075669747401809317e-02
-3.440201001542142478e-02
-4.288511854367094145e-02
1.138257666821078651e-01
3.214503681471869712e-02
5.343866727653745485e-02
1.414505905170271305e-02
6.930674400733582985e-03
-6.284766438287237023e-02
3.864551937859683761e-02
-3.843121372270941194e-02
5.866385637035786971e-03
-9.797268375623247039e-02
6.840220582795719650e-02
6.805463614808893169e-02
1.052853059743252828e-02
-1.238525593268891001e-02
9.998436011148026381e-03
-5.774775490470318573e-02
1.820197070448736909e-02
-3.121942240732700213e-02
6.584158293586162003e-02
6.947320274114332506e-02
6.667580606091405571e-02
2.820387743811103576e-02
2.852478169997230140e-02
-2.143314685910713280e-02
8.610467539340715959e-02
-3.838371387018479908e-03
1.431113521282378898e-02
4.094580305624750949e-02
5.413208609912989466e-02
-3.102252015524276096e-02
2.310748252221728194e-02
3.986909924640702485e-02
3.622462687033189965e-02
5.489469349014930444e-02
7.365744107643568128e-03
8.521827041407958880e-02
1.179154475116048761e-01
2.184086224758341466e-02
9.890596909792170877e-02
-9.256290255972210446e-02
-7.134139802936334540e-02
-7.284420314419470799e-02
-5.627829251158100732e-02
1.889679834736068820e-02
4.225826661581333354e-04
2.208634014831645231e-02
1.821133362250004772e-02
-8.548216820565279761e-03
3.812912425134040717e-04
3.814655890336604571e-02
1.198675857030417902e-02
-1.589148342532520353e-02
-4.672391351772375856e-02
-7.523197017073091075e-02
-4.269074548576057282e-02
3.240655780143208986e-02
-6.599278469757008381e-02
-3.127137733075713300e-03
-2.132237043487816841e-02
-2.076410888085522544e-04
2.490563489688280008e-02
-8.347801552212930076e-03
3.881724781233608645e-02
-1.018739753746000787e-02
4.038662834011574887e-02
-2.636779339258410459e-02
-2.257785129518907752e-03
-1.376626297867034054e-02
-3.011560677355529236e-03
4.667258072076663211e-02
-6.783521267923608988e-02
2.598199269988388238e-03
1.179400740809777304e-02
6.350134288252817782e-03
3.895186151739027380e-02
-1.728707991191980042e-02
1.373791073401964269e-02
-3.078151920397065311e-02
4.381814382789928075e-02
1.719004732898987697e-02
-4.022111443084064319e-03
-1.434888859276250983e-02
7.900475491426517394e-02
2.461787439095974861e-02
3.801811689925660431e-03
9.645749543230941470e-03
8.574787896861835179e-03
1.343803679179389476e-02
-1.708615754175868418e-02
4.067941920771511732e-02
2.535247518435035374e-02
-7.204114274022987985e-02
3.947852672419349673e-02
3.505648219763068951e-02
-3.075223392576198478e-02
1.326839320466044470e-02
4.773968651595072998e-03
-2.685453133142168269e-04
-1.976448007377840099e-03
-1.322266793701354359e-02
-4.478167053935289132e-02
-2.409585361626698230e-02
-2.376930075084437988e-03
3.085583245788603435e-02
-2.307206615596424371e-02
-5.829120294070744279e-02
4.855940477851872217e-02
-3.086865946510952696e-02
1.082879405730809985e-01
-1.267540630038932470e-01
-2.097250200178013557e-02
1.203198292009055592e-02
-1.438589629778963541e-02
-4.255558946093529471e-03
-3.678176092081475446e-02
4.239365249826976267e-02
-7.274397415599942462e-02
2.602352569797083959e-02
-6.692671510806214030e-03
-4.198792418167895946e-02
1.058294395355163786e-02
-6.614449587296977739e-02
-1.784767122251196270e-02
4.027063339628345062e-02
-1.047806258634254029e-01
5.704790763776035334e-02
-7.771187268563739536e-03
3.574511591875495498e-02
-5.911615434881056785e-02
2.904188187714229485e-02
-5.220784582071225088e-02
5.651265861674348301e-02
-4.825912867663939565e-02
-3.191588231163944300e-03
-1.528424731856103946e-02
6.083626145724263523e-02
-5.658753442641017983e-02
-1.787798512262872563e-02
1.199457992271124596e-02
-1.139919976121284151e-03
-5.351862873781421115e-03
-2.049677577596975553e-02
1.316777518811207415e-02
4.571672148260885749e-02
-3.835985200605440681e-02
4.013818132799062965e-02
-5.656364373755673469e-02
-1.774353612242673961e-02
3.032790932606310719e-02
-3.244555191420861462e-03
-4.891185065571335144e-02
8.535491198169076199e-02
-1.367580404028689856e-02
1.414903873437900472e-02
-7.930025065982615473e-02
1.292870453032231026e-01
-8.377311907342566144e-02
3.451373898335230450e-02
-9.533193630774761118e-03
-3.876389603559626806e-03
2.249587342337244777e-02
1.871261509988686456e-02
5.462762442768953619e-02
2.650043947514246767e-02
7.835956103291819019e-02
1.871528427095681124e-02
3.303676266440591647e-02
3.790197757166602344e-03
2.876712001789938356e-02
5.535096130130989778e-02
-2.760447811901478588e-02
5.606972985908109663e-02
6.055442440188407716e-02
1.564835044131558384e-01
1.485631071583726204e-02
7.253658775331506270e-02
1.269100777406426683e-01
-1.837585338828939818e-01
1.811215158596923835e-02
-2.116622512735955031e-01
5.452113453702223111e-02
-1.110904723336572086e-01
-3.773700720874684222e-03
3.757176284898688934e-02
-8.798772431462453802e-02
-2.414055439274065407e-02
-1.069576999125914085e-01
7.593578002786949277e-02
5.322140127349794803e-02
5.993814223589355450e-03
6.928647372586982378e-02
-5.378928728849929897e-02
-5.484284352422319486e-03
2.377770991962391278e-02
5.433787824485891704e-02
-5.664050257219166440e-03
-1.087906637949753730e-02
-1.821017524977008861e-02
2.482846753311696020e-02
2.520789198154105293e-02
-3.650523625978863151e-02
1.432964611828957402e-02
6.702979990366397800e-03
-1.506488782735315723e-02
2.006778407873932579e-02
4.011537741963078219e-02
-4.602385123175123383e-02
-7.613899641789600992e-05
-1.426500403443675680e-02
1.177995752347293923e-01
1.662171341308704697e-02
1.385028810916377751e-02
3.848731941943306367e-02
-2.581156920788840736e-02
5.999094159906182000e-03
4.968050759597897326e-02
2.234272961169248006e-02
3.966604199815204623e-02
-3.751383702550015187e-02
-8.644495417484021615e-02
7.495199881735592484e-02
-1.179472678901749561e-02
7.620198562323254876e-02
6.005725593447586164e-03
7.772580677129203863e-02
2.968855614000220910e-02
-5.080395293957806757e-02
-5.918420344107788722e-02
-6.748010232489498605e-03
1.235270514188746560e-01
-3.136936194555994817e-02
-3.625099705373102665e-02
6.366893359815950504e-02
-9.773228287488588961e-02
7.279746926311148059e-02
-4.037748125507123476e-02
1.085733835416529125e-01
-1.578406859112480021e-03
1.120401091828604478e-02
5.158375224030242734e-02
2.448733859387219880e-02
-1.802516689387090310e-02
-8.746124933670884616e-03
2.070715403775835739e-02
1.557746395318737598e-02
4.431548996521250672e-02
3.578802604860831238e-02
-2.648680832369354476e-03
3.055679213916828729e-02
1.431300724668504998e-02
1.295978404365616399e-02
9.897354463747687348e-02
-2.929815478361863512e-02
2.032811844030257831e-02
9.355809995250341515e-02
-4.908462947786862429e-02
5.062179101582575669e-02
6.399337452845399454e-02
2.664889217389543319e-02
5.468655470331551527e-02
-1.678330047870701947e-02
4.097893883670034043e-02
3.911681469594618932e-02
-1.551951084990133012e-02
6.069779430985500213e-02
8.431344028977916238e-02
-2.941599688258422773e-02
5.993605816440927825e-02
-4.781987718297564527e-02
1.385992492863232783e-01
-1.252175742864514163e-02
-5.496422710716242221e-02
6.486199309770901422e-02
3.675363010286769594e-02
-4.004250651470675493e-02
8.114329644693629717e-02
-3.667068826507513535e-02
6.150863686604290947e-02
-1.319229076200789663e-02
8.091468568753867885e-04
9.633997618540224295e-02
5.670454507630218188e-02
-6.583026364195987412e-02
8.778953064479733115e-02
-2.767080681792055685e-02
-3.544510526970334752e-02
1.227103087874290566e-01
-5.113878609554101118e-02
1.043603719539216712e-01
1.376021008795857981e-02
6.691179105697564466e-02
1.601480637885277503e-02
6.003887194466450694e-02
-2.841943424624115977e-02
9.086968186591537489e-02
-4.356559470253973387e-02
1.276343988525034945e-01
3.172117176888988865e-02
3.636140871210891135e-03
4.356438087601510745e-02
-1.086115243719421031e-01
-2.635258606368129364e-02
7.096904194177433567e-02
2.135505557388128750e-02
-1.212383446728004799e-02
1.832966647741685051e-02
2.820762732061066203e-02
2.216370129318256943e-02
-2.059952814244070396e-02
1.472566714790746190e-01
-7.986893161990327172e-02
5.820991814272247211e-02
-4.295766226422159662e-02
-3.811456138050228759e-02
2.550409861659819200e-02
9.018117612039677766e-02
-5.827357360514673346e-02
5.387569910004685880e-02
-1.193568249921872493e-02
6.413168816558378893e-02
5.070360258364825512e-03
6.188481173813809022e-02
-3.600209760659023317e-02
-6.094711167610755709e-02
4.512951094663542051e-03
1.040275875066987155e-02
-1.985268342061408120e-02
-9.400701567443547901e-03
3.305693148059773989e-02
5.441579823722619835e-03
7.673687603560086501e-02
-4.251976606956908711e-02
2.406206790511156157e-02
4.925688325004795587e-02
-1.350027880148521042e-01
6.206229955320008429e-02
9.346523016198204914e-04
5.324836516686470844e-02
-2.594534606478404726e-02
2.494905445903849994e-02
8.314803594118735930e-03
5.985558072151953013e-03
1.247716630800166371e-02
3.270987511995571140e-02
3.754986217891076450e-02
-9.403629497520604730e-03
7.315056231317829116e-02
-1.999905943058699620e-02
-3.490833878041410543e-02
2.641367175746367479e-03
8.699476357868718424e-03
3.545845034684713681e-02
6.336386508940483608e-02
1.426411516997294626e-03
-4.300841807952870965e-02
9.032210902424697707e-02
-1.079136456013429779e-03
6.532319478976411631e-02
-8.380269906388182477e-03
3.518404430540034156e-02
2.384959711036183094e-02
1.158681542091288819e-01
-5.122411283206895760e-02
3.852978198137790855e-04
1.686185171360987667e-02
3.385923072754515317e-02
8.293361872743965080e-02
-4.111600907244827852e-02
5.650966925271116992e-02
9.546104890774209650e-02
-2.878734228190804600e-02
-1.269336248384256294e-02
3.574821793366922407e-02
9.676713492572464048e-02
-1.468770740378833040e-02
4.512380626462064726e-02
5.815314120319703406e-02
1.850225885185796670e-03
5.479914033498456405e-02
-2.126975751370263623e-02
4.245900568259353136e-02
8.869507150407374141e-02
7.805235240090802051e-03
1.457660961663442833e-04
5.657861264585006822e-02
2.378825407716389506e-02
-2.227476833529529188e-04
-2.315330651729841094e-02
2.209032093169627231e-02
5.120967347055138674e-03
7.637309298413663683e-02
-4.575782562874852744e-02
-1.839068884976091667e-02
4.681216407850863348e-02
-1.793012526480231017e-02
3.342709174186841992e-02
8.349053388836846779e-03
3.242983999354631663e-03
2.280543967787052040e-02
2.637846361400653095e-02
5.133803507075507255e-02
1.644564364285727720e-02
-2.798493058295647984e-02
5.198192634048526273e-02
3.596099855600787265e-02
6.019314457731184120e-02
3.006433091784543876e-02
-6.053352648231102862e-02
3.096303939195044208e-02
3.684608536224542874e-02
-5.369527945218433018e-02
5.717885562018754086e-02
7.651442024477095316e-02
6.053588360562534021e-02
1.199789354895974824e-02
5.122400708600505226e-02
3.819128566935869884e-02
5.730168815784120184e-02
-2.954036172680307715e-03
5.573249564231685937e-02
-2.798087006882798988e-02
1.395012767789660657e-02
1.435248294008761860e-02
5.868100859778913048e-02
7.671447559909472247e-02
6.023002674811372970e-03
2.771126298303228097e-02
-9.572025971444908521e-04
3.731307893538238218e-02
2.242990792600263461e-02
5.848148256076113327e-02
-4.179274812484079504e-02
-3.630516874661093851e-03
2.026756035297161418e-02
7.243918923171310809e-02
-2.306316424912857599e-02
5.897641740654480103e-02
1.778884466793373420e-02
-1.286174250636085148e-02
-9.751573798349344457e-03
8.818141683538005537e-02
-5.196326178491617043e-02
7.128915343892705536e-02
-2.003756331054384887e-02
2.101792514581468652e-02
-2.448857085513012066e-03
3.694075155961629164e-02
-1.166732920728961176e-01
1.146611256363443410e-01
1.019039801312047189e-01
-7.379450111062402229e-02
5.454545170131730458e-02
-1.673751683020530123e-02
3.818313784705740233e-02
1.114212193783847837e-02
4.532361056002232047e-02
3.202414934296760052e-02
2.889651333657905496e-02
-3.633486474541847144e-02
-1.764362919788542428e-02
5.813057110569763708e-02
5.228785162376947682e-02
-2.797547996447136143e-02
5.594284913577096674e-02
4.161903047801818190e-02
1.317257284433681619e-02
-1.294162157826228565e-02
1.771248564986960261e-02
1.549360212867112452e-02
1.148712216482028481e-02
4.152389783988752470e-02
5.434198523814082193e-02
2.603727502083286183e-02
5.511210562748480868e-02
2.878497006515967627e-02
3.869789453173577698e-02
6.677762229836137209e-02
2.372465491384456726e-02
4.831308593516547845e-02
5.901555429856220059e-02
5.733018790657062880e-02
-1.275220627793061112e-02
-2.229112191152493594e-02
8.047860493722236441e-02
-1.167006821403027139e-02
-3.661786835417801811e-02
3.572003830095327181e-02
2.862066948229724517e-02
3.247657104246193249e-02
3.458785726722513054e-02
5.273844757675538730e-02
9.151327423580335463e-02
5.844842398719785059e-02
-4.592907596850581697e-02
1.411444478794554591e-02
8.957121237059095797e-02
-4.014705949617325409e-02
5.021877462452417618e-03
-1.934816563831720515e-02
-1.423911124616927815e-02
-6.575282856868813752e-04
-1.412175685915828538e-02
2.796358212275018573e-02
4.521593620892683241e-02
1.061898754714318827e-02
-1.834272015837989933e-02
4.547388436056976069e-02
-3.012129203688784784e-02
1.544974803865906132e-02
-4.172747050444036709e-02
-2.252986569838033581e-02
-5.949180731764203145e-03
4.191412516091652662e-02
-8.473311573194086677e-03
6.157239456002550071e-03
-2.047657657606793968e-02
4.369257637415735473e-02
4.129616362528620854e-02
-1.122350958244888730e-02
3.114857584895869280e-02
-5.269732630647805394e-02
3.034187778946995095e-02
-2.357185074114642731e-03
-3.238072707695849317e-02
-2.743634722958754324e-02
3.498516782678917636e-02
-7.614489558946502257e-03
-1.451708595847733818e-02
-1.043881982258998420e-02
-6.295414141930155694e-02
3.660111669949328572e-02
-9.150762120009314771e-03
-5.001867435829243647e-02
7.613010004289488819e-03
4.929810319377025962e-02
1.505076186442355635e-03
-1.606245958650198702e-02
1.023661630856231852e-02
2.682635095924412738e-02
-3.613888103318618761e-02
1.247385117827271017e-02
2.233705780524397611e-02
-2.028043155185788038e-02
3.644338810716574173e-02
-2.549940910085979340e-02
2.002399714882008297e-02
1.226024855822860360e-02
2.812436223778025379e-03
-7.675395446951061018e-03
-2.053085410999644367e-02
3.683766686860723283e-02
1.455237241622731048e-02
-5.192360781022875571e-02
-1.766068663010322837e-03
-2.600986432057617037e-02
-3.945230050555625922e-02
2.867988014627576021e-02
1.372051751411795806e-02
-2.942689624108307811e-02
-7.898709473496312583e-02
3.909328410762391570e-02
-1.052337894280697128e-02
-1.179565155048925007e-01
6.397877746147084821e-02
-7.646481964674167742e-02
-7.022945278842307459e-02
-1.316541003398175036e-02
-4.708041510958604903e-03
-6.263057933910509689e-02
3.218489031082194529e-02
5.857752150841388783e-03
-2.714935542599539176e-02
1.103779994471043580e-02
-5.339144520019933893e-02
3.024459484521191399e-02
3.018108503660377195e-02
-3.322235157222852564e-03
4.125719890420143088e-02
-4.483312684203877296e-03
-8.735641996007093013e-02
6.032186599487365797e-02
-2.229061906132967508e-02
1.951423042324185175e-02
3.735174014805942022e-03
4.281754677016103017e-02
3.402944574521171717e-02
5.152209313450484274e-02
-1.899027222955318450e-03
-6.197618758136069772e-02
6.367843793456229307e-02
5.492619286549871305e-02
1.297371417067516575e-02
-1.769619735622729451e-03
-1.184654825055542204e-02
-5.119032274644741420e-02
7.631126530161402854e-03
6.680309938974193784e-02
5.971600341763183550e-02
-5.088868558915948803e-02
9.949543371122082647e-03
3.050123410392457934e-02
3.312552049368155949e-02
3.901114236840230731e-02
6.194091146947267035e-02
-1.863847609549829087e-02
-9.363223756142557974e-02
-8.827006700866668609e-04
-5.568529552949419426e-02
6.128142359718369292e-02
-9.570949947240947608e-02
7.021514234527326259e-02
-2.641501657616673882e-03
3.022138629013215727e-02
-3.172292397936793407e-02
5.618647381148011988e-02
-1.406470403308746064e-02
-4.505897133528380394e-02
2.958648193246959934e-02
-2.865835449125553325e-03
-5.076748801871144856e-02
9.787184538513127308e-03
-7.149027053850565139e-03
-3.947108908106078395e-02
4.077019846988960694e-02
1.310435659574338274e-03
2.494203237964010000e-02
-2.484460554361334061e-02
3.053078067923209460e-03
1.249751540879229239e-02
-8.467523025993495267e-02
3.362709708620492677e-02
2.364062106757769399e-02
-4.096851999065487249e-02
-8.142787830744957489e-03
-1.285161317478022980e-02
5.379850061422830620e-02
-8.582003061603948879e-02
6.566052735777860860e-02
-2.103769476344963252e-02
2.590589703561496648e-02
-6.895498755628537424e-02
5.874394608755828529e-03
-9.590968820044842857e-03
5.362236428509525865e-03
-2.703013984408642045e-04
5.743572264838370245e-02
-3.830456172339680165e-03
-4.423058654910372312e-02
-1.473527155550202750e-02
9.354092536304481342e-03
3.350712316401605051e-02
-4.844546806288940743e-02
1.823214911548554085e-02
5.353203001701167807e-03
-4.304897222117487487e-02
-3.643192341840029158e-02
5.087824886784497735e-02
-6.042676760722809348e-02
2.085688995055345885e-03
-5.438202607174424941e-03
9.867635807707664242e-03
-6.725716758879496382e-02
1.881964992994689112e-02
-3.397654265876104418e-02
-1.077611441923309599e-02
-2.540720239381277779e-02
-2.920615673782966937e-02
-1.719179341637033787e-02
-1.341707818675264008e-03
-1.086363922556854433e-02
-1.777005121077479544e-04
1.352297575495020610e-02
3.353324137782154324e-02
-1.366373823446442870e-02
4.513833449367066208e-03
-1.070141395661217132e-02
5.763271651273216278e-02
-1.342170580633794685e-03
-2.622489900117441763e-02
3.089544650486475419e-02
-7.829355202662480195e-03
6.804498317178442335e-03
-4.323309040311595908e-02
5.037592020624392930e-02
2.397325156125829082e-02
-9.489508346224484470e-02
2.992216209992148990e-02
9.488084091396675746e-03
2.051442707618766903e-02
-3.137652447980432413e-02
-7.525985502873266952e-02
8.835903538946343616e-02
2.747856307414231480e-02
-2.325952068461045741e-02
1.161535891083431693e-02
-5.839862772365922439e-03
2.420281523995848616e-02
-9.612991763019529401e-02
-1.746111724370358331e-02
5.744346348524631551e-02
7.306341788083869915e-03
-3.637119239169850360e-02
-3.002884247117298955e-02
8.833039421983235329e-02
-4.041391012662254312e-02
1.383415805826926359e-02
-8.325634961699135417e-02
8.085180764771227047e-02
-4.942263127304791226e-02
4.321183531413907986e-02
-8.718402587643936386e-02
6.387913260490130085e-02
-3.919264208746886524e-02
-8.186282349054607721e-03
6.742690423035213598e-03
-1.836571189935121140e-02
5.880092578720486074e-02
-4.807968892648561976e-02
2.072408455467078525e-02
4.952244613340361923e-02
4.114127310339776855e-02
-1.178433270049987769e-01
6.119545673766380034e-02
-1.386156104840052805e-02
-1.563282890840600459e-02
2.689712086434781213e-02
6.357797583144364495e-03
8.722368852489559288e-03
2.688666652331139773e-03
-1.188916653203220264e-02
-4.356562863988466816e-02
5.475302708755069858e-03
6.714592483874515239e-03
-3.122841521558772371e-02
2.066045223734214176e-02
2.903412247306391691e-02
-5.272997775072996163e-02
-9.813531255860930003e-03
3.807363541392216888e-03
5.119756590353796710e-02
-1.002408930579927748e-01
5.405919081066379306e-02
-9.421595309688202136e-02
4.271406596920090948e-02
7.264095039316309510e-02
-1.107609214412317300e-01
1.566818839031558497e-02
1.571438599563825811e-01
-3.834485380920771291e-02
-6.686548580719620105e-02
3.844644865215229856e-02
2.482525569693372347e-02
7.059597038887988063e-02
-2.259011130613775009e-03
-6.151623063769484645e-03
4.666212656092749711e-02
-4.592930016280583061e-04
-3.468909041551837547e-02
-1.064306713798757187e-03
-1.617696434767523783e-02
-1.444428282931120577e-03
6.050715438694176385e-03
1.806326330463736696e-02
-8.401954866877670014e-03
4.348543147076666671e-02
-7.605958628531972465e-02
5.661210961056539759e-04
8.102615518555289498e-03
6.579843148018493793e-02
-1.103652299305086792e-01
-2.687536320719230432e-02
9.333954390621546082e-02
8.047106594418984571e-03
-5.671549947774456868e-02
-8.491594966089532903e-03
2.279533592488780513e-02
3.213599667922961700e-02
-7.194427053709162578e-02
-3.613179429446233826e-02
7.125181517268419640e-02
3.321491718459856912e-02
-1.002422829744871180e-01
1.462474360718690747e-02
-4.774771577308101200e-03
-2.258616570851579297e-02
-3.142956517055850441e-02
-8.542053742345379064e-02
8.779401861611635383e-02
4.349974508678666751e-02
-9.109598389598971835e-02
-5.030390488932567905e-02
9.907942010384251930e-02
3.205230179144358260e-02
-1.534691856943348753e-01
-2.507293919103847912e-02
1.733924570198386306e-02
8.763601096255957401e-02
-9.622335835902084966e-02
-6.193884428487050897e-02
1.019248171622169075e-01
-2.492853251248039470e-03
-5.681089572774178365e-02
-4.858984069899330294e-02
3.735241669848621271e-02
6.575903706323327214e-03
-4.203726659607287530e-02
3.216457518411175442e-02
5.419210055494172451e-03
-1.199284254924393167e-02
8.150526955010839458e-03
-5.986034938961548590e-02
5.679534699372235096e-02
-9.016587607681403327e-02
-1.138060144508159510e-01
3.791579061335381695e-02
-2.898969482319335711e-02
7.952393111337086040e-02
-1.189544207348474103e-01
2.518598631343982319e-02
1.853038431842302103e-02
6.284172538130361474e-02
-8.916689404285715881e-02
2.481273032332920181e-02
1.648623475561183938e-02
2.265141744195453555e-02
-2.520449538970703784e-02
-4.271149825715125914e-02
3.355639727548087592e-02
8.517821184505613985e-03
-9.211348424040188831e-02
1.099495289476504212e-02
6.106567859278300148e-02
-6.044538874645954962e-03
-1.243005342909642152e-02
1.400073990404138158e-02
-1.318494092149835595e-02
1.917778170501627244e-02
2.458553493720661010e-02
-7.649814625208506413e-02
2.161249008012910977e-02
-1.812032888402104192e-02
2.000288306752606715e-02
-1.271578305833935829e-01
8.274830359455975781e-02
3.756158996258252003e-02
-3.470359277026524580e-02
-3.316403607983797741e-02
4.746681566433208488e-02
1.575773545105096929e-02
-1.736230102999902769e-02
-3.246743652872963182e-02
5.613850583818447149e-02
6.740045092930024850e-03
-3.178343370758796027e-02
-1.369017244401504740e-02
3.951691769309828572e-02
8.030100707441967245e-02
-1.184271998515487034e-01
-2.814217446372424547e-02
1.161996154161437644e-01
2.530916162802565594e-02
-3.669948212470508508e-02
1.947628583700788951e-02
-3.435379254452675113e-02
4.749731844242877088e-02
-5.905603180330309954e-02
8.835532042499316674e-04
1.905516897919623531e-02
4.846943433408412716e-03
-3.511560915841283048e-02
-4.687803489332242890e-02
6.342282999586812409e-02
-1.189277732008076072e-02
-1.168350123392691842e-02
-3.536637009120546793e-03
3.768206721609201892e-02
-1.746666845169908555e-02
-4.813171005307603778e-02
-1.739629377753937334e-02
5.533983456392110867e-03
5.202673059973683678e-02
-4.912898693283374030e-02
-1.772809122894924982e-02
5.477582587620544174e-02
3.784056629733889565e-02
-5.370022076699365599e-02
-1.238417812422643038e-02
-5.952836596475385988e-03
-7.576738490970846840e-04
-2.412730739556279147e-02
1.199350452322622829e-02
3.064303134525880878e-02
-2.621039135603187020e-03
-2.997530572211770661e-02
-5.341357917420186396e-03
-6.027048100973164679e-02
3.714597834394073317e-02
-3.896169878232225159e-02
-2.300448524333820188e-02
1.311319696978419103e-02
7.409474796061488178e-02
-7.916749643010234649e-02
-1.726338449287823096e-02
-2.379462156083089752e-02
4.432069877052358109e-02
-5.819902380932395758e-02
2.795819876014737915e-02
-3.567791223593586025e-02
4.241904055997158807e-02
-6.103072548425281241e-02
-7.796448174916648099e-03
1.646362168549408977e-02
3.536044122021975156e-02
-1.919292451148413292e-02
-1.691795489713454614e-02
6.831213343919273484e-02
1.710236935821285442e-03
-5.427186756967294912e-02
-8.760886860234684548e-03
4.338480114219578354e-02
-1.728258513083957837e-02
-3.503598242195948842e-02
-2.300497579478566479e-02
1.640082122877339899e-02
-1.826510968842276483e-02
-9.622836878936613658e-03
-1.461900447036201811e-02
9.474113054332988781e-04
6.636118899251064462e-02
-5.327337049259961432e-02
1.695229870000991568e-02
-6.994209997783729094e-02
1.003029141834650417e-01
-4.872157381796693443e-02
-4.045618841015574674e-02
1.283740224876526170e-01
-4.192506180811195193e-02
4.306795717569755766e-03
-2.467830496241107952e-02
4.949584224766301332e-02
4.642312287687255790e-02
-8.792068514428352799e-02
-9.427319973351888649e-03
-5.379840545458147716e-03
2.788018666906610932e-02
-7.845943223470674965e-02
-1.060770023416912622e-02
-1.880282100531083245e-02
2.312466750924624392e-02
-2.404825930496956587e-02
8.224233993175733559e-03
1.506103663927582659e-02
1.865696638161207233e-02
-1.438596260715274688e-01
4.153558815273639127e-02
1.230028474332733879e-04
6.833222671021443873e-02
-7.276286797629394343e-02
-6.209373014293850801e-02
1.478199098684163104e-02
8.683602908472476400e-03
-9.030697474242010969e-03
-2.984283068311599507e-02
1.346517550948256314e-02
1.037199539497510870e-01
-4.614154952992199910e-02
-8.750052810598152320e-03
-1.994205161522177860e-02
5.308805252651804807e-02
1.589187831669836015e-03
-1.279672722421576481e-03
9.358667125209052529e-03
6.495892422940618971e-02
3.419240391487621267e-02
1.189478108182662197e-01
1.526928359926449374e-02
1.003150542072490659e-01
2.155994094447466480e-02
3.101599557824918918e-02
5.304104945283460992e-02
-1.562076263566236634e-02
6.011485590917686750e-02
-7.217604899007090680e-02
1.351735567969589713e-01
1.900979897632426585e-02
1.319508216122122768e-02
2.021758407718188266e-02
-2.257856288296666847e-03
5.023458627037236113e-03
4.206028350357904344e-02
6.871260289988256886e-02
2.403991699449248287e-02
1.013730050031358410e-02
4.785147691671820525e-03
-1.773644501340387869e-02
3.677561609101820395e-02
2.227102987080242791e-02
4.575540939455224887e-02
3.096472255027804543e-02
8.312069919638842563e-03
2.064356970803360447e-02
-2.338488389726789407e-02
-1.664889542624363727e-01
6.035879569149749102e-02
3.584796145728819106e-02
-3.885298534898073974e-02
1.471332856045060034e-02
-1.766265740871997281e-02
7.844089624730932186e-03
2.698040841867843653e-02
-4.400824465963770749e-02
4.857780644121234559e-03
-2.622618397072828955e-02
-3.409820248575168300e-02
1.543038156826570528e-02
1.303793470328784565e-02
7.345017383222973706e-02
1.322620225946202765e-03
-4.028194488247960336e-02
-2.065403717023439611e-02
-4.271194296699754034e-03
-4.351801943378896809e-02
-2.971841401508967806e-04
-2.628614917368610193e-02
1.640072006551696049e-02
1.731375780907962181e-02
-5.598363364841585366e-02
1.840708903257848306e-02
7.556150285406459943e-03
2.861528597614793057e-03
-2.469502385290578417e-02
4.123989923929149981e-02
1.876564524116774990e-02
-3.484186597715410727e-02
4.733052638952628399e-03
-4.040459288231534885e-02
2.257331506218696049e-02
2.370738153714313512e-02
6.517229534294788351e-03
-3.217926628566836200e-02
-4.232381955258368578e-02
-1.633674637772308813e-03
-8.705742592725229656e-02
2.783123954513921916e-02
4.304835835052633897e-02
-6.722478052827840500e-02
-8.281004141018399878e-03
-9.153425578420915087e-03
7.598043685453692575e-03
-1.509327615681406165e-01
6.623975824165428961e-02
-2.869225524425367269e-02
1.757027766718843864e-02
-3.979863948732065282e-02
4.642143431896395001e-02
8.511280543591892567e-02
-9.615836759600782102e-02
-4.752019509692217980e-02
1.648585755930342955e-02
4.377674835545963816e-02
-7.498323751872426612e-02
-1.256647702041124859e-02
1.205232651297372115e-02
6.823178298978538336e-02
-1.075012887701434217e-01
-1.998141252233898157e-02
7.523014962916496629e-02
-5.693673775196250730e-02
-2.013600648962388107e-03
-1.081155442854342397e-01
6.265639222676089304e-03
3.939047800130657251e-02
-2.442841308628151964e-02
-3.917546825401396760e-02
-4.755127092388011789e-03
3.578365777690040161e-02
3.306922182268001720e-02
-1.298214258471062088e-01
6.729781376631027712e-02
4.200874010151212090e-02
-4.590439820627212342e-02
-6.501009464325369080e-02
6.463702095436740791e-02
5.190343671983965734e-02
-4.318606776837574657e-02
1.505100971428419143e-04
-1.046035166531522620e-02
-3.591341267183567609e-02
1.664204988106199323e-02
-4.929919801767823628e-02
3.340126683748367853e-02
6.272858834063033129e-02
-6.760387688864000211e-03
-8.783623701765641556e-02
-3.778982349301296395e-02
6.598717055838587697e-02
-3.683304898642880687e-03
-3.763939039607944181e-02
-4.886862460748941928e-02
7.907286776775457326e-02
-4.111558245077118201e-02
1.886605337016344919e-03
-7.416968245117505631e-03
2.091805101054333704e-04
5.309145665461789676e-02
4.276243942979851553e-02
2.155390881336538556e-02
-1.195104323922668854e-02
9.576551728793658569e-02
5.078111578515720481e-02
4.153156272978186792e-02
4.860589678723803431e-02
4.249848874640771434e-02
3.030637989902440488e-02
5.525768086797144818e-02
6.253259067134520066e-02
8.939485088285237246e-02
6.489901061694780537e-04
1.575831315730749083e-01
2.994115700323041196e-02
-4.239371334638186717e-02
-4.799463476825405195e-02
-9.554629654661117577e-02
2.905581785893618374e-03
2.100846467309436250e-02
-6.206250412263614180e-02
-6.967837905190066294e-03
-6.873062510706406947e-02
7.697558292995010376e-03
-4.590400506214242782e-02
8.792913988907136158e-03
6.246739289691927155e-02
-4.634739546633093177e-02
-2.609269450168194560e-02
-1.628011827547681811e-02
3.675811485103452902e-02
-8.781804099869172653e-02
1.029068822489254131e-02
7.215178025823520969e-02
1.937769872048944464e-02
-7.665520405453207786e-03
4.955995017578018746e-02
-5.442749859897944020e-02
-3.371900699490204545e-02
3.414931180571656455e-02
-2.448472510267585278e-02
-2.782773290401951982e-02
1.541680892328711749e-02
2.257681542279410536e-02
-5.741286005161327921e-03
1.112340350132035027e-02
-2.783079609499417018e-03
4.863308765791662935e-02
-7.582249530613260902e-03
-6.412639005545894832e-03
-1.652530411846520053e-02
-5.639699960359534359e-02
4.164246932985626870e-02
2.851795400095147315e-02
3.920967566415045624e-02
-6.311722354271420699e-02
1.084782244622664038e-01
5.246435244064029391e-02
-1.199692121141016088e-02
5.950942432163053297e-02
-7.012810804147040500e-02
-6.203043966262322684e-02
-3.016113206811921188e-02
5.422906118310688584e-02
5.600486650521130372e-02
-2.805621904370614317e-03
-4.646691054272134025e-02
5.988444612987242621e-02
-3.919362826749539508e-02
3.491353621663995099e-02
-2.224072337012250600e-02
2.545359194969165628e-02
-5.262279722342189103e-02
9.869235417157229406e-02
-7.729603655682160124e-02
9.002998429517283796e-02
-5.058104841804356155e-02
-1.736166905644598302e-02
4.699462664595355221e-02
1.325206011138213569e-02
4.468863151411905932e-02
5.363554548176274750e-02
-1.137543701775634020e-02
1.256018623006927015e-02
-2.326713897593979397e-02
-2.443168484102642424e-03
6.798999055692256377e-02
-2.176558391447080965e-02
2.650599981853041243e-02
4.559249470764825674e-02
1.097983749000608356e-02
3.259959177180249412e-02
1.325555719842963498e-02
8.104435383896291256e-02
-2.739556842865731312e-02
8.520700326926178292e-02
1.905610820411851591e-04
4.085394164219202651e-02
5.682968175784264275e-02
-9.379967040095138486e-04
3.384693627140133998e-02
-2.660712147866028943e-02
-2.022705972740190816e-02
4.011412274150671919e-02
1.872844587774658009e-02
1.124162860963551225e-01
-4.409441675815806150e-03
1.106174825334118594e-01
-1.006594040412824853e-01
7.494474045030319331e-02
-8.468453290415567380e-03
1.514446095305110873e-02
-1.941738544841253855e-02
1.107397996469385859e-01
-7.240643669875979072e-02
6.311321233571209888e-02
-3.057282957434281911e-02
3.937823647527505244e-02
-5.206082317944282778e-02
9.019996996542634093e-02
7.600661851797863022e-02
-3.215804177185876966e-02
-4.732903706878843764e-03
5.665428416170836812e-02
5.402479224081702114e-02
6.887610358777607189e-03
5.464162807782457776e-02
7.709486401526088883e-02
-4.585361910819418796e-02
6.692386557052287799e-02
-5.759120932318673169e-03
6.101587878406711241e-02
-2.689783977747328692e-02
-8.525258136036661938e-03
1.500311722138025772e-02
6.031789642008611452e-02
5.340897309577918861e-02
3.259813416712908918e-02
3.218285598638814804e-02
3.863495461756016880e-03
1.780749613183019164e-02
3.892121466782594297e-02
-4.196288540638182241e-02
2.567236349216628355e-03
3.650661455180781445e-03
2.323140898070441551e-02
-4.279137060509885515e-02
2.675497168319651564e-02
6.610978767051189919e-02
2.601143478495782091e-02
-3.946539258376269288e-02
9.153374762638577522e-02
-5.940088036567470198e-02
5.125120487771983591e-02
3.185545959496671742e-02
-6.677264591207654476e-02
-9.031841132428253260e-02
8.278149177496363365e-02
-4.311647940308027671e-03
-4.574207869887914057e-02
-4.827728361643179866e-02
1.041964495844003302e-01
-2.282586732371827409e-02
-1.217994815403722342e-02
-6.319569516585588076e-02
9.680496186418041660e-02
5.704327090758987140e-02
-8.313136860650427451e-02
1.355343552645926763e-01
-6.449937433206498483e-02
4.026549652283684111e-02
-6.648005579814153521e-03
-1.404785316053525079e-02
-1.464195604443885301e-02
3.424540993069591366e-02
4.431217067026915757e-02
4.435499249674323963e-02
-2.410921481374339592e-02
-9.582255590997235117e-03
1.821867338913207846e-03
1.854366346208369265e-02
-9.737824310427356522e-03
7.227629463029039414e-02
5.851392968352353563e-02
-3.902588486560087944e-02
1.342105998593634553e-02
7.624453320213531171e-02
-2.200885375886763029e-02
2.609102448562161669e-03
5.193024067426543766e-02
3.581566331128271941e-02
9.225987147317393777e-02
-2.547525889331003768e-02
4.926845767144971688e-02
2.580267426572468992e-02
6.702195713209491146e-02
7.584307267908929617e-03
-8.955039918456364489e-03
2.071740338316674368e-02
5.286396439696972038e-03
1.827370053423305052e-02
5.740214437926649538e-02
7.691237636852443771e-02
-4.230990204964868440e-03
-2.524730444135414587e-02
4.054160371520509898e-02
7.223363811175786964e-02
8.941531667919555559e-03
-1.822851883151921371e-02
6.325381383437544969e-02
2.244186532363823261e-02
5.026487288719572177e-04
1.482501989277329457e-02
1.018746608000804521e-01
6.944862035072496553e-03
-2.211515297767707722e-02
-1.761661424627902761e-02
1.891965999029565637e-02
2.351213926100115259e-02
2.075061383023957262e-02
6.049192781560908116e-02
-6.622465158901746918e-03
1.389748865437301362e-02
1.228316354938829846e-02
-9.800072818125116214e-03
5.348047996583416008e-02
1.675011361187328518e-02
1.747635932541369286e-02
3.673544184432664395e-04
4.352703800992641092e-02
1.931285682109606938e-02
-1.697249344080553612e-03
4.738980607078335794e-02
6.504347001179411336e-05
1.753741782338602562e-02
4.648923989738928952e-03
7.591443886213466996e-02
-4.113029290901337731e-02
1.042000123204500639e-02
-3.551915077990308589e-02
8.186800049901155063e-02
2.041228082467627658e-02
9.674144598393308314e-02
-1.060327448890885371e-01
1.701587851566586096e-01
-3.573246177034183901e-02
1.683671430407436276e-01
4.873686547181943496e-02
-1.558221967909068084e-02
8.487257223156152719e-02
1.307446494525033032e-02
5.812460385686391007e-02
2.338927546004532232e-02
4.204636350550483570e-02
4.521462986885005364e-02
-1.583346454661249680e-02
3.638447997391214273e-03
8.919328717846131127e-02
5.589940675496185563e-02
1.756734502190138159e-02
1.725725323013405088e-02
5.398207390409126560e-02
5.457250376815903081e-02
5.973711097509326606e-03
-2.993395107651863896e-02
3.892692245257611816e-02
2.932469891678390894e-03
4.110792483284830823e-02
-4.091112390695483825e-02
4.670034416408563871e-02
3.938763792479615944e-02
3.041604573259082400e-03
-2.764159734556947967e-02
2.647491941868418408e-02
7.258274692320032528e-02
-2.570906215511037374e-02
-8.933817329648263694e-04
-1.847669480120606167e-02
6.183417768957166771e-02
3.299910247531290253e-03
-1.881048866777534911e-02
6.239270146455133670e-02
4.190594289130444849e-02
3.778335341070349074e-02
-5.955467352023147143e-02
6.985888282648566872e-02
2.725766513410654568e-02
4.203155062498753480e-02
1.406414043180559403e-02
-2.282213392769927296e-02
6.930198615411864438e-02
-1.795458320772347349e-02
2.727808208267390455e-02
-5.349977533197769475e-03
7.026496492157541240e-02
4.356377506247488540e-02
2.339836654173588215e-02
1.750801723940975663e-02
-1.840648830634572519e-02
5.376300231876829372e-02
4.340079380971317846e-02
6.266079713645078542e-02
6.177914203249956770e-02
5.394438082858865613e-02
3.615977508225842740e-02
6.791855978970495755e-02
2.009725192934919136e-02
3.229908787881052845e-02
3.174931930165447724e-02
-1.659453633484853086e-02
3.299617405384047686e-02
9.132461178231743304e-04
-3.660270628253581293e-03
2.612802342035625003e-02
8.544699617052975427e-02
-3.774008138701878678e-03
-2.663368209704497502e-02
-1.073518658363825651e-02
1.991842805198595912e-03
2.597524489207514442e-02
2.899865216646979604e-02
1.144223100337926624e-02
4.573369492504508749e-02
3.767852396718041064e-02
-1.907907134718755948e-02
-3.445162434709869714e-02
2.056607142027555568e-02
3.726957533614627671e-02
-5.149252012135674406e-03
3.677086812015772921e-02
-2.384157380976548168e-02
2.392880974411792927e-02
4.024055853412233930e-02
1.702783976215416217e-02
3.328478820462166254e-02
-4.840241003348699778e-02
-6.583987337114738381e-03
6.391894047453527961e-02
5.303026550468326050e-02
-2.741415677126823880e-03
2.623412490815768550e-02
-3.730773315239321875e-02
2.727805029511110035e-02
-2.322925710665124654e-02
-3.962852760528878804e-03
1.081695261170878553e-02
-6.899108379593066331e-03
-6.620229073498684613e-03
-2.999066052766297119e-02
2.821454470236384182e-02
-3.129794394624241249e-03
-1.959014343839804440e-02
5.763734560573219312e-04
-2.386470824958486503e-02
4.215454468828649937e-03
-8.104207032962218449e-03
-3.462924132057798587e-02
-5.281878320269894900e-02
-2.273227757227935797e-03
-3.117902779611325670e-02
-3.080421623102980178e-02
2.799472050563789338e-02
-2.265549121292220747e-02
2.920946388454481735e-02
-9.438148822923331238e-02
2.872229170341000781e-02
6.102176105949652651e-03
3.151657644037575423e-02
-6.277089703702642964e-02
3.092102564927579067e-02
-1.171553536418423747e-02
4.626477887104663012e-02
-1.206826883292082542e-01
4.509549504107690510e-02
7.364350290368193441e-03
-1.035385779761899272e-01
-5.818669300863010818e-02
-4.748506119823048266e-02
3.927362171027137805e-02
-3.511270546202993614e-02
-9.547723213735048731e-02
1.498117753788807960e-02
-9.320173297319378491e-03
-7.139061613733899136e-02
-7.033343574275097154e-02
5.085623587425303072e-02
3.512073688299643948e-03
-6.947393021395686930e-02
-2.245437759149826462e-02
3.626888871817302018e-02
7.528957006314085376e-02
-3.702220332697381266e-02
2.825315876438683205e-02
2.345644720535222660e-02
-4.316599856456715401e-03
-5.165669300828712451e-02
-6.599074522539627452e-02
1.602774368522474902e-02
5.441395570418006145e-03
8.248963702480072158e-03
-2.316622836482107317e-02
3.273965011278479054e-02
-3.427765938011351210e-02
-2.754864657555211593e-02
5.421182533111057467e-02
3.391542143083015048e-03
1.807335626874362333e-02
5.223058108820266554e-02
7.883548033836618174e-02
7.849543993712959633e-03
6.641878810301093949e-02
2.056065567967269025e-02
-6.547023143677432877e-02
7.748424624385519266e-02
-6.115450113392539855e-02
4.448691996689624339e-02
-3.700957920711389626e-02
-8.014717942663018846e-02
1.235631010564948173e-01
1.984913020326506405e-02
-6.722268347098658836e-02
1.647396750880059102e-02
-2.528834093070453370e-02
-4.616408946811945135e-02
-2.611115899364513382e-02
-8.004951645578461950e-03
4.665294395166386110e-03
-7.886021733270798251e-03
6.160304552127904287e-02
2.508458030717419796e-02
-6.063548902736881629e-02
-5.426794244700139380e-02
2.217091667574999647e-03
-4.379300060080026924e-04
4.353307876685796884e-02
-6.836294409930943061e-03
2.606964754222218517e-02
3.195151169820897863e-02
-1.503183164695220952e-02
-1.795116194279744448e-02
7.767337211314551126e-02
3.254010224293724107e-02
6.103950591610218801e-02
-7.413455295129489642e-03
-7.999419472450863822e-04
6.079569639240078871e-02
4.049532789301402147e-02
-3.554657208144740288e-02
7.618411077837605738e-02
-9.478164847702919005e-03
3.726411300450860331e-02
2.161032574803023465e-02
2.533403954061030916e-02
7.680079766781755524e-03
4.228263806652621248e-02
4.551476482712812910e-02
1.044347333246831155e-02
2.469142764363985165e-02
3.157664897670553472e-02
5.093077776913879084e-02
8.289633957374009654e-02
1.552184862039727165e-01
4.173382885375009899e-02
1.542103044967624292e-01
5.129389615030399696e-02
