9.688449170136133048e+00
7.847055925117446762e+00
8.915615189652255523e+00
1.007574004668260059e+01
1.122320310216956329e+01
6.047964075553233343e+00
6.340029987416702539e+00
6.590477125572753003e+00
6.857262870959547563e+00
7.151450189057060314e+00
7.388718988677921651e+00
7.631584765609177978e+00
7.883046727196472148e+00
8.054734644207517391e+00
8.248901009102988624e+00
8.470014102897103214e+00
8.700688222384943771e+00
9.003518979595730443e+00
9.321201335496624552e+00
9.519689295813114072e+00
9.761329659431080330e+00
9.850109556443266356e+00
1.009776093765263916e+01
1.030649664847776315e+01
1.046988426283655471e+01
1.062304278135205138e+01
1.089676779847134824e+01
1.115586484728117433e+01
1.124700938735607458e+01
1.145575091507060606e+01
1.159146938782760650e+01
1.177546083409872146e+01
1.199192634121071777e+01
1.212116545028666259e+01
1.231181271034412283e+01
1.248322475992785563e+01
1.260272910551557501e+01
1.279529371433452312e+01
1.282344470576229867e+01
1.279806947842257436e+01
1.278111994397668916e+01
1.269773114755032495e+01
1.257626695063505728e+01
1.255750339149403949e+01
1.262370148422856353e+01
1.265769336438708415e+01
1.250177187203675366e+01
1.251986232402076027e+01
1.258400835111847371e+01
1.253540225663877017e+01
1.245797403840698081e+01
1.246782577764454736e+01
1.254353063714071581e+01
1.248601544281897802e+01
1.242588233943928522e+01
1.239828464363066729e+01
1.250641979982187912e+01
1.242733559253072606e+01
1.237013414837415581e+01
1.235473016618038145e+01
1.248718574685592486e+01
1.242641127872850149e+01
1.231507249779745727e+01
1.239775743663484953e+01
1.266176189703351618e+01
1.234719323220025622e+01
1.242883206369971916e+01
1.246467813208437825e+01
1.258034042752535875e+01
1.249653728286254584e+01
1.256879317496380288e+01
1.252493174839328915e+01
1.265685235320865232e+01
1.265430883005646301e+01
1.258620918533864241e+01
1.260014652522647971e+01
1.274939495671488743e+01
1.259304156617353065e+01
1.244337770883355887e+01
1.235634552819203691e+01
1.237029148628340458e+01
1.221582094407097863e+01
1.213504803225852413e+01
1.213785465318880519e+01
1.227607552042211125e+01
1.220518751493006704e+01
1.214340486401537333e+01
1.210624130328112535e+01
1.227203382117681407e+01
1.218849176038890469e+01
1.212492824837503669e+01
1.212553776779003378e+01
1.212513390629415966e+01
1.218596600302391764e+01
1.186328790238917996e+01
1.181667811985479233e+01
1.191503962881843215e+01
1.172175503044200440e+01
1.165763933540285713e+01
1.165436331396676550e+01
1.164846544170922371e+01
1.162002793477050666e+01
1.165267883812737004e+01
1.167737659889393242e+01
1.177121931060115756e+01
1.183467425406824702e+01
1.184270897072994799e+01
1.195446725812927546e+01
1.205544482331586487e+01
1.215633274726260993e+01
1.224379144431991051e+01
1.240383678302513815e+01
1.255083575988810018e+01
1.257376289157366500e+01
1.272206733112247079e+01
1.283368713967242769e+01
1.305862256706376456e+01
1.305869161889397212e+01
1.312336592271542024e+01
1.325684167716764961e+01
1.348827566561785041e+01
1.351597259722313993e+01
1.355544971813792898e+01
1.374060892159833713e+01
1.410088277358312148e+01
1.389546094272406762e+01
1.395922699278728096e+01
1.415790630492264768e+01
1.441465958003438708e+01
1.429958006750354294e+01
1.430913913906370283e+01
1.449565711320660277e+01
1.471423754020015018e+01
1.457971169126884803e+01
1.438105393903045126e+01
1.442339132638265831e+01
1.455264317521983664e+01
1.442251878660561815e+01
1.441439672073674494e+01
1.450125342542778561e+01
1.470122931997325111e+01
1.450144049646555899e+01
1.452439012696618370e+01
1.468170298596224477e+01
1.480553482740745430e+01
1.466841737094911835e+01
1.458008072087424623e+01
1.480768430587262330e+01
1.499626145405732736e+01
1.479911901088954629e+01
1.475903366731048294e+01
1.496625656517636216e+01
1.512731620977039348e+01
1.491673415687695403e+01
1.485613747978643495e+01
1.513885636664332068e+01
1.518539485650522280e+01
1.506250912672432563e+01
1.495589760606442020e+01
1.500593267391584718e+01
1.508313872555391022e+01
1.479762067180759821e+01
1.451635977604278516e+01
1.471120944561140398e+01
1.480583220580602344e+01
1.450188729159476253e+01
1.440464925078792824e+01
1.448976341879356511e+01
1.471769020361955249e+01
1.443938434017387351e+01
1.443949305200851718e+01
1.450718882298560253e+01
1.467258824525460170e+01
1.449479796262316889e+01
1.438919177948368677e+01
1.453985295506121389e+01
1.466370307295306397e+01
1.448985007733851127e+01
1.444644944367361283e+01
1.465299798837724587e+01
1.477874456866684127e+01
1.454388778763710910e+01
1.455036982119391631e+01
1.473120541675286432e+01
1.494626719081973398e+01
1.464709412954287870e+01
1.460975886816495617e+01
1.483189164144420502e+01
1.500054595487404541e+01
1.485610489584822602e+01
1.480972921221326644e+01
1.504714520635257102e+01
1.519241346897678646e+01
1.493819787890637230e+01
1.489067078728957050e+01
1.507983942111585662e+01
1.532482701992424090e+01
1.507770490102438821e+01
1.506372108968179191e+01
1.535438488151143588e+01
1.530175552026375563e+01
1.521968222201205378e+01
1.489878176916510633e+01
1.512994673028940618e+01
1.516648700108720504e+01
1.483142386201991769e+01
1.478458148933447625e+01
1.497685182560481643e+01
1.506988536116950961e+01
1.482560309090259665e+01
1.478556672412140927e+01
1.501743708463839155e+01
1.515524295361514007e+01
1.485774213740039684e+01
1.480056331494522759e+01
1.489865316572683263e+01
1.509690704089580393e+01
1.479677831997275916e+01
1.467960611194763487e+01
1.495794344300274403e+01
1.508958298683902122e+01
1.477649420226815025e+01
1.482689371498717179e+01
1.478814676534510220e+01
1.507880958461714016e+01
1.482989539291832770e+01
1.474458300472169370e+01
1.495459852971551484e+01
1.512434570619230101e+01
1.484686550015802275e+01
1.478198250768160982e+01
1.499391012307841997e+01
1.509168822622331163e+01
1.484736413654141529e+01
1.477225520943240689e+01
1.498131167498704919e+01
1.517482882913698283e+01
1.489628699227978537e+01
1.491139120109878213e+01
1.493440977305222539e+01
1.526304195977157896e+01
1.486750586663994156e+01
1.481563309994439059e+01
1.501455922243244245e+01
1.516315101223129247e+01
1.491272769804286291e+01
1.487491941348961255e+01
1.508221342446149649e+01
1.522747751749849954e+01
1.492231213998987194e+01
1.487170528249303381e+01
1.517037484222049670e+01
1.528343494526467516e+01
1.497133645601160268e+01
1.490071548448428018e+01
1.514102544993558475e+01
1.526270230912078141e+01
1.497594161228909648e+01
1.494802915096549611e+01
1.517385851318972101e+01
1.523330173142813315e+01
1.489134644784809147e+01
1.475869961347192216e+01
1.488761006651412622e+01
1.502023389234742012e+01
1.470541841149774420e+01
1.468210627213702679e+01
1.481149033786860336e+01
1.495726228420789461e+01
1.471289615892554181e+01
1.462002219857267704e+01
1.488983173333710397e+01
1.497306344171099468e+01
1.473845176194675588e+01
1.466032279390837445e+01
1.482850556788993401e+01
1.491085076981307900e+01
1.469209775636211290e+01
1.464098024093417294e+01
1.482289062212269926e+01
1.492613244400555850e+01
1.468014001863999951e+01
1.464163357927347242e+01
1.490225247067154690e+01
1.492355274636030948e+01
1.465682260757412436e+01
1.450633015797500214e+01
1.482573251858026175e+01
1.483331452642273618e+01
1.461920789162453005e+01
1.454891902637263357e+01
1.471829963648922579e+01
1.481162296915280407e+01
1.455224922534186405e+01
1.450470158089318140e+01
1.472397128618751516e+01
1.477093703605313380e+01
1.454931080399838272e+01
1.452579856282079795e+01
1.464043496098414288e+01
1.480428445463208753e+01
1.451960202662747967e+01
1.453968847660674868e+01
1.465095253991610491e+01
1.473127986437613046e+01
1.453432127684131814e+01
1.442385503443573391e+01
1.461880123374189111e+01
1.471533451863345832e+01
1.445061782311437781e+01
1.439684304378764068e+01
1.457512561991057609e+01
1.462428332009553777e+01
1.441108659910988266e+01
1.437063236090545715e+01
1.453557661361645792e+01
1.461881786050827436e+01
1.434804791610995878e+01
1.431419886528764351e+01
1.448959699720275651e+01
1.452184729948574038e+01
1.429821593763007925e+01
1.423211108592903962e+01
1.435371097756219605e+01
1.453747433810821121e+01
1.427207739557998778e+01
1.426569219511294051e+01
1.441202763501526007e+01
1.443095160203347760e+01
1.424528724251112877e+01
1.423270444414220748e+01
1.431865032763158752e+01
1.443771115917627412e+01
1.419500576681290305e+01
1.417002962288120571e+01
1.433690086143557885e+01
1.447883898984062334e+01
1.413209500963358067e+01
1.408596234429230698e+01
1.425946812730712310e+01
1.439200351527580324e+01
1.413717939748819674e+01
1.411103966465402948e+01
1.424746582155256824e+01
1.431198661399922223e+01
1.408644636403498396e+01
1.402601130132537577e+01
1.417708628688300010e+01
1.430182896678043392e+01
1.406585331236614955e+01
1.401990483499861639e+01
1.421327497884286295e+01
1.427055358934932094e+01
1.398091546136088503e+01
1.383640704878267513e+01
1.379554322415156697e+01
1.350561941683873890e+01
1.286106231734544991e+01
1.236890877227215491e+01
1.196199307857281902e+01
1.168457141268771338e+01
1.113745047697014101e+01
1.063943261909299665e+01
1.016133275638688893e+01
9.668756239504176619e+00
9.263537843618737000e+00
8.776649394313663421e+00
8.279956546320818234e+00
7.825038423134932586e+00
7.358219429856897698e+00
6.907987165765727688e+00
6.538438900861632597e+00
1.169768121430059971e+01
1.053110570315988781e+01
9.422311768808841137e+00
8.614515825769492707e+00
8.286483970082102246e+00
7.544065508676206733e+00
6.623743811136823645e+00
8.005793900038746358e+00
5.947282553568558505e+00
6.733205616615773437e+00
6.427001751319180833e+00
9.307349526224633962e+00
7.801091153554257751e+00
8.934609233171915577e+00
1.005900323327283630e+01
1.109830535010336661e+01
1.213903921618356563e+01
6.541539154922845434e+00
6.754579576543696895e+00
6.943768198306107031e+00
7.247280992094735197e+00
7.431430228627826651e+00
7.665401062990930825e+00
7.889782796936302134e+00
8.107585926550541444e+00
8.233157742042926941e+00
8.437136084999162122e+00
8.669397478687496772e+00
8.870017808529736314e+00
9.227403347681969237e+00
9.401153006819344071e+00
9.614936532498377986e+00
9.767363985612464106e+00
1.001714171202105952e+01
1.020773055673856611e+01
1.043298477365159194e+01
1.051676148825903567e+01
1.081450262494417203e+01
1.098120632330134683e+01
1.116599165518794656e+01
1.129320511534003124e+01
1.150429340414724422e+01
1.165202247416655013e+01
1.186070107178598576e+01
1.203236744452050644e+01
1.216771898595542112e+01
1.228617074317065239e+01
1.243923794671029270e+01
1.263025239170753800e+01
1.269099238347334158e+01
1.258538871765831324e+01
1.258770730789526837e+01
1.262893953201935027e+01
1.227272139668370343e+01
1.239543010978272619e+01
1.235546213779383606e+01
1.236337437223359004e+01
1.234993361192434236e+01
1.244860280072122904e+01
1.249870448412345780e+01
1.264237286548073236e+01
1.260935079070710430e+01
1.265721013974672715e+01
1.285473642217641199e+01
1.292943726604013399e+01
1.283404417884744575e+01
1.284971371993094991e+01
1.295653599996369110e+01
1.298834961227392348e+01
1.280777762149212151e+01
1.282145190301737081e+01
1.293859332434521470e+01
1.287608028564256024e+01
1.278885481670580049e+01
1.276140655305580829e+01
1.261602156957829912e+01
1.278632946127011571e+01
1.248923153130541586e+01
1.255173360676105965e+01
1.245885554923404293e+01
1.248848820211429533e+01
1.232085108015046515e+01
1.217152824421272506e+01
1.219788267708029750e+01
1.237258662943069609e+01
1.173183710285569781e+01
1.186107096720763643e+01
1.180643982003722670e+01
1.176577302906003020e+01
1.155853251731062770e+01
1.148943665222676103e+01
1.136750746791196676e+01
1.105623530218541539e+01
1.070167758054527241e+01
1.033429822496893813e+01
9.932260172390316555e+00
9.475552824161599830e+00
9.268198708623364368e+00
8.974633955120353335e+00
8.674555094367969232e+00
8.352150018988242053e+00
8.131115619064326339e+00
7.791245298130759167e+00
7.392756899297330264e+00
7.050526477909190071e+00
6.740262513430621105e+00
6.458076416104109541e+00
6.033998296912652215e+00
1.062131992846549799e+01
8.905225432017289222e+00
7.385658263329839990e+00
5.678651872304578241e+00
6.775102394621901780e+00
5.748102064541185108e+00
7.987404945541758394e+00
7.334716934324558402e+00
9.039371583513911901e+00
6.749373554026469435e+00
7.222953284850441413e+00
7.412146884337184716e+00
7.052082611015825009e+00
6.694009929147139992e+00
6.647106477486602216e+00
6.995089704967841548e+00
7.555805970153790518e+00
8.256531859880931634e+00
4.419311836694997275e+00
4.624586233285143066e+00
1.002289838292709945e+01
1.103494934854502496e+01
1.209823312843197307e+01
6.466659269399494647e+00
6.735226656675383339e+00
7.010692384381344233e+00
7.304254403538134710e+00
7.544041074060747754e+00
7.769995738395921059e+00
7.920973465446732753e+00
8.192107474671697531e+00
8.412677801071911432e+00
8.694439629433473371e+00
9.002679106840895784e+00
9.156243579892336726e+00
9.409407624837495376e+00
9.574668532839421431e+00
9.882998570969476759e+00
1.003956813154299610e+01
1.027405441109585027e+01
1.046301792821864751e+01
1.067504381789319723e+01
1.087416900172677892e+01
1.105426138773988498e+01
1.126180861009997081e+01
1.129716043034303041e+01
1.120207716626872241e+01
1.116752094490141367e+01
1.118537838813540830e+01
1.124442797279104944e+01
1.132785191124967028e+01
1.135627762165860766e+01
1.147474305282351992e+01
1.151382372318628100e+01
1.165023352056899952e+01
1.171010854182694594e+01
1.179908511962372231e+01
1.184267843662341058e+01
1.198230869304628854e+01
1.202958638296832028e+01
1.212798723431141212e+01
1.213848184991861956e+01
1.218764690130210049e+01
1.228467645494127325e+01
1.241655244292888405e+01
1.249893714459167526e+01
1.258032809384499195e+01
1.267493397286300194e+01
1.264451205857358396e+01
1.258813501078082275e+01
1.261824416378036595e+01
1.284978714739060734e+01
1.271751496346274557e+01
1.272912528785343156e+01
1.274471025879635100e+01
1.288623479730867061e+01
1.295146593161889470e+01
1.275371726312855536e+01
1.297528286000186526e+01
1.299476464696406808e+01
1.300823893765319283e+01
1.291991701431098605e+01
1.294688275313340498e+01
1.313615589046886889e+01
1.318065744163200748e+01
1.312921709584903951e+01
1.315849682616940974e+01
1.335312329700817813e+01
1.334638141989980831e+01
1.349280490099123142e+01
1.308630349515692437e+01
1.347640469627561721e+01
1.336095055008782850e+01
1.315965390045491290e+01
1.306206305200138829e+01
1.314948469837598388e+01
1.308456407415181033e+01
1.293675049379898923e+01
1.292105640535567979e+01
1.299848917586988151e+01
1.294798412110771579e+01
1.284926281914929724e+01
1.287011581842098096e+01
1.297273698243006734e+01
1.296074504538368366e+01
1.280220995470786605e+01
1.282080116667222747e+01
1.296883712830957336e+01
1.294816482638838195e+01
1.281415500492070692e+01
1.276622826684599410e+01
1.281100050082558184e+01
1.280311213855449992e+01
1.265637470168310053e+01
1.261898356003596255e+01
1.270596512927354382e+01
1.262838476492263240e+01
1.251002674767928902e+01
1.239831473510890980e+01
1.239148755138542235e+01
1.237495560879593093e+01
1.223186916150947035e+01
1.213909065151296041e+01
1.210815747440614487e+01
1.200501156267316638e+01
1.187378578532690732e+01
1.164992424550410988e+01
1.140691025167611095e+01
1.112006088250719493e+01
1.076732749154648339e+01
1.047214264819782592e+01
1.017023572937112696e+01
9.929134536933554855e+00
9.748331930664356548e+00
9.518512415688912043e+00
9.248115410880453524e+00
8.892701404650127373e+00
8.496352178501531682e+00
7.968745138349142110e+00
7.457884759867278390e+00
6.846864285838404562e+00
6.318036094615255394e+00
5.804851660323943285e+00
5.687235111016105016e+00
1.111721041309184166e+01
5.615190684908304419e+00
5.543432348635351836e+00
5.598208738046609234e+00
5.648484384654214985e+00
5.650699039427123260e+00
5.773123925559423775e+00
5.896158331494014249e+00
6.044144595989952684e+00
1.277796895792318210e+01
6.785337121796641391e+00
6.935783445372058154e+00
7.214047475666768960e+00
7.385567192392639591e+00
7.674136390229519655e+00
7.873325938794202727e+00
8.095833283768463673e+00
8.352276867934667948e+00
8.610995042655753551e+00
8.965529897546213434e+00
9.241071284004064523e+00
9.454511107394404590e+00
9.646189879542285794e+00
9.975214827291363662e+00
1.014721079839436157e+01
1.039479028325103904e+01
1.064432452093717885e+01
1.082493755820219938e+01
1.101657454566698924e+01
1.132259696751287237e+01
1.151856732570186104e+01
1.160352387439658628e+01
1.165188871559540829e+01
1.161354252055686054e+01
1.160447240705822125e+01
1.167613601938639256e+01
1.182599827025145878e+01
1.186887880411048357e+01
1.193498447906387305e+01
1.204740462617448671e+01
1.215720719369666192e+01
1.241481507827002595e+01
1.239537969893815728e+01
1.253841644155244595e+01
1.253650166546251299e+01
1.275129177092435739e+01
1.283659295393304767e+01
1.291807366546228408e+01
1.308493750438515413e+01
1.323702965936066533e+01
1.335102889082176603e+01
1.338392374841712851e+01
1.340934015480308616e+01
1.366203641119803791e+01
1.375244998515574935e+01
1.371493398676471465e+01
1.396343276763222541e+01
1.382077393146192001e+01
1.402942459258191477e+01
1.405872861519122630e+01
1.410851385923112034e+01
1.430893593446973888e+01
1.432310550642834635e+01
1.428528197962082658e+01
1.439334551261742057e+01
1.456428832499250348e+01
1.448237977692422973e+01
1.439887714331347723e+01
1.435756926375571041e+01
1.444582094380815995e+01
1.434006827403910833e+01
1.432762607270756661e+01
1.427604252712796473e+01
1.440500747377837953e+01
1.437048995253926620e+01
1.431657986906418500e+01
1.433418061010491940e+01
1.445932889896534412e+01
1.447159030725317663e+01
1.433911335321229252e+01
1.434326618797643249e+01
1.450312754839744045e+01
1.451955949971228499e+01
1.448484862516052374e+01
1.458367032662893870e+01
1.465888766037806334e+01
1.472457286804909238e+01
1.463485209989403302e+01
1.477691726537413253e+01
1.502339943832397218e+01
1.503118981129342480e+01
1.503504240537432501e+01
1.512980331917947119e+01
1.534836665274901968e+01
1.545801407752106016e+01
1.533685075058875036e+01
1.564161787193711994e+01
1.563878282479337223e+01
1.567234030341121631e+01
1.570265468977895829e+01
1.576499196771156264e+01
1.603323720154175902e+01
1.601913838846142824e+01
1.598687327250361001e+01
1.609268519399789810e+01
1.628309086457891652e+01
1.634252943647819478e+01
1.625339675988604426e+01
1.617784717914014436e+01
1.608593588611764602e+01
1.601786880349800768e+01
1.594961587665550873e+01
1.587068121304337254e+01
1.605906888636988583e+01
1.603007429984009846e+01
1.591746214635068846e+01
1.615496851259211297e+01
1.612111637711044310e+01
1.621664414661636400e+01
1.603859251049267698e+01
1.617372886697756229e+01
1.637760623911977120e+01
1.629613944258769465e+01
1.635020509507717890e+01
1.641922176301342162e+01
1.637540231789313694e+01
1.635292707102868448e+01
1.642828391639487151e+01
1.644853170545509613e+01
1.652415295480073354e+01
1.649194050810971390e+01
1.652235419088916046e+01
1.644119556855559239e+01
1.633573512820867890e+01
1.627045773861136269e+01
1.618961657640599583e+01
1.620517467291264779e+01
1.612847405416983548e+01
1.610726823576420230e+01
1.613324552639336318e+01
1.605522465283479860e+01
1.603423436546172454e+01
1.601386156671990335e+01
1.599827851375608390e+01
1.597769231471094287e+01
1.593188578957573931e+01
1.600087891824629693e+01
1.595682931354286715e+01
1.597879518467296300e+01
1.605353369360612348e+01
1.607300848975626906e+01
1.610500820650667819e+01
1.592902206470900595e+01
1.611700406140552744e+01
1.621204180012954055e+01
1.609797815608225591e+01
1.600040430939035829e+01
1.613321504858664923e+01
1.611287639163313301e+01
1.613198445373165768e+01
1.612756900550973782e+01
1.612547985311869425e+01
1.614015523269158336e+01
1.614880448332148077e+01
1.619619734393549138e+01
1.615747346892879932e+01
1.613918675657323831e+01
1.601999358419093866e+01
1.615177788313086538e+01
1.636735926046515033e+01
1.616240608317204064e+01
1.638739915500620370e+01
1.615097404026066386e+01
1.613533420283744491e+01
1.604198571765763504e+01
1.588070257944720254e+01
1.593369780521377699e+01
1.590340039059319643e+01
1.587749668512170054e+01
1.582730266024757348e+01
1.584775100811446080e+01
1.596328389941981207e+01
1.600158719586798739e+01
1.593015229287999013e+01
1.588344142078388721e+01
1.607535746868930460e+01
1.599297860937265980e+01
1.590367345445842062e+01
1.588656790994307322e+01
1.600558117904223465e+01
1.597767685664771697e+01
1.588952283808542454e+01
1.595792570879740779e+01
1.601147030332465704e+01
1.613167362302514007e+01
1.592412050339729213e+01
1.592469282627227045e+01
1.612369372940024803e+01
1.607107363142434053e+01
1.596857815846991713e+01
1.589776051314916749e+01
1.593685635068300321e+01
1.588100090218795657e+01
1.567527404405437608e+01
1.554976052655673691e+01
1.558558445272194426e+01
1.553154533441677643e+01
1.529802209361646170e+01
1.523044265772529116e+01
1.536439318096781648e+01
1.535692163133630928e+01
1.519478614918777737e+01
1.524274915276626707e+01
1.538330861852162634e+01
1.538741313422253398e+01
1.541553113892474336e+01
1.539185087373814298e+01
1.536925557455687930e+01
1.536223841180599514e+01
1.539239332383691838e+01
1.535514429592979724e+01
1.535669901911970214e+01
1.532463313931550530e+01
1.530336053263223839e+01
1.527562748287943073e+01
1.540427227871234628e+01
1.538819543834724612e+01
1.515888570205503427e+01
1.513034137344225094e+01
1.516760846266750207e+01
1.508573572204596580e+01
1.489059776554412018e+01
1.476501530413282381e+01
1.486117971138603622e+01
1.477666607064745463e+01
1.455437128639356992e+01
1.450586815885443670e+01
1.456842397893058738e+01
1.456811725843830274e+01
1.439104383512751717e+01
1.438952052595146291e+01
1.445542360731393927e+01
1.444439037317241592e+01
1.443954803317611102e+01
1.442452998050819346e+01
1.441069954841500511e+01
1.438756836582513188e+01
1.430503141743951367e+01
1.440828634384443419e+01
1.443267930084390471e+01
1.444541080674421885e+01
1.432983382426068175e+01
1.435131178096202298e+01
1.441619803097028729e+01
1.445366928217555902e+01
1.443948477876447711e+01
1.439862615481901109e+01
1.442092226330238525e+01
1.438745562688941071e+01
1.440399851847223189e+01
1.442684269892871285e+01
1.442450696628042017e+01
1.444559220037638347e+01
1.445086780365326540e+01
1.455363163522954828e+01
1.442476296486072762e+01
1.445166925684974046e+01
1.437525160922070100e+01
1.425322819257308993e+01
1.412857015130363614e+01
1.452715892267055331e+01
1.358190278223952419e+01
1.388916579239491789e+01
1.384867748031487622e+01
1.384665614398583777e+01
1.358881801934807676e+01
1.358724207884106328e+01
1.350021141608685760e+01
1.341770457066787436e+01
1.329583309864427854e+01
1.323505676661547881e+01
1.319199995654140523e+01
1.303576190135677493e+01
1.300170988159729824e+01
1.290304013718126619e+01
1.284125951383596309e+01
1.272525216941325610e+01
1.256464965401387524e+01
1.243787771431689571e+01
1.232777739886685175e+01
1.226943373612087207e+01
1.208043522157882244e+01
1.186630713456531261e+01
1.164970164044923884e+01
1.134111958342677262e+01
1.105445069608201614e+01
1.080899869710545858e+01
1.050290510086125018e+01
1.019067290415247307e+01
9.818886165471102601e+00
9.476806886291704757e+00
9.099589316849975518e+00
8.641559295518652206e+00
8.321876128575743436e+00
8.056967651277748388e+00
7.761710989363438173e+00
7.585345103599244077e+00
7.410828847252076024e+00
7.296834749663695163e+00
7.090344936855755620e+00
6.946296880807936169e+00
6.786060121401930267e+00
6.588837341924096869e+00
6.412996630206935222e+00
6.319791969826787259e+00
6.201903460163167736e+00
1.223107499875760951e+01
6.115468400823446338e+00
6.159088962014434010e+00
6.212207788205119208e+00
6.256301527337778445e+00
6.255382474018392536e+00
6.298310393087016124e+00
6.374970535939533001e+00
6.395914552238217254e+00
6.488342649602444112e+00
6.614254770024965424e+00
6.699041267118432508e+00
6.791437099400710053e+00
6.899219257422297247e+00
7.046493579525768602e+00
7.150143427861772594e+00
7.310138087893626846e+00
7.425124799609573500e+00
7.619703589730648652e+00
7.762495985359664452e+00
7.898517830131925876e+00
8.052665369397708162e+00
8.080484787041832817e+00
8.200139675620446766e+00
8.298073493400419665e+00
8.451008715491056478e+00
8.700338228084239844e+00
8.863950653130560298e+00
9.002595013088340536e+00
9.112253264483619830e+00
9.285130376620820414e+00
9.470181475726041853e+00
9.575326563920636858e+00
9.663237815347676118e+00
9.842844084196052279e+00
9.990414099260068070e+00
1.007751179589180879e+01
1.020422432563741033e+01
1.033204994372826135e+01
1.052691815923379792e+01
1.065094708007020152e+01
1.070099604979532870e+01
1.082771082499145443e+01
1.096001659438095466e+01
1.107202337111518453e+01
1.114070685964144936e+01
1.135179485715659808e+01
1.142781735193865345e+01
1.138072528898532632e+01
1.130176663391723046e+01
1.122652360900426594e+01
1.122074680302143967e+01
1.126017868005581235e+01
1.130229142304408718e+01
1.134697990400327683e+01
1.138705464568727166e+01
1.147131135615759945e+01
1.150057020389382423e+01
1.157473323433119106e+01
1.162497549830379207e+01
1.170847745660619843e+01
1.176846609701310875e+01
1.200029738964491521e+01
1.165938197580808477e+01
1.190666350021384012e+01
1.200941193246271332e+01
1.202008606305649430e+01
1.208718563156515202e+01
1.203152420277814016e+01
1.213265451382440929e+01
1.213358682253894472e+01
1.220329772663959034e+01
1.222603223329772959e+01
1.228941593713425640e+01
1.220733965206215288e+01
1.214440775348567136e+01
1.210115399182183715e+01
1.213201600313214001e+01
1.198174743206887349e+01
1.195526502576201899e+01
1.190665917328966650e+01
1.190636378490630420e+01
1.191165254381414229e+01
1.181454489449253487e+01
1.179506857166588674e+01
1.184817811934783194e+01
1.173101798835164367e+01
1.170537503671537394e+01
1.170369100027062181e+01
1.162479776418880917e+01
1.149442914052697695e+01
1.133588878284533230e+01
1.105275831201162440e+01
1.084606553443553523e+01
1.057157588928978420e+01
1.027126739770643127e+01
1.004440556764915904e+01
9.791952386644265260e+00
9.552765266624435370e+00
9.265202329710856333e+00
8.949839964054055130e+00
8.612192092700199808e+00
8.271076632850348886e+00
7.931271324780068355e+00
7.544898936198078054e+00
7.233308110542575164e+00
6.727155503325510821e+00
6.339076831570747750e+00
1.160027293007473226e+01
1.089283848356049944e+01
1.048930478652072651e+01
1.017702951189790461e+01
1.013699847169854351e+01
1.039284735519218827e+01
1.079688141018051084e+01
1.122026684845643274e+01
1.174486835182192657e+01
6.092222132967656023e+00
6.215415077057562243e+00
6.347201659890223446e+00
6.400083582973371321e+00
6.567852486190766115e+00
6.617226287535670437e+00
6.766238222166161442e+00
6.887855994446772101e+00
7.107971562306975244e+00
7.323005008285756290e+00
7.532918908006096537e+00
7.721300024381643645e+00
7.876908761414868287e+00
8.015375340523698711e+00
8.231683105628873065e+00
8.454831147785409229e+00
8.767476599482886712e+00
9.049249400118823061e+00
9.263891091379408138e+00
9.470271917325105093e+00
9.571341254526764430e+00
9.712959451382717546e+00
9.843412526164181386e+00
9.996916569258958774e+00
1.012497016981141407e+01
1.023670522399333116e+01
1.027742395850812152e+01
1.021147427484573988e+01
1.016410619461485609e+01
1.014511863123606972e+01
9.990256727828333183e+00
9.968852954994115834e+00
9.899374828211662702e+00
9.915426708889308216e+00
9.966897264030377457e+00
1.001708633931918691e+01
1.007945520398675221e+01
1.030018146808650847e+01
1.044646985712354414e+01
1.057431861356747937e+01
1.072957959771867031e+01
1.090821010599625218e+01
1.104066541492376174e+01
1.117607600508721788e+01
1.134331215814986216e+01
1.150354076885030175e+01
1.166743276829097908e+01
1.183436171441018558e+01
1.196315991288813763e+01
1.225250216761867961e+01
1.219012628565309520e+01
1.253069104214755924e+01
1.264983027057303921e+01
1.285772598768034314e+01
1.295235982217771742e+01
1.322144084310141565e+01
1.339032252764190112e+01
1.345472867604171618e+01
1.359310797301422014e+01
1.394528090256346253e+01
1.394412435774627568e+01
1.403637110044020808e+01
1.421798323486910398e+01
1.447918289138408099e+01
1.450414863420576239e+01
1.447869108985565489e+01
1.471504549165199371e+01
1.505980863366372624e+01
1.498273109225366895e+01
1.497991662146348268e+01
1.520856021632272359e+01
1.550751637432711760e+01
1.548816009945934802e+01
1.544728184786498382e+01
1.567392146653650897e+01
1.602065507842848291e+01
1.589679083797742365e+01
1.575690332293017093e+01
1.583455442655043832e+01
1.596440906870941845e+01
1.565371929155508646e+01
1.535969188474807012e+01
1.538144978643618010e+01
1.549437509249107414e+01
1.517740724324573698e+01
1.494870488470772862e+01
1.498971908232986117e+01
1.517110801621192095e+01
1.489308210388191789e+01
1.465506588847507885e+01
1.469834618175319640e+01
1.489912458387742156e+01
1.480966466686204264e+01
1.455442442562684491e+01
1.466416522467722139e+01
1.488172748180053873e+01
1.476443093145429408e+01
1.459873818087032937e+01
1.475857802128955676e+01
1.491258881321330954e+01
1.479743792238541999e+01
1.461751164575550810e+01
1.474414183398011247e+01
1.495350952520448118e+01
1.491484548583920677e+01
1.473960420775898683e+01
1.491667175507933507e+01
1.519081165550376689e+01
1.492963496538881252e+01
1.491284358778631081e+01
1.507782798782440459e+01
1.536481197639329110e+01
1.532714539184029334e+01
1.512273211026026232e+01
1.531033013302099377e+01
1.552683203231030618e+01
1.545943126377833821e+01
1.533799463312155353e+01
1.546733300571795766e+01
1.578519173218051108e+01
1.565516982966128801e+01
1.547726119357991159e+01
1.560788390103276768e+01
1.598232923687746876e+01
1.581931789122960907e+01
1.564748890978171936e+01
1.576549084835633607e+01
1.613345428434198681e+01
1.596577168231019606e+01
1.583802995515744882e+01
1.600400608126156499e+01
1.631687195001320845e+01
1.606791565082932038e+01
1.601664727189250925e+01
1.605257085013886353e+01
1.626173577457656805e+01
1.597882895802279357e+01
1.570153727553317680e+01
1.573393743880236961e+01
1.582221581125981480e+01
1.568480502232609908e+01
1.536376946021599110e+01
1.535599788102007146e+01
1.557535744486981955e+01
1.542098519339911178e+01
1.525579282281324822e+01
1.533404249318929580e+01
1.565217275205195691e+01
1.555373592988164511e+01
1.534796951420742595e+01
1.544652669611806672e+01
1.566947591773817372e+01
1.557781395125783597e+01
1.536475517023796122e+01
1.555741288965947255e+01
1.574608270896472995e+01
1.566347428165174627e+01
1.560873862942263912e+01
1.556999120677840409e+01
1.585012446732287827e+01
1.577930411584409320e+01
1.554139829975066078e+01
1.568622796715454193e+01
1.597247457386606939e+01
1.584791946638664939e+01
1.562828873365203464e+01
1.576393379586366450e+01
1.602558935970961329e+01
1.592197455491628055e+01
1.576880658007990732e+01
1.580599426875614277e+01
1.612412207469375858e+01
1.601422586706804907e+01
1.586225483946533465e+01
1.594935137766122146e+01
1.621391445183362734e+01
1.611813476658483779e+01
1.579460091273087130e+01
1.589228341605187111e+01
1.601470963677402892e+01
1.585310186451855152e+01
1.550278584649264424e+01
1.556567065326719757e+01
1.582042263027358686e+01
1.564510007003095993e+01
1.532039066042657716e+01
1.535679044913609381e+01
1.560803749743318569e+01
1.549365811576851648e+01
1.509675702152735077e+01
1.525641325155643813e+01
1.558774279135225704e+01
1.535916466818893156e+01
1.506876895873057087e+01
1.510438344801775123e+01
1.538132421710963271e+01
1.524518293643648370e+01
1.495641931052258577e+01
1.500611586563652899e+01
1.525742222913977031e+01
1.514002841344706596e+01
1.495603797315690286e+01
1.490007318970067907e+01
1.517118503646294414e+01
1.503102256092646805e+01
1.478651770290760581e+01
1.477021060794914220e+01
1.506081034244804684e+01
1.494184335532073682e+01
1.469961130993982046e+01
1.471443167178462375e+01
1.498703231263929503e+01
1.482475031624892203e+01
1.459660705211868681e+01
1.463209451779767178e+01
1.487497503496080320e+01
1.477040286556354509e+01
1.455301640809904207e+01
1.457357763314940513e+01
1.477900972888196129e+01
1.470273666932149759e+01
1.448039131685837155e+01
1.446329834452581409e+01
1.469521994823765887e+01
1.458882021530551043e+01
1.436014370877422408e+01
1.431978360335127576e+01
1.460475732573652508e+01
1.449612895549647718e+01
1.428043661562353073e+01
1.424627991951317441e+01
1.453610827153990925e+01
1.444451847244492804e+01
1.423377241934193904e+01
1.423544730860693086e+01
1.442838963365016802e+01
1.440696891147281811e+01
1.414870963689574701e+01
1.419375766510537318e+01
1.436777270641987059e+01
1.435788530852662426e+01
1.404723728602422739e+01
1.413084894340382647e+01
1.436492919902286403e+01
1.424891779212099152e+01
1.404194450868398469e+01
1.410644000912338214e+01
1.432223173601024335e+01
1.425612167631565619e+01
1.392872790189649201e+01
1.398886795715551656e+01
1.428778182228771598e+01
1.415776462108866518e+01
1.400570804578032913e+01
1.399065913018385210e+01
1.417954666958880416e+01
1.417952243017476377e+01
1.393283033983226105e+01
1.397747189892852226e+01
1.417293068168811665e+01
1.415965070911604684e+01
1.398699157786649572e+01
1.394578453680616370e+01
1.415364501797954944e+01
1.414030381919428514e+01
1.393518351330068761e+01
1.391505044176475359e+01
1.421290805490074050e+01
1.408321095143894297e+01
1.389769176391433625e+01
1.385036009859367212e+01
1.412645085618300200e+01
1.406276900469231705e+01
1.380762653070876489e+01
1.381295836080220596e+01
1.415392643721392396e+01
1.405524675974319848e+01
1.377243143781597112e+01
1.380323833155265234e+01
1.407105707642038617e+01
1.400746712751306156e+01
1.376740880648438470e+01
1.368422103286807712e+01
1.390723076505985034e+01
1.382862109827754082e+01
1.374722934949113373e+01
1.368670188122056253e+01
1.394444764685153793e+01
1.398071870519629023e+01
1.372703347201211876e+01
1.377877089553421541e+01
1.402870794214984151e+01
1.410079532994238605e+01
1.382400698976210229e+01
1.391991295033631815e+01
1.425416588089681191e+01
1.425092316200258935e+01
1.408826923449178459e+01
1.407183818154989474e+01
1.431765939868212278e+01
1.435965156856337543e+01
1.413547219966900137e+01
1.418038158730423248e+01
1.451328049975717427e+01
1.453084059760169211e+01
1.430834854359452635e+01
1.428017218833578816e+01
1.465240519938333108e+01
1.461402538882704860e+01
1.440806164918732613e+01
1.440472094597321195e+01
1.472101890826668580e+01
1.466379622377638192e+01
1.430470285765725791e+01
1.423366568488325079e+01
1.436483762913015383e+01
1.425439916785532013e+01
1.396973242041744179e+01
1.383105067999936999e+01
1.400658054180205880e+01
1.393951435898387459e+01
1.370837199840974208e+01
1.366333522641524922e+01
1.381189756530067925e+01
1.386890968801515278e+01
1.359831925966485855e+01
1.360237505218465337e+01
1.383006213483781188e+01
1.386722909457284736e+01
1.368440823383825311e+01
1.370109660464676438e+01
1.392906887607383482e+01
1.394747118874092706e+01
1.380262682524253215e+01
1.379087544562846546e+01
1.405575131577630543e+01
1.403151310169549504e+01
1.381147990031398542e+01
1.380867302183123968e+01
1.406109731913126204e+01
1.400419410515118912e+01
1.383524390564480910e+01
1.388174419123139813e+01
1.412472981947247419e+01
1.403128194879247026e+01
1.379575943156697804e+01
1.375182369913701663e+01
1.389046558016893584e+01
1.385302489885621036e+01
1.350394588534044971e+01
1.348216152601556850e+01
1.350868565636340790e+01
1.349273609867222135e+01
1.324426912793246736e+01
1.304250741996513341e+01
1.319922797461917874e+01
1.312469210324662505e+01
1.296728959021088023e+01
1.275658976814288081e+01
1.262884982554300528e+01
1.247113989841132664e+01
1.198467638032873595e+01
1.171404492729978308e+01
1.135254748370053335e+01
1.108614749246776832e+01
1.069855808277149656e+01
1.032751777334999765e+01
9.990654470944024368e+00
9.660573628002094182e+00
9.330987672495519192e+00
8.971087940061940103e+00
8.551846831857270459e+00
8.456585818610841798e+00
7.344068047212288342e+00
7.271381061623275244e+00
6.982225380047552221e+00
6.730147314428574390e+00
6.407724283326003523e+00
6.060024075686682110e+00
1.099809379619106586e+01
1.032474360302688332e+01
9.865271332298187090e+00
4.763484306499871757e+00
4.598521568124539272e+00
4.652574883243362436e+00
4.609959715390045787e+00
4.652074494693425599e+00
4.706299868578954104e+00
4.762395830161889165e+00
4.847058687721562897e+00
4.989109025711649714e+00
5.101370264454279102e+00
1.073512260990123579e+01
1.157369686125639063e+01
6.021297865700335983e+00
6.257048524808517698e+00
6.466988468468503726e+00
6.701418493065543380e+00
6.915724603547620752e+00
7.118633783886719080e+00
7.450409729984819762e+00
7.626039457529611987e+00
7.873194397866561722e+00
8.131498893323833244e+00
8.231037911701573506e+00
8.462530043277959990e+00
8.678060023726162697e+00
8.887448970153673855e+00
9.312275012551936015e+00
9.492669336435639593e+00
9.741868068798542168e+00
9.883121299423011763e+00
9.941652710167963036e+00
1.026835447113727007e+01
1.036022641655097232e+01
1.051550237857984271e+01
1.083237999678776120e+01
1.089569970567256618e+01
1.126752032205377141e+01
1.124772687458533227e+01
1.156200334075353986e+01
1.168206812497110292e+01
1.188924200366027506e+01
1.208202295570017881e+01
1.222236856040779607e+01
1.241687279196887417e+01
1.263733352600244153e+01
1.284144292149447431e+01
1.291718335269766094e+01
1.309295803908003641e+01
1.331777597678813407e+01
1.353110681482831090e+01
1.345864447384742135e+01
1.343750601473539064e+01
1.372273225682314646e+01
1.392447658019026591e+01
1.391459763229340929e+01
1.402600143271484079e+01
1.415829010397658116e+01
1.442689803575758134e+01
1.434849886709957900e+01
1.446562779131511789e+01
1.469756301547389477e+01
1.492117212542334848e+01
1.470620938013006374e+01
1.454554803132148422e+01
1.475671183440847933e+01
1.475010556251069893e+01
1.442877761393672742e+01
1.446973772536792424e+01
1.472817389888830775e+01
1.467836736243822138e+01
1.445017311259312187e+01
1.450081331793869666e+01
1.474931446881051933e+01
1.481450754221950916e+01
1.456391703209086685e+01
1.463292669465290707e+01
1.485246202629341461e+01
1.491726235964952174e+01
1.450258176857238013e+01
1.439816882237122186e+01
1.455416662394968341e+01
1.453100900724508371e+01
1.417677595978974026e+01
1.410950480435685073e+01
1.417444780802026472e+01
1.422212902604580620e+01
1.380178671023847059e+01
1.388338062459696864e+01
1.386744132642907523e+01
1.390105950682198177e+01
1.349904449666560069e+01
1.348427191317510676e+01
1.358523021416010224e+01
1.363184477023959573e+01
1.333137631823197289e+01
1.324106900472784432e+01
1.327234112272146405e+01
1.327271558652450523e+01
1.303830465999764066e+01
1.299997393201481444e+01
1.299416285776376512e+01
1.303327139479279850e+01
1.294305901183889063e+01
1.254602983088105184e+01
1.267693847036216148e+01
1.266263737746254492e+01
1.252725225722820390e+01
1.247352313149039915e+01
1.240820763152070505e+01
1.234307830378507731e+01
1.211760548034374629e+01
1.194330777670658961e+01
1.174322991364500979e+01
1.150984787135213772e+01
1.106935056694123531e+01
1.068031708194488161e+01
1.015824820694064101e+01
9.610629062575046788e+00
9.139741232060428544e+00
8.489641415888740994e+00
7.869648513744679441e+00
7.283055976848880952e+00
6.726084766739909959e+00
6.213395267393972077e+00
5.809008013953693705e+00
1.090683158935804542e+01
1.020861458893000062e+01
9.633815023521112408e+00
4.748169290742936255e+00
4.829279646252439662e+00
4.799714152518844479e+00
4.849879856215565610e+00
4.839571979057412321e+00
4.906098593468755986e+00
4.984025565931686330e+00
5.168539278589768138e+00
5.341733664229046497e+00
1.145914523900137105e+01
6.143945805538545635e+00
6.424912522600866538e+00
6.661612801520228722e+00
6.995431295320650555e+00
7.218234167206274421e+00
7.541418604118334201e+00
7.835231048004621890e+00
8.115183898236876914e+00
8.304179518927865544e+00
8.582140707701997329e+00
8.879061924250065019e+00
9.171404816283040162e+00
9.557554838177377832e+00
9.815336361222495754e+00
1.007021150282224475e+01
1.030063410006589919e+01
1.060177127145982467e+01
1.087322172289614741e+01
1.110665852684231858e+01
1.137055134509718712e+01
1.163252770856002094e+01
1.186460116765521100e+01
1.205146461321326079e+01
1.236776571053566265e+01
1.254992648630220131e+01
1.281686611092193040e+01
1.304879250438765581e+01
1.333896097457322050e+01
1.349142932140362738e+01
1.352396099753117298e+01
1.375602212175017058e+01
1.321915069176597513e+01
1.345281034225168071e+01
1.353201115483820338e+01
1.362346303306964046e+01
1.377093425387658954e+01
1.387291290649575082e+01
1.405756879000198012e+01
1.420681545890282571e+01
1.443393826977126437e+01
1.461231278226885877e+01
1.477613230504177189e+01
1.495412566176347546e+01
1.515004610780803773e+01
1.527315673202685886e+01
1.542001813715440228e+01
1.547584764090137277e+01
1.568375294131547726e+01
1.570630040245691106e+01
1.588292423239655271e+01
1.583891049880806534e+01
1.601261690022333184e+01
1.632505923892870925e+01
1.592221748164638662e+01
1.620370986427091609e+01
1.621823768823280432e+01
1.631595292824571075e+01
1.636334282456116540e+01
1.629599554978320697e+01
1.618972740736779059e+01
1.609797354548695481e+01
1.614762070313928888e+01
1.611517140334175480e+01
1.611657968758820658e+01
1.611025609589915319e+01
1.620342233944912635e+01
1.618384471094611143e+01
1.627510208910992873e+01
1.636301816131628684e+01
1.649717703927536760e+01
1.655629643692855169e+01
1.671549378872450475e+01
1.661891039736620357e+01
1.673847806788134918e+01
1.692810169316501856e+01
1.704369095214504171e+01
1.710776092352930178e+01
1.743489376734076046e+01
1.722393887197123874e+01
1.742460529915614131e+01
1.748132808959329765e+01
1.742343735977612340e+01
1.727690381882453963e+01
1.731444550219566025e+01
1.707205129892714979e+01
1.705741660250179592e+01
1.695753299476075071e+01
1.686791634180700328e+01
1.677108422263266263e+01
1.674266247608124303e+01
1.672372351541821800e+01
1.673925046028025321e+01
1.650289344120360369e+01
1.659344603463115320e+01
1.669375549410543513e+01
1.668942814614915093e+01
1.670168218472297283e+01
1.670751002517363659e+01
1.669745788046901680e+01
1.670354343846963729e+01
1.666248493426527233e+01
1.669348011499286244e+01
1.664838118971714209e+01
1.662013251641538147e+01
1.661812062626025011e+01
1.670266774255263797e+01
1.662752693454476116e+01
1.668954124086214463e+01
1.665346783691447996e+01
1.662915196110435545e+01
1.654287304505701783e+01
1.652182272870670587e+01
1.649366993095844336e+01
1.641289300437124155e+01
1.638196138024469306e+01
1.629610189171526002e+01
1.626721442408248564e+01
1.623280068628612938e+01
1.620385709138199459e+01
1.614655664913705735e+01
1.613343008346866725e+01
1.618249096176759849e+01
1.608255572871216188e+01
1.622343502002663129e+01
1.612992507723452107e+01
1.622498919725968847e+01
1.628921589836852846e+01
1.625252438495497742e+01
1.621000648845037873e+01
1.627161595301824804e+01
1.616331930069954836e+01
1.608016610276673930e+01
1.604430496215425705e+01
1.599307983781650044e+01
1.588114479791497757e+01
1.582256693860611030e+01
1.563159409853758497e+01
1.562663163654060305e+01
1.550935703335164639e+01
1.555109514831165107e+01
1.548362454158280777e+01
1.548584335157534575e+01
1.555601395756249339e+01
1.560112077628123828e+01
1.565265472642492384e+01
1.576561437976907953e+01
1.583135749628376487e+01
1.589671586828266747e+01
1.590865272488972337e+01
1.601089027484874450e+01
1.593214739934229485e+01
1.596579702509578347e+01
1.606812679459450877e+01
1.625527605785604734e+01
1.626998209689481456e+01
1.631920829935946315e+01
1.631055185781903916e+01
1.630581138313912959e+01
1.630131866144119357e+01
1.630032461920609066e+01
1.604818087830971862e+01
1.596003914552355774e+01
1.604640600762549241e+01
1.596416072861234525e+01
1.574312725083130182e+01
1.568323331593814451e+01
1.566885959842899645e+01
1.561839372834772099e+01
1.550264648841394610e+01
1.525513474924517254e+01
1.536782607672100731e+01
1.532917260364799006e+01
1.516060108656860628e+01
1.514444581421419223e+01
1.524318134541870329e+01
1.534944370584389262e+01
1.530979660753638072e+01
1.523149965508920367e+01
1.545353487637421885e+01
1.557052388084500727e+01
1.545975350826472372e+01
1.553092008151500458e+01
1.563113214287331765e+01
1.578536563077863697e+01
1.564150288093887298e+01
1.570044594265316107e+01
1.588311272285881692e+01
1.596454658402315907e+01
1.584129351684980413e+01
1.585795591334166410e+01
1.606602247554990015e+01
1.608720304497459708e+01
1.616975834356503228e+01
1.606964904057941013e+01
1.622485525436492537e+01
1.610044196323707411e+01
1.612610856764261769e+01
1.609173908397238506e+01
1.603367737165278584e+01
1.596950251627794337e+01
1.566151925214319363e+01
1.564721954091124090e+01
1.577897910627080691e+01
1.577100625241832255e+01
1.559253061206048052e+01
1.557755461774088346e+01
1.571637681572127931e+01
1.554420990482341480e+01
1.553200866647540046e+01
1.549303335228018952e+01
1.556916609477433688e+01
1.560178282568411134e+01
1.558639750042192240e+01
1.557942024531875624e+01
1.572954779543938031e+01
1.529722142803074547e+01
1.535619962080074430e+01
1.529349880551098195e+01
1.527249007988937457e+01
1.509226950751158469e+01
1.503524803417163369e+01
1.496468637255116185e+01
1.500134543423573596e+01
1.499533066488881339e+01
1.481803687999959962e+01
1.476784569168439454e+01
1.481075301638412789e+01
1.484268483952024908e+01
1.464866994372937370e+01
1.460774967829267545e+01
1.461984247798039505e+01
1.461754475136323350e+01
1.455015521220946972e+01
1.442408268448483533e+01
1.444920403283502530e+01
1.445030631263648324e+01
1.437450762182097641e+01
1.442474334683050330e+01
1.452665605540215665e+01
1.463076540632949296e+01
1.455272794811050119e+01
1.453455625699280240e+01
1.467008280347937266e+01
1.481565991846385977e+01
1.468737893088545654e+01
1.465515486361330488e+01
1.481176672567642250e+01
1.495996766120915211e+01
1.481435128681404301e+01
1.484238376805397763e+01
1.488361133029135175e+01
1.501490911021050145e+01
1.493804400414733990e+01
1.491030517032141489e+01
1.503501652983170622e+01
1.512941365695029639e+01
1.490815906102703003e+01
1.481182019324182875e+01
1.482452557854970010e+01
1.483484671124137222e+01
1.459170733486999083e+01
1.445094108344449779e+01
1.447394799646955654e+01
1.442074245043536074e+01
1.424444902473075381e+01
1.413754083982320431e+01
1.408727777989387953e+01
1.411456770849817310e+01
1.393565195928910150e+01
1.374204108345891839e+01
1.352690458326625489e+01
1.328137600166821919e+01
1.292243639283446477e+01
1.258044077473123146e+01
1.224244295474641220e+01
1.197051725257317756e+01
1.154921989827478157e+01
1.121043964347827071e+01
1.090933966660620058e+01
1.061001116128257493e+01
1.030324187016133308e+01
9.920498523781947853e+00
9.625753032832390588e+00
9.333980384284002341e+00
9.107611407891672783e+00
8.829048276266895812e+00
8.563207575826963236e+00
8.300104535754632806e+00
8.002054664040821663e+00
7.731476967061297501e+00
7.540034959859693409e+00
7.398552443376986254e+00
7.251980410315593595e+00
7.200877731229918588e+00
7.124346592337820638e+00
7.099579245097642932e+00
7.047279369828083340e+00
7.044768904675131616e+00
7.049086412481393005e+00
7.105032278248090805e+00
7.145890878480720687e+00
7.204008161048880865e+00
7.267655335661868499e+00
7.409943252553435222e+00
7.533771968776865613e+00
7.667161518862834590e+00
7.823975283110536694e+00
7.979035346701877529e+00
8.136092428523783227e+00
8.290280642283955004e+00
8.487048176345279416e+00
8.711326305559277117e+00
8.943828830766783256e+00
9.100761883718623935e+00
9.306179504887738929e+00
9.508133767763425226e+00
9.767694182366122746e+00
9.986929992579728577e+00
1.021506692808785566e+01
1.037334397953775955e+01
1.056916511483932553e+01
1.076732490789183849e+01
1.096958569717277321e+01
1.129641017651635870e+01
1.119457483177228063e+01
1.154828364684690101e+01
1.170160541693662815e+01
1.191316695498754008e+01
1.209682359127364215e+01
1.228283269486549223e+01
1.243173224601968130e+01
1.274672574705417993e+01
1.282356877056446365e+01
1.299749004121383500e+01
1.316070838966742507e+01
1.344005726915232657e+01
1.350021673204689066e+01
1.359937960236800336e+01
1.383683721459895466e+01
1.409285449032634396e+01
1.401308198761408974e+01
1.380415288962375087e+01
1.388879315439635143e+01
1.400140856321812066e+01
1.386246806969371193e+01
1.382224127853231899e+01
1.398266430967249363e+01
1.423347657667488875e+01
1.413643835267323468e+01
1.407368887249249134e+01
1.432243256496561301e+01
1.444167547013444697e+01
1.424695684082786329e+01
1.412208755315316111e+01
1.417588372936320695e+01
1.426634997914826286e+01
1.403322180329950797e+01
1.393504988246650811e+01
1.394717976059457776e+01
1.404666527750627658e+01
1.387142553915182575e+01
1.378381457752498207e+01
1.377330782820839339e+01
1.380621992242140728e+01
1.354741700207781108e+01
1.324230340650867177e+01
1.300236667449695638e+01
1.288990423916550299e+01
1.255015880420770102e+01
1.224165022814001347e+01
1.211564631622547772e+01
1.227053822698354502e+01
1.214965273975921711e+01
1.196295558116510804e+01
1.182052202811731689e+01
1.168038118875414177e+01
1.150276348037388630e+01
1.128497470274984060e+01
1.101003870391378925e+01
1.066190846026104744e+01
1.017483482966291497e+01
9.698199121284494240e+00
9.294126017539776186e+00
8.863391785060661832e+00
8.436032229071388500e+00
8.122007999578118032e+00
7.832609992116078779e+00
7.471277342868117621e+00
7.083107877115743634e+00
6.744924357437024121e+00
6.602866880093270829e+00
6.557130106341724662e+00
6.452953068507392587e+00
6.438694588467369861e+00
6.425993924542090063e+00
6.455257424322656590e+00
6.510124677897999312e+00
6.540997851903919802e+00
6.646227981516772410e+00
6.768665891887933661e+00
6.874085840574948314e+00
7.007880906933682930e+00
7.147724818786973522e+00
7.270164442983984010e+00
7.468309634113856177e+00
7.604915087476171287e+00
7.764073026888197226e+00
7.911979281984149459e+00
8.078071316380086131e+00
8.087961321285277450e+00
8.120192484153378132e+00
8.175372316879018442e+00
8.184133473942079462e+00
8.196091957874385159e+00
8.112866911377091483e+00
8.094138398800495793e+00
8.009379796307680266e+00
7.945765273906546078e+00
7.915094618968367080e+00
7.838449223552843570e+00
7.804308683582384276e+00
7.715058459526177970e+00
7.695025575729629530e+00
7.662127490813633202e+00
7.549278692282823222e+00
7.480457042187995675e+00
7.382749670728253832e+00
7.279909719055664752e+00
7.125834314520608004e+00
6.993012741402298893e+00
6.757794690366373480e+00
6.640060204926039766e+00
6.400648430674141132e+00
6.195748641664209799e+00
5.904069852283821973e+00
1.072549343702427826e+01
9.172753523815570631e+00
7.602795266184843470e+00
5.915739261816806760e+00
6.994133839241486683e+00
