6.168655731021197020e-03
1.933722275133223367e-02
7.363178596485173057e-04
8.880129325523247307e-04
6.282732765519662504e-06
3.281466922513748361e-03
1.871252448239790886e-03
1.022191772785555237e-02
8.534834601899379120e-03
1.330383113458452355e-03
3.887026949962368340e-03
6.916972270155940551e-03
7.947378232286741442e-04
5.691554303059100095e-03
2.195253529048470705e-03
5.309051986931454491e-03
2.136961171316571328e-03
5.696884028712422346e-03
4.673608847472460366e-03
3.905877021312483335e-03
8.910289441585093201e-03
7.113288959494670077e-03
3.407757618343680486e-03
7.687491051811123390e-03
1.118281008511511342e-04
7.547744759620982763e-03
5.005782162436691989e-03
2.994280329572991499e-03
4.529469169164312276e-03
3.180587544409827459e-03
1.221949058323460163e-03
4.813098071116509195e-04
1.115452433911017101e-04
8.556278062989418646e-04
2.559093090020672905e-03
1.800246488802761642e-03
2.485199024079435930e-03
7.026564206060376995e-04
2.432055968875979253e-03
1.071398778630874285e-03
6.177899520460918004e-04
2.250663408301647236e-03
4.003912821488526605e-03
5.170597738961151034e-04
6.773188464213279227e-03
1.011675560063189435e-05
1.339559752507086740e-03
3.947736282603697905e-04
1.885989333126452663e-03
1.075092044660431101e-03
3.972737594867953997e-03
4.686983688044728323e-04
4.484372480511281296e-03
2.828571684186717908e-03
1.952774351808434818e-03
1.878930626818498158e-03
1.546535466476122844e-03
1.332197271122345303e-03
1.114009370627453349e-04
6.077880162121456148e-04
5.339710741598797895e-04
2.717852743309174396e-03
1.843120378152533767e-03
2.522322653463413607e-03
7.314333472285594650e-04
3.445571269057379378e-03
2.980538505849258338e-03
1.094264400481587303e-03
2.598334463717306194e-03
3.964930422199686860e-03
1.154234788173162142e-02
8.355714125131605795e-04
1.981273301697180234e-03
1.821359522137728712e-03
4.900451400725362727e-03
6.880148104408794971e-03
9.261394133701436257e-03
1.275118874789876386e-03
1.061884975034937083e-02
8.530611409172057791e-03
1.292636344695551835e-03
8.425462526812249955e-03
7.991314489529595042e-03
1.447947103046335075e-04
6.231243963295570289e-04
2.692749887439346325e-03
9.039056511979303094e-04
9.674956671095476246e-03
9.030419333970151480e-03
4.705077174573495634e-03
5.613989807113141731e-03
7.253788490919336161e-03
4.026958132911311050e-03
2.842848039599795915e-03
3.026201171232267145e-03
7.001935471698534329e-03
6.163408060818387213e-03
1.293475702374995498e-02
4.405117341814063225e-03
3.728069606567799114e-03
8.829772036280814779e-03
4.022413234115195836e-03
2.301965646841169603e-03
5.839967389963392035e-03
6.105599272855043863e-03
6.837691863372185284e-04
2.424605474897863905e-03
1.780519062536731548e-02
1.347141550502097690e-02
5.495865709969059189e-03
1.086716284730152807e-03
5.301210249459200469e-03
5.061160755721958414e-03
7.120125250690837598e-03
1.628939015480415815e-03
5.066617415006181152e-03
6.409204897650197172e-03
3.510298931702532203e-03
3.453757877763480831e-03
1.569998892272060284e-02
9.681006171981004771e-03
1.784354885069510191e-02
8.195149065382240083e-03
1.193831984556397580e-02
9.935635042627299213e-03
1.382383289101203269e-02
6.163922861680220730e-03
2.145532878747417535e-02
7.186534276688456499e-03
2.556886734389940061e-02
9.120655631243904451e-03
2.131023863058716800e-02
1.682421000492959106e-03
7.698867860519514883e-03
5.604284718005681128e-03
4.505766167628793249e-03
4.999800865052894325e-03
9.775318189471336044e-03
3.239356915948749666e-03
2.118966698855393599e-03
1.697388581065015917e-02
1.666219879088143242e-03
8.169757819647644609e-03
4.349195120750800128e-03
6.578352042804444001e-03
3.717791206319996915e-03
5.765907531523619192e-03
5.320612219482786717e-03
7.802976921974261355e-03
1.200205752431740547e-02
2.058027592513949288e-04
1.080728068937305934e-02
2.660272161826562985e-03
1.038660753657274019e-02
1.139206038899799947e-02
1.560968848473388588e-03
6.172996358075276066e-03
8.015632957351456647e-05
1.078098472894867613e-02
2.733579150611707437e-03
4.117048965362927505e-03
2.406618132072615990e-03
5.532268887441270551e-03
9.352025393074761897e-03
2.387593205453014927e-04
7.131073952387018133e-03
2.544384421813589495e-03
1.515188430829771593e-03
1.086962446359583667e-02
1.764284821297899125e-02
1.966409689322485936e-03
3.019482682499506111e-03
1.203092240537470894e-02
5.552064635676304781e-03
3.928308153782985625e-03
1.061364680688557313e-02
2.167449649112619236e-03
7.936883597146345004e-03
1.935685004094359540e-03
9.563974735360067370e-03
2.776523390773266860e-04
1.444977077887594011e-02
4.508515667675553999e-03
9.077617365775736587e-04
1.046486200001016734e-02
5.078933844565335087e-03
2.921297388385665859e-03
1.283323930114256377e-02
1.463033340319348525e-03
2.277617312430244446e-03
6.278093371487416564e-03
4.321504551473414127e-03
4.611612114295547682e-02
6.333268252119647612e-03
3.816032227382540332e-02
7.184895757713471998e-02
1.781961075174997439e-02
7.224615727615520122e-02
7.151525344586127930e-02
5.500461657940694873e-03
2.420054776044201078e-02
1.872389976123129893e-02
2.055935249880365412e-02
1.901422806050113642e-02
6.020158600008543130e-03
4.693360242542241219e-03
2.362624465874351050e-03
5.646155241489869692e-03
1.492217296686844039e-03
1.661670582822717679e-03
2.497632197849083101e-03
1.042492422243147809e-02
8.952362411626304118e-05
3.069441795552247353e-03
8.709395558724120773e-03
1.460258580763367170e-03
8.734834086809854141e-04
1.915828261331177463e-03
4.697215217758173716e-03
9.735726430864263641e-05
7.587583898904337425e-03
1.488674550159911495e-03
3.778443786424398078e-03
2.231489290535366293e-03
2.048208690286390261e-03
8.467093482541583269e-03
3.366532426391069359e-03
1.005734138770905846e-02
2.052630543061879920e-03
8.833502570744987750e-03
2.485112791541752974e-03
2.757211487645317219e-03
6.835859306557508230e-03
1.001920305900398439e-03
4.670377778194765434e-03
5.907546577267713296e-03
1.767072239786171995e-03
3.992615677021790765e-03
1.711130669998300923e-03
4.437298676725045035e-03
8.127562176121252632e-03
1.230306472579987750e-03
5.085078974368060015e-03
3.479086730034587627e-03
1.193229434810228612e-02
6.513987928212394696e-03
2.434130916750413924e-03
1.761544399091656077e-03
7.733438473147074936e-03
1.607649464602578472e-03
5.948723764998995953e-03
1.426194399721401884e-02
3.827169951551077139e-03
8.268434430154628784e-03
1.390630898804136317e-02
3.391261261854782230e-03
2.443094909020758335e-04
1.405082019729879048e-02
7.781480181970086910e-03
3.578790037946034865e-03
1.610461823482064320e-03
4.485355718394725549e-03
6.795282229201542873e-03
5.458660213046067494e-03
6.530169630905396233e-03
2.625974466126367642e-03
5.753182384658085680e-03
1.180394611213434093e-02
6.776905352272620531e-03
2.707940209444166264e-03
3.716519131225633384e-03
5.947067357799159550e-03
2.456966724436315808e-02
1.003384884347762948e-02
1.388233753795196750e-02
1.685139774782174827e-03
1.223599758614757338e-02
1.050414151894139836e-02
4.513071220034659339e-03
2.351010506906986170e-03
2.630263399212221095e-04
3.035347507736249183e-03
1.129660252783614783e-03
6.839400846500277679e-03
1.081092045057312385e-02
1.206409729470897876e-02
4.484377983493317496e-03
2.287021355849060914e-03
5.018850812655336301e-03
9.778033573394642741e-03
8.724770752146508018e-03
4.480549873313680390e-03
7.052091166340505521e-03
1.143206819737869508e-02
3.101973744819621400e-03
4.069726447362023367e-03
1.546688055810296761e-03
1.001675171056262172e-02
2.165209809936930602e-02
4.296221020262398771e-03
9.796950590028774553e-03
1.920235733520025967e-02
1.635249552201971076e-03
1.704421025402764675e-02
3.151798648725995591e-03
3.010818130474063152e-03
1.186930745672500238e-02
1.040645571992645201e-02
3.542347178219079195e-03
1.046391858981461989e-02
3.203462842636910137e-03
2.393768320289646912e-03
1.151499644028373265e-02
7.119671915210577622e-03
4.542217433591608233e-03
1.451773499656391735e-02
4.839451870985653215e-03
1.250509539978880355e-02
1.473498697242565242e-02
8.372020421514208069e-03
9.833800794550805538e-03
1.190471649519077215e-03
1.678550373959845909e-02
1.771791374744477454e-02
1.391074560216851511e-02
6.280866396056718204e-02
2.856830930000523079e-03
3.945537466002941793e-03
1.323330144706240906e-02
3.838626569183848421e-03
1.299130569890462848e-02
2.180180682041043747e-03
8.616504394802132483e-03
5.259451482248802580e-03
7.517407111833960751e-03
2.189431590366456605e-03
7.751381262583373344e-03
2.461924430105986734e-03
8.570171568297139941e-03
5.782908917273132249e-03
8.382323028425299125e-03
9.268632497109364696e-03
4.430175595548632717e-03
2.830415359339893099e-03
5.906159891096336712e-03
2.554485030484219751e-03
1.195642842165629653e-02
3.565842801898017663e-03
4.507862723309758075e-03
1.028375971662312885e-02
1.469570276572904587e-02
1.563529924901908017e-03
1.085976347111457414e-03
6.989169989315278941e-03
8.241074143735815927e-03
2.189910399065861293e-03
3.059753402525866497e-03
5.111971776695473438e-03
1.470303752036012518e-02
1.777628394451542110e-02
3.309714178893913630e-03
2.305418612512497804e-03
9.390578013643645361e-03
3.109595098106941995e-03
5.303015855679429555e-03
1.132784859719586715e-02
1.382079395093423549e-02
1.978954886481508642e-03
4.836014094633526300e-03
6.025251874262361855e-03
1.202732662114123011e-02
1.485720287874347199e-02
3.751995458473361862e-03
8.346473399782085995e-03
4.103936122281531124e-03
1.593513227588661679e-02
1.317440337983706404e-02
2.038819709216910768e-03
2.140282759665628268e-02
6.986254935664108594e-03
2.595378173669712907e-03
1.435992916617698277e-03
1.715055913392694864e-02
2.604329973287369381e-03
9.778873766971252560e-03
3.402486578313702621e-03
9.567373454761362792e-03
1.149098303827949911e-02
7.877667445441525335e-03
3.133565440783650947e-03
9.766405559219948698e-03
1.540926230315305991e-02
1.193472351358048321e-02
2.163920713809347821e-02
2.184448131852574984e-02
3.111883339259772369e-02
5.574557942077274647e-02
6.989480776507296655e-02
5.627625898037617175e-02
9.229334662308449899e-03
3.188194726107775046e-02
1.239539478279694761e-02
2.722946877235445269e-03
8.077270166522338563e-03
5.924359457772601645e-03
9.175737361625541794e-04
8.333101914582410549e-04
8.285762295678435196e-03
9.507647821763904467e-03
3.099673790804137290e-03
5.350059349726390967e-03
1.863375891650582809e-04
7.503314117947256206e-04
8.011155512501178758e-05
1.015071407930276393e-02
4.283765364723333464e-05
6.583375697363533924e-03
1.872711995326157858e-03
9.410219942989031961e-04
2.233383927538135950e-03
2.804713628980821764e-03
3.001982088187746429e-03
1.845529700613413385e-02
1.601750576562610898e-03
2.367189955880798138e-03
4.174139735397746492e-03
3.524769903541671683e-03
2.228673796446741428e-04
7.011523636270465543e-03
6.589989137109839197e-03
3.781398023990592116e-03
2.283026707156104356e-04
8.054185696821640483e-03
1.715726688525681448e-03
1.473902540375693002e-03
6.182261726645838645e-03
5.553243671856234950e-03
5.831869911039993387e-03
3.955393999303987405e-03
4.576752964627367470e-03
5.863200629164440000e-03
2.238075275337793324e-03
4.738381912301603029e-03
9.114422916533630736e-03
1.628167590494068381e-03
9.781454581000530862e-03
4.084752055676752792e-03
9.072146044140250165e-03
9.200607717177395131e-03
1.075876678336789649e-03
6.334710849544790759e-03
2.374778435662715671e-03
5.633115892025070300e-04
1.747104741908931834e-03
5.673420318084824304e-03
2.261526180758623855e-02
3.305244883160116370e-03
5.382276352326905572e-03
3.360479820160292962e-03
1.612548583644415195e-02
8.640300337528343012e-04
1.343821402310917471e-03
1.796726900211713038e-02
2.678476994487298882e-03
4.905915862989387692e-03
5.916925576753314341e-03
2.865262997903516087e-02
5.364325546425562086e-02
3.622494815202640522e-02
4.536665325384630493e-02
3.628214275124733157e-02
6.504722544237843962e-02
1.732004741425637387e-02
3.331745202369067183e-02
1.706858523489344914e-02
2.191192728802566353e-02
2.700801514078090930e-03
3.029635045254931453e-03
7.454279112939386429e-04
5.066072007990644194e-03
1.883691216993325923e-03
3.545791065375745142e-03
1.331786576206686916e-03
2.730325025400759213e-03
8.092436745255518482e-03
6.847458773878842796e-03
6.286288187648131527e-03
7.787830620099447411e-03
1.726085426717688777e-03
7.231694551461077640e-03
4.235096475684113453e-03
7.366654767900542890e-03
8.526469651032541307e-04
2.515994240300493609e-03
3.089903936121636552e-03
4.462144679601872527e-03
1.575477599634891044e-03
3.401768382865912044e-03
4.352806514485274558e-03
1.033380505122909361e-02
2.116139001061730085e-03
1.521056920208123256e-03
2.903632311687032262e-03
7.876121945207627262e-03
1.263061844185167995e-02
5.480506392146041123e-04
5.601332180714546291e-03
1.109821228364705169e-03
1.014559814436581317e-02
6.229958645535788953e-04
3.822526905181013613e-03
3.169534717184337418e-03
1.136334649675818133e-02
3.809954626769086663e-03
4.150077917235083305e-03
1.828671533463332565e-03
5.359008680614747028e-03
2.446614182266279060e-03
5.524937473392489869e-03
7.427832831739635596e-04
6.882306193457842121e-03
5.067637822215974829e-03
4.613063640210328907e-03
1.240920563464765255e-03
9.409654432060871390e-03
4.891939574885248443e-03
1.534074941423274694e-04
9.456602085596699583e-03
6.528448487940419036e-03
4.089628649709667243e-04
2.475092876571183178e-03
3.297603359013022949e-03
2.703472973320811702e-03
1.021333340643588994e-02
9.460767770749211334e-04
4.727146850611508092e-03
1.487743701938655885e-04
1.775123644428500472e-02
1.068418869939228525e-03
7.669596088128194725e-03
1.043582202563471742e-02
2.897864616390694124e-03
1.375375181218843612e-03
2.226054107533851061e-03
6.481281683532214531e-03
1.215379255431278064e-03
5.088509298872447364e-03
4.682890198910717207e-03
1.971008669763487514e-03
5.459101847272082413e-03
3.161970586633815802e-03
1.692764714020093299e-03
6.634136015983831992e-03
5.862616908048824682e-03
6.331030094656997162e-03
4.069883884722185104e-03
7.247174907538115295e-03
3.248859433579414334e-03
6.766335151217384158e-03
2.417653634103042719e-03
5.178701226825171457e-03
5.860702272421638818e-03
2.795603046531017124e-03
7.306109722107643513e-03
4.060552756860775700e-03
6.070298797675798908e-04
4.489793120826681729e-03
6.289421027473156463e-03
3.855262051131080631e-03
3.664597094920796390e-03
7.576150671083205744e-03
2.633246371250619333e-03
4.271438688150597934e-03
1.141434171766905151e-03
3.384503614671061957e-03
5.589609406891612141e-03
1.121556283717773002e-02
4.184947907148194729e-03
7.110936836297718569e-03
1.352865869785668980e-02
2.284693765490950542e-03
1.497452623393110728e-02
1.818583709567922783e-03
2.310900040899794249e-03
9.130375584158519769e-03
2.119510292388233647e-03
4.617117642841580757e-03
1.010647210631012566e-02
6.454544859943575977e-03
3.994896692640150480e-03
7.274048133257892540e-03
1.701335536598337595e-03
2.940423073326359910e-03
1.356015996325944835e-02
2.689454518177387260e-03
1.121699884150761939e-02
3.649410020847207274e-03
4.832478626578587053e-03
1.831764589884010176e-03
2.569502081753194042e-03
3.078999970765426610e-03
2.613024655397865135e-03
4.406230613626124434e-03
3.325123252205178757e-03
1.318663754422070254e-03
1.494651631422094264e-02
5.096496374415831511e-03
5.107966142001344086e-03
1.309728376992865505e-02
3.676089815913355548e-03
5.380929656618285359e-03
3.379019107606323191e-03
1.773493120066137879e-02
4.137610875542128280e-03
1.725296945952955151e-03
1.931712387354099503e-02
7.192520941922209490e-04
1.055353112407716315e-02
8.078702925774743429e-03
3.140670052961837960e-03
5.423911359062020578e-03
3.063245527491512306e-03
1.328748534911592186e-02
5.612356976099615834e-03
6.271556969757790742e-03
2.867046110341464962e-03
1.973892023170266581e-03
1.024200246901494846e-02
7.873489997540554508e-03
1.217569316311367233e-03
5.636466389696570718e-03
2.403124931386748167e-02
1.460720598942645684e-03
8.152908996922173662e-03
1.913872634136194132e-03
7.765419293653702884e-03
7.566920424261211649e-03
1.965400587651090943e-03
1.612833481376729078e-02
8.952590943493983315e-04
5.524283882711966513e-03
2.358838937722212200e-03
8.609733794793322792e-03
1.798125116944957261e-02
3.913953522738404175e-03
1.408972232297530693e-03
1.528380468739185677e-03
2.522024994949379276e-02
4.564745441072991759e-03
1.168886735717845037e-02
5.098262877271150795e-03
1.872484036419979833e-02
8.778954578031851821e-03
1.290156306514825876e-03
2.913341930729230946e-03
1.104576609999992354e-02
4.895920405515999906e-03
5.324330003151587012e-03
4.574463513270520670e-03
9.322806042607137975e-04
1.260363677772057336e-02
1.968977994435137328e-03
4.133801193591464355e-03
8.373016084431309652e-03
3.353943451273058273e-03
5.004336879538307491e-03
3.459503036216554552e-03
4.768115717621566191e-03
7.707343207689961329e-04
4.599533766385591541e-03
1.146371055856725864e-02
6.396151161084738090e-04
2.143168148432125948e-03
7.330771399410680560e-03
1.002289050324032052e-02
2.313103374318478071e-03
3.808909143279445245e-03
2.633443718949938714e-03
1.369182226897146509e-03
1.129289918603390086e-03
1.580043538762321807e-03
2.302499618639717964e-03
3.838986135276800573e-03
1.268148037871810697e-04
2.287246698100875875e-03
4.770146274698773559e-03
1.967479500091078633e-03
1.489973625563099273e-03
5.104012199484493813e-03
6.965213515049167208e-04
1.522889846356799415e-02
1.351577564678929557e-03
3.057946797186358347e-03
3.018176792630032808e-03
6.719103334198697070e-03
3.981789462953503125e-03
2.197843089361208209e-03
4.378846499046816227e-05
1.813190879506806691e-03
1.941691136484314682e-03
4.211698760430142296e-03
1.792834702754441539e-03
4.555726368442140906e-03
8.377512801616040627e-04
1.620909731294614079e-03
3.416739401206008754e-03
1.741772424152033746e-03
1.402370437842963280e-03
2.484414720984656853e-03
2.521845987617416657e-03
3.761666205311274807e-03
2.012093633839157764e-03
3.355950301525214858e-04
6.764354847988179225e-04
1.659237144373727421e-03
1.004553443219344516e-03
2.957939316345646868e-03
7.104793378825322546e-03
2.879333748339682627e-04
4.173263874300462729e-03
2.325477271806551498e-03
1.136341457277646868e-03
2.814239870436962589e-03
8.952253396670575153e-03
9.153862728914591252e-04
4.905545946309711886e-03
1.850669627063750199e-03
1.785370448367984550e-03
1.012650626769932838e-02
8.629677906159182398e-05
9.972777370969342428e-03
8.437532478855872681e-03
4.414379205981193433e-03
2.724640358473564596e-03
3.930139990242132245e-03
2.095056282114759593e-03
6.030401567416056319e-03
3.791587687091723270e-03
7.296835109055250720e-03
1.096751168118414478e-02
6.985273542602458800e-03
5.006343246237457412e-03
1.518999457197930383e-03
1.131275480476168910e-02
2.640646014468484536e-03
7.255121273502109641e-03
1.081151253536627487e-03
5.266928204888300484e-03
2.767429204831750155e-03
3.848091839937977342e-03
4.209837227021860639e-03
3.656987761321515810e-03
5.354841210801952224e-03
1.012738924227130945e-02
5.915922409482924672e-03
1.440243184688921613e-03
2.096762289908204926e-03
3.117166282690212158e-03
9.116067763950113506e-03
3.764600532624548090e-03
3.312640571769866205e-03
1.396047659735326352e-03
2.576062973562075198e-02
2.532091347629551650e-03
1.464280082110412141e-02
3.946541033317993788e-03
1.359678578122725662e-02
1.163303185616201526e-03
1.143205315568013650e-02
3.679678619577952947e-02
8.763281425576526645e-03
4.119636061749922321e-03
2.787057490452836059e-02
7.447566402830688159e-03
5.142367469596322016e-03
1.841215472166779846e-02
8.893183869675410497e-03
8.750198085388832120e-03
1.372056214608861034e-02
2.431144888178502633e-02
9.085373583406969322e-03
8.191829201553771367e-03
1.046997486585161605e-02
4.979035638214411585e-03
1.379782055077562880e-02
4.104131833571058978e-03
1.002918814584874592e-02
3.368268914397945166e-03
6.513599171582961506e-03
3.742293086330588780e-03
5.680872635838433125e-03
4.871219431555789785e-03
5.104317574000162214e-03
8.196957745579911553e-03
6.606750978431708693e-03
1.545818120319954105e-03
7.902976895224152545e-03
5.172561727854990687e-03
2.865330803773746045e-03
1.276481253223976306e-02
2.190566861066902370e-03
5.742030367241799001e-03
5.729707767286509185e-03
1.889146173854084742e-03
7.442347518248508542e-03
1.061020034586530880e-03
3.938589041008330564e-03
1.440688403857051658e-02
1.360022175335738560e-03
6.020527134437297576e-03
5.815907008545605564e-03
2.843865239695078997e-03
3.214934926806889501e-03
1.283311580794909562e-02
7.294131952265369128e-04
4.046360150702098084e-03
2.434536830266088511e-02
4.752909172744271618e-03
1.001441115813176200e-02
3.151980732459841884e-03
2.338383031511450522e-02
9.733903750469168926e-04
2.809134716948424870e-02
8.327747261440248392e-05
2.463686357475186953e-02
3.991486231256842487e-03
1.557797680711167643e-02
9.330690928108294094e-05
2.083933333061633881e-03
1.908841282474271414e-02
1.024745247365449995e-02
1.485546301056192911e-03
1.370214361941511725e-03
4.012189457965500798e-03
5.996447519408254490e-04
1.606097923082050807e-02
6.687712216125582879e-03
2.849309322213487011e-02
6.404627652030804585e-02
7.854348545409461230e-03
2.427929399069098451e-02
2.482932499320796016e-02
5.706426193310368961e-02
1.687980044588541576e-02
7.994101450278982834e-02
2.022326097529589944e-02
9.433001683546608090e-03
1.816733749021153107e-03
3.829294420551280771e-04
6.749974243340280816e-03
4.637131127059570179e-04
7.785657783888385274e-03
4.040419829375647108e-03
6.789581408256034276e-03
1.507320287769003432e-03
7.417858884356384394e-04
5.129029190928710569e-03
6.086984211257881125e-03
1.253688481995943573e-03
8.565339507699819841e-04
1.549377283794442809e-03
5.838714885787105180e-03
3.045147593077171576e-04
3.289065049593171020e-03
3.525659209188297324e-03
1.755797793338716682e-03
2.341509611206222218e-03
1.380628665970465687e-03
4.745622475866249088e-04
4.591101547915370229e-02
5.958773069777422446e-04
2.224657085058921041e-02
6.648995908648909145e-03
7.460031105333797888e-03
3.513453104142744924e-03
4.926897241620603260e-03
5.267651952092362345e-03
3.653905401381784407e-03
4.928303172666726600e-03
5.081317414662708809e-03
3.494489056677273914e-03
5.593029128477802411e-03
7.884947489419034602e-03
1.601821703296322022e-03
3.753630635413759790e-03
8.753355560246901378e-04
7.223726872106245485e-04
5.976500727959677822e-03
1.183942189554109889e-02
5.492597060613448393e-03
3.793613181677111222e-03
1.918810400818598107e-03
8.886913474100869431e-03
7.342554901175481728e-03
6.721376705400822216e-03
5.342099606889762729e-03
3.014274050427875364e-03
9.328929884836151959e-03
5.128867104193140722e-03
2.109668593152690466e-02
5.295495097253993810e-03
1.059149859981344324e-02
5.170652400237938685e-03
6.144642830267365782e-03
7.115157682853680277e-03
1.886220608945368346e-02
7.133172055015519607e-04
6.752683595287221202e-03
5.822062320156019995e-03
1.043581311496441294e-03
1.113464141483414688e-02
7.169230228175604673e-03
4.918823125525570092e-03
4.990000721112051226e-04
1.209279697951874850e-02
5.589707672653620486e-03
5.141335318352676167e-03
2.185593191315427647e-02
4.106468862638870329e-03
5.485986490638148153e-03
2.713006642044912906e-03
1.304455579566964930e-02
9.614080726935045687e-03
1.124991782683426762e-02
7.592419772544692705e-03
9.610522740689315252e-03
1.398852905825301134e-02
1.068235658419591783e-02
1.713929050850301547e-02
1.062991752322033079e-02
1.163303915300086672e-02
1.092010902120691893e-02
3.898554785333384950e-03
7.590852647584833343e-03
9.358111787691877556e-03
8.204824166877218092e-03
5.045522725923312114e-03
4.910964736832086966e-03
4.631197411116600923e-03
1.024467314181152057e-03
7.393506964205419710e-03
1.535633066815047555e-02
2.552275529872598606e-03
7.602289538475286851e-04
2.283675526751157564e-02
2.727820428022689498e-03
2.126114068915808952e-03
8.647120901385167355e-03
7.340778030618895283e-04
6.035644449613561825e-04
1.236057827934160247e-02
1.819815818453347778e-02
4.732529877054502884e-03
6.549365925033687370e-03
1.231049863251205446e-03
4.997246378850552818e-03
3.345415830670747919e-03
6.354572717475403046e-03
1.612873662334641254e-03
1.107307372629443530e-02
5.652539834188468129e-03
4.270766717652856904e-03
7.040651165264900924e-03
8.577373410785875049e-03
6.839734005563396623e-04
1.868350694305390483e-02
3.849869847566221321e-03
1.014804907165263448e-02
2.425102052928392407e-04
1.297055222045727547e-02
6.041974223510517689e-03
4.717964423796858556e-03
8.009532228760392336e-03
7.826180444515055262e-03
6.157341909223211680e-03
1.709917194723253831e-03
1.468101889270134047e-02
6.281889603870931260e-03
6.724553731325134433e-03
3.935891608065196674e-03
3.249500780625229172e-03
4.012724676477379820e-03
1.248133335220433238e-02
9.638623090208171904e-04
7.410518490425676251e-03
3.831056885301587465e-03
2.495127261342469562e-03
1.430643326091189486e-02
4.377042524001374343e-04
9.471642227978896780e-03
7.012467918918228495e-03
7.725025085443735368e-03
9.600852695987600882e-03
1.694201478351133874e-03
2.303688812053661210e-03
1.720114228114345140e-02
5.316088626726928230e-03
6.794295383357996064e-03
1.266084472100716465e-02
9.062360324284373866e-03
7.568401379211067703e-03
2.649265599446378426e-03
1.730989706835654729e-02
9.688271348108606212e-03
6.322571168399707293e-03
3.436130361416421010e-03
6.420678512715802082e-03
1.213592854569927118e-02
1.528531815063773405e-02
1.531450541724201087e-02
1.226027071790872377e-04
9.365656802912536785e-03
6.791984540139817464e-03
1.588100692142953990e-02
1.313041049198845900e-02
8.524348943697216893e-03
5.455025114501793095e-03
9.044648613694420336e-04
1.285480704476577203e-02
5.431576509699135788e-03
3.634318800235047595e-03
1.006182198653192243e-02
7.795870120811745907e-03
4.857973686805195854e-03
5.974187684777558169e-03
5.379706157051799241e-03
7.442178798555488042e-03
1.343122870772784500e-02
1.261926863500840296e-02
9.596727583717542392e-03
5.132025657385663395e-03
1.423383765836477854e-02
2.772086478652531667e-03
1.575251200942911003e-02
5.842740561202021399e-03
1.181160215980287670e-02
7.289857189824262493e-03
1.818283576332397787e-03
1.685709194670028874e-02
2.255435565553320920e-02
1.347578831358765133e-02
6.863231093765484979e-03
4.695566224084124496e-02
2.001208125563699609e-03
1.031170264735212228e-02
2.265275034715654931e-02
2.470661637505827679e-02
1.475701397714313835e-02
8.595947044113910057e-03
6.248479302468844601e-03
6.445035681240334109e-03
1.576113813109429097e-04
9.936944676474428195e-03
1.694925371869284228e-02
3.911043665451430403e-03
3.113504550615230071e-03
6.759855814613838568e-03
1.503768723030158910e-03
1.184511418617992771e-03
5.821127544514833989e-03
4.713510408683209418e-03
1.109026048016599746e-03
3.766483551027982948e-03
1.107566479249941531e-03
4.314310831779119559e-03
4.809846798468152274e-03
1.009531557342067606e-02
2.027739353604709398e-04
7.743314306931117080e-03
3.579786158036702163e-04
1.740531918027145991e-02
9.879976037849919762e-03
2.243261112884556169e-03
2.046472020332321898e-03
9.946731092828915016e-03
4.980886388319228459e-04
9.833106625456588742e-03
4.935106050710644753e-03
8.055147176388822300e-03
3.226316390665956955e-03
1.535612545868593297e-02
1.644369905817715015e-03
3.535157697150971643e-03
4.960488956337411048e-03
1.903203964192340565e-03
1.188724349354052141e-02
3.845469494741913467e-03
3.251515846302667663e-03
6.251891324243148695e-03
2.668339465333154862e-03
1.676237747766547810e-03
3.653891264809161835e-03
8.458349818561657681e-04
6.418930706032832667e-03
3.079001601572277716e-03
1.132469897181267830e-02
7.617227883821457712e-03
6.164589663259579903e-03
1.038080982122589063e-02
8.394713899042929341e-04
8.649938779480207513e-05
1.560119424129761262e-02
8.378366978643527266e-03
1.203267825547701952e-02
9.922554699305469964e-04
4.357136785504930887e-02
8.358575756409317159e-03
3.174287953248150582e-03
1.180322644519047649e-03
1.160757059575621801e-02
4.064460062105931804e-02
1.555288749793670017e-03
1.531551586935137564e-02
3.100508270403316141e-02
6.314155581147590235e-02
1.913449544190493415e-02
7.704475585138026439e-02
1.296101238502555403e-02
4.949675464774785233e-02
3.115804858857123411e-02
2.200966588822189651e-02
4.514456595642077352e-02
1.077994464492207718e-02
3.117841080119608966e-03
6.643410751428133892e-03
3.401507389865120450e-03
4.067835187452976649e-04
2.404519479408152860e-03
5.691652397691394742e-03
7.359382607197656988e-03
1.635457036611880077e-03
9.509599489746641335e-03
8.862161314520094341e-04
4.515122727739158751e-03
6.371734538045839644e-04
2.058460719193769446e-03
4.027775041085954882e-03
5.180263628240523895e-03
1.942716567588376186e-02
2.397179862025966383e-03
2.436555918708271321e-03
1.553636474823407430e-04
1.623824508429999331e-03
1.055168427024063063e-02
2.971946305560340101e-03
2.094215328696339643e-03
1.891187835787332908e-03
5.568300542702311895e-03
1.335058264034196321e-02
3.892037983529808912e-03
8.066426229500763684e-03
3.536459096284552423e-03
1.326451458778688409e-03
1.110647457301692544e-02
6.786931524193144357e-04
6.348944026240967327e-03
7.708418183249184357e-04
7.866686486167617787e-03
2.506302172616606087e-03
1.113698523871486977e-03
3.600030623112801965e-03
6.579769281032242685e-03
6.033220650048744596e-03
6.307255546399253426e-03
9.388488410638315407e-03
1.583837056467962733e-03
8.898206540184492490e-04
8.620701657504312859e-03
5.386449203217263081e-03
3.231230801703244455e-03
3.245008770740947374e-03
2.492764958283213983e-02
2.324846576427700806e-04
6.567774585696222606e-03
7.573736370736032335e-03
7.522189580406395126e-03
7.853749445425395933e-04
3.686612401522575740e-03
8.646612784875376198e-03
8.197962885853174496e-04
8.952901838845042995e-03
9.957311094006644422e-03
1.781590210992992605e-03
1.060180949367359182e-02
2.000056450947165082e-03
1.109020369497520399e-02
9.467364099358392855e-04
7.941803571077666810e-03
8.733456213158780675e-04
9.867360138185239660e-03
4.865780696478526866e-03
1.504181394490482909e-02
2.057980188915654006e-03
3.667484967151165946e-03
6.561642264812563713e-03
2.859253123659301517e-03
1.005208345229877988e-02
6.549052213211822848e-03
6.773485440702563948e-03
7.471124132154962315e-03
3.179709962059104871e-03
1.546401703091374036e-02
6.199849156559118432e-03
1.631417785006324117e-02
2.601948425068747323e-03
3.719305990776628282e-03
1.142911493641158086e-02
4.800246263446809707e-03
2.343336482444158091e-03
6.127821008408247498e-03
2.750784450254234546e-03
3.698696489653661816e-03
9.699639582299733956e-03
1.328918226989057871e-02
1.730495185996165294e-02
1.317179045097224138e-02
1.002531989646167007e-02
1.157525623518487019e-03
1.458139388563369637e-03
2.531881497297471147e-03
2.814129531525491005e-03
3.266849776895553586e-03
2.471236761575037327e-02
1.752299879283367168e-02
3.203619762451660052e-02
4.075762234097996678e-02
5.237409912952861735e-02
6.353801307970378953e-02
1.808898757528052542e-02
1.516607778317368392e-02
7.376030070970122920e-02
1.106930383013176797e-02
3.002627473661808460e-03
4.803443872411563252e-03
3.607307579405526730e-03
1.565489364789209676e-03
2.214712243115694000e-03
1.920982985764732760e-03
2.560807053593456943e-03
2.873380955329438418e-03
1.150939025137836386e-03
3.828264527364018182e-04
6.612252159436021563e-03
3.919286280651080787e-05
8.264954529165445540e-03
1.930878809967986366e-03
2.030735803526482423e-03
1.805596666061194937e-03
2.525934384731528832e-03
1.851204371003978147e-03
2.499665421281372507e-03
7.121234375935600949e-03
2.677975234500090326e-03
9.445650029969401840e-03
1.270801416948964726e-03
5.535135773697529710e-03
3.905121111297746306e-03
5.362239103819830752e-03
5.706430450584450143e-03
5.847858626502070757e-03
4.989952463232405315e-03
3.665131095790637866e-03
2.137667494303737478e-03
1.064944365255099910e-02
3.647402130651147129e-03
2.663310833402357438e-03
9.648556154293271708e-03
6.700024788436893634e-03
7.175858634800122426e-03
1.401735282926185175e-03
9.089841937828590374e-03
4.533822548266750428e-03
5.483997282665882891e-03
1.231631331173141820e-03
2.008433804345389345e-02
9.179523410646431986e-03
3.724497696447116781e-03
6.708932680263776649e-03
5.065546198081584753e-03
1.062852089568398599e-02
5.602820229003051440e-03
4.306207468740681950e-03
4.107120848603354815e-03
5.540311387589130082e-03
4.026521127674497630e-03
1.005076909310225440e-02
3.149362939573288264e-03
4.164530933118572482e-03
8.186307647917719782e-03
1.906794270467715999e-03
4.409304483573669997e-03
5.515705833195920331e-03
9.471961826175444993e-03
4.178678015117556419e-03
4.238391659573789022e-03
9.562133541180786386e-03
5.498937086542166411e-03
2.547416898657259982e-03
2.616512032333545915e-02
2.707307074964112551e-03
3.862981818976583739e-03
4.618064652508180150e-03
1.341934892693852528e-02
2.251531992358967761e-03
9.218499511097646634e-03
4.752997470073244343e-03
1.474917889218484678e-02
1.712155661463941186e-02
9.063703529302477926e-03
1.822727419843426372e-02
5.535732687228432820e-03
2.149350787764976907e-03
1.521718914521004743e-03
1.537220113490535972e-02
1.167758824791999446e-02
7.460052027329649831e-03
2.897314284751463173e-02
5.171229756372194240e-05
3.212246870635305368e-03
1.008146493309494685e-02
5.544554702974898927e-03
3.196950320301371632e-04
3.215939875755450053e-03
7.484823916785326298e-03
4.521630706505826505e-03
2.398628882818209032e-03
1.476508897104709603e-03
1.214784487621772824e-02
4.637488384231631261e-03
4.581038077687401601e-03
9.827733044735175155e-04
2.175120830013160637e-03
1.220457822413986357e-02
1.143990789687890927e-03
4.110570377625548041e-03
1.211678151587499211e-02
2.174927647808498361e-03
1.184910132072384409e-02
3.330531782308731106e-03
5.916762786634613240e-03
1.418356807297533988e-02
6.731133394393721062e-03
8.097219167029068645e-03
9.893852568609525638e-03
1.651063357138737864e-02
2.728138688866558678e-02
8.644211087061761181e-03
3.119629377443892959e-02
9.801262045320306357e-03
3.792231812203357595e-03
1.165772816271164192e-02
3.694484914072072856e-02
8.916922691653112257e-03
4.013564129448993906e-03
2.358388570865263371e-03
5.386466720303738354e-02
1.062215271585926352e-02
4.131532460527406747e-02
6.824222440714354347e-03
8.552137894740265839e-04
4.644593325567257860e-03
8.110846494896812447e-03
1.232641070266347894e-02
2.915315338334322284e-03
1.121543813775635959e-02
9.695199775567377512e-03
9.272018335316210488e-03
7.148181659169261688e-03
8.906244748529384969e-03
4.664236875032256278e-03
1.141252568428222786e-02
8.800289287137177301e-04
1.070548920952348049e-02
6.783456097457791177e-03
3.370670055237348205e-03
2.458940100922039559e-03
4.302585327091892897e-03
2.326863730719363685e-03
3.078338714921235401e-03
2.508782191607941952e-03
4.176854081788706693e-03
3.009720717152421232e-03
9.121614463826730607e-03
2.039632130842594128e-03
1.468330604446754090e-02
2.176476107796676638e-03
5.103090733584393981e-03
6.442734632700638717e-03
3.112341830904271495e-02
2.149959613852251697e-04
1.139097225968670017e-02
7.233072717867565851e-03
8.064757101284483060e-03
1.073391507730224285e-02
5.659282919021004984e-03
4.358657464779959467e-03
9.746040186870587665e-03
6.252678650125128440e-03
2.857923685157597819e-03
6.527584160683022781e-03
3.425700643687436091e-03
2.517719220356841314e-02
4.216167763405567759e-03
2.101992114381264279e-02
1.781917924394349744e-03
7.833505610459996077e-03
5.047528127802554040e-03
7.418876625712007844e-03
1.608478372116646168e-02
5.892716113262076033e-03
1.052660947096795922e-03
1.287815241082236259e-02
9.022519713873875923e-04
1.168463239663349029e-02
9.748252378083636233e-03
1.311973835380784645e-02
2.539659695158205839e-03
3.727745242287313233e-03
3.528280960127089944e-02
2.270361956462622465e-03
6.541439945294573975e-03
3.236253346802188229e-03
1.442153896840312442e-02
5.022822481793329762e-03
2.936621705005640608e-03
6.470113697169359995e-03
9.709096371107872256e-03
6.037705619085668128e-03
9.858990486289428631e-03
9.113209413186461327e-03
1.291529999157871658e-02
2.716866243225017456e-03
1.798008088358584236e-02
9.153973883348457893e-03
1.311824289113203493e-02
1.731857720222467227e-03
6.051926514305227753e-03
4.743963144862450507e-03
1.929224937384836289e-02
6.155269137524269421e-04
3.873692050288134181e-02
4.198987740497163966e-03
1.060875497822871827e-02
6.293626154839420013e-03
6.031904622321536576e-03
1.871466098415027965e-02
1.863878568465776250e-02
3.594709435943426595e-02
2.285642770853238068e-02
2.048559546729813996e-02
1.530685181297358408e-02
3.952597857203592885e-02
6.736071376707003511e-02
4.989896037128888767e-02
4.778474619141472035e-02
1.067001409950218971e-02
3.550983819075814035e-02
1.114094409427048016e-02
6.082837856024010670e-02
1.670028801832336082e-02
1.730918850225670116e-02
2.599172915098789741e-02
3.567600728194438020e-02
9.756512670365972972e-03
8.538348709050798402e-03
1.006501210248445487e-02
5.121718513109861821e-03
1.886051163285429582e-03
2.310345395639725082e-03
3.184606595751056975e-04
4.669106046975119231e-03
1.139049857778598462e-02
1.559397470047964112e-04
7.971488854314938768e-03
2.500467388430626346e-03
6.156523490000672966e-04
1.758952105625470434e-03
6.392733423531625839e-03
1.603114019983901788e-03
3.293631406927298270e-03
9.925857283571679762e-03
2.302574025949080932e-03
1.836782459745684576e-02
1.847347085934236688e-02
1.289884682958219661e-02
1.436202393882351526e-02
9.451488345995753609e-04
5.486216279642526505e-03
4.163380468081004024e-03
2.213948685745701847e-03
2.761333643191937574e-03
5.812483443795297619e-03
5.772167037025646361e-03
8.770405565380610599e-03
1.356488694945027834e-03
1.567564699206661083e-02
3.903040234738934869e-03
2.094638551358580375e-02
6.026961404088182570e-04
1.280628611944916936e-02
7.318577771507780126e-03
2.429180218612225946e-03
5.771979316041902716e-03
1.239427027268676443e-03
4.153919228560830693e-03
1.325188330636663595e-02
1.743091455197775521e-03
1.065509107293594049e-02
5.322818712093812729e-03
3.068016256383443354e-03
1.635164395641097376e-02
2.800420349211870004e-03
6.946974086161988859e-03
5.039005913029354425e-03
1.398406013403356157e-02
2.605480885753679900e-03
7.497673969371025128e-03
5.089094852668413042e-03
5.092831699228037370e-03
7.388221439669096641e-03
5.692836767390882340e-03
9.919883766100210179e-04
8.298880149180772785e-04
2.666405830130562545e-03
1.418177772752865842e-02
9.478029131468628963e-04
1.069560684098322043e-02
1.487785557289622411e-02
1.479652778487143723e-02
4.374569831622240196e-02
4.062168001206996337e-02
3.725703346423105133e-02
6.993922929691386015e-02
2.820202513059728161e-02
7.900885480381997228e-02
2.513831116389340925e-02
2.338063771961476633e-02
1.762966975593820498e-02
2.522542696991535507e-02
1.863014452380423389e-02
6.231430333477135271e-03
3.575687210785538639e-02
1.187597871412028258e-02
1.621501881461485939e-02
9.467458458290787041e-03
7.961508566373665802e-03
5.884508642735656464e-03
4.751800190227762830e-03
4.427079993785209937e-03
9.322352808398020512e-04
4.107626375217599685e-03
3.380780526831949490e-03
2.559225087211880120e-03
3.741597981142265566e-04
2.849008990844048832e-03
2.927428968879195337e-04
1.981471747622775160e-03
3.734904797460253910e-03
2.512914913058364799e-03
7.399630069382499451e-04
2.350200807858442674e-03
8.177642926116768934e-03
2.145228404878476991e-03
2.182463454259502347e-03
3.002138552618788085e-03
1.210036087115594697e-02
1.645240193161830785e-03
6.203082986593132231e-03
2.316457139557057815e-03
5.970263730878198200e-03
3.560220099798646568e-03
5.957996167236524233e-03
4.708527674725103591e-03
7.280835490122092475e-03
8.117798625994500014e-03
3.889225252864065359e-04
1.419958536655607090e-02
7.315103251218132985e-03
7.296893267626313080e-03
8.098505023891967164e-03
5.511622536893085421e-03
5.044424168738750013e-03
5.432783611958749356e-03
3.874921694467116547e-03
6.797329734379476893e-03
5.554498943666616798e-03
5.779696286279740114e-04
9.152602568017646073e-03
1.545441874727133437e-03
6.552953917577210644e-03
6.412759541571291366e-04
1.843401242998139776e-03
1.981972981145788820e-02
1.038696159840209621e-03
2.835006028849336706e-03
5.149936878461109551e-04
7.304392442430422856e-03
1.577931508065593164e-05
7.178281469082725685e-03
6.074678983193553070e-04
3.499993954164314254e-03
1.495346582091517610e-03
1.493300807760513781e-03
1.339493106300781305e-03
2.078159940809339284e-03
8.226649573366900340e-04
4.014469656945511555e-03
1.916857589961585770e-03
1.816273710943832210e-03
3.316260410725287676e-03
5.097860168208089883e-03
5.119725239944893699e-04
3.487297803962972030e-03
4.421612121128101584e-03
1.838260701555980716e-04
3.508513225254822170e-03
4.642939385763671448e-03
1.209444203556301863e-03
7.474745815523766226e-03
5.247422625407249276e-03
1.143489677450106566e-02
2.370139223388487669e-03
7.328431693153631549e-03
7.968890455966045694e-04
1.168522930798210693e-02
6.695563809035698323e-04
8.932119963453121619e-03
1.080198779383607661e-03
1.155141365183177601e-02
3.769555316226787115e-04
3.689851532585899929e-03
9.489221587074063782e-03
3.353694649700842117e-03
1.148806110526362154e-02
6.568621638437249647e-04
8.521032685629320244e-03
1.993801364440077090e-04
5.720937376765259340e-03
1.906704581626725032e-03
7.264639000631745343e-03
1.130563636801539679e-03
7.425968746730797661e-03
1.337297294540796795e-03
2.853599498492884624e-03
1.879557400593336730e-03
1.972075748210396634e-03
4.324749734878774064e-04
5.474343416381688247e-03
4.033437000653801625e-03
7.791530699870727631e-04
1.232354412920050974e-03
1.018564706112887576e-03
2.040417581063104686e-04
4.192040424484315062e-03
2.282349138824132234e-03
1.470336446644335097e-02
2.288088257397571327e-03
3.234235402287788386e-02
9.652011461751467195e-03
1.130085073090506334e-02
3.106760083607386022e-02
1.344284906478909573e-02
2.011053694251277446e-02
1.883416175677387477e-02
1.903202085537721369e-02
2.746626140146587666e-02
3.303609987942397741e-02
3.058413378607344104e-03
5.662195751461090304e-02
6.983403041269205073e-03
1.910671554891006999e-02
2.151003546944298822e-02
1.450098692917087609e-02
9.535071518734752893e-02
1.978008061297668527e-02
4.740753045067286602e-04
7.592670356382697806e-03
1.386122770971137154e-02
1.433646674953617094e-03
9.657554135720058941e-03
2.290534525174495357e-03
3.043586075348784538e-03
4.224704447141283334e-03
6.003323916434180792e-03
1.050814898632404688e-02
5.687995767766469701e-03
9.800563342783657345e-03
2.322522298457645792e-03
7.211856554567423229e-03
3.863316992477818673e-04
1.744521753812680945e-02
3.517028525827614691e-03
3.288006421658383558e-03
6.154015380976997872e-03
8.437636986761636038e-03
8.439004351603090126e-04
9.431246414167643657e-03
4.111480772529695256e-05
3.820897141347412256e-03
7.280520465356096500e-04
1.793691875601238035e-03
3.630338267401094637e-03
5.614947083434244229e-03
7.090917877935418341e-03
2.411565208289967368e-03
7.352638838633251267e-03
8.677852605163752231e-03
4.335977453726966128e-03
4.642822536267746797e-03
6.240706173742810448e-04
9.952154682073558606e-03
5.284642060732731329e-03
9.595964203650518554e-03
6.818554691935103940e-03
7.893398124732046994e-03
1.060657439337417060e-02
1.548447952859744250e-02
8.475288408389965167e-03
2.439044013319943693e-02
1.612097396246370273e-02
1.808463187447869464e-02
2.681572778984655375e-02
5.384353899374456562e-03
3.130550323457606532e-02
5.580012650000254655e-03
1.385193293537321027e-02
1.730843512321746797e-02
2.774265777783484471e-03
4.866775426291905515e-02
1.812540002819499479e-02
3.150109458654579055e-03
1.675887570398150797e-02
2.994141752445651870e-03
5.916775740658609083e-04
3.262689711259827118e-03
1.276481868851668663e-03
8.336883091788965111e-03
4.850191487340998510e-03
3.261437227898521946e-03
5.918720299830096225e-03
3.664086087009495521e-03
2.058977070657685027e-03
3.316511645072359529e-03
7.365519766917659646e-03
1.126366603391946823e-02
3.970501762543486232e-03
6.569230383057122168e-03
2.470803455913843719e-03
4.145403320175149176e-03
3.583006444770530860e-03
3.702461093190262571e-03
3.336053799269269107e-03
5.941732429622215324e-03
8.682898266395427944e-03
5.593033964943016842e-03
6.553423857460540132e-03
1.134195880834545228e-02
7.037193275770085334e-03
5.958696390767550567e-03
1.614658902525856893e-02
5.886910573157533993e-03
7.527253057209513411e-03
1.435289150908176069e-02
1.389465458177627753e-02
2.924440576739989906e-03
1.154361780729614741e-02
1.905632755839443970e-02
1.282421094209246736e-02
7.753806063021155374e-03
9.837497477308687968e-03
6.214693798125241544e-03
6.442218756580516542e-03
2.078518965685519429e-02
2.636522978589268297e-03
9.922672598447482978e-03
7.311398006656470716e-03
5.287711956858356932e-03
7.370409465899865203e-03
3.582010111725219843e-03
9.059035382522532751e-03
1.217602628631145843e-02
4.340805770376155760e-03
1.647712411312788131e-02
1.075840746111200816e-03
9.174053148004865030e-03
3.279245594508291631e-03
5.068344939337506884e-03
1.797780987488033569e-02
3.675680881469042816e-02
1.729249598050020334e-02
2.237839856292007826e-04
2.086537897127266339e-02
1.473678031875636993e-02
2.595400473697519889e-03
1.278040019913717282e-02
8.741694043106741641e-03
2.516965830260037285e-03
1.279067685578601232e-02
6.863121788985507808e-03
5.756701093078717829e-03
2.994333208918922590e-03
1.168396956274190060e-02
1.153147267433248489e-02
1.105057666259158002e-02
1.097950205083001937e-02
1.085362550533333810e-02
1.237764205472781376e-02
1.229552126755132854e-02
7.314725209221184868e-03
1.709790839830282886e-03
5.535293995050838758e-03
4.120546673161570861e-03
7.677709210666130817e-03
2.500665599315721581e-05
8.702171430020888554e-04
8.238490852587057600e-03
2.413778504612011135e-04
7.064400775781584998e-03
2.718854782373295639e-03
4.280584936549114775e-03
7.815737318504158496e-03
9.773456051312613690e-03
7.753098783412690556e-03
2.058755343118875633e-02
2.787019868428433980e-02
8.614807882960005825e-02
4.963059820032252045e-02
5.166067375187741867e-02
3.349697412136518060e-02
3.004910179315820398e-02
4.821152609052777732e-02
1.133249308539733581e-02
3.788511468353494144e-02
8.370113288043557961e-03
3.370256703172509055e-02
2.390673010733599616e-03
1.930512094871984080e-02
2.870356687121679296e-02
2.193044326677921763e-02
9.782075206825590827e-03
1.309668974931854114e-02
9.139906402585924391e-03
2.632096543278424853e-03
3.342831132408555575e-03
1.505250680465308527e-03
3.590944916019949123e-03
6.003602271353050517e-03
2.967116867342274936e-03
1.402915905210779077e-04
3.969712577929623669e-03
6.877827526242547354e-03
8.975928625340093931e-04
1.053620028642755606e-02
4.122316145163266825e-03
5.122689167520705356e-03
1.954253931504569206e-02
1.794318200895992504e-02
2.260514850513385687e-02
2.409111487656734676e-03
9.946821066402499606e-03
2.861962210506752841e-02
2.403510968420319825e-03
6.486775425119023497e-03
1.065404091431845779e-02
4.852259884099113622e-03
9.192561235454064367e-03
3.111704816157498648e-03
3.854860178093407613e-02
8.085796530898794673e-03
1.153451413046525931e-02
3.023065875874870589e-03
6.900880867858487193e-03
6.944198435500573488e-03
3.546589359763255376e-03
4.680952814946375516e-03
4.296189693543138455e-03
7.232859018853670698e-03
6.047114038306031225e-03
2.222266229031582066e-02
5.178390570361999547e-03
5.338863941324897486e-03
2.320833528471046014e-03
7.355137925225735743e-03
1.478615125389998869e-02
4.566310614996698172e-03
6.695734609297466708e-03
1.055645994779944724e-02
1.053990874515894254e-03
1.999011550777116814e-03
1.886510521898832841e-03
1.238591400081698671e-02
5.010639803630042612e-04
5.314791752290994389e-03
5.756445068721582903e-03
2.008557063466058588e-03
5.992450838839360680e-03
2.383273180626457844e-05
5.579525493152153771e-03
1.169194525055121045e-03
1.248661352218573186e-03
9.886709364552614260e-03
4.424950840204360490e-03
1.796296487486676377e-02
1.621791538563636947e-02
7.098366118710664613e-03
8.100115599439672992e-03
2.756492871492148555e-03
6.796018500023473172e-03
2.929510053452696449e-03
3.832832196103500618e-03
1.088171912837171407e-02
3.751143396917762732e-03
1.718018614339814022e-03
1.086265762289783353e-02
1.545786309959759630e-03
1.496454890467712731e-03
1.736027676650641997e-03
2.250491560738248839e-02
8.524359895709864368e-03
7.658944145119665411e-03
3.945795357082656184e-03
6.530792854769316633e-03
8.306587589874587368e-03
2.861937629861595334e-03
7.469805766262900722e-03
1.188912872357238137e-02
2.841772527321627557e-03
1.136616520262111012e-02
1.718303113528309167e-03
1.622004642953178699e-02
3.030198144864631321e-02
8.126771549905858344e-03
3.531911601296532088e-03
5.368741137039636374e-03
1.317262528115252691e-02
3.753891061084753226e-03
5.764762773831639923e-03
4.711857544763173658e-03
7.731665865194529280e-03
1.961567863501007675e-03
5.777031687984506350e-03
4.683177097856033345e-04
1.418187111959630028e-02
4.362368559961205157e-03
2.809290826583780466e-03
6.710777118744987169e-03
9.417587811412959226e-03
2.093949421785475367e-03
6.969203939405858861e-03
1.081972029826589084e-02
2.837083621500986752e-03
1.977644354411184618e-03
2.359330112720405340e-02
4.209276320789259382e-03
1.275046821166816828e-02
2.642003873520787360e-02
1.046225711096511989e-02
5.720413888635946659e-03
2.982320086527152306e-03
4.210062698421099259e-03
4.359880199852641386e-03
6.801732158476245585e-03
2.101170635625070450e-04
2.329191855795264936e-03
5.576156944256676837e-03
7.315893414371474161e-03
4.591791954974976282e-03
6.921040652257338249e-03
1.803603419662078849e-02
3.079683363993752834e-03
1.523775588518267582e-02
8.377645655577727057e-03
8.223394082349864964e-03
3.449123389430685301e-03
6.327589749579583950e-03
3.408467583839590049e-03
1.360735795845959342e-02
3.247461841006424321e-03
1.097171907734793882e-03
6.155402553451963001e-03
1.716084872506678551e-03
6.056661460045948894e-03
1.387405461620997912e-03
2.953699052508698079e-03
8.381001216545558297e-04
3.495224499033276408e-03
1.395231868890316499e-03
1.223058464410224319e-04
9.999161138608985734e-04
2.446040112970247760e-04
1.416023231299952563e-02
3.018829149777751616e-03
1.790987688786833303e-03
3.987239267491872897e-04
2.346429256649367259e-03
1.472096910411910611e-02
1.425697184485314579e-04
2.072341167952151432e-03
1.314397978371070058e-03
3.894042356738706186e-03
8.823711298729936328e-03
2.389362495666515120e-03
5.230931135947662278e-03
4.900638128580617203e-03
1.437518618996353132e-03
2.380793772318148317e-04
1.244855326676830645e-02
6.547647860973566936e-03
1.679558297056283050e-03
4.923542922465479373e-03
5.754465996061445404e-03
7.078186928995729502e-03
6.951245988017675913e-04
2.819214910173991305e-03
1.467213714067002990e-03
1.566422375078594092e-03
2.141747400403841428e-02
1.240672839985675589e-03
3.444080662954903619e-03
2.491419669302407866e-02
1.457429375652946092e-02
6.234990814076409732e-03
8.823632385443083356e-03
3.073680728709632208e-03
1.043845288790775337e-02
1.203005478128915152e-02
9.058099642276560073e-03
