-4.264628932535252659e-02
-6.848735570443631460e-02
-1.240665832180720685e-02
9.483288896747765762e-04
-1.358846678468417224e-03
5.598200574329004198e-02
-7.529279996205673342e-04
7.359990379995595688e-02
-7.335781514768457967e-02
-9.269487158246825231e-03
4.610036573222453526e-03
-3.442809795344592416e-02
1.467719893321950408e-02
-4.292837451984721220e-02
2.852374540159363647e-02
2.086399415696771342e-02
-1.178221391849909594e-02
-2.294090393131265060e-02
1.361890466100668107e-02
5.617337510216247054e-02
5.101951446023278436e-02
-7.437640371760290137e-02
1.387734758728464968e-02
7.310507420348377750e-02
-3.496921991232859739e-03
7.886570373950263502e-02
7.071088618414567151e-02
4.433244863570795502e-02
6.388979229236735335e-02
5.493818238312808688e-02
2.437600268320805341e-02
1.481735125944427800e-02
5.969115831909954650e-03
2.920300310979495606e-02
4.421205196355915135e-02
2.141667612004649612e-02
1.629645614121999486e-02
9.246803148710736053e-03
3.006454491609167334e-02
-2.988991027874954298e-02
-2.480883481965623361e-02
4.046001118119546547e-02
4.828868074344283556e-02
8.857932063908169340e-03
7.470295018811112797e-02
2.867530860726219544e-03
1.891005809401491433e-03
-1.986855723781122407e-02
3.653587341195008165e-02
3.091411870934690498e-02
3.470323150212895058e-02
8.210317192983485057e-03
6.422379314113335624e-02
4.667924002622614310e-02
2.832502664295377670e-02
4.256828206307217144e-02
3.353721530745668034e-02
-3.644143709888680860e-02
-1.007962641137227777e-02
7.057748472247826754e-03
2.278841149879085037e-02
5.193553955441299053e-02
3.796173149111936596e-02
3.139997821883344642e-02
2.675626323459479039e-02
4.965343423698165282e-02
5.418164012640458438e-02
1.446887966645604706e-03
4.944272145792583117e-02
5.765556184165365750e-02
1.073582976928784127e-01
2.655420567222632755e-02
4.365337897896326425e-02
4.210306509587047330e-02
6.764683654427017245e-02
8.292886574114577414e-02
9.550693891120998202e-02
3.442507041175435489e-02
1.028967024055482682e-01
9.153890903353056885e-02
2.911775102852320884e-02
8.556517992282364204e-02
8.864007167215603999e-02
1.053429561758001398e-02
2.456387898658940472e-02
5.074283288090430943e-02
2.703590013839773931e-02
9.699886710624561204e-02
9.313883354909036072e-02
6.852204807429940203e-02
6.139205010507220450e-02
8.210544156286880835e-02
6.336938876082998107e-02
3.716928785950335268e-02
3.659934072838044727e-02
8.272027407024573620e-02
7.813468630752584687e-02
6.473016562871913848e-02
4.961088989218698231e-02
4.792095060462298051e-02
9.138646446480214180e-02
6.207907014090796594e-02
3.900770235457340362e-02
4.955523462940236712e-02
6.634599024831100422e-02
1.861189567709065074e-02
4.760193423658387601e-02
1.222786234668640226e-01
8.631533322711604228e-02
7.320228300440190239e-02
1.134880045913178037e-02
7.260413628375950168e-02
4.804664306218819902e-02
4.856678232448485844e-02
4.036008340500130132e-02
5.561376612935253760e-02
4.854102958877204443e-02
2.566817018256850602e-02
4.404617436243851714e-02
1.198287412245671035e-01
5.144639080738233616e-02
1.794595174552870986e-02
6.506728920132065497e-02
6.836466040744104689e-02
8.582683352761044659e-02
4.220384606116400761e-02
6.431320137115426050e-02
1.056348479952751163e-01
2.219975678031804733e-02
1.554195585117126299e-01
8.835408651888077003e-02
1.456338594271544551e-02
2.983019532198438739e-02
7.852478520304595477e-02
5.699858046430827940e-02
2.186923086797998295e-02
6.684161594514526072e-02
2.694359152830783088e-02
5.495943584285445382e-02
3.697639974635258397e-02
1.252741615754424664e-01
-6.738402436722079614e-03
8.809720081531979829e-02
5.356265895479772610e-02
3.650639252486120867e-02
5.457099824183897496e-02
4.339566621067580954e-02
6.888087840206136292e-02
6.692965376914594700e-02
9.924201929579679060e-02
1.122849238177492381e-02
8.567639770781010355e-02
3.600201581665096739e-02
9.167533441882902423e-02
9.003841961677183647e-02
2.513740715891277233e-02
7.163172869501499562e-02
6.709289178892685612e-03
1.030461188776317094e-01
5.143638034837128004e-02
4.362434748732102463e-02
4.703148301415938093e-02
6.736462274313836929e-02
9.559967292725168875e-02
1.812871172408136999e-03
5.640482083898001875e-02
4.596358443964021490e-02
2.246468748168739538e-02
5.025157146671554997e-02
1.046273235498200727e-01
3.014477603363907576e-02
4.991797170341794043e-02
9.640083853412573234e-02
5.854902199488032366e-02
6.236736895543293357e-02
1.030202779639619592e-01
4.531808386540481237e-02
8.202006479010170992e-02
3.880521111096379983e-02
8.140889903098003089e-02
1.567769192841339532e-02
1.171843700533092836e-01
6.302307901073112006e-02
3.003582625359335623e-02
7.768557895806549318e-02
3.985062877002598647e-02
4.424881311380790549e-02
1.132701168710776862e-01
-1.028362421866346743e-02
2.966850869620718534e-02
6.153800013526877777e-02
2.822072646692252995e-02
2.184853407208420251e-02
3.852771289873935245e-03
1.178543110072580724e-01
4.044543300090719384e-02
1.325636277712627376e-02
3.729837049352280332e-02
3.609173378786811881e-02
2.690194545757984557e-02
2.045149193394024678e-02
1.171430915440963005e-01
7.250788222799675609e-02
1.654690543415338055e-02
3.815657518443460461e-02
3.194322573377661456e-02
3.718505459607390762e-02
4.490903156792103168e-02
2.841408150491653295e-02
-1.578974943683175702e-02
3.996302400512008468e-02
9.637336839239285524e-02
-1.481232093164086550e-03
5.074962999629528682e-02
8.360097819474310299e-02
3.793614635874398289e-02
1.221640222361575212e-02
4.327382991208272855e-02
6.755552282196219949e-02
9.862913209971235773e-03
7.521170723343262310e-02
9.971580645602884374e-03
5.983435727433761286e-02
1.662282424353556110e-02
4.364453490933772883e-02
9.131370739253519275e-02
6.576913251023608353e-03
9.782163202707039318e-02
4.175554014530824531e-02
9.066300411573724460e-02
4.979994428405953855e-02
5.246678109246927235e-02
8.153062796973831183e-02
2.718480214530094585e-02
5.482585444378607065e-02
6.680473184133095543e-02
4.132209447090273713e-02
5.966393275723858025e-02
4.133604664770507142e-02
6.254886295543649055e-02
8.994908255958966592e-02
6.194667237120476955e-04
5.366524310029330280e-02
2.878620123029529410e-02
1.039529481081542528e-01
7.862997870536991840e-02
4.388974274802937003e-02
4.049032742112190775e-02
8.253555233551068682e-02
-3.520108016076051172e-03
7.539699426069335075e-02
9.230168881010625270e-02
6.143924889513963095e-02
9.082936068859126522e-02
1.070761455736075618e-01
5.772353273924668571e-02
1.112414828513852427e-02
9.472974116889387730e-02
8.491306058764092057e-02
5.949170548074533826e-02
2.921240737918573416e-02
5.378959178023512422e-02
7.968990904729400526e-02
7.172365896701204946e-02
7.539814682355761022e-02
3.673314214986955761e-02
6.221724993219268640e-02
6.000749760391776988e-02
8.143185499048044562e-02
4.296751251810526639e-02
3.586115318466864821e-02
1.982357081745167449e-02
8.011017350248383906e-02
9.907770817343397596e-03
1.075076489022337434e-01
3.607840799136452503e-02
9.558438541574298952e-02
9.828717879645010314e-02
6.112022365632485688e-02
4.842609537833419964e-02
-1.569805509929045328e-02
5.370711953622020474e-02
3.018582785458479023e-02
7.714406174203292110e-02
9.925430740816620911e-02
1.094701386989767045e-01
6.112546420412456882e-02
1.406959077702163441e-02
6.069737400763930424e-02
8.930118042864076955e-02
9.229433928915753427e-02
6.092281572563118530e-02
7.796553322444754741e-02
8.355660112475771228e-02
5.483529737778480850e-02
5.673747709179766119e-02
3.873942134350638611e-02
9.401591474394166426e-02
1.325920874898498525e-01
-4.118958337787415047e-03
8.868402416287324286e-02
1.125277558886308427e-01
5.315800300067063944e-03
1.213596954387594629e-01
3.525714364066923068e-02
5.345325390713195901e-02
1.052200513100767232e-01
8.091165805764388708e-02
4.698668402629424534e-02
9.802826436329326043e-02
5.423543147565412781e-02
3.023681202087269426e-02
8.925886611562416917e-02
8.268016011636047935e-02
6.671046862457874482e-02
1.003596617654611833e-01
5.263267122734793801e-02
9.000386462546616784e-02
5.879551678835914785e-02
5.657242583579069617e-02
8.758455712627011280e-02
2.994392527589795350e-02
1.110774099589670882e-01
9.036955027519377737e-02
-1.179100009317419762e-01
2.455645570980591330e-01
9.196963328172103047e-03
5.383724974067138902e-02
7.694499984381986124e-02
-2.299821612957142491e-02
1.133004766950076458e-01
3.079631987694808615e-02
8.522033324223743378e-02
7.189855272647038831e-02
6.743529694241967576e-02
4.066442276109460963e-02
6.293907792642183807e-02
4.883081041657044707e-02
8.988045427454016689e-02
6.872319871422849502e-02
7.287238863152012414e-02
7.501073860385787384e-02
6.654088785186207389e-02
2.005564491935585281e-02
7.684412405420504300e-02
4.980728910579745872e-02
1.065465259911073659e-01
5.387819332238308334e-02
6.650328937036542598e-02
9.387386740650560668e-02
1.013004020445182896e-01
3.595362371138444146e-02
1.745895108033934662e-02
7.830407837397146409e-02
9.041328208136789613e-02
4.667594696289656397e-02
5.189882746659169044e-02
5.985199129680163210e-02
1.190431010899071218e-01
5.574543908229045996e-02
5.250987685402108696e-02
4.294027381665577181e-02
7.204028098519899004e-02
5.400075488283162528e-02
7.168280230939005904e-02
7.316907384363036115e-02
9.256524564233892249e-02
3.856207695876845420e-02
5.359240070753346075e-02
6.617720797719561787e-02
1.049547265840145016e-01
8.200556458933228043e-02
6.066343994831502329e-02
8.952357169478109000e-02
6.155304344003820205e-02
9.456907018391635944e-02
6.198838291533004252e-02
3.331082672663931987e-02
1.384379304713418968e-01
7.897255557396487546e-02
4.331302491682675893e-02
4.149295273221387248e-03
1.269016450813196251e-01
5.026657428210512535e-02
9.817491186913551715e-02
5.569522412362459818e-02
9.664434811734734510e-02
9.822318971499033324e-02
8.650675768653970366e-02
5.560051275425825779e-02
9.144659358694751106e-02
6.864167959481615178e-02
8.225705125836180187e-02
4.054971205898749709e-02
5.731001477838715275e-02
6.797133003583155642e-02
1.028268420708573494e-01
8.597357995370069617e-02
4.120039178263645852e-04
-9.520831214377789564e-02
1.292854278836808035e-01
9.873092262867366742e-02
-2.174475910049045169e-02
8.983923777603264327e-02
7.681944813467755928e-02
1.597824018666238466e-02
2.327807639688717067e-02
2.769018783989718457e-02
7.158023016777370628e-02
-3.104532882204358302e-03
6.497891055537818872e-02
1.262785898199170198e-02
2.422617461568421504e-02
-8.601484640306633622e-03
9.598987406661141364e-02
-2.854183200897697503e-03
5.044133377012283148e-02
3.999774792449084515e-02
2.650994353945068660e-02
4.712805264144437345e-02
5.249099133785994908e-02
4.403789025626458908e-02
1.351135316484066706e-01
-2.441090877168594631e-02
4.209641147105624981e-02
5.873449336386959985e-02
5.935926566034366303e-02
1.443486478526700978e-02
6.693764529648404960e-02
8.099299623409050852e-02
6.068509286022027993e-02
1.507190605281971685e-02
8.402766664081351422e-02
4.050592334526914584e-02
2.241795618608133367e-02
5.221388211865773954e-02
7.204025572834993341e-02
7.581536483264805781e-02
5.907273276447400079e-02
3.809540101541619705e-02
7.654752781406237716e-02
4.543379411632564313e-02
5.906785387169311008e-02
8.933928924965606200e-02
4.034538679496790792e-02
7.840625732417505489e-02
5.630913828308559133e-02
9.524607563613329830e-02
9.370503359587045722e-02
1.142249687902019417e-02
7.943709833490197880e-02
4.822386756090990545e-02
1.795941836452019658e-02
3.912188362266011410e-02
7.507935951518041051e-02
1.345887959537481748e-01
2.897228202476354042e-02
6.547777250275998995e-02
5.745392185053121992e-02
1.250312285982164706e-01
9.685488265672947961e-03
3.657420784865306196e-02
1.277476253216718316e-01
3.061733027938506879e-02
2.789075524732731459e-02
7.448710369602040693e-02
1.052207025185820655e-01
5.848590586271207314e-02
8.837553582977442090e-02
6.511375618980164148e-02
2.054484996953709341e-02
1.808028202565599152e-01
-2.094295666447409943e-02
6.734100950391663787e-02
3.120988129440460668e-02
1.087955745999482637e-01
2.240277140175095383e-02
4.596115151303914459e-02
2.702793037456241443e-02
6.580759904044963804e-02
2.063006664907218735e-02
3.345243776203066233e-02
3.648971299257963707e-02
5.378360104025814437e-03
1.697956225902030880e-02
4.141235825221656341e-02
7.822154595170816016e-02
5.784002870877746894e-02
4.141462962331843300e-02
3.184878063684060123e-02
4.608540018244910996e-02
8.548568162982927987e-02
2.527349462724259865e-02
1.755847386813957911e-02
3.197340131202119906e-02
4.415898284195840517e-02
3.682836272360523466e-02
5.050797832603537429e-02
6.222403661595166113e-02
7.603809472075928610e-02
3.231917702237341317e-02
3.431780303146103606e-02
4.409582081569674017e-02
8.354027617548576146e-02
1.073305787373035614e-01
2.318982970333482996e-02
5.660086819492926580e-02
2.765344818682757833e-02
1.007101659974143359e-01
2.468637889537639296e-02
4.390418725095113217e-02
1.108478611082652776e-02
9.554456929429022694e-02
5.897839001506310908e-02
5.481083720405832693e-02
3.476963779475772398e-02
7.319802019033705420e-02
4.503705610344388433e-02
7.423339265472028714e-02
1.855737983189742479e-02
7.772283261037760127e-02
7.030741859481670630e-02
1.318333803335169918e-02
2.547782759221206561e-02
9.631259730173979960e-02
2.699258605211785067e-02
6.330814293412867499e-03
8.881823422611123675e-02
5.485812788832777898e-02
-1.668504347818400291e-02
4.968842716390087233e-02
4.951205556782545258e-02
-9.253442504871145502e-03
1.008170520272519965e-01
3.028556999387621573e-02
6.869911894495617233e-02
2.028373021264240350e-03
1.330264343110756364e-01
3.220463411246177188e-02
7.854665115164038980e-02
6.538613396180270598e-02
5.349195490288582988e-02
3.448015911453072846e-02
3.632411270119773050e-02
6.915095495417311611e-02
3.443618169375772808e-02
5.613217938609693647e-02
4.912670050128786770e-02
3.830792169554753102e-02
7.181629109006992806e-02
3.235743674450786145e-02
3.389538640184985852e-02
8.002368482239408110e-02
7.514093221145001777e-02
6.609504546576383532e-02
4.128742878392932525e-02
8.486187188153504479e-02
4.379012160849526936e-02
8.175015216903869231e-02
4.724701882447401857e-02
6.430708986992694776e-02
7.597769295116885147e-02
4.073896419924061263e-02
8.515631806759671463e-02
4.616002676147479278e-02
2.460185430669614703e-02
5.781171693795128519e-02
5.331105691590343199e-02
5.877207084386348868e-02
4.129659294052778762e-02
8.034829890426964383e-02
4.855942898689713516e-02
5.267832422422902283e-02
3.294812364665178350e-02
5.117898033258594381e-02
7.402605248967430995e-02
9.019369786842146297e-02
6.285219208138714819e-02
8.263890886206848307e-02
1.143557147675982044e-01
4.098326979216615484e-02
1.221972119552998670e-01
3.717057870637541228e-02
4.616926981206148639e-02
9.407890534296559082e-02
4.520290137389482155e-02
5.294682303116493571e-02
1.005300050554769342e-01
7.063032017757153724e-02
5.978483627427655378e-02
8.528264208551217251e-02
4.107168355075163646e-02
5.277951597751329160e-02
1.161755966429729447e-01
5.129945652262080102e-02
1.058510401817303048e-01
5.952177149899418040e-02
6.741957084924532495e-02
3.966443374318773252e-02
4.505241356927980334e-02
5.489038954220371025e-02
5.009859703545060938e-02
6.499780168898983135e-02
4.555079603179201797e-02
2.967521333779332693e-02
1.161540944703429723e-01
6.992767685116962895e-02
7.124169084897102877e-02
1.074159444400861751e-01
5.665931647619437683e-02
7.293110917415379646e-02
5.334782310774821568e-02
1.147126470151578204e-01
6.300836684995170245e-02
4.151966473751755871e-02
1.299550078903637385e-01
1.793637943850168170e-02
7.149645894929568257e-02
8.934948357830663213e-02
3.389755302363806067e-02
7.183193557671696539e-02
5.469227148734123745e-02
7.330151000904505665e-02
7.057095752243691678e-02
6.669404857527494457e-02
4.899800728651726445e-02
4.087068367149448989e-02
8.645668061128830573e-02
8.461502303695667138e-02
3.250355685606054479e-02
7.084668280927575168e-02
1.549488183849612177e-01
3.803081139293507107e-02
8.233049605942310833e-02
3.992731142899463848e-02
8.166762414181105711e-02
8.302723848346404978e-02
4.430863939310558663e-02
1.168407902526786835e-01
2.889329466456924678e-02
7.145754753451338814e-02
3.545031901499751115e-02
9.225103558164082784e-02
1.334307202058870878e-01
6.144302788557043371e-02
3.660907235148513905e-02
2.618498400045776719e-02
1.586856439264199281e-01
6.272804783901220205e-02
1.020649113170906119e-01
5.039589583622028357e-02
1.297174305592001531e-01
9.021308615615719617e-02
2.551007900293544850e-02
5.349171446540790242e-02
1.032784142488782919e-01
5.003205062734306097e-02
6.108507806539886786e-02
6.761551374065577491e-02
1.638201032122843515e-02
1.074605565845114796e-01
3.366294394530111589e-02
5.277136539394078341e-02
8.559771693005924220e-02
1.870947592326777098e-02
6.835246099518732521e-02
5.792596961211460282e-02
6.901937620302822651e-02
-2.049821073665203386e-02
6.206620297001785858e-02
1.067595604224904626e-01
2.473420365071854476e-02
-2.500819212749583187e-04
7.687982498783574314e-02
9.651410987296715760e-02
3.422365143261041354e-02
4.593545980710711518e-02
5.096439436413913171e-02
3.590770152669398030e-02
1.644637741773768980e-02
2.754674063631679104e-02
3.231142954163157555e-02
6.125171002815044119e-02
9.784951145027864783e-03
2.811901890934853654e-02
5.217550384292346521e-02
4.191718223499929508e-02
1.006394763483919874e-02
6.316375669099327794e-02
-1.579093230059802622e-02
1.117672369203903671e-01
6.003278999834105178e-03
4.109942324281012915e-02
5.490581991019327646e-02
6.311074872341748687e-02
5.659318880008612496e-02
1.958617352624214547e-02
6.508321601550903779e-03
1.224482830749051843e-02
3.143742201652699464e-02
6.228922207580689374e-02
3.902299001418363389e-02
4.275787572491873689e-02
2.870411410214712689e-02
4.728132533636575374e-03
5.695493672475215874e-02
2.774301098969056412e-02
2.869748836080621146e-02
1.516931904219198657e-03
5.018448335562464280e-02
6.111425264961223291e-02
4.379468159432020613e-02
5.608452062562108154e-04
2.493838573395379399e-02
3.834545737934469400e-02
3.071100468846799103e-02
5.212879491181743319e-02
8.428839163465839945e-02
1.696168031424072353e-02
6.309713696466667798e-02
4.820138598875978175e-02
2.500170355844222314e-02
5.241474773488485894e-02
9.397831543287660239e-02
3.003335564707665384e-02
6.565505566984830566e-02
4.297884005846519528e-02
3.604063279341174209e-02
1.005578200937469191e-01
6.918756818875770875e-03
9.163650749321217148e-02
7.731392639628476005e-02
5.801800920542898865e-02
2.790078295675879616e-02
6.256304457729999768e-02
9.883468926279448397e-04
7.734071762156347063e-02
6.137596362784325521e-02
7.847584393168416383e-02
1.040234538362190264e-01
8.173487671563473000e-02
6.100744306701200159e-02
3.895998361796415566e-02
1.037054479373256122e-01
5.093986339125988749e-02
2.029837317566762778e-02
3.260040501667260671e-02
6.967222059258393330e-02
3.773408488502116853e-02
6.195728809718081820e-02
6.488266944001175318e-02
4.592587815134452356e-02
6.479032258975703229e-02
2.839862531939241208e-02
7.335502679463967723e-02
3.480463375732467668e-02
4.127013892129305361e-02
5.433732664465518170e-02
9.051367151527367483e-02
6.131348243882506210e-02
4.784087307202655737e-02
1.277329496663437425e-02
1.241902212453314114e-01
4.776457943579348608e-02
1.125641066129183798e-01
5.538883545623241034e-02
4.013576004079100201e-02
-3.321987305389395573e-02
8.625076589243496628e-02
1.597881169046750927e-01
7.436741575885186251e-02
2.742771808671706779e-02
9.221298160533164534e-02
-2.547409986825233119e-02
4.577721777959187222e-02
9.117589381482860134e-02
7.959545925667832478e-02
8.006674302628269402e-02
1.104301731060171043e-01
1.297394563930018840e-01
-1.131566411670448247e-02
4.832123405119670423e-02
9.304121710181956217e-02
8.137241134287265254e-03
5.829497873494648985e-02
5.647589499489713560e-02
9.794251195992620396e-02
5.753244996706552428e-02
6.415552241987487747e-02
5.222037077601360266e-02
4.216321689170721143e-02
5.503500225259116974e-02
6.826752725684803735e-02
5.213794988733644331e-02
8.015325283844410009e-02
3.600993106100469632e-02
7.729653356626497995e-02
6.845758535246826426e-02
5.337978581448910020e-02
8.266730292891688592e-02
2.797332568318688928e-02
4.808721201079979579e-02
7.521212211505767797e-02
2.442584486651089293e-02
8.122651410389014615e-02
3.256616327511263620e-02
6.235222504233295382e-02
8.306921604295203210e-02
3.676572381168874415e-02
7.040890225740614738e-02
6.746330525820765089e-02
4.529436074339576734e-02
5.623917579607873307e-02
1.002900829398689631e-01
1.981058086627962567e-02
6.184205216758797974e-02
1.475160561747341781e-01
6.774266385651728228e-02
9.462920440567312852e-02
5.604046873215740021e-02
1.524493471545911305e-01
2.567613299032167617e-02
1.337196233951867264e-01
8.208726815367217711e-03
1.563449638251728224e-01
4.932392130733376234e-02
1.247446010680066664e-01
7.765027358190845774e-03
4.085683584151045267e-02
1.349181483803483239e-01
9.713327963724105452e-02
1.139202684151841005e-02
-8.081422538390059529e-03
3.943517614428260210e-02
6.500250042826394292e-03
-1.842169760877188089e-02
5.333001468951481527e-02
9.231601201146588664e-02
4.860637759625952015e-02
-1.831439180485538998e-02
2.810995868616505966e-02
1.313205744550627330e-03
9.562805945562802279e-02
3.136396319945244926e-02
5.318837430306677660e-02
3.452198886861101990e-02
6.989521250525099205e-02
4.260790900558175665e-02
-1.638131095025685546e-02
6.419014826648439254e-02
1.694909142669875912e-02
6.480747285923804668e-02
-2.955461217053256817e-03
6.846363994804227637e-02
3.274887241520807457e-02
-9.538064593686224057e-03
7.072600988940047628e-02
6.027710006193087722e-02
3.452028142117358200e-02
1.674192008694053158e-02
3.931977488198112880e-02
6.607075391283245835e-02
1.532270804047897172e-02
4.840264330544474802e-02
4.712782414869653991e-02
3.695187411447653503e-02
4.834389473724565178e-02
1.326852753507612448e-02
2.119352618962899726e-02
2.142444924972788378e-01
9.902571180768759973e-04
1.171260310820363415e-01
7.893332138992148472e-02
8.414213805123527123e-02
5.926654523839980371e-02
7.009296926822550233e-02
7.192421451544017685e-02
5.274959870263451478e-02
6.964512398811306682e-02
5.707494556174097511e-02
5.825721408151052216e-02
7.453929963519190238e-02
7.810341884445604066e-02
2.830204854036422191e-02
5.454844089261223772e-02
2.527819289601263009e-02
2.429264953430632090e-02
6.900314568647525348e-02
6.824721076301054623e-02
4.648136826722115700e-02
6.119368966710414526e-02
4.352396173989436789e-02
9.419861817038732710e-02
8.251631365377276595e-02
4.942091390232894454e-02
6.815613775876494529e-02
5.308424226869101759e-02
8.510500395182996058e-02
5.529399052444361473e-02
1.154451521179957751e-01
5.715904390631232346e-02
1.003287925616214160e-01
-2.546254545742510089e-02
7.786605942577029538e-02
1.484269914862590412e-02
1.331934411966977372e-01
1.621879546697302388e-02
7.720019590812654542e-02
7.415750246100261123e-02
2.617934193692184053e-02
9.692659792382096740e-02
7.485609357920397500e-02
5.732287949180259190e-02
-2.220332732702390288e-02
1.087753550977081929e-01
6.097352693865509821e-02
7.046647301671971064e-02
1.336474528165769726e-01
5.951447605775905814e-02
4.770484044473244367e-02
2.178497837978055074e-02
9.850429868330756733e-02
9.580573136000536394e-02
1.004755277332498586e-01
8.259567641077314448e-02
9.280236012682907543e-02
1.178739611388701647e-01
7.235291076886429806e-02
1.271485479434839583e-01
8.225361428036492839e-02
9.303337403446487741e-02
6.186839292519552558e-02
5.968115723622879898e-02
7.262291715539914705e-02
9.154990038401233932e-02
3.217893073426303374e-02
6.926804858530921649e-02
8.869042910049973472e-03
5.014292338047976472e-02
3.196633013894478736e-02
8.257330766795112353e-02
8.696662778359698365e-02
7.717933677034327644e-03
2.697548159180751526e-02
1.157399906566691783e-01
4.794543407258755607e-02
3.799353188924881053e-02
9.191724232729026056e-02
-1.603775971928289579e-03
2.414367468474587497e-02
8.078635537665901367e-02
1.348771463733973164e-01
6.395967464610530229e-02
7.857734427191109816e-02
-6.363560730140882526e-03
6.323200843379916947e-02
5.462322038105815736e-02
4.582050812576055066e-02
4.016042651096896066e-02
8.073231158062110779e-02
7.436272044553327021e-02
4.293020792541346609e-02
6.937344022883884520e-02
9.256978695811213242e-02
1.919174609211982130e-02
1.353212208771639169e-01
3.149324259585473129e-03
9.532337726959738688e-02
-8.409313483951574852e-03
8.206709633798725534e-02
7.062437061078163936e-02
5.587251004344073735e-02
5.568848226276035263e-02
6.162910442973013048e-02
6.501019868522961431e-02
4.050522591669869499e-02
9.472436204659429038e-02
5.094161686804721256e-02
3.770628922009411355e-02
6.267798953709391441e-02
4.029085080111860506e-02
6.306775808936126992e-02
8.427374232339301940e-02
2.823748153561167484e-02
8.607777892577983536e-02
6.068949906192955268e-02
4.994482839713665356e-02
1.147669131522008890e-01
8.538930998995386545e-03
4.625720631546492712e-02
4.980531059808912531e-02
5.024304741628782267e-02
5.772070280685870358e-02
3.869692810798053273e-02
4.591451663600043531e-02
1.255690879940059013e-01
6.808352570476561283e-02
6.764054934706864586e-02
1.095721625865486715e-01
7.244759001128775466e-02
5.912178141667689957e-02
4.930725630879351229e-02
1.140574703930115064e-01
9.516956145599042571e-02
6.652271622784944327e-02
4.391511766370426173e-02
8.001501375701325358e-02
1.079727981157909689e-01
5.544631828904700299e-02
1.184542890055397812e-01
1.037069328785733546e-02
8.853189613600997987e-02
-1.188923275892328490e-02
8.799004600056514747e-02
7.737789773102266011e-02
8.427221278833929574e-02
7.383659689798349746e-02
2.898660480739589929e-02
1.118027213240497808e-01
2.614968546149487594e-02
3.875773897813505897e-02
9.466616511998937611e-02
8.567998286021571985e-02
6.868930886230018018e-02
7.653914402417383300e-02
6.210336967604579428e-02
8.149276811030725653e-02
7.415357555195134509e-02
9.649122833904399954e-02
7.995901404568206416e-02
6.011713887420366831e-02
1.158720490931375302e-01
4.786090686607868960e-02
1.254659291165607371e-01
7.634515522402907095e-02
1.062186799655013836e-01
7.827209478969621159e-02
4.231669978871899218e-02
1.289610543871688719e-01
1.360088682720059783e-01
7.730542169026266563e-02
-1.216680415034621099e-02
1.070073647355667124e-01
1.037505226289647808e-03
-7.242533036591103368e-02
2.990262694144396605e-02
4.365092080391930196e-02
-3.199789825900634099e-03
-1.657158412541015480e-02
-2.169190396954201461e-02
1.779933503057629096e-02
-6.652668645863668573e-03
8.845816909738535294e-02
1.041434059130024181e-01
6.239319957074318523e-02
5.384307321524461898e-02
7.703578013969658578e-02
3.810451423782357239e-02
3.019371636498990874e-02
6.802304524450475398e-02
6.855596630397764457e-02
-1.865406679161640824e-02
5.689774004844538879e-02
3.041316130625348890e-02
3.719609228558828917e-02
5.997110560720120276e-02
5.703984431567787894e-02
-1.162238664084069839e-02
8.799577081939657930e-02
1.767017046399566027e-02
1.054488587908677388e-01
9.604994931326071850e-02
3.866915864013487081e-02
4.289903883129309037e-02
9.140657781621408517e-02
2.222670518125591244e-02
9.026177666030310576e-02
6.306192636596996692e-02
8.229907214848175556e-02
1.373147213767245134e-02
1.235131933740909460e-01
3.498071823869874919e-02
1.922419420364063214e-02
6.417574626707533980e-02
-1.291687936240704104e-02
9.641050933257977462e-02
8.443204017921424054e-03
5.636661315375501857e-02
6.695516357339226232e-02
5.150648678611124964e-02
3.527819471208992752e-02
5.150165750914048601e-02
2.803856778814362016e-02
7.803687390873870200e-02
5.419455180033905251e-02
1.063270585015398950e-01
8.363386606234346488e-02
7.594589374320204200e-02
9.878445389230661178e-02
1.459491984325378411e-03
7.599616341865456093e-03
1.069798475156895634e-01
9.011953809159356510e-02
1.025917257763770962e-01
-1.614866760711075599e-02
1.994729262025720651e-01
7.784222479197122624e-02
5.370538007227332322e-02
2.585467588751355628e-02
1.075457203601777323e-01
1.977515458313552354e-01
3.225463823241314643e-02
3.019831722828048015e-03
7.000897483775503360e-02
9.335868050481499480e-02
5.516031714236735439e-02
6.310528165595519212e-02
3.588561857294614299e-03
9.389684694931643705e-02
4.433365024672708543e-02
6.352052424867604685e-02
9.356718530764362995e-02
-8.272138240201343251e-03
5.472009527282550856e-02
3.876867273161566096e-02
3.514153785974993838e-02
-1.822756797834235165e-02
4.217603724848872915e-02
6.836838973643177830e-02
5.320113553649052918e-02
-2.391489335220908785e-02
9.706979046571251324e-02
2.426226786687157855e-02
5.884426633115813488e-02
2.092532005442571119e-02
3.387205197926035360e-02
6.307403018241530823e-02
-1.883485432284892624e-02
1.227103442200012662e-01
-3.392597103743399956e-02
4.785099874705256440e-02
1.226407191510370254e-02
4.028549780295165306e-02
1.021250775108937248e-01
6.664978327421966497e-03
4.088914028053292071e-02
1.936041307741342976e-02
7.448657334440955680e-02
1.074062093942975693e-01
3.579642954954609380e-02
1.543614271843285479e-02
5.616802732035708345e-02
2.012213977939936171e-02
9.206571087186432578e-02
2.537958476576074318e-02
7.551955290344114502e-02
2.012741836928899630e-02
8.787712334610775500e-02
1.554415908275741387e-02
3.337038440562833941e-02
4.462957718417381869e-02
6.298672999060661581e-02
4.400184724923761337e-02
6.039566179418187630e-02
9.524901890234582780e-02
2.874563104061467200e-02
2.897130375353373921e-02
9.282506797068945659e-02
6.229740103404202145e-02
5.078871173954757623e-02
-5.982756130107347303e-04
1.441423828073795654e-01
-1.509294947016570632e-03
8.018404300688475317e-02
4.907477465682230644e-02
8.493350863720516841e-02
1.938093624048420338e-02
3.475067852343638464e-02
9.279714611036116167e-02
2.356330288544494778e-02
9.437486072843803697e-02
9.844486195473534096e-02
3.527510669238598240e-02
8.553231852724829665e-02
4.325378596895212979e-02
9.404755567289768692e-02
2.220413039903679220e-02
5.990310844225676945e-02
2.701807286764346117e-02
8.870121173890410660e-02
3.251073812363092230e-02
1.039524431108187486e-01
4.272403165146121395e-02
5.699526362878959418e-02
7.463790145998894232e-02
5.206067869256347791e-02
1.002600073086252763e-01
8.088324863264828579e-02
7.112638830537942880e-02
8.560399403241092386e-02
5.247267223596674413e-02
1.203195500315961119e-01
7.866624519302645169e-02
1.267640762316304404e-01
4.599734130554011813e-02
5.606138626926226998e-02
9.535771348472610320e-02
5.618706655937377725e-02
4.243942628527719307e-02
7.276367034813291390e-02
4.510805444019028165e-02
3.583717560144838998e-02
9.772624381958405770e-02
1.125350623188241528e-01
1.253689687429888622e-01
1.046345355372872987e-01
9.905361270900336912e-02
3.273439771108388463e-02
3.505129385907634898e-02
3.675872216145581461e-02
4.587480693408951815e-02
1.606669087639978066e-02
-2.526149522666276681e-03
-2.205879134252519691e-03
6.279877511590226113e-02
-2.072835132846950756e-02
3.892344932921831813e-02
7.016328901062163226e-02
-1.770297017443134280e-02
-7.827868926799208538e-03
-4.346847793658037418e-02
6.783149467453020165e-02
-2.304818454650803261e-03
3.259067935783210856e-02
5.823975799967184841e-02
3.345003942441460154e-02
4.221665167036992017e-02
7.255509776185053994e-04
3.547321253665547403e-02
4.529647014701976282e-02
3.365876022465474904e-02
-1.483285617125984501e-02
8.129278964146768871e-02
6.132576866897387902e-03
7.145710213061429172e-02
2.739242985391099339e-02
4.336697006695766632e-02
4.157602924192627114e-02
4.856368092510887635e-02
4.102538002014544105e-02
4.402630670893703524e-02
2.848012824596279913e-02
5.171573308075672060e-02
9.668491820189339947e-02
3.271209250420037407e-02
3.587463404991186877e-02
6.209432047475083039e-02
7.039950453926779872e-02
4.514362359523271806e-02
7.414282175589592683e-02
6.707757226456001476e-02
5.980130679205819533e-02
2.311710959006596511e-02
1.012151090320521085e-01
5.520105842407474483e-02
4.337965266938947906e-02
8.023857446939386406e-02
7.726248742174934847e-02
6.615939500246037497e-02
3.414221316157295405e-02
9.436554079614856150e-02
6.549971182113933921e-02
5.779607403299280577e-02
1.311528182216870064e-02
1.309802960693868812e-01
9.192280912535011339e-02
5.393978272066268786e-02
7.365005889820075424e-02
6.987477703465483359e-02
1.026981078640174516e-01
7.483310079406635396e-02
4.576796371177183076e-02
6.386235165920961521e-02
6.756168844731869072e-02
6.269167548671550350e-02
9.599420292969584878e-02
3.909130533444438171e-02
6.406148589439109031e-02
8.718843756004757140e-02
4.356567586472381848e-02
5.917614187714370644e-02
6.329541960545803647e-02
9.283205808435335271e-02
5.098640303250023820e-02
6.505473806751549404e-02
7.770684222977841671e-02
6.000351005569148910e-02
4.502778479518054766e-02
1.452426605267613802e-01
5.196793667048371645e-02
6.169089460058652108e-02
6.706980906125181718e-02
1.158377951730487077e-01
2.092011289729223122e-02
9.117990912607920606e-02
6.437318666800129208e-02
1.168788326481022821e-01
1.269384580994108447e-01
9.070099721662172598e-02
1.260986820717886481e-01
7.346883070580023656e-02
4.593551388548222647e-02
3.896645393316244821e-02
1.096555757102171125e-01
9.713382274338933087e-02
-6.172431972768532837e-02
1.550459152925012241e-01
-3.112467562871312765e-03
5.355625334907099244e-02
6.498168756391731193e-02
6.624312859244740892e-02
1.364925823795459792e-02
5.488166940487237966e-02
7.763906362785766291e-02
6.723124797906887551e-02
3.443689755915402273e-02
3.568924378860804936e-02
8.359338888113887478e-02
-1.431535841844855383e-04
6.598901978295268478e-02
3.026334557502075029e-02
1.616340775586122547e-02
9.018701330762857182e-02
3.279013065267299964e-02
6.303766791699505490e-02
9.054661210693426554e-02
9.661784933844952405e-03
5.375380442227450928e-02
3.872037218072321707e-02
7.558524955019230163e-02
3.884230858034243283e-02
4.991219172604610677e-02
5.983470349186292836e-02
8.115742703907979916e-02
7.441053447175605129e-02
9.588657964311986248e-02
-9.841489364603717149e-05
1.021445908140110603e-01
9.880183900835515232e-02
4.281310526780979231e-02
6.676092238769282261e-02
1.075260691533395097e-01
4.243797275341565367e-02
2.346129996350265756e-02
4.645192180978119367e-02
5.132348459910174299e-02
2.692508436078044909e-02
6.063829394658348804e-02
8.246991164624217774e-02
2.772391198932311340e-02
3.964966965909244578e-02
7.673381895813946585e-02
7.424986283282963839e-02
-3.994497275576236461e-02
9.962121318663852421e-02
5.076069276150851906e-02
8.102052801112957781e-02
3.641967435919424290e-02
9.232289496627332781e-02
4.157791516334130577e-02
7.677329233691354560e-02
1.148268945820429821e-03
8.891674794485515676e-02
7.284521903530283282e-02
5.378940607931426143e-02
1.924103947711586216e-02
5.952857846115966467e-02
3.882925143072535334e-02
5.473855791469661725e-02
3.881801931820749729e-02
6.462728814423401857e-02
5.481620247095486675e-02
8.975729033682089408e-02
2.273587625916695387e-02
1.203326492760812272e-01
4.161662784607900178e-02
6.062109431043127827e-02
7.911618202526726762e-02
1.707665942423788330e-01
-1.338090134838498813e-02
1.063085341416272200e-01
4.802793613312683618e-02
8.737861120756518218e-02
9.809422019012226102e-02
4.653481242131318751e-02
5.759230662523595612e-02
9.210612549539609617e-02
7.401771941761436935e-02
2.217793222719333102e-02
6.497715922046687353e-02
5.824919364912828357e-02
1.178422371691523196e-01
5.625036218884016392e-02
1.278968296735683019e-01
3.302280527207424043e-02
7.108259704132091628e-02
6.959625020146997798e-02
6.699988113407462365e-02
1.157753080098586906e-01
6.827834626218898251e-02
2.311557845783251963e-02
9.519740303887314070e-02
2.966337427843424024e-02
8.623586564215290906e-02
9.706218032440272481e-02
1.039427528940799483e-01
4.752454075237277920e-02
3.193586919151014669e-02
7.938671789653151123e-02
4.731691410951155419e-02
6.569945372840058084e-02
5.173000991045029195e-02
1.195569548756645339e-01
6.669514497285966570e-02
5.418534845794731325e-02
7.925433428854411488e-02
8.789056542947681905e-02
7.397501458140487429e-02
9.780056382335233778e-02
9.499285509096511149e-02
1.123162953868965808e-01
4.916625635996751953e-02
1.335683120781108180e-01
9.527065848432636486e-02
1.115664074226101476e-01
3.795224655221218768e-02
7.768778658046171515e-02
8.056988862351843750e-03
1.387044433263386889e-01
2.272255036985559862e-02
1.718810470759910558e-01
-2.751788813851097082e-02
9.334897354360438548e-02
7.932990983155852049e-02
3.230845850170416256e-03
9.039227495258428391e-02
1.348553959181229001e-01
2.668764153992775334e-02
8.997065859520025910e-02
1.228966896129226605e-01
8.970415699669254117e-02
1.627773794813682784e-01
7.660437143230947044e-03
1.527882365062982473e-02
2.019948785528224988e-02
7.004052141464844894e-02
6.288833401468707507e-02
1.526676801593551680e-02
1.909669182737829818e-01
-3.077760801393969459e-02
8.052474531692244142e-02
5.151860915878292424e-02
1.676103177877752426e-01
-7.208105639887363303e-02
7.917236288460904881e-02
2.835633570192142017e-02
-3.420992981756754148e-02
2.027193892899470384e-02
4.774723786509804668e-02
1.332099890027604872e-02
5.563632248607364161e-02
1.038787139372567836e-01
-2.957197644804843151e-03
6.139523898014465075e-02
4.195536233587082720e-02
1.785640776034780330e-02
3.453837167265660923e-02
7.583335584677897145e-02
3.553770581367698966e-02
5.669706629435733447e-02
9.139688876293927677e-02
4.378152699370474465e-02
1.233067564802778904e-01
1.290203492031021248e-01
1.124725609706880292e-01
1.198387466508559207e-01
3.035342742875757338e-02
7.376230525673399541e-02
6.450581677360833766e-02
4.282103152269911561e-02
5.251756240535154774e-02
7.420274509818103326e-02
7.398785652440098559e-02
8.867020392679192398e-02
2.005472751246406560e-02
1.250693057653360363e-01
5.883220130120037084e-02
1.324425021875161868e-01
2.368384756659613899e-02
1.032746061148386296e-01
8.542870972316318756e-02
4.474039927751016776e-02
7.303523750722673569e-02
2.258112662806910365e-02
5.808511586205566957e-02
1.030970608537313815e-01
4.124379658744192767e-02
1.029466293530361121e-01
5.125527461798951023e-02
5.512185234550903701e-02
8.853235507598622434e-02
5.273486080003042531e-02
7.933638647800966837e-02
6.486339127807161375e-02
1.158019137437196200e-01
4.851805288652766279e-02
8.503343068518010028e-02
5.897405167481251098e-02
6.346295849403049694e-02
7.843496661642346268e-02
7.122229492096732173e-02
2.815266132749894012e-02
2.879546224541629229e-02
3.427307409138924399e-02
9.781733965034922207e-02
2.969325805614797531e-02
8.357183416701285950e-02
8.367715937824393713e-02
8.166501392021796590e-03
1.100348802878379217e-01
9.420128173193553778e-02
1.330124592297443620e-01
1.149128284122946653e-01
1.141439276408979797e-01
1.241399250501373785e-02
5.366224202601155291e-02
4.455620064576115702e-02
1.541175795568272555e-02
9.440341549584285730e-02
6.955972852893399505e-03
3.610176329722203370e-02
1.202563867755177540e-01
1.089601643686164412e-01
1.539948345206387792e-02
-1.998575663037405192e-02
4.124308578088320409e-02
5.222828699977077882e-02
5.551313072184105302e-02
1.396355142270788718e-02
2.269491571767279225e-02
6.195494449605387643e-02
5.766251276087341893e-02
2.175272531362004713e-02
9.295092113934533273e-03
5.322338959516637047e-02
1.504398893950753546e-02
4.305672119045489410e-02
2.576234983354153130e-02
4.371889398554085204e-02
2.715248745309617462e-02
2.419789111968162487e-02
8.958080096154574790e-02
4.629258307895600666e-02
3.429517313551855295e-02
4.628635206757669707e-02
1.032513915432771157e-01
3.565156451678230809e-02
6.014138639660915331e-02
4.772380985241886364e-02
6.011763325104535483e-02
5.623027455309470568e-02
7.396507031419030653e-02
6.287770686012006394e-02
8.277573200744203774e-02
8.458121948460473050e-02
5.182361977356553240e-03
9.046029881775341508e-02
6.804481087063729561e-02
4.502271630784093759e-02
7.613007509565239417e-02
7.422126993986699617e-02
6.665749539566423465e-02
7.333017884960568722e-02
5.885229042940620658e-02
5.045538982243868986e-02
7.423616370246177709e-02
1.336119605109953312e-02
9.140759237834239492e-02
2.918839629436620342e-02
8.054110466368946675e-02
2.438889287976686582e-02
4.188920733250411921e-02
1.336618562952571754e-01
2.671835471586425648e-02
5.224580707173287486e-02
2.141819896660335232e-02
8.526066219609029773e-02
3.848151399261423578e-03
7.816914473982117251e-02
1.744535613879483194e-02
5.752837737191263123e-02
2.390917820984173048e-02
3.158209261099798049e-02
3.522600501287143082e-02
4.316277131579049353e-02
1.602661457312715143e-02
6.172483697483777121e-02
3.358308891409800268e-02
3.514128312107600571e-02
5.755215661996926357e-02
6.096911988933051418e-02
1.983554245442920028e-02
5.604063082560206688e-02
6.132493742905809064e-02
-1.099039897428677470e-02
5.894259067715612588e-02
5.859067276655216538e-02
3.457176749250301384e-02
8.616010071651825086e-02
7.047653752965787888e-02
5.650073051154036463e-02
3.832047878216826575e-02
8.525327610365263098e-02
-2.527872881523895998e-02
1.077744100398787541e-01
2.585507104886186625e-02
8.868049135175692932e-02
1.438448573279260678e-02
9.330977238498383564e-02
-1.245949779428356941e-02
4.916958695754547470e-02
9.211596731755844480e-02
4.417630609534306529e-02
8.368197498756146935e-02
2.556183347018170515e-02
7.849741128788467748e-02
-1.412014267967554026e-02
7.365035070365855141e-02
2.798447199587039691e-02
6.811503103928218117e-02
1.405253616015023077e-02
8.467863565582511853e-02
3.261192351416863922e-02
3.763734649638195151e-02
2.607716498035883568e-02
3.065119074926925258e-02
2.006900631629870979e-02
7.390398948949594704e-02
2.472551369287923073e-02
-1.170741456878454656e-03
3.497293655786526401e-02
2.990214679430502898e-02
1.426154030757120772e-02
1.500206771487921920e-02
1.465381328311843312e-02
3.177814231271236523e-02
4.751535779752735777e-02
8.973908739746438989e-02
3.678468623737241039e-02
8.439613462742134864e-02
5.890493973746346867e-02
6.942492747155526445e-03
4.375675771189779795e-02
7.914052331130694284e-02
1.306575419489308665e-02
9.386923223670162741e-02
8.673354218196260845e-02
1.808881653485383545e-02
9.787755190502656077e-02
9.447251518959420835e-03
6.896215875338285173e-02
6.878551182340775227e-02
9.302140724926699633e-02
1.636431729424507875e-01
3.037453524534949878e-02
-5.013752035161411769e-03
-4.738807444147008496e-03
1.010322788540243266e-01
2.144023170748843299e-02
8.412789363955774924e-02
3.715171485683343988e-02
3.589658777799220601e-02
6.435322248953068147e-02
7.359556910128239871e-02
8.393148817555973196e-02
4.269169906745196030e-03
8.207029713191182907e-02
4.013264733996790845e-02
8.411089118865144876e-02
-1.964798144890900211e-02
1.168162477238015029e-01
1.929373807374434868e-02
2.424722485721431120e-02
3.785561968954898049e-02
8.404610926690936346e-02
9.415870421931593626e-03
9.275019994531952250e-02
5.992128875085711570e-03
5.879114597403489739e-02
2.669988435819892203e-02
4.048391212056090538e-02
5.244216723581818229e-02
7.371892547947567209e-02
-1.113786632723101633e-03
4.856749527670389810e-02
6.707363113978903613e-02
7.840036362142299708e-02
5.927394413600817202e-02
6.804304563603214007e-02
2.356985415035151021e-04
9.952682678631696866e-02
2.738058243356711330e-02
-6.628277189237286038e-02
4.671471214396794025e-02
6.608511346447487611e-02
9.237609071448948939e-02
6.864563868239503819e-02
6.312064238069425848e-02
1.190989927427017481e-01
-2.735013347774151171e-02
7.889481466904157969e-02
1.322465640969312517e-01
-2.488012973017772467e-02
1.335997829857271668e-01
-2.704117121278537539e-02
1.034997986321801733e-01
7.527604889835082247e-02
-1.478073105401023213e-02
1.103878478450566192e-01
9.615705938701069044e-02
-1.605603918690912124e-02
9.686956564087312316e-02
4.578353050992678419e-02
2.054015380268348068e-02
5.611525193121247312e-02
-1.159411368417906374e-03
5.868529398828847832e-02
6.957307984332272710e-02
4.301194097369975822e-02
7.642325010175543554e-02
5.295644439162483508e-02
4.255630133234111767e-02
4.771480912584680212e-02
7.824902832340407954e-02
5.792625122863936937e-02
2.186676104046636482e-02
8.098683438783904620e-02
4.016367479751625780e-02
5.803346337835879609e-02
5.406734846901617431e-02
4.888583525799949925e-02
4.110065163773102270e-02
7.424628746148620451e-02
8.792703576673543964e-02
7.096747968037453447e-02
7.886356780155701074e-02
6.552790815053022300e-02
7.506301768931855634e-02
6.429686320248118037e-02
1.191269620517432237e-01
6.198155309216035747e-02
8.262504178138119215e-02
1.105082203428637833e-01
1.004754579550932725e-01
1.714012185089508478e-02
1.073761699465292097e-01
8.811265543729307481e-02
1.014189979787785134e-01
2.551489872198331454e-02
9.688583107459036725e-02
7.878625162646146762e-02
5.645035363112560489e-02
1.178145285492862016e-01
1.118144539550058880e-03
8.725857789920699048e-02
8.465585571564693268e-02
6.917036524462938374e-02
4.294413175728895027e-02
4.929004836212236285e-02
9.511935722519826442e-02
9.140012730441560151e-02
4.593625455522598600e-02
1.158353731026049438e-01
2.987902150569921034e-02
8.373228655658460085e-02
5.476326275630460927e-02
1.515957504797649236e-02
1.333912939037169565e-01
8.222871995899661002e-02
1.296263559964900836e-01
1.486357163933416103e-03
9.537479272363880156e-02
1.027453764267001191e-01
5.091196041112544535e-02
1.100569576790548787e-01
9.301414867367396866e-02
4.811170017189692061e-02
1.116497434668075606e-01
6.090756656030915650e-02
7.249566261330331329e-02
5.436697866406081658e-02
1.058134666061221196e-01
1.059400659341691586e-01
9.417328370606359300e-02
1.038953539353895117e-01
7.010041988307458283e-02
7.355198083373393203e-02
9.798280887487331725e-02
8.529588802121335078e-02
4.107825470045911587e-02
6.852846894838160452e-02
5.837867438643229434e-02
8.254482069623048091e-02
3.059632474214923903e-03
2.403437700517874198e-02
8.453019421426799518e-02
1.542440505827968877e-02
7.424291831188867263e-02
-8.434209935030745342e-03
6.539118703251545206e-02
8.768203411769470712e-02
8.091975527807959701e-02
5.662608044958461484e-02
7.287995076005504558e-02
1.087738570145142525e-01
1.594895863093857002e-01
1.276791858395971424e-01
-6.683625816083793580e-02
1.236729993088172552e-01
-5.979903668279984430e-02
6.851115048684652820e-02
5.864491696840112844e-02
2.275895675728745182e-02
-1.894449487607419158e-03
1.229219955115854468e-01
4.431721998360815817e-02
5.463647414553651771e-02
7.822919394709182406e-02
1.060894218111267939e-01
-2.603176007992291652e-02
5.416190332673243013e-02
2.957801386163461110e-02
4.440446297667444142e-02
3.408969324541244461e-02
1.930136265176063404e-02
5.894235508077727559e-02
6.551447086703809930e-02
4.746833267604699813e-02
4.237560801765294372e-03
5.376505227722239155e-02
6.853890644577553815e-02
2.939651137908061429e-02
1.003639512044469662e-01
3.999992917822625671e-02
6.028619295180570603e-02
1.387734333902135297e-01
1.339296198951602790e-01
1.333808710123429719e-01
3.127960704260734914e-02
9.362677259777596461e-02
1.666729717139427969e-01
4.634067262171948087e-02
7.805098563821788460e-02
8.027491455430713074e-02
5.798984672216400682e-02
9.473000389193098059e-02
4.606881274023333361e-02
1.843902950547962050e-01
8.439339046904770214e-02
1.021093175965162025e-01
4.956533399837326215e-02
8.306186867550557906e-02
8.300468121465787164e-02
5.850876051203091066e-02
6.832943725244788880e-02
6.088468955671944016e-02
8.476525137708845747e-02
6.903121181764415581e-02
1.467334416303791578e-01
4.353958954650183344e-02
7.291757661726494533e-02
4.697688590394655250e-02
8.305370752785457000e-02
1.165205602950130093e-01
2.639791932961221832e-02
7.093658998823304529e-02
1.027049111003930371e-01
1.205947807533869209e-02
1.253831103486868770e-02
3.859204611899214044e-02
8.896347742222987520e-02
2.120086828761502673e-02
7.198255561758282184e-02
6.474026679279232255e-02
4.246322030465510267e-02
7.310359702702973195e-02
-1.682696248165971298e-03
7.468799835138106857e-02
3.179395467526235919e-02
2.491406821720421050e-02
9.702478578261830577e-02
5.341725010798681339e-02
1.215162564024505620e-01
-6.690437175470087539e-02
8.219337663815728945e-02
8.125738965022444305e-02
4.316292744171112972e-02
4.561674630916989770e-02
5.398299307429166305e-02
5.274155825740711734e-02
6.093906598071319181e-02
5.850074569250862666e-02
3.810253359534643280e-02
1.009767178463287784e-01
3.854040507291900397e-02
3.848197771258954347e-02
1.895313742328763595e-03
1.467612362980044161e-01
7.866781021361601844e-02
5.285228828683186109e-02
5.033305342208205246e-02
7.657819396870291229e-02
7.668493401905962514e-02
4.042605288212008929e-02
6.228310261296776673e-02
9.022874326485474938e-02
3.735407937404566781e-02
4.072888640235872160e-02
3.358372448430335666e-02
1.172014513151116155e-01
1.538867580593810125e-01
-7.933080743264042667e-03
5.072053432155376740e-02
5.468720674570271001e-02
1.112238736132669104e-01
-3.586029462002926493e-03
6.206721704097217795e-02
3.045300944176121405e-02
6.241472787357160712e-02
2.700189131462904513e-02
2.901275438491746073e-02
6.469734413723227107e-03
8.497381150688010365e-02
3.827798969706774912e-02
4.787657365756459171e-02
6.968990780710315747e-02
7.789587400126052330e-02
1.350802481660595689e-02
8.339188874358738346e-02
4.164042231090281376e-02
5.325659505427404738e-02
4.422245972358451738e-02
1.397609461824944610e-01
4.983861904136555054e-02
8.566803427777136548e-02
1.523999758487653011e-01
9.484504904092005972e-02
6.247079763840268640e-02
2.249479549236088616e-02
5.863119488262658052e-02
5.537148983224904342e-02
7.663924752543760377e-02
-2.192177249531468419e-04
4.210368970262257093e-02
5.792572027549081071e-02
4.509729369037573932e-02
4.576410866509306175e-02
7.392663565927870550e-02
1.171818379151274847e-01
3.401093086403905730e-02
3.819927706951498081e-02
8.373874137009318375e-02
6.844212183528375348e-02
1.862640509042723380e-02
5.518468703890233584e-02
5.838074221771050176e-02
6.779976642619800487e-02
5.117978127891786855e-02
3.280165946228619234e-02
7.397659554638336132e-02
-9.847457415484761611e-03
6.061163240490552440e-02
3.537099169534352328e-02
5.123476519382430538e-02
1.589747299924182400e-02
5.093434575582644896e-02
-2.960388214546139096e-03
9.600229880704080898e-03
3.010258162587620134e-02
-1.226765914171945582e-02
1.016483023344543213e-01
-3.311887699161264464e-02
4.221547856227969575e-02
1.372518081994700268e-02
-1.646306827705634745e-02
1.046890216631135573e-01
1.083310513998458902e-03
1.514123037679970807e-02
-4.164283669731094761e-03
-4.047748299081010970e-02
7.216482803308732485e-02
-2.117254878696916975e-02
3.513973638146472567e-02
4.936955459307101890e-02
4.037397007701670759e-03
3.583621530252933951e-03
1.103170090187468588e-01
8.033896978900290087e-02
3.510426661414212113e-02
7.007932794922844266e-02
6.642527756803362493e-02
8.106369593424722630e-02
1.681549269983029227e-02
4.905265947622861056e-02
3.768571125360775653e-02
2.952322695335429792e-02
1.400855988657929707e-01
3.500019257712683185e-02
4.518037327644197632e-02
1.537246071976925421e-01
1.137303296205827152e-01
7.167636112811015536e-02
8.185483451109276665e-02
4.846731454492481106e-02
8.487985862965374828e-02
1.060524574795727037e-01
7.037955896585379456e-02
