6.595414875350541495e-02
1.210235715054974182e-01
2.413281353125758949e-02
2.978445240170335753e-02
2.106245111551600067e-03
-1.214421489730764872e-02
4.325142249299065988e-02
6.931790453045144629e-02
5.615572596501196279e-02
-3.527690067567656323e-02
6.217535293631970550e-02
7.570784861204202243e-02
2.406901856543748608e-02
6.203796389423844176e-02
3.717054583018033348e-02
6.981221766101884663e-02
4.470056606459583970e-02
7.190687696963835029e-02
6.699353911614813750e-02
2.739395829273740673e-02
7.941850279265651180e-02
3.976731735396310530e-02
5.670252941699660543e-02
4.840598286900343883e-02
9.979961795437052030e-03
3.644098699670445668e-02
2.398486499751252120e-03
3.207669446085906900e-02
2.115569923218018483e-02
-1.274298476998157043e-02
-2.505513024335922351e-02
1.617887229586462833e-02
8.712915675957368100e-03
1.677025840065676267e-03
2.458429480770636666e-02
3.662748247930495971e-02
-4.711289145570168868e-02
-2.484256532918915211e-02
-3.909193149313916482e-02
1.334136582809933649e-02
1.520416698508744030e-03
-2.477197819148049471e-02
-4.089151664522092111e-02
-2.094270310746209826e-02
-3.453487653671093172e-02
-1.376234850385151670e-03
-3.655111283580701753e-02
1.185813990008909025e-04
-2.347592995287751602e-02
-1.092745666131139312e-02
-5.261580863369486744e-02
-2.003220058793023922e-02
-1.896514896003174619e-02
2.548764867069312073e-02
-3.391853796207014438e-02
8.177529517967283001e-03
-2.053754259636279486e-02
-2.054004208910342050e-03
3.130825525306663026e-03
-2.362151990695410611e-02
-3.828756393616170040e-03
-4.533483704743868775e-03
-2.005061895176031908e-02
-3.919647970571080164e-02
3.941538398852740405e-03
-3.130667241230083303e-02
-6.699879033388814881e-03
-3.304800925462172967e-02
1.239966767906569567e-02
-2.531336822556289751e-02
-4.067406817484412601e-03
1.142127723287827620e-02
-8.698034572027654732e-03
6.977924596226463966e-03
-1.800991133454455176e-02
1.717943915211926631e-03
1.182449802367280256e-02
-9.488593253777473022e-03
-5.578385466549189847e-03
1.229794869574078048e-02
2.109011426561002711e-02
-3.322743612719868816e-02
-1.158672445019016256e-02
-5.815782505051922402e-03
-4.442999601817283067e-03
1.085885807347911416e-02
-1.315164457033854775e-02
-1.631491499212847293e-02
-1.885674996082282659e-02
3.131469667248473060e-03
-4.295353292814743651e-02
2.263813059167366776e-02
-3.358377731897690954e-03
-3.822685024452279756e-02
-4.106932467767372003e-02
-1.262108273651532664e-02
7.640605764134195121e-03
-9.351343583372681567e-02
4.408941988640089488e-02
-3.783717880229818531e-02
-2.186975420310593304e-02
-1.298469424189206689e-02
-2.793501036080312666e-02
-5.817427361633552979e-02
-4.127721951423163338e-02
1.836753999974718651e-02
-1.259608398804198948e-02
-5.341468775923159662e-02
7.759561041007986826e-02
1.171714440094136396e-02
-3.095029907559801105e-02
5.463482767290204871e-03
5.246599704738909298e-02
6.900284708138457179e-02
5.179789333937916129e-05
4.442664101545222566e-02
6.366296681833288895e-02
5.339891357678761691e-02
3.890620004314408048e-02
3.662050927084893603e-02
8.387058509915791549e-02
1.323687714932878512e-01
6.293962933934342530e-02
8.523258210883463692e-02
5.068914764770801606e-02
1.097390917980352321e-01
4.503037853575719146e-02
1.014722014962191332e-01
8.181506631167134724e-02
3.759824697939697508e-02
3.625204858567354638e-02
1.452520100393474289e-01
2.815280532283096979e-02
3.915004430821260317e-02
4.853294286419746612e-02
6.346261032191935492e-02
2.306510877699467083e-02
9.512812972526599187e-02
1.479247537716101013e-02
-2.741737698346306817e-02
3.578086433025467333e-02
4.025933198264622370e-02
-2.021487146021120132e-02
3.847384418592490751e-02
7.242675850557721284e-02
2.719921611387365878e-02
6.231150524305466287e-02
-2.400076686364881889e-02
5.764892339251886932e-02
-4.640128371510968130e-02
8.928813923686471782e-03
5.887984005741023208e-02
3.693409020084529454e-02
-4.452236062664022276e-02
5.731617033536098860e-02
3.048080723669288963e-02
3.227834881525140642e-02
-5.928049281804941700e-03
-1.274684718688001012e-02
9.374322763239614775e-03
4.705279238970196815e-02
1.395197970043869987e-02
3.153215010296499948e-02
1.458519555156059452e-02
1.534512361167393937e-02
-6.284560556243835860e-02
2.077819355174201355e-02
3.178877549041311118e-02
9.134770948809507740e-02
-8.182891530370091371e-02
3.252233336038828915e-02
2.297125994620825840e-02
-5.232399769983298032e-02
4.608770616031269973e-02
6.214454389557117799e-03
-6.849343863365425084e-04
1.066400130723713265e-02
3.477919735954040914e-02
2.073259739463174933e-02
5.419009036644768101e-02
5.644671369981438258e-03
2.678794867258430315e-02
-2.316478317797721759e-02
2.368729161707984650e-03
6.655683903221620845e-02
-5.908351065397952906e-02
3.103771780277936321e-02
1.766330986810396401e-03
-3.684128680229107472e-02
3.738177235195414005e-02
4.991160096449598349e-02
5.937251173019844619e-02
-2.136323072521018607e-01
-7.948851744439300315e-02
-1.557905120693487133e-01
-2.649775924988825304e-01
-1.328302661206066937e-01
-2.661860042051105157e-01
-2.649766785927526458e-01
-6.911401441486447750e-02
-1.542150584026021343e-01
-7.072054768398483571e-02
-1.237010893792556965e-01
-1.368956828430112349e-01
-6.755911759491188551e-02
-6.060520251812737819e-02
3.130329344591960966e-02
-6.024395509195375892e-02
-2.616977777740583239e-02
-3.758130380315175684e-02
3.000981356515363199e-02
-3.372088502894922402e-02
9.345029459688384069e-03
2.222424016229515575e-02
4.147616187168491619e-02
4.594276897545766444e-03
2.691176184109508526e-02
6.572967828257766931e-03
1.155277256806860019e-02
-2.832089709340580505e-04
4.394067584751919220e-02
-3.727253854499515406e-02
1.408167163341482800e-02
4.421731566596837776e-02
1.197343989144266513e-02
-1.135342788641593645e-02
5.764786759698557750e-02
-2.209682545682735769e-02
1.758139386497644188e-02
2.477341832397778748e-02
2.253517438654231014e-03
2.109115795831565093e-03
1.373375438172802152e-02
1.621440218513280768e-02
-4.079832671450569354e-02
3.800887239679144602e-02
7.717301881095589913e-03
-2.080458615213251483e-02
1.569049883544559876e-03
-2.291153464321124891e-02
-6.060092640329493852e-03
3.507025425568228300e-02
-4.695871226252357894e-02
5.148243728460739216e-02
3.355709951300431260e-02
-1.820204320963633368e-02
-2.253489290549696294e-02
1.104888159145527363e-02
3.035327122106036557e-02
-3.994068482334442449e-02
1.624860059980456212e-02
7.577824384357507992e-02
7.238000190118869942e-03
-4.296704208625469479e-03
4.940655864499129968e-02
-7.697728882982191739e-03
-1.098011001002838216e-02
7.125374611466518682e-02
2.390088541476462908e-02
-6.287051529794390747e-03
-2.751539711860541762e-02
-3.990031998005012792e-02
2.109029694517248338e-02
1.773067842553744528e-02
2.907385572088169723e-02
-3.573024956425359389e-02
-4.338428512184054620e-02
9.057067043723450450e-02
-1.207304208068477221e-02
2.935529045079665958e-02
4.930006920371778761e-02
7.452579015243405991e-02
-1.347294598288180378e-01
9.967790588143707331e-02
-4.821247727991175014e-02
1.958285606316961802e-02
5.567425662586140273e-02
-2.904775384046153625e-02
2.788170511707428745e-02
2.433884408813431332e-03
-4.073991411486177494e-03
1.228384381447449221e-02
-1.478093533972013943e-02
-2.980259358582219853e-02
3.097584399977449526e-02
8.965825557960743764e-03
2.735060528258202381e-02
4.570632309884715277e-02
-3.653326704843256473e-02
4.246566551281151514e-02
1.437100161173120692e-02
-2.773013518492951912e-02
3.120042940999483844e-02
-6.671103811107149950e-02
9.750072118170593355e-03
-2.916479282662159944e-02
6.778295492273751430e-03
3.431850062899767517e-02
6.380780856958892522e-02
-6.541601640633561143e-02
4.395559632524271426e-02
8.086941009967220373e-02
-4.008730247062999852e-02
4.812519690390047733e-02
4.368904291727174899e-02
-1.239224665723471369e-02
-2.824974794630608771e-02
6.212696121885701028e-02
3.653215983804221356e-02
2.922974470868514030e-02
1.618582142761174070e-02
3.846431487891154022e-02
5.956384188445883882e-02
1.684229908128850178e-02
9.588055563079685151e-03
6.667588234801355429e-02
4.548905132512167521e-02
-6.636565190118728919e-02
1.061982776603059148e-01
7.191370562395021926e-02
4.650533461384762091e-02
1.714155735604314806e-02
-6.668817538669069567e-02
9.773053837211784223e-02
-2.824408335407837395e-03
5.006707758398966368e-02
5.265213001902943613e-02
3.235873925794266470e-02
8.551472648671087917e-02
5.753006713051331961e-02
1.242206422413995662e-02
3.509654347763802029e-02
-3.679672807307917543e-02
9.489446669208919521e-03
5.449667731267333198e-02
-2.314813841053805707e-02
6.156341228648045533e-02
-8.802067039448271263e-03
2.217375718500215476e-02
3.255811535942759044e-02
5.542506656344217686e-02
6.034916396449143544e-02
-1.576654507032856489e-03
-4.927663205017778630e-02
-1.067937001083210918e-03
8.585975915161267111e-03
2.458182704524989118e-02
2.574845793856270215e-02
-9.229042541412381742e-03
-3.835957161868380066e-02
6.658777148507073751e-02
-1.645803350713816518e-02
2.794926428881044922e-02
2.928551347199179894e-02
8.155523711621120997e-03
-3.356541997760241394e-03
1.913805397941008984e-02
-3.911151894906480381e-02
2.306030362458999158e-02
1.211145324312407345e-01
2.350376590398768964e-02
-2.148374960436665385e-02
6.481339313149113435e-02
1.391091550514481426e-02
-1.282933001962036079e-02
7.729253023456558735e-02
-7.247392117243064980e-02
2.217929455838322031e-02
4.431555800209101975e-02
-4.056881830427598590e-02
3.180930663840363798e-02
9.017921187905959812e-02
8.481893191413032024e-03
-1.822096349789097125e-02
-1.775271713147880820e-02
8.361712289020784006e-02
-9.660146874338651490e-02
3.048292197288052924e-02
4.730504205122523786e-02
2.737864864782660335e-02
-2.682088824450184344e-02
3.766664659023047368e-02
3.235014079693837585e-02
-8.809170405263879594e-03
1.185581909691301589e-02
1.733576038519589468e-02
1.507459557448699063e-02
-4.293236588510486451e-02
-1.985568734654705181e-02
-6.492181624632477333e-03
3.746900159550022730e-02
-1.034291164303150212e-01
-7.189228770779047817e-02
-1.414034228370256996e-01
-1.362352506681981934e-01
-1.627843103181562390e-01
-2.125375730794621387e-01
-2.500067025401870868e-01
-2.372258190694003510e-01
1.283401578000446797e-02
-1.231552897686953585e-01
-5.145483164570457957e-02
4.743534893828739440e-02
2.486266748321202744e-03
-4.809557781770145909e-03
2.573459882531455717e-02
1.707165342662875923e-02
-8.671225860897434357e-02
6.621116575693591910e-02
-5.558808924929376644e-02
3.358274159092065198e-02
-5.184087836446232139e-03
1.278373479406950779e-02
-2.475079212385099779e-03
3.060487144195914166e-02
-5.889931400529781376e-03
6.355350143662109874e-02
1.651944782052493926e-02
1.543518344024585875e-02
3.511492811239112950e-03
7.029186108614113131e-03
3.259825624116944459e-02
1.412906832134175165e-02
-3.171526619000756414e-02
2.439430460456542757e-02
2.691466189063694558e-02
1.116908145917830560e-03
-3.808156808185890647e-03
5.030780534303352231e-02
5.488506002040960917e-03
9.935669506230256770e-03
-1.067857036586272387e-03
3.152042093186505078e-02
8.660072890736048717e-03
-3.116629238158800941e-02
5.878751772906176676e-02
-1.906423946687041057e-02
9.159714315002724649e-03
2.158254486943158093e-02
5.590611224277712565e-02
-1.917450056660320763e-03
1.318505318658694768e-02
3.534643618943657944e-02
-3.365879250507837483e-02
6.460300755364070105e-04
6.028194915076798277e-02
-3.023297870692032499e-02
-5.754303226500878925e-04
-2.049327684813204153e-02
3.074741035250877150e-02
4.945529059251786361e-03
7.016910511794849023e-03
1.551679352220173592e-02
-1.471675792163376281e-02
6.042358221349751306e-03
6.709037048121418989e-02
4.965734343919013527e-02
-3.308984225413764968e-02
7.715353793141583108e-03
2.219634455636081138e-02
2.775286202913757050e-02
2.479661782268310216e-03
-4.059326578129528185e-02
-4.172596411169367941e-02
-6.424968198149366705e-02
-1.919887912695992377e-02
-1.325942447489000808e-01
-2.241041148209322875e-01
-1.685666420702111035e-01
-2.027975641093880954e-01
-1.893675048443543008e-01
-1.798820881290089102e-01
-1.299285956993545543e-01
-1.696544737479211973e-01
-1.268642130172359661e-01
-1.003765422571068489e-01
-4.689261506462377715e-02
-3.028543539146153624e-02
-3.862498020937370560e-03
2.711884799400696849e-02
3.818496519637232245e-02
-4.926180541913999233e-02
5.361174552760313017e-04
-5.197497732555717703e-02
8.834099394249292359e-02
-7.164129645580762096e-02
-1.294905157040239854e-02
6.665104424588744192e-02
3.303616182464926086e-03
7.885017262763274748e-02
4.594814866463754061e-02
-7.671571167890674746e-03
-1.462523279917258417e-02
4.698610683725938653e-02
-4.547093076529309247e-02
5.012114238488081519e-02
-1.480369206426070637e-02
-2.916697633082066671e-02
2.193116006284166405e-02
6.746860901534826316e-02
-3.273545169473334598e-02
1.852957946910741352e-02
3.097080719446941230e-02
2.995236554483122343e-02
3.332814590953361161e-02
-3.206624010534106506e-03
4.896604844476212109e-02
-1.857708351015163045e-02
1.749459670602047500e-03
-3.684909983635142623e-03
4.353101477124595581e-02
-5.519657810101605278e-02
4.727136316129199739e-02
1.820725509241277393e-02
-3.385040682510770393e-02
2.489465446807180918e-02
-1.028844414746872375e-03
2.045184001016844832e-02
3.786936540610343245e-03
-1.996013369065072901e-02
2.900805895741848106e-02
1.115816798355343496e-02
6.662779629035250895e-02
2.432695757069270118e-02
1.155586574228751121e-02
6.452394805887393114e-02
-1.064557581930854549e-02
3.959701193969492744e-02
5.932144884043454719e-02
-1.142681885312251712e-02
2.480540777512195948e-03
2.908882452870152624e-02
5.116489788057683452e-02
7.018221068779102040e-03
5.372246012697640474e-03
2.752799810787594399e-03
1.202747159965356083e-02
7.429954156391977392e-03
-5.592889380426903714e-03
3.873008754173819235e-02
7.848869670955116451e-02
6.039484833851536776e-03
1.365627360063817464e-02
3.011001401534939281e-02
4.122410838888010409e-02
-5.434026664066273112e-03
4.401917464286991127e-02
-4.763882341921848312e-02
2.243906872246008086e-02
1.736439406770146077e-02
4.598876899808243546e-02
-2.332096684722537172e-02
-1.517715004307354683e-02
-1.471248498531424649e-02
4.429983137141279420e-02
4.863365202341018295e-02
6.755561286824854003e-03
3.648677408448999099e-02
9.124021676673204836e-03
1.361516971259779836e-02
3.230014580905651161e-02
-9.385757627359972780e-03
3.370370665822987333e-02
7.383171085512319452e-03
4.392954229491478207e-02
-1.333658291945920282e-03
3.387622330651512276e-02
5.871415704906663563e-02
2.002762441866163048e-02
-4.426272140780711933e-02
3.347090578806237449e-02
1.659000384921937785e-02
3.868375427847720732e-02
-7.473641678047651497e-03
2.766253037572382473e-02
-1.047630467710804897e-02
5.550369088626119773e-02
1.531502065661710481e-02
1.678533819690441325e-02
2.124686324727515646e-02
2.459807640108209459e-02
6.509041733053130482e-03
2.090291339026868062e-02
1.339024144371050648e-02
1.671930481891637649e-02
8.729719340859211016e-03
4.258816236641448094e-02
4.361076196385841805e-04
3.828710920867892109e-02
2.051024242416692872e-02
-9.586929499692522713e-04
3.801624245668557521e-03
1.243968514496162150e-02
-7.961828176285989933e-03
-7.603964667272309838e-03
-3.543463553267802834e-03
1.032321357275589949e-02
1.694343805377695675e-02
1.607785078038356796e-02
2.323321142967039316e-02
8.126814054139555252e-03
1.015653634254339369e-02
1.347280183276199778e-02
3.535884943087457682e-02
2.092953577551406527e-02
3.814108876258755915e-02
1.437415683141890325e-02
-5.708557346736701371e-03
3.948542325938744768e-02
2.158267064947718555e-02
7.872926472789225014e-03
2.308741815948090956e-02
6.764569325121284893e-02
1.294436489148989740e-02
1.189279629480020526e-03
4.928305791807660596e-02
1.993836469799654953e-02
7.376847213945020298e-02
-9.765895251570962110e-03
4.462763663887529125e-02
-1.625067353571550688e-02
-8.485338357807119258e-03
8.896276737776197263e-02
-2.514153794949744794e-02
4.270200059009714166e-02
-2.159262356203771674e-02
1.742065553860991378e-02
5.260460860697124819e-02
2.671680882882246019e-02
1.269204900779251528e-02
2.484379046398602769e-02
4.702445637302600859e-03
3.791831185277864079e-03
3.707557707617630677e-02
1.787966543837630692e-02
3.310314880318159653e-02
2.594991510720600844e-02
-1.464603285133089534e-03
4.976509365907830218e-02
-7.774099161688943077e-03
2.044756178777133032e-02
3.319809963623095855e-02
9.973977587109409890e-03
1.332269022336874872e-02
-1.177742955790514467e-02
8.291444618476143807e-03
2.902976199755961592e-02
-6.254307407799776335e-03
2.509855484643665549e-02
3.565979858345920406e-02
5.058178091107495139e-02
-4.356866503943958302e-02
2.530916166556314295e-02
2.528620524671145592e-02
-7.209605695216784321e-03
1.947653075465485481e-02
4.891537913109721136e-02
-3.991169303469489088e-02
-1.614253653460654900e-03
-2.576645769398422381e-02
3.249408494276426890e-02
2.890993253832759013e-02
-3.672852009066868151e-02
3.234264894520483269e-02
5.480783668372363193e-02
1.822849295580143344e-02
-1.020220959953922063e-02
2.107469137716359853e-03
1.872318555601047707e-02
-2.733715814180651474e-02
-8.130609876501611322e-03
5.275820871983354088e-03
-4.629368863532887235e-02
-3.768638891231722993e-02
2.660671153429421121e-02
-3.379119792102169839e-02
-4.121701924677586421e-02
-6.006182318781368157e-03
-8.934159052031997311e-03
2.930540203506373786e-02
-2.865694713464459267e-02
-3.547493678099929160e-02
-9.338851851495192508e-03
-5.574005281357288094e-03
3.868549435740191444e-02
-4.525332113155731972e-02
-1.450618259808341207e-02
3.726513898493220150e-02
-3.338191187103423108e-02
-2.114634267628439507e-02
-5.231618501715624286e-02
-3.627034885314835838e-02
-3.699708375392196658e-02
1.878225923433202160e-03
-5.230809430449895325e-02
-2.791057943489009402e-02
-4.259371897312019817e-02
1.195915934024648075e-03
-4.078302415499475420e-02
-3.087684623531196382e-02
-1.821404879813803140e-02
1.643292284127707836e-02
-5.222538110856200788e-02
-3.718213787899035672e-03
-3.998192709261250144e-02
-1.314817796827708052e-02
-3.117848240979573943e-02
-2.405877385953730102e-02
-4.982081531431033217e-02
1.834016888267356316e-03
5.168590561327065375e-03
-9.701520390705202501e-03
-1.831066582096732218e-02
-7.383251437093809461e-03
1.374274509487048712e-02
-7.835026116372652977e-03
-1.550896699936278947e-02
5.103082086056441591e-04
-4.845366358357146297e-04
-1.385695425274098905e-02
-1.450400141045030816e-03
-2.261097690179317277e-02
8.181325707081039261e-03
-1.096948608957241597e-02
-3.658390557016572703e-03
2.439179393359233033e-02
-1.867868917407679297e-03
-2.205545819561313681e-02
-3.825060220827455199e-03
-6.198998559674928632e-03
-3.969291958795437281e-02
4.959928693081921969e-02
-3.237730399245666857e-02
4.411560572941736896e-02
4.000680374749508716e-03
-4.576111288566518664e-02
6.986770727427548539e-03
-4.957698644067164151e-03
-3.373984333492377474e-02
-1.210920035213527979e-02
-1.745518464188935276e-02
-3.583901696004992976e-02
-1.057891150305662054e-03
-2.362064505639791673e-02
-6.765820877636774533e-03
-8.272301566023476660e-02
4.285422532905584780e-03
-2.031526230661626076e-02
-3.665471378583888551e-02
3.063705531038116159e-03
2.764658388035856618e-04
-3.934210819655412777e-02
3.401551571734834356e-02
-9.654484617130047741e-02
-2.312925535854148257e-02
-1.512880212400892488e-02
1.983779028332987443e-02
-1.283047995213968187e-02
3.038656006814932295e-02
2.292902930444009474e-03
3.199830363435084146e-02
-3.511254185374051290e-02
1.016730971430318264e-01
-1.583149705338461610e-02
4.440858839841303751e-02
2.964149018049539591e-02
1.094801650856231656e-01
-7.729373836176632595e-03
6.318906977198282537e-02
1.061345555973049332e-01
5.685744365451719795e-02
5.802892677195999743e-02
1.391665941524155015e-01
8.245384550603443441e-02
5.519795106664865392e-02
1.004943337145677018e-01
5.057417063476050273e-02
4.836853053951548770e-02
3.906070933641254961e-02
8.648191913130390263e-02
9.464316842226329352e-02
7.653030472514296689e-02
4.258294008242850814e-02
7.009151835234328498e-02
1.019780172638582172e-01
3.024243902360409728e-02
-2.089144554185898631e-02
7.634534379059875614e-03
4.896598936625189136e-02
-3.186417992583918946e-02
6.247508124989745865e-02
4.292281396429030449e-02
2.106803968658860909e-02
7.401751094927135066e-02
-1.349840871540648052e-02
1.578299671487145422e-02
4.391153372251330872e-02
-2.204814585321208248e-02
3.991148979055290751e-03
7.701252858268226031e-02
-3.752412439070709760e-02
5.856321719535386577e-02
8.534896263936711178e-03
3.595169365149892410e-02
-2.906201859436200602e-02
6.819414382744195050e-04
-7.126645303268423423e-03
8.663942165423241248e-02
2.881618978692678402e-03
3.260542312782224034e-02
-3.556134772732182786e-02
2.814757759634401585e-02
7.217342487691816473e-03
5.267841181986506610e-02
-1.835630902352465219e-02
-1.489700420901548389e-02
5.083681218677617297e-02
-1.280002602994144596e-02
3.255341505404763663e-02
-3.383281948039606156e-03
1.195938406664243461e-02
1.772361615783392408e-02
1.010465708895342818e-01
3.986762682311760508e-03
1.389661330171026825e-02
3.947957722829348315e-02
-4.094058071833784826e-03
-5.745542568603128307e-03
-2.036301299124225472e-02
2.975745389580611647e-02
2.850576188366192587e-02
3.682075536295143642e-02
-3.612346843393519913e-02
-4.956870323535713524e-02
-2.360914020716470274e-02
-1.253858855215828350e-01
-6.199694951642150537e-02
-1.413182477546114924e-01
-2.483620272450639543e-01
-8.671177312353672839e-02
-1.532616201576672554e-01
-1.575677647359396971e-01
-2.189053132700404802e-01
-1.260797456307269360e-01
-2.776904955913808148e-01
-1.379546782818596440e-01
-6.743634741289308843e-02
1.140104904479501136e-03
1.070430257448484745e-02
-5.127961689469834328e-02
1.328312510350496134e-02
-5.988029096027765175e-02
-6.349555164237996596e-02
-4.585096960066237237e-02
-2.085261718109808482e-02
2.551100178829337345e-02
-1.126324624844614146e-02
4.953438623200911300e-02
-7.876461934074307017e-03
2.400504244054734240e-02
1.825537461891338017e-03
3.838450681169473105e-02
8.350411823015570917e-03
3.076116334989715054e-02
3.611962624665200627e-02
1.975744904502085841e-02
2.092236325163725728e-03
3.470698550755153822e-02
5.039513392792471964e-03
-3.211372562804131955e-03
2.439050425509567757e-02
9.234751590356432560e-02
2.045792469934995528e-02
-1.949696667434869940e-02
-9.642197091195747922e-04
3.724634315499829491e-03
-9.724161579761348567e-03
-2.951923505263649716e-02
8.823824417285523053e-03
4.270559686723758575e-02
-1.002926039837065235e-02
-6.076342516093256874e-03
-4.224693425831635429e-02
2.829868816244296426e-02
-2.789441219310686421e-02
-1.537363066866986525e-02
1.149955937477568566e-02
3.485780562988366471e-02
-8.474514805350402691e-02
5.772416707602123775e-02
6.996107961092540295e-03
-4.947237136302365390e-03
-3.678832544496149493e-03
-2.310006238449749741e-02
6.541368338856490272e-02
2.639773650709504801e-02
1.401204029350449839e-02
4.567349545628359569e-02
-4.551309389698617036e-02
8.814251405524872740e-02
4.503708246512259927e-02
2.292666532534948926e-02
-6.724813141691372842e-02
-9.028821615790983551e-03
8.303524531689576715e-02
3.349198876799504287e-02
-2.121951646720648607e-02
2.815694136503648498e-02
-1.796460823125323181e-02
1.892678967089153966e-02
4.171182122310283791e-02
3.957013371517793809e-02
4.040928868829353482e-02
-2.452004836911781012e-03
-1.614679853364863263e-02
4.326588361879046829e-02
1.325939285701230666e-02
6.320039769491256343e-02
-2.375912460949044375e-02
-5.665893300072608746e-02
4.731195788632517468e-02
5.780535387470074615e-02
-2.086486437793280690e-02
-3.397920177931208763e-02
2.775561223953716683e-02
3.159501061211469897e-02
9.708673631610896526e-03
-7.380659108418893832e-02
3.118552972720805422e-02
6.216317608550320228e-02
-5.456950126915420529e-02
-8.421645313156174428e-02
1.834977537404531775e-02
4.813278042482965757e-02
3.125264032636754230e-02
-8.467195866210205923e-02
-1.573086682629261726e-02
6.951478126766838517e-02
4.600961471231786865e-02
1.618966222359840071e-03
2.398240657188729918e-02
8.827874217556440362e-02
-4.992703706038941619e-02
5.705466390890629944e-03
9.716485902992762214e-02
-2.071366166600801390e-02
2.612672201973378905e-02
1.408337545943331819e-02
-2.704636215267692753e-02
-4.543942966028227497e-03
7.638156233213456991e-02
2.512681974033541439e-03
2.533159876949849995e-02
1.936406187263528533e-02
3.450441939933222846e-02
3.160632038498792373e-02
-1.901892809474552831e-02
6.523077304901815643e-02
-1.174937943161581851e-04
6.749346333641463580e-02
1.107816059316423483e-02
4.927234483088483580e-02
4.720145078364249014e-02
2.864952585228786042e-03
-1.776654953816140733e-02
1.927885171289305671e-02
6.196734304675494132e-02
3.258071235517477626e-02
-1.310700774477033259e-02
7.896546029188200588e-02
-3.246802271992367539e-02
3.995281022960053136e-02
7.005944027774285709e-02
6.346679392961702970e-02
4.394332686688823264e-02
-8.321290053859085878e-03
7.555338594376208305e-02
6.071936490725194507e-02
7.282025463135753662e-02
-2.713159717588078512e-03
-4.032552693204677352e-02
-5.931489362646233214e-03
7.334350487271991403e-02
1.290375703222929223e-02
-1.065112965956738211e-03
-1.215901266195735034e-02
8.008606139906474138e-04
3.368959641235071134e-02
1.909950024986342698e-02
8.562659103261911764e-02
6.731938023441763619e-02
7.211561045826617167e-02
-7.917811038077313124e-02
-1.402673281120447001e-02
-1.398377538921805399e-02
3.786220307241847105e-02
2.609065262379321737e-02
-4.710680914034368755e-02
2.558878479166424788e-02
6.175521861220097108e-02
-6.382018756890131539e-02
1.476685730767792436e-02
6.558041259327246353e-02
2.512022930594119685e-02
4.355800034515730501e-02
3.882773238291711837e-02
4.275053938932404062e-03
-2.185871480087331342e-02
1.105035019301534444e-01
3.582020147115404923e-02
-3.879616979584200008e-03
3.908657275171716072e-02
8.155139903486612052e-02
-9.021506928583476748e-02
8.451669323107628695e-02
-3.771661564157208213e-02
-1.783836603079774936e-03
8.015085970174928159e-03
1.884034366200992502e-02
6.890406707854057622e-02
4.617527985337823576e-02
3.316834587384225042e-02
-2.132629029824190114e-02
-1.182169762871331312e-02
1.076787429460121168e-02
-3.902406477972528154e-02
2.830384327746281181e-02
8.906444824164627683e-02
5.752140026660403777e-02
-5.659755875088571392e-02
-3.896094545779624219e-02
2.841664824222422947e-02
-2.194128694058471857e-02
3.288257950232466656e-03
3.762689865100254938e-03
2.300422105156512548e-02
-3.410771711881453727e-02
-5.251713560717855694e-03
1.503789872455457699e-02
-6.368628900243235302e-02
-8.660057788997899131e-02
-8.194632371578729202e-02
-1.884279335268277955e-01
-4.472283207120408832e-02
-7.117776456689804687e-02
-1.475079091071301862e-01
-1.510007069123460721e-01
-1.214363015008823460e-01
-9.122132230837461109e-02
-7.601276606363573107e-02
-7.828294420695758316e-02
-1.064675449135957935e-02
-4.595755646694902469e-02
-7.812429022738354156e-02
4.258205346955810586e-03
1.464336086262430815e-02
2.872880771772763978e-02
7.198244072665198855e-03
-1.651819937791444703e-02
-3.455420177314031532e-02
3.686447180021904316e-03
2.758716803426030512e-02
2.300284174634770543e-02
-1.351318240126089289e-02
5.413650848051727166e-02
-3.483264690944505582e-02
8.271500307600734847e-02
8.227640252908400426e-03
-2.421256519875075383e-04
-6.763408281111352345e-03
7.928339901880529506e-02
-2.558091622225378003e-02
2.734880770616223561e-02
-1.435773267906634114e-02
3.989446859850764859e-02
2.015493889212869282e-03
4.105993545516298249e-02
-3.095641280451638666e-02
3.580516582684425964e-02
5.511590572238001667e-02
-1.003077869461531726e-02
-2.051144210733325465e-02
5.626355884914925609e-02
2.901659089902494312e-02
4.166963152860082148e-02
-5.091421396597486243e-02
6.143436986454462595e-02
8.620949360575039591e-03
4.205826191253549812e-02
3.926994306757027389e-03
2.077707211380896632e-02
3.164601931713300481e-02
-7.724875289986284088e-03
1.814323611113656531e-02
1.191436765978979261e-02
-4.388120579791639740e-03
-2.495204062371356862e-02
1.992011262031027560e-02
2.494877733326103519e-02
-2.893684974305224880e-02
5.361456821727987425e-03
6.447097383177503860e-02
-1.602609848969313230e-02
3.882803185459780815e-02
2.704581306682420083e-02
6.149731349605890712e-02
-4.794959640962098701e-02
1.702997664533976996e-02
2.262428737597435568e-02
6.441166661923246155e-03
3.922915678890799562e-02
2.269200436915659938e-02
-1.237190223276807832e-01
-1.615667854052922070e-01
-2.332931901832451249e-01
-1.268535961439737347e-01
-2.703007200850616187e-01
-1.137898704139429229e-01
-2.016931748491368748e-01
-1.708583508183668109e-01
-1.340701640462756139e-01
-1.907609703005985757e-01
-1.034964558516719285e-01
-1.111540613079470621e-02
-7.169658824558539090e-02
-4.654653270348804717e-02
8.633613631626457785e-03
-2.501402329538861616e-02
3.189695412635452920e-02
6.729800728718214609e-02
-3.261188299629976667e-02
-9.330341295435487514e-03
1.724988375057004072e-02
-3.244187182773040218e-02
1.411752224805872674e-02
3.018517539965693761e-02
7.031483316748897774e-03
-6.946590452068973631e-02
6.610096139461636711e-02
-3.530167632270677508e-02
1.211766634372498860e-02
-2.226249658844525834e-03
9.503553011252757060e-04
1.105227640056924421e-02
5.410660190268222480e-02
-2.054978189215739617e-02
3.894049616092804672e-02
-4.477826940627260832e-03
4.259681706290116554e-02
5.109455563006876783e-02
8.847684288827747934e-02
-1.953488682394071557e-02
3.035705765513189991e-02
5.128722506312080598e-02
-5.879611342332042787e-03
2.541143749387903689e-02
-1.912403848857574182e-02
1.201239687075739832e-02
4.758866767442156837e-02
3.405414689638657649e-04
-4.010276129488683783e-02
5.111204482431377233e-02
-6.400826578422122437e-02
5.157149971488179246e-02
-1.777956154630598931e-02
2.752318572667076038e-02
-7.105224334173488622e-03
2.051441868831330867e-03
3.880055447569020349e-02
2.552915121073136284e-02
5.696183667186148492e-02
6.442532934679486012e-02
-1.517256360690837080e-02
1.175983982740748737e-02
7.187073718223671581e-02
-1.756384613290012248e-02
2.024238758113344749e-02
4.978958469081011529e-02
5.941587216195573506e-03
1.626551707490724724e-02
6.803491848526509525e-03
-1.630706131464977615e-02
2.317880624263851663e-02
5.732392154264159823e-02
-1.136514189525344304e-02
4.738418477644640303e-02
2.130053997339995814e-02
6.598046051698103209e-02
1.197369449395575478e-02
4.471526779787124428e-02
-6.171574031910512237e-02
6.508228265969795423e-02
1.525245253592334010e-02
2.047009748476885313e-02
3.147738760541516495e-02
-1.220405087374551445e-02
1.199448756157290956e-04
-2.636722177443475042e-03
4.140679083598424598e-02
-1.196161936586836137e-02
2.064772700507030989e-02
3.142010361389631357e-02
-3.386889987844412739e-03
-1.565397161121183031e-02
2.204978498512854407e-02
-2.400889335944495634e-02
4.833240543751641388e-02
-4.053714117817523721e-02
2.328586650783434978e-02
2.886640410367197901e-02
2.675907088960796654e-02
-4.913647661935696687e-02
1.221559868426194510e-02
-2.500084036165470952e-02
3.984436643091636421e-02
4.715298955388089880e-02
1.461853979563059250e-02
9.272800548435907245e-03
-1.515078174115270203e-02
3.436099303504437652e-02
-2.663891176991851212e-02
-5.485172031192609571e-02
-1.571813798906839532e-01
-1.323560836912257010e-01
-1.676082082371234405e-01
-2.008182207673982478e-01
-2.255195428823063009e-01
-2.421056090942871331e-01
-1.333251379983674267e-01
-1.229015958042796730e-01
-2.680872845466160115e-01
-8.042507171492574436e-02
-5.474774228726614345e-02
-6.116609756561668110e-02
1.467781208304512648e-02
-2.113253953727092099e-02
2.079583046810937891e-02
-4.382301406274572569e-02
3.608958639168265148e-02
-2.866375320068162424e-02
4.245807965162296319e-03
1.275981310753102581e-02
-1.932488484857051644e-03
1.258715129847031225e-03
5.620353266708777440e-02
-3.435889399655571441e-02
1.224915142930645649e-02
8.776699751939015179e-03
1.294230581217060798e-02
1.296620859027917787e-02
2.369282040728748831e-02
7.943624280534114512e-02
1.859619966556402479e-03
9.883148398288146841e-03
1.416758345468988392e-02
6.517780608061637948e-02
-7.029685346918860753e-03
-2.015313535024869374e-02
6.056800887660414301e-02
-1.872700212461983829e-02
2.214840315519685937e-02
-9.430524998788360203e-03
4.004081340962765273e-02
2.012325411509785847e-02
2.449990366334190567e-02
-2.795561781977796978e-02
5.665975045314625841e-02
-2.702837075816663312e-02
5.290362074289947647e-02
1.536374184096764468e-02
1.360097967350193914e-02
-1.560802036180275638e-02
4.629914803793582639e-02
-3.255181583104440474e-02
5.411561775522525514e-02
-2.701334065144260499e-02
2.854816170079635049e-02
3.584133792920315975e-02
-1.353003076267226233e-02
-9.034353149762534146e-03
1.681444185263863966e-03
4.702659849934522768e-02
-5.359187359927037458e-03
3.123667142537075656e-02
-9.811980041910563222e-03
2.891162563735612256e-02
4.026453510004218000e-02
-7.788257707684299869e-03
2.417610398214329465e-02
2.970884871134618459e-03
3.012455337610549927e-02
3.885094194694535541e-02
-2.922620088206285757e-02
3.973744733780728428e-02
-2.504538788028648141e-03
5.936143707708829015e-02
-4.357196194272982409e-02
2.280165553410908041e-02
7.120175479890512860e-02
-2.576942602524608366e-03
7.564082386906473623e-03
1.094099469862790455e-02
-9.767990506434928548e-04
4.258968030783413794e-02
-3.007862501607387259e-02
2.467975502876608440e-02
3.299268662903563631e-02
-3.175192072904457763e-02
-2.893151626190468631e-02
4.823273347211653322e-02
1.175004689143397361e-02
6.267324137273148042e-03
-1.826029133320029559e-03
5.786065891921905041e-02
4.735618995628571720e-02
-6.041655717999930286e-02
7.024177530946358605e-02
-6.482657112156700770e-03
1.854655218215578438e-02
7.654309383896355790e-02
-3.400592032660453012e-02
1.154957928167799942e-02
1.428083467762808305e-02
3.817066564490061154e-02
-1.260952688555004760e-03
-3.482425834556338029e-02
-1.424032214881431127e-02
7.183307185123308236e-02
-6.809895660935610939e-02
1.504949652887035277e-02
-8.179438799843754410e-03
4.374774371017236402e-02
6.380345488129533782e-02
8.294463302018129439e-03
1.169712790441314147e-02
6.259466871732269344e-02
4.562430886819684311e-02
9.465532119672778744e-02
4.279327704786122649e-02
1.426999779501623294e-02
1.125826058373352589e-01
6.511456451129912781e-02
6.720883442725304746e-02
5.750934363219566831e-02
1.047554577624239258e-01
1.344884780678598513e-01
9.297419750431014374e-02
1.440929434145793997e-01
6.281612363667171683e-03
4.426364003932341251e-02
8.485698206191460979e-02
1.593204117279138077e-01
8.435603807809766153e-02
5.884837749226008718e-02
-1.416359880267857585e-02
2.263417043579091514e-01
-9.948463473333014895e-02
1.940059842183271543e-01
-4.789166292306357153e-03
9.305831154834730626e-03
5.543010934043068882e-02
4.714623551245941679e-02
8.254313158567139208e-02
-3.632787483291204794e-02
3.593121235052720158e-02
8.437151086675592770e-02
5.203549150449122279e-02
7.630064861283625266e-02
-1.956343051654919896e-02
5.418038248021371517e-02
-7.428584836988158524e-02
-2.964304989608495394e-02
5.290842224480499234e-02
-3.843215009801748128e-02
2.184879513547550306e-02
4.570254370122202314e-02
-2.754875085163481507e-02
2.862084841595155527e-02
9.056985830873309426e-03
3.165349218994977648e-02
-4.095227842935093149e-04
2.214647560155580917e-03
-3.263806512675605787e-02
3.902194333410936855e-02
-1.426041944218921394e-02
2.108393688374252811e-02
-3.779118492704601484e-02
1.354121022824087556e-02
4.429659806239595599e-02
5.995618440996221613e-03
-9.458743486593802069e-03
-7.018824736848652823e-02
2.073006041287983603e-02
3.333825194268669884e-02
5.910832557207319066e-02
3.227667396688763124e-02
3.553170180412039414e-02
-2.782185943355406504e-02
4.864219369316742647e-02
4.801617373678497558e-02
-5.721195933875107553e-03
1.062562908374730802e-01
-3.243554403782783480e-02
6.828119875385099680e-02
2.629471917243109830e-02
5.273300682040794191e-02
1.427900856841764904e-02
5.412848190862070558e-02
-5.177703908479907441e-02
3.508252478033330179e-02
-2.276688339796611310e-02
6.177059871392465151e-02
4.726118682906040383e-03
6.517674334900479260e-02
1.808827047444739114e-02
4.812112295664017908e-02
-1.676537268999007263e-02
5.203696283671892242e-02
1.702367722405691841e-01
5.609955045785033553e-03
-4.717013594515416519e-02
2.366979977665426699e-02
-1.129927029774220604e-02
2.397040089031807902e-02
7.547963278046647753e-04
-1.374278696804474842e-02
4.454598612214940440e-02
-2.377820087320747094e-02
1.714760047714592589e-02
9.463978806683977923e-03
1.733060247487401909e-02
1.730738220445168091e-02
-1.181468967811852983e-02
8.802017684105819390e-03
2.590713465329956555e-02
1.707292306146095465e-02
-4.066242803111984327e-03
6.840356770910702155e-02
7.302518427149784323e-03
-9.960553119270139366e-03
9.588444169385505755e-02
-5.866646037467712627e-02
4.352842883201926694e-02
-6.257483169888008491e-04
7.759810730561650383e-02
1.026834826690577462e-01
2.127928279863038064e-02
1.877095206654968429e-01
1.214977707634107146e-01
7.336210976712084775e-02
8.520572768591511137e-02
1.141468497209386646e-01
2.594263507623014164e-01
2.228576180415240970e-01
2.176619555223168190e-01
7.592324716097409443e-02
1.776369771067254355e-01
1.044407482193520503e-01
1.560769511659373943e-01
1.255110627126694300e-01
1.040430386614187575e-01
1.527663642996470172e-01
8.707920907441325797e-02
6.753394686221420029e-02
4.764541598431666636e-02
9.623372760131652937e-02
6.286015602101990840e-02
3.840702611950759515e-02
5.526904368041173077e-03
1.187483254088031112e-02
3.966995925383256377e-02
2.448900505385137247e-02
-1.213238348777177095e-02
6.482371082316921995e-02
2.720689176838136589e-02
1.722791487372334410e-02
2.379186810292336154e-02
-2.533842071928357059e-02
1.844411791017533039e-02
8.892360796804632886e-03
3.965433151657691419e-02
-1.964056822112291920e-02
5.624294092390877409e-02
4.274599806826309689e-02
-1.577243983272911404e-02
8.359066786928786739e-04
4.880397312383777560e-03
6.733394601159088839e-03
-1.542747695079729796e-03
1.950148571462468131e-02
-1.799800597828321840e-03
1.750531529820780960e-02
1.726163734847597706e-02
3.013304665913728655e-02
3.089169142902092186e-02
5.771979508235571682e-03
-2.101933216812495314e-02
5.835554067863284872e-02
6.463087872763019145e-03
4.626707091738254535e-02
-4.529164000486586919e-03
2.067551428867474630e-02
2.092446888943381642e-02
-2.700962323831609599e-02
2.792917012466355695e-02
5.121405422038607935e-02
6.483879876392606607e-03
7.555301303359390937e-03
5.192028058406746027e-02
5.440372265143545751e-03
9.226952942933257240e-02
-4.410760208091625209e-03
-2.554822629408690093e-02
2.884001360847699910e-02
2.395781516177302589e-02
-1.585810297147123224e-02
-1.633981747999948761e-02
-4.013920878299616357e-02
-3.263869786638247394e-02
-3.515931528840732928e-02
2.490424609542787188e-02
1.412147431358237379e-02
8.422404590627177029e-04
3.862333779538875550e-02
6.792308732129949400e-02
-8.131010955463428141e-03
6.092089440368159137e-02
8.874676653988125552e-02
1.213665359144996958e-01
1.778708054635824154e-01
1.781791192371610932e-01
1.398739402243557306e-01
2.381895698035503550e-01
1.231794987540813513e-01
2.808108751346810594e-01
1.491934145484818952e-01
1.462716059378218469e-01
1.318792912956907593e-01
1.277240075813259601e-01
1.363149256885468341e-01
7.020037763650910367e-02
1.459290017356127400e-01
1.913451040494638933e-03
1.264036183185610895e-01
9.522619382398020416e-02
7.912342536597094522e-02
5.618464807939292649e-02
4.086676531960353048e-02
6.505458650587675473e-02
2.042488877344330808e-02
-1.640765759358973550e-02
7.470953683035368512e-03
4.567323098536027470e-02
-1.696352147131304292e-02
4.034822281734997719e-03
8.149925992050138790e-03
-1.129559683904341957e-02
5.541846378703109421e-02
2.452698965913682055e-02
-1.644819761464711219e-03
4.200789060662860758e-02
1.236620496371839545e-02
-1.491695932967901633e-03
3.172230372883263344e-02
-2.932084863872679026e-02
3.794088843889701496e-02
-1.934440851170020695e-02
5.085367861705668291e-02
6.236594641887995699e-03
4.854002372445859886e-02
1.995936681065400148e-02
-2.207180420023266768e-02
2.747583765307098566e-02
2.071264543109421416e-02
3.104538510780017330e-02
-1.902802274599375149e-02
7.756622785954485344e-02
-5.181705283781907340e-02
7.259372069187518262e-02
4.798663032368800929e-02
-1.680959668308965125e-03
2.451943058710277096e-02
7.447716552312661810e-03
2.028126242816110161e-02
6.520416683192284402e-02
6.594766289104812308e-03
1.998619695469991756e-02
2.823569768240990346e-02
2.633399697140870188e-02
-8.129229799300139933e-03
6.816000165521280720e-03
-9.417831600353820248e-03
4.420676399787604183e-02
1.802292099293185956e-02
-1.026555757241679259e-02
7.500296052363674207e-03
5.917087485799266827e-03
-9.854166068309793726e-04
3.267822332575034266e-02
1.741055563472828499e-02
1.380144018278980228e-02
-3.039239673703847400e-02
2.226818883678824412e-02
-9.930844734157225767e-03
1.466748489517247928e-02
2.378681531145181507e-02
1.430084463852438967e-02
-2.808974419515731027e-02
2.411148961694840887e-02
-2.002418316889753754e-03
3.715678387762499230e-02
-1.088686270387508037e-02
1.862110363623894690e-02
2.570727855005683349e-02
7.939597001208203303e-03
5.855273650313012022e-03
3.478609564936072790e-02
3.773207654054285334e-03
-7.154219736854426290e-03
-1.674754558847277308e-02
9.078856880777093352e-02
3.002798909840416128e-02
-7.765990390671537180e-03
1.256482849394340365e-02
-8.360971746046459013e-03
1.035220730991616954e-03
3.267859264203535480e-02
-2.955140182100831486e-02
5.333572938747799252e-02
-1.489014594746880180e-02
3.566795832410755984e-02
3.168390998952887866e-02
-3.744527512879825687e-02
6.697304060175823803e-02
1.858718237502190746e-03
4.857148450202027068e-02
-4.131766708052072960e-05
1.722101094574187904e-02
3.351975400773506142e-02
-5.123457374809875509e-02
3.054651967522993908e-02
-1.598428635250322485e-02
-1.654568642416540808e-02
3.790817388379674746e-02
3.463435963289177716e-02
-3.213378679617930750e-02
-5.450684265689939578e-03
3.541716239079646580e-03
5.849859804539800368e-02
2.788875103743835432e-02
-3.041072416037195712e-03
-1.115465477747837504e-02
8.063660222456065993e-04
6.298395342277661457e-02
4.547103358279459828e-02
1.170192895961873064e-01
-5.511717588059746042e-03
1.558500889186404392e-01
9.109828933722922961e-02
6.463855808149834847e-02
1.661258827233121349e-01
1.157352619526339083e-01
1.348921165118816268e-01
1.121202003511693607e-01
1.373364733881566047e-01
1.365826806032084395e-01
1.597291223916092462e-01
5.226096148154703303e-02
2.168915451272587780e-01
8.303103323460887808e-02
1.197953931041727954e-01
1.295321922636794576e-01
7.647224805468251507e-02
2.618618474246958150e-01
1.373224971430599406e-01
2.118814751309428326e-02
8.700697707879520570e-02
6.044589596717084290e-02
3.120838251628598251e-02
5.079420879875301553e-02
3.017092322702500523e-02
4.189297150174101786e-02
-9.130564185977038325e-03
2.422841565378446374e-02
5.885281878516884779e-02
7.529787484433947409e-02
-5.536271011667837777e-02
2.668132148045542981e-02
1.171386093558649324e-02
-5.371445160378776097e-04
6.163750324159999322e-02
5.607833982001751705e-02
-5.196227966883354421e-02
6.870929659731082884e-02
-3.706600199450122562e-02
2.748166332953125290e-02
2.878622629437372835e-02
2.282367032197274784e-03
1.909183847635246775e-02
3.894640136702509983e-03
-1.243964368524838084e-02
2.966744618283772075e-02
-1.343380473230709575e-02
8.420022183624094325e-02
-7.263856471414627779e-03
5.342065934034110480e-02
5.031138627778412864e-02
2.868060320649391121e-02
3.600899448831439316e-03
2.498029350451699826e-02
6.823886863072758588e-03
6.734200595713916992e-02
7.212876232068719806e-02
6.809031033297849311e-02
5.938144409762639159e-02
4.553276026865249460e-02
1.037894783611687244e-01
6.701546772080659020e-02
1.010241063354351682e-01
1.239876774571305046e-01
1.089047294327306903e-01
9.657418948354062893e-02
6.903139172857507277e-02
1.160025914397720403e-01
6.963323710298899294e-02
5.603324565355255471e-02
1.078978757226969759e-01
-5.055487876844827477e-02
1.910033437169508796e-01
9.422961295812423699e-02
5.378022930671658847e-02
8.587876895094667673e-02
-2.996681642237385146e-02
1.302995225731730031e-02
1.066621825936362074e-02
-3.570906935402338306e-02
6.994940572511761101e-02
-3.126987121118186136e-03
3.756873915336379766e-02
-8.843480294241277961e-03
2.932065968572743556e-02
1.574605625446151916e-02
3.224606387074811092e-02
-3.525066429673014839e-02
8.892814769529400198e-02
-5.909607875436938967e-02
3.219167422463945112e-03
2.928622001339881153e-02
2.788405365953518233e-02
-2.568517615864265857e-02
3.623032161488489583e-02
4.058066330437622854e-02
2.071765497850980992e-02
-3.085019688220246720e-02
2.359344808964225493e-02
-1.827461438908520308e-02
8.395267751394905331e-02
-3.745312605301639314e-02
-4.271545122188189630e-02
4.421940679815929837e-02
4.522386150519701331e-02
-2.646423110227322587e-02
-4.626904738304894044e-02
-6.163876159114945602e-02
5.128992883282700033e-02
3.738440170743023011e-03
1.062661164726711321e-01
-5.038251473550112158e-02
8.427808734320024753e-02
-2.122812319293977679e-02
2.724032447886689037e-03
5.705765795667906010e-02
8.309588750091440046e-02
5.133490753257419215e-02
4.804802994354200746e-02
1.203262646756888404e-02
2.243150750134560723e-02
7.433848944868648445e-02
3.394850871812866988e-02
-3.367976185731629685e-03
6.182267395582368569e-02
-4.722993000009247794e-02
5.531085292515554308e-02
-1.353088393170102412e-02
4.650760514164179599e-02
-1.674009100310484832e-02
6.955955882337290508e-02
-1.358574935631222565e-02
1.731913578346083171e-01
-2.212473302825198468e-02
1.488538639103549090e-02
1.084851505239108754e-01
6.465421828227500833e-02
1.836507771155621808e-03
2.584310866687473257e-02
9.490110095168334536e-03
-1.422076428429678088e-02
1.802807919835263881e-02
5.615505431113941570e-02
-2.238481617831190526e-02
6.210059569801111221e-03
2.207894579768196128e-02
-1.755491680972532526e-02
4.671155423028480053e-02
1.361093242471514593e-02
-7.706851910832321351e-02
8.347303858229823681e-02
-5.191233410800726034e-02
-6.271897312123159152e-03
-4.729464091680098473e-03
2.896796400580366540e-02
2.669226573456223370e-02
2.939492791100687535e-02
3.955414657894501876e-03
-1.710455684825023734e-02
3.306262419538398556e-02
-1.861606580165921839e-03
3.940037888543471839e-02
5.145598978880033120e-02
2.139531497243709821e-03
1.129593783125508802e-02
5.679303880801170323e-02
6.742837530542955538e-02
1.235963842853046724e-01
1.266429892037863603e-01
2.463963284800750886e-01
1.825612875273948665e-01
2.172408533101802264e-01
1.349146521447039393e-01
1.627057989285181083e-01
2.086090802182312687e-01
8.884405888502996951e-02
1.933058317042061214e-01
9.146870693949085696e-02
1.363552347773082651e-01
2.065567775838113296e-02
1.277496639591038652e-01
1.502789409252177355e-01
1.033222040345637971e-01
9.541709843611323461e-02
1.008125883872854067e-01
9.091230663989818828e-02
2.569708565249324145e-02
4.669822209508876776e-02
3.365572878798687301e-02
1.080479956091359196e-02
4.136975197369530816e-02
2.671842548314559002e-02
1.106050039430496110e-02
3.284861841169529895e-02
4.669310258978060652e-02
-5.782558367504249397e-03
-2.152388406071134921e-02
5.022272205785097143e-02
3.857802621828075595e-02
-1.686634222757448648e-02
-2.457422165158453659e-03
6.938797988933374794e-02
3.782456438502369844e-02
3.436347653144029152e-02
-2.897831266845524861e-02
-1.600165708253173391e-02
1.987005450474982685e-02
-6.488435102254740128e-02
3.859323206520851035e-02
-1.479147045052671416e-02
3.145424150830557902e-02
6.744494696075663265e-02
-3.104113683545824121e-02
3.328965891142541406e-02
2.379797347474306088e-02
1.267611924664617529e-03
7.377081533614523838e-03
1.110469734432540344e-02
3.469988430839857953e-03
2.427435418553988006e-02
6.907327835905382671e-03
3.580231603253589134e-02
-2.630512112916293110e-02
5.729480528358699143e-02
4.678777788076099453e-03
1.067734607656012011e-02
-2.138269372888572037e-02
3.477226311927694019e-02
6.220498750151778888e-02
-4.078890547855851950e-02
-2.856778545812004022e-03
3.014232676928441101e-02
-4.291622428837382069e-02
1.992898638286494384e-02
-6.686863005745954935e-02
7.182420498286337662e-03
-1.154571085089999699e-02
-3.956188726943717787e-02
-1.433289868883420512e-02
-2.546202938787501049e-02
-4.582713731259322604e-03
1.108330012339595744e-03
1.258328141473772852e-02
-2.505894165935720896e-02
-2.174627113759147051e-02
-3.964275761226939560e-02
5.653993548635033450e-02
-1.083592193850858032e-01
1.850986103482907263e-02
-3.869563575742452494e-02
-2.989071036549196397e-02
-6.866681116950391905e-02
3.917462468700221023e-03
-3.242160126650180801e-02
8.466492405813637323e-02
-1.813301272095169808e-02
1.631611313871384264e-02
-2.581395118692101157e-02
7.773254580616724245e-03
3.948706344548091191e-03
4.162253551225323506e-02
3.108142737494208607e-02
4.832944787502083117e-02
6.975370791553149596e-02
3.758163235268647401e-02
2.581807628893037845e-02
4.925452755196275262e-02
3.503814889850240949e-02
5.992178981944237814e-02
6.122011607647694781e-02
3.803216114605010439e-02
9.852574798013394308e-02
2.429890045435621065e-02
4.983840125007331368e-02
8.136858818131138815e-02
8.979887404542838403e-02
3.097319808209379050e-02
4.876525971829129974e-02
2.831740135698463529e-02
6.116397186074822023e-02
4.373126276041537641e-02
6.151806044328100853e-02
6.193599607387074990e-02
3.510649126492090821e-02
7.025163180300482424e-02
2.065091393622782781e-02
8.343454007537592920e-02
5.382531063275325378e-02
-2.274037205930396974e-02
4.305919029176523416e-02
5.787763492915639491e-02
4.372050648539461959e-02
-3.872574232084161072e-03
9.531943940265048820e-02
9.048230357699138526e-04
4.692377905404623850e-03
6.371953428406347542e-02
4.153779451101002884e-02
7.356259997206976431e-02
5.651801568087494454e-02
3.829717722483719222e-02
4.263582215763744160e-02
4.976247845801103770e-02
2.779290709977209894e-02
3.597052006309865019e-02
3.046568392816665499e-02
1.449375752355383518e-02
2.358964114225859179e-02
4.712502387078726374e-02
7.267824651280099801e-02
4.997437656504111203e-02
3.815616847061036043e-02
6.560831547489678894e-02
4.385133915578073166e-02
1.173821584251588945e-01
3.695225093726187127e-02
5.949008355208488391e-02
5.569722096153444102e-02
5.729083753967983278e-02
3.956285490518546277e-04
9.492391495831062342e-02
2.506176029828217564e-02
4.606847539804680841e-03
2.613170229469898714e-02
4.023819646749705881e-02
4.881486942785522726e-02
1.167469092134509022e-02
1.813002724880433125e-02
2.419443063791609436e-02
3.001527813396372146e-02
3.723530543059225262e-02
5.490121371942421023e-03
9.682494168258457337e-03
-9.700956163163085635e-03
6.186966094559507440e-02
-4.384026843658900274e-02
-2.973391757662726537e-03
-1.450321820179735835e-02
-4.555652137240449873e-02
-6.132844240105277123e-02
1.189101159610871095e-02
-4.293115780675882398e-02
-3.601467367461603369e-02
-4.749332297773429384e-02
-6.013276056930091235e-02
-4.405775384117902732e-02
-6.321495126146049748e-02
-4.963149411273447970e-02
3.769904566959957765e-02
-1.500789905215658276e-02
-1.669463350678990210e-02
-9.659078331561786468e-03
-2.114825672578025950e-02
3.525722145882814740e-03
3.663534490176303254e-02
2.251364320752283904e-02
-2.030674282261243913e-02
-2.032366867677070157e-02
6.855718881102444706e-03
2.635908658014022438e-02
-4.234972248374902631e-02
-3.957190865969392735e-03
-3.745416577039557132e-02
3.581817743742994609e-02
4.049328192333966764e-02
3.312838766842039762e-02
-4.608056480344722983e-02
2.691839797448860455e-02
5.686705977029010012e-02
-2.798090498594666894e-02
6.406884829656663005e-02
