-4.176065887707289814e-01
-2.534578818571047165e-01
3.965744969471486636e-02
2.795221997846066286e-01
5.455644780086861545e-02
2.067516105705270030e-02
-3.331804152256228058e-01
-3.347771424583768640e-01
-4.860404734164845975e-01
1.545696018887226901e-02
-3.052655033259784600e-01
-2.571763514286660168e-01
-1.849842996638025039e-01
-1.995277514733041213e-01
-9.440205549426210208e-02
-1.594218790243915121e-02
1.639241972134953748e-02
1.364192953086602045e-01
1.476419018871792110e-01
3.634055599009040627e-01
3.221615001423397406e-01
7.124392747052001040e-02
1.915184865510762557e-01
1.193391770484878017e-01
1.357854247834159866e-01
1.596055393026714342e-01
8.780808240117099484e-02
-1.906696642503486958e-02
4.258812991349932020e-02
6.158840361005130104e-02
1.173754021317836294e-01
7.388405735834813887e-03
1.013607599012249505e-01
1.611224782742881612e-02
-3.355251565335287678e-02
2.529353063507574356e-02
-4.746784645123220542e-02
3.500639068807256254e-02
1.232202766523596282e-02
-1.073828740051617076e-01
6.517553525695222311e-03
1.137640174186293762e-01
3.345920960771094771e-02
-4.614267647013058082e-02
5.723747568384091045e-03
1.876929503269029673e-02
-8.121824541817414256e-02
-4.336293751696482929e-02
-1.056594674779125220e-02
-9.439736847603050207e-02
-1.324413735801053538e-01
-7.821712133341522655e-02
-4.145037841164590786e-02
-8.487061984268756947e-04
-1.183151779400615222e-02
1.855239644373900005e-03
6.258310673416958569e-02
-2.968008555783493638e-02
7.971618505197947124e-02
-2.852454757353613951e-02
2.229097054183939650e-02
3.932478726036846284e-02
4.567405115228978518e-02
4.674723537627366310e-02
3.135920156080020810e-02
7.273355347703366891e-02
-4.846581566324876383e-02
1.035940702047439821e-01
-1.351653202795812664e-03
-4.451986871612773934e-03
8.643198135229007706e-02
3.201636006391612999e-02
8.390927952883468766e-02
1.353394126222538102e-02
-7.167560678808381804e-03
-7.057735959211987320e-02
-5.195741187228775093e-02
-1.383177894344134462e-01
-9.334514228291176940e-02
-1.688565043323214665e-01
-5.958862713922702392e-02
5.716765592214226310e-02
-2.947828529192078606e-03
-6.512281960128507921e-03
-9.057508903334193784e-02
2.299150921954827564e-02
2.947752264957323801e-02
1.261417494354841740e-01
5.179098338847734628e-02
1.767037355833647738e-02
1.002017322829488188e-01
4.666955753526971090e-02
2.057246109806770418e-01
-1.891425369753662808e-02
-4.784887765484214378e-02
-3.812881981597006364e-02
7.668906741360510815e-02
3.293280790137791819e-02
2.550365646941646705e-02
4.489564014554964233e-02
2.218725914261348783e-02
4.045955988093294375e-02
-3.075037855470305614e-02
-4.571548099073866056e-02
-1.264630238553705044e-01
-1.487148659392072692e-01
-2.523213288482540340e-01
3.541782670579741738e-03
-2.423356452210344986e-02
-1.636795261829358250e-01
-8.198288593672110880e-02
-1.490564183564167811e-01
-1.328058183754642352e-01
-8.087840988750017194e-04
-1.468215109954723596e-01
-2.847210485901078073e-02
-1.282582611136040551e-01
-1.681270696050357338e-01
-6.735024475675331634e-02
3.145258015028177395e-02
-1.476924295621829808e-01
-2.586339526138958234e-01
-1.910375938679625407e-01
-7.421021108344198758e-02
-5.509228026475961743e-02
-4.084643636530679855e-02
-6.636835695779544353e-02
1.855865943415099112e-02
5.541298204665891236e-02
2.172910652224184780e-01
3.879580402430448660e-01
1.706581998163126113e-01
1.814984841789536174e-01
2.033842629446657446e-01
1.083680431091320895e-01
1.602920326697235276e-01
3.487552324769366968e-02
7.564841977947314722e-02
-1.627140009123157621e-02
1.545454567629258409e-03
4.927580550706677637e-02
2.277381228575150671e-02
3.465052010169943075e-02
4.680589939442630215e-02
3.284463586820548370e-02
2.543084006516874510e-02
2.104546093555407019e-02
1.334768163219652963e-02
2.436020942507570453e-02
3.548626643815106646e-02
-3.037072756658155959e-02
-3.703455825381936350e-02
6.950031842466207477e-02
-1.178127354965110250e-02
-8.228177790763365959e-03
1.230871748030364261e-02
-4.788893656306809216e-02
5.569913055407938601e-02
-1.916483193855075817e-02
1.953281481128560024e-02
-6.376478940161137143e-02
-5.134131997550816368e-02
1.588857785200405159e-01
1.027570953639538043e-02
1.656314997161345559e-01
-6.470116678042643231e-04
3.245252137774289058e-03
-2.744101409482443965e-01
-7.736630742642976177e-02
1.925991738746433632e-02
-2.160801352112929827e-02
-1.258990166061004223e-01
-1.280332553931983475e-01
-2.411832957684030554e-02
4.620505415185414966e-02
1.850003423120850227e-02
-1.289914394531681795e-02
-4.258719582342340021e-02
4.518516317940322879e-02
-1.136244031311543085e-01
-1.322485224797557979e-01
8.901981711810375009e-02
-2.373076580138844954e-02
-1.343333153355344145e-01
4.642108209068743913e-03
9.480483360808238807e-03
2.885545929276062561e-03
1.376302474096932800e-02
-7.625621964958143040e-02
9.454428906534179111e-02
2.629724400103057858e-01
6.160101171268569376e-01
4.413238610972473053e-01
6.576188552331566628e-01
5.280762299690604511e-01
3.800311427639072037e-01
-7.944159942756200132e-02
-2.994889414819835727e-01
-3.796155775266704113e-01
-1.622157136190952587e-01
-4.462751429616909071e-01
2.414797778647739812e-02
2.614990553167544918e-01
-3.051623244543765212e-01
-3.209932739999087903e-01
-1.309140892592964844e-01
1.691234310449829525e-02
-2.656016269252211015e-01
-1.199408457112710324e-01
-5.453226309140223049e-02
-2.903632766696801482e-01
-2.618219915415936350e-01
3.813275947238802671e-02
-1.196259892568581895e-01
2.534935895854141183e-02
-7.783366863385869638e-02
8.773566761958016824e-02
7.926716283342323532e-02
2.083487366813660882e-02
6.694855549837305450e-03
-3.867389990177245301e-02
-9.092052256668699262e-02
-7.615373518150650445e-02
4.529617102090753057e-03
6.497145143860764971e-02
-5.382240958641277412e-02
-4.733548687099695118e-02
-3.588718610601614178e-02
1.043266156926116010e-02
6.457600670831113721e-02
2.245976828316162757e-02
-2.680592232064208519e-02
-4.568948307304927098e-02
5.860412428487292436e-02
-1.405432093743299964e-02
3.343672329362921275e-02
9.933951148031659739e-03
1.337989529629862173e-01
3.123049400862371039e-02
-5.309397635679297817e-02
-3.605242541577329679e-02
-3.468979372772808961e-02
-1.982216264541910786e-02
2.785499773305534933e-03
9.142976339729419477e-02
-4.136804723541963325e-02
1.295494729203482687e-01
8.180160600502586754e-02
1.227935489725680285e-01
-1.069153251988275571e-01
-1.960347123989515938e-01
-9.335038770908080791e-03
2.864536590770045896e-02
-1.317364393861908678e-01
5.931008177612552036e-03
3.837039852977768700e-02
4.605337884599323278e-02
3.470696010080890487e-02
-1.528110562768834717e-02
3.666438490562078795e-02
5.095958492412620139e-02
2.398116313764690755e-02
-1.140474484978027878e-02
1.582598850599294463e-02
-1.153306906789621084e-01
-6.013428744136528614e-02
-2.569194967366597582e-01
-4.375919973765569904e-02
8.318895225520770223e-03
3.741579827814429937e-02
5.030954362961653770e-02
1.512541420744626915e-03
7.683657559139102367e-02
-1.249997781093585003e-01
7.002326800857242017e-02
-4.013702385057173194e-02
2.003469490643798936e-02
-3.420605577255604601e-02
-6.633570300023402047e-03
1.830684201413919701e-02
1.261129871502282215e-02
5.174386989701135892e-02
4.160485523157753801e-02
5.508877702316666326e-03
3.966149978101042584e-02
-6.903152207354683323e-02
4.165551836331555374e-02
1.003711764886487667e-01
2.420597406908056234e-02
-4.447933046383209521e-02
-1.431573069141735093e-02
6.902912879671370405e-02
8.755997372462576145e-02
-1.893810108624013194e-02
-2.395716876504089266e-02
7.366419490033551676e-02
-2.369017084524478733e-02
1.403657096985246738e-02
-1.392386626875916252e-02
-4.832059389575391745e-02
-3.011007796560804389e-02
-2.021348765202689649e-02
-4.968337277667502633e-02
1.088388356396502096e-02
-4.706647852954200933e-02
2.894482275401607033e-02
5.771359128311711467e-02
-4.380208152356374930e-03
2.030190363489873390e-02
3.950801535240685419e-02
-7.800460322126563650e-02
-1.438443818638993621e-01
-2.572739462431501700e-02
-5.363734036673011712e-02
-1.224554315723934070e-03
-1.798173443668289739e-01
3.520914170483369077e-02
-1.404465871447696523e-02
-1.185284707235066855e-02
-3.243656190194720013e-02
6.779021108047192379e-03
4.482986581783347108e-02
6.841779234514917818e-02
-1.548363128161251399e-02
1.361700160172382434e-01
5.831076373022808096e-02
-4.376370061796594491e-02
2.071066621681958153e-01
7.317771336356719558e-02
3.769758677383668738e-02
1.229959440525616593e-02
-6.888434818757176170e-02
-2.002789408454831999e-01
5.614503265605415294e-02
9.459606942490002279e-02
-9.317711794273094567e-03
4.845802588915670145e-02
6.060335723224646171e-02
-6.194302241229104888e-02
6.801602696943472026e-02
-1.231591386212112227e-02
2.155156491088165011e-02
4.827487812893099112e-02
8.002844890632444808e-02
-2.081002983368938214e-02
-6.201550836919799553e-02
-9.939679210573843394e-04
2.835424641677870838e-02
5.025352042533492644e-03
1.960036062651812280e-02
8.345338521744483096e-02
1.429242621462493805e-02
2.143878101435645576e-03
9.243479692310659079e-02
-1.065787847741766223e-03
-1.535527770889690523e-02
-5.627317344322112225e-03
1.786620530475158206e-03
-4.787025831195780567e-02
-4.932890372678370473e-03
-8.040497540710218882e-02
1.819931254102848950e-01
-1.083330802562049583e-01
1.473770979439013307e-01
-1.111441156608740100e-01
3.420135878499924037e-02
-1.559286624402588840e-02
8.006803111570254261e-02
-2.451128187688306551e-02
1.918392929271204791e-02
-8.885347910798639670e-03
4.624937531772492505e-02
-3.837740208524540700e-04
3.682123626657535925e-02
1.152049240561691182e-02
-3.172169885280577001e-02
6.019844062040184685e-02
-2.380518203128328264e-02
-1.509696282054413287e-02
2.130416098633451660e-03
2.169874772206219771e-01
9.358701353996774774e-02
-4.640908137369836872e-02
-1.540226144245172239e-03
5.478605761449983902e-02
-4.829973665187885928e-02
4.624249185495426379e-02
2.530815662125608378e-01
1.449591548838153887e-01
2.608016615009670081e-01
4.440867881794299810e-01
3.859885698907277174e-01
4.963077076081445771e-01
1.986274201794760719e-01
-4.560044470576490178e-03
1.118264863793717590e-01
7.704529454287069312e-02
2.967170968042476820e-01
-4.583638093530693208e-02
-8.659740901072078278e-01
-8.920119229397639460e-01
-3.728365909065632366e-01
-3.713859091035391358e-01
-4.038839629478269827e-02
5.405528521701845335e-02
-2.306381231874883586e-02
1.380053661658844077e-01
5.299081355878590416e-02
-5.263122492838760019e-02
6.960212017122287265e-02
-2.983253655168761551e-02
4.012608958241806884e-02
-5.821428667181716143e-02
-5.534957742151996873e-02
-3.995783010279864780e-03
3.554002004742315424e-02
3.171814343514270385e-02
-1.099861078328472942e-02
-5.028947426363593320e-02
-2.269680761600638766e-02
-2.963627895612840069e-02
-6.697545515404205920e-04
1.871701463170238194e-02
2.613883707836055226e-02
-3.132935397799200411e-02
6.247004631954942294e-02
-1.460679401599810079e-01
7.131034142153894195e-03
-4.579727246209013697e-02
8.820457358072476828e-02
-8.486053250067246423e-02
6.946923602849305879e-02
-3.165029903963744590e-02
4.615544386513679292e-02
-5.162061859827159031e-03
-4.202041463309540148e-02
3.856320330032271537e-02
-4.911255491972746356e-02
2.293687119579512074e-02
-5.876643768447100541e-02
-6.585359940959341742e-04
-8.983166856382922283e-02
2.675200083026893494e-02
7.583413193722006972e-03
2.062073482708372610e-02
-7.997091481482314357e-02
-1.006306527643621856e-01
-1.022176287519597181e-02
1.386460797931766964e-02
-3.995803886332430915e-02
-4.376262879718467030e-02
6.663249903897798532e-02
-3.902407763856701600e-02
-1.034067355893588669e-01
-2.068493252082256872e-02
-1.093619033672152234e-02
2.957577783758748736e-03
-7.078690805999503233e-02
9.289482996829152850e-02
3.887854079145103281e-02
1.977172870740728783e-01
1.681198517519982005e-01
2.237237901943676111e-01
3.320014563818917130e-01
3.267303433096579446e-01
1.214877304130770191e-01
4.231694898938499483e-01
1.776836346775214348e-01
1.529751480240464090e-01
-1.179879027389925394e-01
-1.999925197622371420e-01
-1.449083484818724510e-01
-1.784987749873978569e-02
-2.865526906872070123e-01
-3.171254589086898168e-01
-1.280251574252091185e-01
-2.178091695951701878e-01
-1.155749782048243468e-01
-5.729717164132838714e-02
-6.850724011196517114e-04
-1.035689345028571878e-01
-1.195543398638127391e-01
5.408818672268862759e-02
-1.655999266761874478e-01
-1.275710875482614914e-01
-3.418308906463848884e-02
3.209307225662121066e-02
-7.740642018331264640e-02
5.125623426574659608e-02
-7.460134481389317507e-02
-2.286094812737425597e-02
2.819234953595458476e-02
3.342715604411680697e-02
-1.474054689489962544e-01
6.530739350035900947e-02
-3.277724846312471407e-02
1.566387550272618431e-02
-9.074702232347169051e-02
-7.015036793740145327e-02
-1.282337502634992854e-01
4.196342541318559549e-02
-5.263112893848571894e-02
-5.132032628491480647e-02
-5.814781933901828209e-02
4.528739154636658021e-02
1.512106760319130265e-02
-3.682451676128716683e-02
-2.783095177794483663e-02
6.773125616701194951e-02
6.248875594014460799e-02
-6.544442451510261438e-02
8.296275622628318525e-02
-4.441494745401660532e-02
1.803256056099182894e-02
-8.197455225732164490e-04
-2.610322705504143376e-03
-1.957966988071171283e-02
-3.121292210213168911e-02
-1.230080064292866648e-01
-1.605578893451523326e-01
-2.431583991965995464e-02
-6.086978485596019478e-02
-1.136840282200427682e-01
-1.121047778265219126e-02
9.345606081056907766e-02
3.671176016586716329e-02
3.982268113553562999e-02
-1.195842785652701488e-02
-1.208625662876495165e-02
3.001051092315853638e-02
-3.083293641972081542e-02
1.086913500276510784e-02
2.844105799131547985e-02
-5.016717295758461870e-02
-2.755019748711613758e-02
2.336803280546878581e-02
7.610235249805838431e-02
5.522404501089762247e-02
-3.237630353169992925e-02
-3.974518004028824991e-02
-6.393189807270693858e-02
-9.215655851301961243e-02
-4.079439221972785273e-02
-5.332442161264689534e-02
-8.164658022715190824e-03
-3.533119578618403034e-02
-2.196239557159305328e-02
8.050399388277938717e-02
-9.597795952959960186e-02
3.542763196375446622e-02
-6.840780809605342960e-02
4.518773454002225631e-02
4.514596109864420226e-02
6.245992071404919861e-03
3.807588087225466378e-02
-2.555522334382021726e-02
-5.479429105453185317e-02
1.948913535443103431e-02
-1.662778765951543683e-02
3.217944693353841715e-03
3.648632679719064631e-02
7.614712966271887373e-02
-1.683819111714960487e-02
1.909629554210422187e-02
2.648123188042568119e-02
1.414209739155619129e-03
-4.955591072638148437e-02
-6.047369377032610349e-02
5.062155800854258036e-02
2.045027099360221395e-02
5.020809994620003755e-03
-1.969622987852441207e-02
-2.335146287634895859e-02
2.765575913819011758e-02
-3.309162450964416025e-02
1.642603850334067167e-02
-8.563589866640991533e-03
3.937261872179034783e-02
1.154604300713814487e-02
4.266956354250427130e-02
7.886484320883790922e-02
-1.277953478721030080e-02
5.576519173774008298e-02
-3.278925306463619654e-02
1.307375952143255242e-02
-4.921646511415687236e-02
2.394317793270579753e-02
-2.668758178604156706e-02
9.287597401399147468e-02
-3.784343180711594468e-03
4.821026367778825233e-02
-3.639622335348161042e-02
3.071682324661723432e-02
9.720749219065434946e-03
-1.131303975883927657e-02
-5.284755748725877660e-03
4.383848466792635706e-02
-2.367122792778634729e-02
3.803603276263382849e-02
2.730674408104300996e-02
1.214078481445497390e-02
1.090476843863246760e-02
-1.238037184281719737e-02
-2.810163606240526427e-02
-5.153339864478029969e-02
4.073365390372792744e-02
1.837953372191710247e-02
6.905263940391779230e-03
-1.690778584463254255e-02
2.610336981853544642e-03
-7.037155310444627443e-02
-1.515500860396293108e-02
-1.730564427674562838e-02
3.782422934495022898e-02
3.235177040375199903e-02
-4.522536422653319899e-02
4.492216689008757952e-02
5.304185551085224132e-02
-4.048899279597985290e-03
-3.847772068741487717e-04
2.795800615640041398e-02
-1.136783456894050436e-02
8.761994461728660893e-03
1.908440039992025106e-02
-9.569311988382612350e-03
1.461037283039483010e-03
3.582318092902168211e-02
-2.257780148016197072e-02
3.986330453479499519e-02
1.270720117016039576e-02
-6.622028396365413870e-03
4.223632916916063990e-02
1.812207061222181545e-02
-3.986280031954883216e-03
-4.175898678830629318e-02
5.078945876712025881e-02
-5.318426482027197727e-02
-7.318015156349101658e-02
-6.224488780947155277e-03
3.156804346744718909e-02
-3.906182943872247432e-02
-8.683668323399845734e-02
-2.975488092049709266e-02
5.363117138187249028e-02
-6.736695540977680197e-02
2.266990156551563704e-02
5.104436546900658483e-02
3.685790894001991086e-02
-5.942269475317638744e-02
3.185708882726384639e-02
-2.798845872815546379e-02
2.482749790931823857e-04
-3.555574402732341460e-02
2.478613598018310563e-02
-2.113318518151204375e-02
5.508539262409576504e-02
7.466096394471223585e-02
4.943899195246112543e-02
6.506515288115702345e-02
-4.026029888212416530e-02
-3.836375665730790141e-02
8.083974121709348870e-02
9.120454724826200510e-02
4.506133406598798047e-02
4.767442844812570801e-02
3.923337366952353578e-02
1.508875424311829916e-01
1.807110526277828366e-01
7.885932542957534153e-02
-6.828571290215307288e-02
7.454284110744767433e-02
1.133340178879455873e-01
-8.595392351268837938e-02
-2.390209907387365329e-02
-7.067857276559101447e-03
-1.123977240595429583e-01
-1.001351700618637874e-01
2.716826325815745874e-02
1.476578227594703974e-01
9.137495411965802783e-02
1.945012980634891475e-01
-6.540789982813827695e-03
-6.596132311924107761e-02
4.055442104402181419e-02
6.715561049687958708e-03
5.971384563044665472e-02
-6.566818902814719472e-02
5.379248768253653071e-03
-1.048400805906315042e-01
1.370726739130336547e-01
-8.001985279015731700e-02
-9.619468567348177235e-02
-1.194197731692528104e-03
3.209085992442579222e-02
9.878951799012654356e-02
1.102419755042508553e-01
4.306609867465648750e-02
-7.747474608358174974e-02
-2.627677125638270828e-01
-1.000531002004129283e-01
9.779571048955586904e-03
5.160674263493675307e-02
-8.818999894634567405e-02
1.857375242526302294e-03
-9.091627523350954976e-02
-3.139622021356960890e-02
-9.906521953706230038e-03
-1.863248186376173787e-01
-1.758212860409389955e-01
-5.530944208260562406e-02
7.816081013266173994e-02
-2.840572794528732972e-02
5.780918257514620212e-02
8.914393412524387883e-02
5.835879489931413561e-02
-4.113149519038398171e-03
2.249514984524906766e-02
-3.100130488141128460e-02
-1.236639553883059524e-02
8.806101916088368564e-02
8.594534092367492328e-02
3.952469652358917007e-03
1.861513326026529788e-02
8.797615403539721379e-02
3.374978273125148892e-02
-2.446494746478793808e-02
-2.983798238006500625e-02
-2.681868280137748861e-02
-2.120166041698475987e-02
-7.748942184114164522e-02
1.477471463038117737e-02
-1.440021026767905480e-03
8.513636104186256617e-03
5.940902286130718413e-02
4.275722812097657727e-02
-3.689746062937938192e-02
3.358196015382357985e-02
5.984122290677305889e-02
-1.951015453674905670e-02
1.016749592031247484e-01
1.077284894645661323e-01
-3.530664584728127053e-02
9.816254417822410649e-02
9.283095065738007634e-02
1.198779712548936754e-01
5.895030340614689987e-03
-5.401499287344502936e-02
-3.383159589492822777e-02
-1.300975162017017385e-02
2.905176897281793597e-02
-2.340637188732410875e-02
-3.434625364952368504e-02
-4.894059266697265050e-03
2.069861232823679009e-02
-3.717864222139144470e-02
3.018786550961209333e-02
-7.609162189674273380e-02
-4.349819390264184765e-02
-1.255636124206166437e-01
-1.127357902486692265e-01
-2.616161527300677192e-01
-2.920884758497878653e-01
-5.251471805321132613e-02
-2.627725959707360309e-02
-1.111784942175388646e-01
7.422485100349640423e-03
-1.047333082135722959e-01
-2.065934578641713537e-01
-8.855318559448824289e-02
-6.015187002229505087e-02
2.873033550298052449e-02
-3.226603903472202023e-02
-9.346335850836955117e-02
-1.038051107093812958e-01
-1.540472938757817267e-01
-3.283548802141227074e-02
-2.291600763561979504e-02
3.517109279091071294e-02
1.884615996392976500e-01
3.603817361210952530e-01
1.305349287659525181e-01
1.743772330002710258e-01
5.694260911304622336e-02
3.201993701285326538e-02
6.821409024719955749e-03
2.236797218693989397e-01
6.116387894374640533e-02
7.746896080540188745e-02
4.408038640120665042e-02
1.469990309814406607e-02
-3.859043133141677739e-02
1.111489664743982586e-01
4.870048177041428478e-02
-1.715088497389732902e-02
-1.388013733090337140e-02
3.291787917876985367e-03
3.528326807251742914e-02
1.178073617988760757e-01
4.187141499820316859e-02
-6.652011618862051223e-02
2.969810184545449046e-03
3.556262790199713614e-02
-7.774852476259005996e-02
5.091885953091054157e-02
-4.331832609972550291e-02
-6.114732919947906548e-02
1.066113814030395998e-02
-5.659323139089609406e-02
-3.738615235260357716e-02
7.300050231176617721e-02
9.531910260206014063e-02
-5.291605658051680428e-02
-2.498881215926926011e-02
-7.782888961254491589e-02
-7.208995601029444256e-02
-1.028587039552386791e-02
-2.155114756948385557e-02
-9.540060748551092151e-02
8.601982171009667222e-02
-6.148041704228094512e-02
2.006727568686208617e-03
-1.185147557686169056e-01
2.712804468153503373e-02
-8.146828686203742842e-02
5.830602388425321775e-02
-1.186853878931920384e-03
-1.354231187250590218e-01
1.609751820549427948e-02
2.401987065838168470e-02
-7.722184176996198246e-02
2.543864520127891438e-01
7.646913324065857109e-02
3.939047302735338429e-01
3.288919352921320094e-01
3.202642923658832186e-01
-1.880249935627109278e-03
1.624242942766889464e-01
6.746484514010119282e-01
3.388950140480045392e-01
5.308954483894762905e-02
-1.611576139301248295e-02
-7.790295893620900747e-02
-1.079281732159566853e-01
8.242585003090438511e-02
-4.803617007677292161e-01
-6.153933753416636065e-01
-3.030378363985369861e-01
1.824282617740057566e-01
1.750626895773143288e-01
-4.568117642445052723e-02
-9.683847030810385781e-02
-1.007187290897208071e-01
-3.459459657068799654e-01
-1.569477289300419409e-01
-1.516661028532091116e-01
-3.588666593063322696e-01
-9.553143164888296124e-02
1.789336857328629737e-01
-2.355278556726590408e-02
-7.009718405222855123e-03
-8.014333243144895758e-02
2.100303946701256429e-03
-6.351415771042451253e-02
2.467697928800253668e-02
5.554745038975286014e-02
-6.619134462921520690e-02
-1.434963815689819233e-01
9.433207554783106484e-04
2.779050213651805892e-02
-1.288302186883094058e-01
-5.719595071674372921e-02
3.310413801902646613e-02
-6.562149919284290811e-02
-3.079493414601408748e-03
5.276648472475846396e-02
-3.018863479847208077e-03
-9.321912432070487975e-02
4.944446498279613661e-03
-3.153394293576880503e-02
6.521183017739659582e-02
1.550011551010835043e-01
1.357057781996527934e-01
7.402923165692749941e-02
-3.862834596756326011e-02
-1.136191805874529059e-01
-2.024843656504171641e-01
2.962448351557469758e-02
-9.570910558528057319e-03
-3.599513085176533293e-03
1.612939225330270177e-01
1.961907242131388784e-01
4.849027985508785887e-02
-5.031409312769996589e-02
-4.504158544681857029e-02
-3.550010083691231694e-02
3.992700590384537507e-02
-1.287338243731802612e-01
5.449138116261455222e-02
3.787484938669483103e-02
-3.182080207418483409e-02
7.691182895795449503e-02
1.027435653775747859e-01
1.866168826355536596e-03
-4.000825229773571912e-02
-6.848771264997466357e-02
-6.534763607968942234e-02
-2.118304932670162788e-01
-5.810928842113712023e-02
-8.184503722973872353e-02
-4.265991623988163450e-03
3.763005109652928226e-02
9.595229945154826190e-03
-6.167170649011673167e-02
4.931294771083464396e-02
1.242876044245095346e-01
1.104893116899242217e-02
-8.206058048532392790e-02
-9.584027010052550977e-02
-1.269975306850357546e-02
5.266036309086030709e-02
6.506526769157874868e-02
1.426600681130973380e-01
-4.661040186566750565e-02
-1.081833543638157646e-01
2.166210784315950877e-01
1.057411820221222376e-01
-5.926334208827400279e-02
6.613762432132586078e-02
8.617134854817901091e-02
3.381974155798572051e-02
-1.870294762810058020e-01
-2.622820613486033792e-01
-1.334265468637375052e-01
-3.085771422144418727e-02
-7.978552714228699660e-02
-7.886285042795894429e-02
7.015619619920809846e-02
7.253193659003931426e-02
4.239879865112642504e-02
2.531843532477216774e-02
-8.300513692856607839e-02
6.938548341524816698e-02
-7.841695349196327325e-03
5.325116748638958342e-02
4.792351500065941163e-03
2.500816766568087976e-04
-5.591089504143612748e-02
-1.099103097118436928e-01
4.975698902779730065e-02
5.032179873378808677e-02
3.233356961235991228e-02
3.916864701271874361e-02
1.481514746280183648e-01
5.460652092456991583e-03
3.393246361228822311e-02
-2.985548585261461538e-02
5.253049560819440800e-02
8.159095840607999113e-04
-2.415081009499162740e-02
-5.591270335465167718e-02
1.292468621668722319e-02
-6.793950336517100286e-02
-6.231039066752513261e-02
-1.001734923168074304e-01
6.941742000873996066e-02
4.140293417509438578e-02
-9.749249428214884494e-02
-8.899181364812222550e-02
1.450808410180289554e-01
-7.226764012987001162e-02
8.524215452492592271e-02
2.957774223578404915e-02
-1.448291165332748348e-02
3.885786415219654594e-02
-1.312636916732691783e-01
1.596691625314757002e-01
1.353284280168330356e-01
1.085135899898549000e-02
7.452483237424650797e-02
9.295735837106135560e-03
-2.787824087796903980e-02
1.177984638397296287e-02
7.743895818608964587e-02
-2.099734720486958264e-02
9.427701713245775078e-03
5.425428783940147714e-02
2.347101826192327101e-02
-6.260129568252591203e-02
1.923375720005491563e-01
-7.339862488415102582e-02
3.588551750621458980e-02
-1.222736373508531565e-01
1.624645192123157222e-01
-5.918989053869969791e-02
-6.006640438875871998e-03
9.979869427234607654e-03
-2.526498487576108788e-04
7.805333235183384288e-02
4.629559770193307673e-03
7.117094040703338727e-04
1.288169858186538619e-02
1.173576774553892338e-02
1.444023541724409436e-02
1.824420182433580950e-02
1.206253793287350162e-01
-8.762051163442406698e-02
3.417225372666200800e-02
-1.950407573319932683e-02
-1.055612091467031041e-02
-6.394945802933532653e-02
7.250921313103857180e-02
-2.049408221957966028e-02
-9.310903645936815035e-03
-1.111375993829352427e-01
6.190399068450317538e-03
-3.679521266077005054e-02
4.906223629095071703e-02
5.652132026050599861e-02
5.850853260939588123e-03
8.927984020204991766e-02
-4.287475033732009166e-02
-4.627503994329896370e-02
-2.773024993448401643e-02
1.748616977561160205e-03
3.422933662894116214e-02
5.644486176722908477e-02
4.416335624873217458e-02
1.476040508622247782e-01
-2.413523675100500126e-03
-3.477517127975822062e-03
-1.683222964493650761e-02
3.409627204369557879e-02
-7.107844883259901991e-02
-2.057336245872432370e-02
2.946871338935460813e-02
3.696009644329340676e-02
1.405937072590957015e-01
3.191910948764333233e-01
5.837954826773965600e-01
8.367257030457105893e-01
1.961430077758942736e-01
2.640161527434636834e-01
4.218387590163011902e-01
2.611805289055927348e-01
1.171266505171053712e-01
-3.891989638067688828e-02
7.630811965889380127e-03
9.838217213672419831e-03
-3.401297242105515983e-01
-2.274246807246372570e-01
-5.463436860912778137e-01
-7.645031480573097893e-01
-5.483519147595906640e-01
-2.369668742153399899e-01
-7.834182936722240698e-02
-5.628678887206441800e-02
7.105321511465786943e-02
-1.200286263399574366e-01
-1.274517822699270109e-01
2.607284649658474229e-02
3.700280262179575508e-02
9.818403927563872785e-03
1.073866415201048252e-02
2.286469269492184472e-02
3.514004442676076610e-03
5.815980285113138415e-02
-9.084589374789624194e-02
2.780788853596924404e-02
8.017679733127431804e-03
-6.518989663714080951e-02
1.467146788816082459e-01
-5.062406057788328140e-02
9.886214869143937489e-02
-1.299985661241906398e-01
-1.520108070036569822e-02
-4.488194108094250429e-02
-8.378755894910713126e-03
3.358815929563715302e-02
-1.372871433601769442e-01
7.623557632280113239e-02
4.122642596386615066e-02
7.576027754340350362e-02
2.466319652053006184e-02
-3.160417585855703686e-04
4.802033997088967637e-02
-3.140942692283403212e-03
-3.468279327422276598e-02
1.675101059447892463e-02
-3.918251172200298837e-02
2.669618097170703679e-03
-2.400771174634526786e-02
-9.558891973906638584e-02
-6.425837696433440993e-02
-1.686370677677344054e-01
-6.930168955651894169e-02
4.560026928745666841e-02
-2.971174469028174669e-02
-3.843155879776614936e-02
3.833746762079576383e-03
6.273325432251369849e-03
-8.193597172507919354e-04
-1.685989907621583293e-03
-2.198555084383914393e-02
-3.381680605174375992e-02
5.307091801382313179e-02
-1.803877366954298456e-02
-1.023384182676967263e-01
2.091349659698530164e-02
9.442379324493820059e-02
1.492974126929916545e-01
1.988544292579934314e-01
4.328581725963175919e-01
1.015169039994791023e+00
2.568252736073002862e-01
-9.712166159711801972e-02
-4.344943050502016874e-02
1.825908708176501513e-02
8.159005725216651739e-02
-1.820500777521792957e-01
3.785693177204556281e-02
-2.729911812939450275e-02
-9.902928877947364539e-02
-5.012679952088588964e-01
-2.822978318964131650e-01
-3.326078923508292151e-01
-1.615287143080293975e-01
-1.164860701709893309e-01
-2.392603159627811615e-01
3.184676478749354223e-02
-1.108899867335393363e-01
-3.409100972913668703e-02
4.245488824753539114e-02
7.802980449586015277e-02
3.367263704212219294e-02
8.087959707154106226e-02
-9.144292644056137287e-02
1.041306834137614851e-01
1.292443223543283948e-01
7.139826349926120530e-02
-1.552674109604192283e-02
-1.324816391493547352e-01
-2.790343045220856077e-01
-1.391621403658626910e-01
-2.481659161418627857e-01
-1.738080862809306959e-01
-1.415031909673149790e-01
6.722583219178045189e-02
6.158188810285273977e-03
2.521900088688868169e-01
9.607057603095632559e-02
-1.000098165224420563e-02
3.143011637782736761e-02
2.873319047824166028e-02
-4.053355379176371703e-02
1.838281628870992723e-02
1.353742258194842469e-03
1.558423671729147753e-02
8.923207628746824410e-03
-7.736901951036266600e-02
-6.969468749324988707e-03
8.457346020368549863e-03
-3.257417766117751828e-02
5.179400077937731245e-02
-3.320987308839144087e-02
1.140972327393895060e-03
-2.833850408402229307e-02
4.935564043630679548e-02
-2.143316741054897279e-01
-6.616774355967225407e-02
-1.299976074202235099e-01
-2.412873935419918014e-02
-4.810445189579592301e-02
4.338286961940120146e-02
-2.439085830616929615e-02
9.440834725885972889e-02
-1.613074345697673370e-02
-8.302850264609520567e-03
4.997410535402284359e-02
1.251494168328127522e-02
-1.601439399325240570e-02
4.950853940649092323e-03
1.125698905966402846e-01
-4.381082809793676591e-02
2.067397755577499857e-02
1.746664789992108391e-03
-4.422547789419416925e-02
-1.078417262142660447e-02
-1.516427534769981822e-02
-8.498461056040229611e-02
-1.037824930488422115e-01
-1.905727650924068234e-02
-2.306105426223406529e-02
-1.619671198876967283e-02
-4.409698983324488591e-02
5.458935554719515637e-02
-1.269371259970734078e-01
-6.308871041812380565e-02
3.129675011526606571e-02
1.110841790382493255e-01
1.512916600268234546e-01
6.266406571391248959e-02
-6.562000412969389018e-02
2.225601896371484090e-01
-6.524658245844711102e-02
6.151424329238407325e-03
-6.045531558463476673e-02
1.193548912828775177e-01
-1.702265557780110669e-02
1.392610604614990047e-02
-1.350348259242377669e-01
-1.821371971794100153e-01
-7.227447146552876123e-02
-7.769887590164827051e-02
3.772674512867651986e-02
-1.359957694087376157e-01
-4.142730208590996582e-02
5.464997564393249407e-02
1.491784866978350665e-01
1.661365438437503728e-01
2.674434896679377949e-01
3.443070531498143017e-01
2.153324214729768205e-01
3.896642122192296442e-01
5.069316144478055453e-01
4.361924960370910931e-01
3.206307061518920420e-01
2.012633310012657828e-01
3.386613198743143593e-01
-8.082578860024411394e-02
-1.117904128086976284e-01
-6.171021977022167482e-01
-6.256509427581075089e-01
-5.377991833900921392e-01
-9.757072509931370707e-02
-5.358898450107155154e-02
-5.662986377733144477e-02
-7.204826991678771331e-02
-1.052094157909989475e-01
-2.891843227154109949e-02
2.360308176324879201e-02
2.983987159823128918e-04
-6.518329320657388626e-02
-4.647438976263541799e-02
-2.146600327885209852e-02
1.795998653638331347e-02
-4.797328506938287190e-02
-1.500211504021730161e-02
5.223862704448655608e-02
3.791067385183223559e-02
-1.869423437971811514e-02
-3.335112866810587690e-02
1.426271316747227541e-02
4.535482118087662967e-02
-2.098674937371570667e-02
-8.873634230129125861e-03
7.186506925049817619e-03
-4.182116275664757993e-03
6.302073989726401579e-03
2.401025248484567678e-02
-2.572417311801711987e-02
6.626571725278390668e-02
-6.548357784698459472e-02
3.421137672552743841e-02
-2.873134481853978437e-03
4.096450101238868768e-02
4.505304126044910179e-02
6.884662306620685512e-02
-1.555161184313764294e-02
6.847964916991182427e-03
-1.358285289070030807e-02
9.427901010548535299e-02
-7.198329228328986806e-02
1.071175244968386175e-01
-7.925476061331135358e-02
6.683993157294092213e-02
-5.242838071993684290e-02
4.721928381725452872e-02
-5.953039026271433887e-02
8.732707795845656706e-02
-1.245189705796317242e-02
7.978365384500164803e-02
-7.497871056696153724e-02
-1.573186839983278101e-03
-1.517481922785008513e-02
4.772851057452035667e-02
5.529499856601522573e-03
-1.239646104157022914e-02
-5.605578613405642896e-02
-4.076758450544620133e-02
2.066622475153821054e-02
2.106201889428563692e-02
2.778888852098070246e-03
7.452686352746192011e-02
8.782521256814000699e-02
3.367491852428141502e-02
-2.769267074102497658e-02
-6.963680531244149929e-02
7.823989555973022425e-02
7.943684794091350476e-02
-7.818554695822989287e-02
1.633271848592231928e-02
-2.165121773797986857e-02
5.707459438651092676e-02
5.121295662163519169e-02
-6.869796422253428292e-02
4.271544102605911129e-03
1.241477818015712525e-01
-3.474070999048782526e-02
9.503304800805367769e-02
2.754703273410500849e-02
1.225013830483605119e-02
-7.733642351846901214e-03
-2.112157768925842019e-02
3.821577980955784964e-02
-5.320268160521389456e-02
4.779848026255218568e-02
-7.132730291118043187e-02
3.151550421239837640e-02
-1.623044519810367889e-02
-7.056063977537602519e-03
5.194555215074184856e-02
-1.156134404196434810e-02
-2.572548997046110453e-02
9.031303390239685258e-03
3.514387205732164704e-02
7.064987631245986388e-02
7.581990236768637072e-03
3.752380355771598591e-02
-7.911728810966359160e-02
5.581793965986916323e-02
-1.172023587903084779e-01
-5.752049661113474432e-02
-8.933433551330390021e-02
-5.392805057003695335e-02
-2.072102549466522670e-01
5.111521600826351985e-02
-2.256039296190231191e-01
-2.474249129616392651e-01
-1.562723649942015791e-01
-1.688828921200415667e-01
-1.723530821385561018e-01
-2.805925343198188981e-01
-2.362888509926555081e-01
-2.908625522349865891e-02
-1.315029727711622687e-01
-5.377724890952614162e-02
-3.538035108051036937e-01
-1.581859758149610218e-01
-7.058248765432495464e-02
-4.065312976136040840e-02
5.573573538418883505e-02
-3.361404086314348505e-02
-5.388002715328981188e-03
2.571049316136398422e-01
2.692650490438280864e-01
2.399130020007637365e-01
1.725183659555390159e-01
2.317785779771704968e-01
2.102866698420549907e-01
1.506934295169469473e-01
-7.860522587942948836e-02
6.464160514489632366e-03
-3.594287090184782041e-02
-1.527253093575610746e-02
-1.529636206270385164e-02
-5.025468845638751680e-02
-4.108371395167267903e-02
1.807966369209925983e-01
8.991049675736229041e-02
4.090781690023798101e-02
-3.199681477280560266e-02
7.949444266709017326e-02
1.502025885640066206e-02
-4.089634091922181303e-02
2.352588835414018073e-02
-9.971414707130268895e-03
1.547437016204206706e-01
8.287873150482535575e-03
2.257296317733170979e-02
-1.326425546340962228e-02
-2.315070072143412400e-02
-7.087233444092216894e-02
-1.118012741615263123e-01
-7.859237235007224265e-02
-1.036583429307612741e-01
2.234287116944525670e-02
4.354153165218272586e-02
3.222812040672169698e-02
7.971005776932049702e-02
-2.333836438776791533e-01
3.953536166940005425e-02
-2.264585539701067241e-01
2.983958492715046984e-02
-2.917516787967402644e-02
1.624310331467389013e-01
7.081366258246052370e-02
1.182097957410583738e-01
1.049418601807449725e-01
3.785817236515253564e-02
2.683426136545639246e-02
-1.171068075462657065e-01
-8.542029372104889551e-02
-1.273500824626184191e-01
-2.577711503634027429e-02
-7.051768578898241768e-02
4.207061198202653035e-02
-8.675110888097992135e-02
7.334916284234617445e-02
5.576766385556559957e-02
1.052984765009712109e-01
-6.351925526016247159e-02
1.364110367023646797e-01
-7.717147618150769876e-03
-5.148262361188191139e-02
1.194430759741603593e-01
1.028265683060784058e-01
-5.920849466558231015e-03
7.774785858425918572e-02
5.190196882396518746e-02
1.550161299467952003e-01
4.429154348510772748e-02
-1.211635325790314938e-01
5.178749659603387040e-02
-1.231207332962728183e-02
2.567273287214835026e-02
3.753792812029405068e-02
-4.580160301663637606e-02
4.226073824880413610e-02
6.650907944623943302e-02
6.048038997880962608e-02
4.110982413811933855e-02
9.418913013191700101e-02
1.472878031334234616e-01
2.818391107792698330e-02
2.416259526676607303e-02
1.226584223442427068e-01
1.155691067442228895e-02
3.356424673575570533e-02
9.724756800095907261e-02
-1.874803010326234545e-02
2.588548373332911351e-02
1.193902721287807417e-02
4.397101962911103418e-02
-2.014568765405487794e-01
-1.428713268805628378e-01
-7.179630529301823660e-01
-1.710609883539009057e-01
-3.330848149469678998e-01
-3.313350810378759559e-02
-5.549231840411392863e-02
-1.213179985164251906e-02
-2.292231729211647306e-01
-7.126211131980783042e-01
-4.316911780453632219e-01
-2.910430550515612502e-01
-1.461616923314993099e-01
-6.078032109966404611e-02
2.909455227641979391e-01
1.121416591800877410e-01
4.549106200512601506e-01
1.793457055449678150e-01
4.286075532216163109e-01
2.210944988588657012e-01
5.767362577340288121e-01
2.225572527866122308e-01
1.896830308519072139e-01
1.197103811368723306e-02
6.719131623234876616e-02
3.015471835730304875e-02
3.539851699213172193e-02
-1.071953781088263655e-02
6.497499364137643285e-02
4.528846490774112582e-02
-5.847551787291122710e-02
4.570284719870217061e-02
-2.451850223632202203e-02
-5.709086978562698256e-02
1.974302407590551936e-02
6.267648354735268212e-02
9.506976191500389473e-02
-7.759679099423394399e-02
6.152736528403854321e-02
2.376510069095779526e-02
-1.265961783873488511e-02
-4.059665356922160726e-03
5.345499435217551665e-02
3.120650604383305715e-02
-5.244683607066324971e-02
-5.595399107650322716e-03
-2.678881361039840356e-02
7.667360332824554869e-02
-1.878224621219407725e-02
-5.934202555402307878e-03
-2.235222092172577460e-02
-3.136649430363302321e-02
4.531663079885402123e-02
1.668180258155261067e-02
-1.108566702155506511e-01
2.980291273639566058e-02
1.027647665045021939e-02
-7.250085560522738504e-02
3.090496836974874692e-02
1.528767531722943079e-02
1.573975184188237258e-02
-1.433617533924521660e-02
9.607987105842995257e-02
-2.282948637871689071e-02
9.278178010195431424e-02
-5.477837455342774581e-02
2.195079563777197623e-02
2.947080862243980567e-03
1.692196200126288852e-01
1.384660914947814514e-01
8.989010985434278678e-02
2.060251155681483703e-01
-4.430387013780143213e-02
-1.183378902595762783e-01
6.103380397419351511e-02
-2.292859005926553562e-01
-1.205428627009967613e-01
-8.290112614161190829e-02
-2.211013127832184288e-01
-3.902209440318205602e-01
-1.495023419581242297e-01
-1.916357738896987961e-01
-3.072881450505415279e-01
-9.279005812467186476e-02
-1.355028834082828981e-01
-6.018856789190447643e-01
-3.741024984061770975e-01
-7.446591846431703798e-01
-8.086157761249876397e-02
-1.520942192937941966e-02
2.519606073221570819e-01
-1.860200289986726485e-01
-7.810175902605855092e-02
-2.324495604242626801e-02
-1.576608629264349970e-01
3.656750385438645862e-02
3.806783593905840174e-02
9.819847793486372045e-02
2.107377306365720848e-01
6.889443084948158047e-01
2.585988221523043973e-01
1.352277959439524835e-01
5.637018208545842984e-02
-9.388088696290099525e-03
2.176880884491053103e-01
3.029572693143477435e-01
2.804785582265595378e-02
2.012599750711884239e-01
1.262095983609366479e-01
-1.194300349436928053e-02
3.545445847388501576e-02
8.003448550205988221e-03
-4.003213855001265531e-02
1.284624650622860111e-02
1.971096210530795534e-02
2.019061770268202813e-02
3.235067700806541270e-04
-1.673754037135578507e-02
-7.092700423222214612e-03
-2.683724585443545904e-02
7.195146358455803588e-03
1.230253377049203740e-02
4.872891395840810852e-02
3.786645150261643694e-02
-1.991297010341156956e-02
-2.815555845533636303e-02
2.778456989356802367e-02
-6.004977697702010633e-03
6.929721903344702658e-03
-2.554920286697512973e-03
8.762621052638756847e-02
4.071033531217677776e-02
-6.746757509314401345e-03
-2.313031827250830105e-02
3.295734983910762576e-03
-6.430936027297123880e-02
4.958040403371789112e-02
-1.343142973021991746e-02
2.941326349635117483e-03
6.623185919542419822e-03
-3.510055170093525495e-02
3.958419190546625527e-02
-5.289626267365682422e-02
8.876804172307334317e-02
1.608086545945997259e-01
7.114806601893267080e-02
-4.796035532044548751e-03
-1.820980806632600257e-01
2.380092537984530507e-02
6.964829327249570656e-02
-1.175980549579352247e-02
1.573054743220775667e-02
-4.749525625115191135e-02
5.720600270026567069e-02
2.701682580869226372e-02
2.944985796751004720e-02
6.676264419320317167e-02
9.787232106759578831e-02
1.167254242265684389e-01
1.309838751016130336e-02
1.464002870327109178e-02
5.527970917122593253e-02
-6.365351326664471510e-02
-8.162288852054229438e-02
-3.255590973857282189e-02
4.048439877292107220e-02
9.409844542418388524e-02
8.948355784724051909e-02
2.065356961830287774e-02
4.901538636325076387e-02
-4.307072538618451213e-02
-8.441054491288914330e-02
-1.610409242980328226e-01
-7.246423508760843624e-02
-7.202432565909696639e-03
8.031130041641219852e-02
4.760397315274383229e-02
9.505100910751834720e-02
8.868438702212654012e-02
7.508336049015944258e-02
4.451641935524689592e-02
-8.378697634029766417e-02
9.809422929786097700e-02
3.326932589618483704e-02
8.372818257081751647e-02
7.642926912783966353e-02
-1.746845100375794477e-02
1.926198956215381675e-02
7.042404483665089254e-02
-6.855868660835287565e-02
6.044410959726214359e-03
6.223698037556989367e-03
-7.363034868748675717e-04
-4.475386713261274296e-02
-6.703894073157060096e-02
1.512095657588902742e-01
-1.097268216453460843e-01
4.590041494471246847e-02
3.920305965326036091e-02
4.508118973794655177e-02
-5.771317811819624832e-02
-3.730075621532154967e-02
7.006141262819787219e-02
4.687070563404212298e-02
2.190024115237147045e-02
2.306809149837535031e-02
2.020445008711315923e-02
-5.274782180679218543e-03
-1.507219758391970151e-02
-2.350597157655688330e-01
-1.126498928236590036e-01
-3.652138582522292953e-01
-2.532017903835629413e-01
-3.211463981641511367e-01
-3.202813671594973988e-01
-2.982567150363114039e-01
-1.274741791709788907e-01
-2.861047528124924799e-01
-2.914243763622494446e-02
-2.886428385592055765e-02
4.429618597543593522e-02
5.522167245052651136e-02
-9.388904355680223468e-02
-8.937610036644702549e-02
1.594918477092923531e-02
-1.081524027950059030e-01
-7.175559087057796492e-02
-5.216712757755478241e-03
-3.089475268705237782e-02
3.054799888546707587e-01
8.979513416832297645e-01
4.396497986896514276e-01
2.099054303026603174e-01
1.575500230726583073e-01
3.801735533750709162e-01
2.654030884440973237e-01
8.861765057240382493e-02
-5.869107032494520065e-02
-4.843108527131258223e-02
3.065868803442286898e-03
6.045038899528312748e-02
3.113990649701998611e-02
1.254381934076541916e-01
-1.419511669631827455e-01
-4.794504213392391384e-02
-9.632322939416337881e-02
1.405851625199779908e-01
-3.229569334335050113e-02
-3.911756494679135936e-03
3.103197095651504325e-02
2.786945676480367257e-02
-7.144989067223448190e-03
2.895242249273365532e-03
1.841248323256639702e-02
4.885570427272385025e-02
-2.469707340304375803e-02
-8.259406025121945882e-02
8.996099565555548683e-02
-5.067694489365395794e-02
-6.091291015192443203e-02
-1.797819530980615142e-03
-1.773283160933568359e-01
-5.617944474869481647e-02
-3.942082218056415510e-02
5.982687274110312994e-03
-4.880592089384174631e-02
-5.640916540703922594e-02
-6.992969337931118079e-02
-1.377201288565956527e-01
-4.060407519712031510e-01
-4.528741260101218358e-01
-4.442162761277388960e-01
-2.533022731398309468e-01
-2.025267051268014040e-01
-7.667518583714487412e-02
-1.259022923839142327e-01
-3.385040681639868709e-01
1.260727602448148688e-02
-3.154179131015390214e-02
-8.005537811583190999e-02
6.905412741479238781e-02
4.532701609386462910e-02
4.910928929689408612e-02
3.473553553345642975e-01
3.332535798543861394e-01
5.568392305137920273e-01
1.437327059963802722e-01
3.051683488357496699e-01
-1.667746975200732132e-02
1.913916829211138315e-01
-2.467238792047319468e-02
-3.220575501167037384e-03
-1.839235062737464704e-02
1.252570671017844313e-02
-2.343420492752724613e-02
2.463961427536123881e-03
-3.817094806190972356e-02
-4.163000054200835520e-02
5.305687633417963817e-03
-6.276331734967169340e-02
2.764758169884385872e-02
-1.085248871583724822e-01
2.807892110273781799e-02
4.971101741882553299e-02
-3.782802930025709609e-02
1.052989914626078702e-03
4.318543422259367437e-02
3.982537945582782096e-02
-5.561439902287552278e-02
1.274605658555802989e-01
-1.122246032816675253e-02
7.594861054399779099e-02
2.049706350112295850e-02
-7.070798988325426027e-02
8.887229766677400000e-02
-1.132685427629640841e-02
-7.422632461573487606e-02
-1.205766558450638293e-01
-2.039190586446244235e-01
9.581405810809162649e-02
-7.677660591010214419e-02
1.023550097932450671e-02
1.382501670509855320e-02
6.068201972068865829e-02
1.033067152920425641e-01
4.982262390707570265e-02
1.146063264435262935e-01
2.409490731054749271e-02
-1.492434735783292228e-02
-6.883556157425017863e-02
-1.120701511376873960e-01
-1.233736887965193874e-01
-9.960537574578768455e-03
-1.241664846481705872e-02
-6.135303564013221828e-02
7.877392577707069410e-02
6.079564813770117759e-02
3.909428118812002806e-02
3.311047648187972342e-02
7.438287381348443472e-02
-6.869898397479436147e-02
4.475876725525086003e-02
-2.568863203038124297e-03
5.588669388335792271e-02
-4.593312806723899577e-02
7.914904171456374482e-02
4.277673076531591373e-02
5.816930316864044048e-02
-2.101660637325614839e-02
4.577761392103505550e-02
5.118300705702370085e-02
8.405329815826718953e-02
8.030560086187010782e-02
-9.117554118102002073e-03
6.331653723169798804e-03
-5.447187355030034400e-02
7.697522438264244038e-02
2.057054746517860116e-03
2.297563024721232042e-02
5.511178271882376939e-02
7.565697253007373779e-02
1.534406367715896585e-02
4.966709473184281048e-02
8.607843553805241688e-02
6.250024052472434588e-02
1.272444752591476436e-01
6.781413205901350161e-02
6.151239819218877469e-02
2.121654312066782039e-02
1.090487167825551218e-01
1.815456999294464899e-02
8.335372059453460825e-02
2.962960833473157057e-02
1.962430996309576930e-02
2.405804467445201572e-02
-9.081593367681456419e-02
-1.857088467107045338e-01
-1.565175546834246811e-01
-2.335371408994423026e-01
-2.826117119046480108e-01
-6.213760199743981749e-01
-2.967103980754744463e-01
-1.622329140578567808e-01
-1.975498726271615046e-01
-3.617744617296310694e-01
-6.599589544097649030e-02
-1.176523019625145966e-01
-2.229040231672052563e-01
8.646009685556767244e-02
-1.502374550926622865e-01
1.383801259857626864e-01
1.329970396404784316e-01
3.583991628195795087e-01
1.647312890349767189e-01
5.726949498670567129e-01
4.315832505236124467e-02
2.141044536452410552e-01
9.301979728868757513e-02
1.924032925914087033e-01
1.305621765013690871e-01
-5.672199582239531579e-02
4.089412544609030351e-03
6.141774301087672694e-02
8.622377995485715207e-02
1.641872943013156505e-01
-1.260287457728057406e-02
2.088316882632922089e-02
7.676695732549510508e-03
-4.340451172194113166e-02
2.247442700069298555e-02
2.551724078367353932e-02
-8.339167709865581701e-02
9.124768268531024962e-02
-1.418568900595234758e-02
2.555686459276853770e-02
2.829855719564638300e-02
8.247198050220272414e-02
2.408444932938332006e-02
8.305696391154648861e-02
5.422741551356055449e-03
-2.731591715956600483e-02
9.072066235481032401e-03
-9.929580864979127564e-02
-1.873364801524717450e-03
-7.559295345445019541e-03
3.982233941465484518e-03
-6.552786242576964792e-02
-2.224871396857633788e-03
8.687959337201459770e-03
-6.241959039051313274e-02
-1.199666471386192784e-01
-8.336317997884544473e-02
2.525324949599106958e-02
-3.701590689273103266e-03
-1.722104170666146836e-02
-7.618388642917955922e-02
1.398684227711038119e-01
-1.065481391938429001e-01
7.945601274854244278e-02
3.568636080802266991e-02
1.871341700217057924e-01
2.850280169773339867e-01
2.206796490161122004e-01
5.210124428822244386e-02
5.421415012898857938e-02
-8.230458609666928271e-02
-4.655530717707885568e-02
-1.693590835781612902e-01
-1.078514346581479766e-01
-3.200101427790900260e-02
-2.933254268115530541e-02
-1.807275259708514357e-03
-5.555096057779136676e-02
2.268291100718838188e-03
-5.858463353246612902e-03
3.754161233364605200e-03
2.639539573757269594e-02
2.793958272147891927e-02
1.970160761555347084e-01
1.367874094501588533e-01
-7.284775386606084230e-03
7.348374137159233155e-02
1.381151436690865493e-02
-3.563265370847568808e-02
4.413160246622563343e-02
-1.228312182523157298e-01
-3.170689162463467548e-01
-1.210735466496768858e-01
-1.277007592637854905e-01
-1.341609230251176177e-01
-3.616658741666634730e-02
2.162154593742179887e-02
-2.107680491972903358e-01
-1.018039426253934399e-01
-2.969470068580669017e-02
3.814525188381119591e-02
3.989103676581311902e-02
5.788122553015268013e-02
1.278236569735453215e-02
1.557387063098670220e-02
-3.825582430623403196e-02
-6.009473636203221947e-02
-6.819932554515693857e-02
-3.837597614728553708e-02
-1.367634630408335883e-01
-6.010919084821872427e-02
1.176379474523504692e-01
1.462174089319345505e-01
-5.353109473640073335e-02
-7.815489452166729523e-03
1.218683231277356387e-02
1.169378695423559378e-01
3.946752371009501492e-02
-4.647397580085894930e-02
2.431120257618695976e-02
-1.060160919160013301e-02
-7.190067902814260836e-02
-5.206303978930836018e-02
-4.631728444802168942e-02
-2.129713708592194735e-02
-8.001070297197827863e-02
9.686880725696031189e-03
1.266112999163422799e-02
-1.418260795649637154e-02
6.806798242170067348e-02
3.807359108487290422e-02
-7.838044679650482335e-03
-6.627259415962889755e-02
-2.754120803101556963e-02
5.331155041979292880e-02
1.243774748121958956e-01
9.650410529219677347e-02
2.379208825684422657e-01
1.536185509678724692e-01
6.736638505997329107e-02
1.508426691545853571e-01
-1.261815223348107182e-02
4.015377052903505023e-02
-5.656825486652992951e-02
-5.377777879868867600e-02
-8.224714859140706824e-02
-1.138043749817564260e-01
-1.813218295087852538e-01
-1.005838714176960635e-01
3.962560260405609790e-03
-2.575474214123643288e-02
-3.285688849658192218e-02
-4.859754981398036605e-02
1.141119783912068197e-01
6.012224675724614498e-02
-2.007524893522986270e-02
1.296864669701925377e-01
1.835094072847596319e-02
1.391033726801417236e-01
-2.682111973283323771e-03
1.754794030692214124e-01
1.368257768156250775e-01
7.064583319177002163e-02
-1.177097297060968328e-01
9.670208989598390315e-02
-4.341546369233958980e-02
8.614745064158905660e-03
-3.956533259654478746e-02
-1.098657427464392600e-01
-3.473376396107635128e-02
-5.733500290086757795e-02
7.461328611545253731e-02
-1.447575481855634290e-02
-7.840520651707537370e-02
1.326608529864356512e-01
1.841069919799042873e-02
-5.072063170948479249e-02
1.807473268087102236e-02
5.827807402977498719e-02
2.020194627384429564e-01
5.909470581992023325e-02
1.680374023509335069e-01
8.072413258643582057e-02
1.439787416185295543e-01
5.138577823304485426e-02
1.057911836832070296e-01
1.093154570807575443e-01
-3.959998240676044362e-02
-6.653889340680627096e-02
-1.653252545258588890e-01
2.453310670606001498e-02
-3.386393863261923792e-02
-7.968216132285688147e-02
4.301058946883174611e-02
-1.399772058435952080e-02
-2.377710996648662103e-02
3.842308179219788150e-02
-5.336179839512328500e-03
-4.099779342812589350e-02
-6.834442811337174128e-02
-3.721965061361243166e-01
4.984415218897633032e-02
1.128324144218852271e-01
-9.211391426866512300e-02
4.289140487262252562e-03
8.250456100714117363e-04
-2.302754854563398082e-02
2.229475224420122970e-03
9.483355449377553134e-03
