7.658322115348070724e+00
8.261762419108695354e+00
8.889134721890684432e+00
9.178870613806411782e+00
9.821834355912018921e+00
1.034386152292625738e+01
1.089529080590240362e+01
1.151984954739129918e+01
1.208828930170372118e+01
6.317845495684939472e+00
6.480716864100998897e+00
6.624690575031981332e+00
6.789545349476616920e+00
6.988227060451273509e+00
7.107275273118755621e+00
7.212160074699080603e+00
7.387675447997620104e+00
7.489213903678255235e+00
7.614523814975842519e+00
7.804316745079216133e+00
7.825914416143107566e+00
7.902373628246128767e+00
8.000260999509656301e+00
7.979274053670541100e+00
8.084114031477707130e+00
8.049825689677254204e+00
8.090802615103536155e+00
8.086712350631831470e+00
8.019518229727903957e+00
8.054689817666913498e+00
8.012709343292531372e+00
7.971859208959756415e+00
7.995635292017758466e+00
7.923290491537787972e+00
7.970788853710423894e+00
7.958631489687972405e+00
8.027778682527479504e+00
8.122078292105205932e+00
8.148118991205294037e+00
8.138192122869810419e+00
8.121463990307031366e+00
8.023675196086051287e+00
8.066170778003490582e+00
8.084748701417042938e+00
8.119238329314342195e+00
8.225523396721179381e+00
8.250955417716282270e+00
8.264698660946320885e+00
8.276985446482658659e+00
8.262844286817969675e+00
8.349032365438816328e+00
8.343419577065578352e+00
8.358824987925412842e+00
8.366238915461478243e+00
8.395153062182421522e+00
8.437932249361736581e+00
8.459092480816398307e+00
8.623707008102153182e+00
8.601937532306417111e+00
8.586788283659785748e+00
8.627809478746961247e+00
8.656389028124744200e+00
8.636472537093757396e+00
8.698770815522403055e+00
8.744770308213109189e+00
8.739359621995681948e+00
8.804036591377583321e+00
8.835818477193688736e+00
8.894503490991731098e+00
8.918083528121496073e+00
8.966559033813153334e+00
8.980903257972725484e+00
9.097725000667709949e+00
9.145027043232175856e+00
9.175547684920717373e+00
9.280097863764975585e+00
9.332378103061794050e+00
9.440394311952495343e+00
9.399485194840085711e+00
9.508132410891795061e+00
9.573815637180167926e+00
9.651556789341446674e+00
9.711220937031390221e+00
9.724668473084300047e+00
9.815777467161238334e+00
9.855187377742600674e+00
9.903651483715528059e+00
9.929565752616408503e+00
9.953028653796152980e+00
1.000625273290711448e+01
1.000558602491862459e+01
9.943810103938938383e+00
9.850691345642793806e+00
9.804405968369888313e+00
9.745378072140544745e+00
9.618392399825332006e+00
9.599667063653297916e+00
9.554416068436864862e+00
9.555483508107100121e+00
9.499394886000628091e+00
9.468609023992510032e+00
9.390654780789276401e+00
9.381627926109576521e+00
9.277948678273489236e+00
9.192775805703233161e+00
9.115590462424851381e+00
9.045366728777812781e+00
8.965814127506382292e+00
8.928310053807800628e+00
8.924954132756806047e+00
8.936578887159685181e+00
8.861454807051229565e+00
8.876709075463141474e+00
8.851046000683664872e+00
8.810794001024207844e+00
8.747884237645784822e+00
8.696420921259260695e+00
8.699519334932549697e+00
8.642275836624305541e+00
8.627019372001676345e+00
8.633034636032908438e+00
8.705977023071719501e+00
8.611089305615786671e+00
8.700868729071698837e+00
8.778525909714335995e+00
8.844837548571108599e+00
8.835895822263596600e+00
8.926314939914867352e+00
8.958413870731440909e+00
9.088774562666188217e+00
9.169919587393037474e+00
9.206099019469171196e+00
9.364296212194393121e+00
9.379833964532076962e+00
9.474545578770731780e+00
9.540085602829964984e+00
9.626663190916962876e+00
9.690843770605855667e+00
9.747141131802793623e+00
9.897174409470897771e+00
9.897292934073595561e+00
9.989812934853109283e+00
1.006500262650412303e+01
1.016070553765204032e+01
1.019280588086896522e+01
1.031813602125486362e+01
1.033210008855941808e+01
1.042711368473943523e+01
1.048667012947859511e+01
1.046413355527290179e+01
1.041453505655860390e+01
1.034902183942005038e+01
1.023101307099482682e+01
1.023292934515465546e+01
1.014214143057649409e+01
1.004892490020059448e+01
1.001619528954912930e+01
9.933690676610110515e+00
9.882524146815939048e+00
9.763935435752495451e+00
9.738053127021219169e+00
9.665680909794732045e+00
9.670802954456128475e+00
9.643751710170713309e+00
9.667884922835426664e+00
9.618265228335095784e+00
9.670121633997538879e+00
9.651067755101724543e+00
9.692099467557033776e+00
9.704865819186665021e+00
9.689441014616512859e+00
9.693169051936687097e+00
9.639836490011829184e+00
9.574950370634040198e+00
9.527835814428446071e+00
9.462543160113307650e+00
9.381493634188961650e+00
9.297262373945557101e+00
9.242479294461478645e+00
9.103358565313262929e+00
8.915754806748731554e+00
8.678602269927063517e+00
8.378809411367418747e+00
8.071167993579731359e+00
7.797736762808480826e+00
7.568011041340073852e+00
7.351883396271423621e+00
7.111210860850579074e+00
6.833795540337608720e+00
6.569550183060562709e+00
6.281964473011827366e+00
5.978117082971419194e+00
1.095324423311260631e+01
9.800243267256631086e+00
9.028476174716955072e+00
8.696968711796134954e+00
4.270323881021316659e+00
8.621878751735357227e+00
8.772044864713743451e+00
9.100801181970410880e+00
9.575754510724022950e+00
1.012770397436731784e+01
1.085384674739150945e+01
1.164718678490672765e+01
6.129348480759412077e+00
6.372017650830221314e+00
6.577032296452630433e+00
6.781431980288325612e+00
7.000156545160470145e+00
7.249126858329019818e+00
7.447687923958574707e+00
7.629528658680847286e+00
7.850806019904081445e+00
8.101839072923590734e+00
8.286468182597740650e+00
8.518611061495905190e+00
8.724169473908450101e+00
8.928431150572544439e+00
9.159675212172746939e+00
9.267257462197232343e+00
9.358348529930944792e+00
9.363642761331924191e+00
9.404636834574715110e+00
9.526034627806486910e+00
9.567454452751901428e+00
9.696037536991525485e+00
9.792057039925492035e+00
9.920142654136153482e+00
1.007798089122124274e+01
1.015952955070986263e+01
1.030875861153134565e+01
1.040759183941287525e+01
1.056123208952814352e+01
1.067329050771004262e+01
1.083791531162849253e+01
1.092390473597909129e+01
1.101227301128704639e+01
1.118385915728936375e+01
1.128736751112699999e+01
1.140124723320110611e+01
1.145884755356349416e+01
1.160554095383206707e+01
1.170959524394905493e+01
1.188793337027129482e+01
1.174895384060378056e+01
1.196340851872662370e+01
1.196568592580615942e+01
1.208515999677305786e+01
1.213255983971870577e+01
1.221587389587863548e+01
1.231953520024468318e+01
1.231895932974866703e+01
1.243373185163080485e+01
1.249522288216334687e+01
1.253403870396924447e+01
1.259856408433152986e+01
1.260216586854565257e+01
1.272196350807785414e+01
1.270526188957066260e+01
1.274679606813391430e+01
1.282969327859994024e+01
1.294674153678361783e+01
1.290901757724746446e+01
1.296661378826114941e+01
1.300078336690943281e+01
1.293231774695969172e+01
1.281462172935568766e+01
1.284226701240108603e+01
1.258890171352376797e+01
1.261529546589330053e+01
1.254461521666665291e+01
1.248968974191906867e+01
1.242388768563169066e+01
1.238643438639456029e+01
1.231594560635042335e+01
1.226416563873500465e+01
1.217489394545065373e+01
1.213449422118437226e+01
1.205843314318858717e+01
1.203100396110633064e+01
1.209748055691236424e+01
1.191535576949132924e+01
1.200165347535312499e+01
1.174383374067817165e+01
1.177518227876437429e+01
1.176006584323054405e+01
1.177420703728511775e+01
1.174333034687123245e+01
1.169829557684751720e+01
1.168152266456926291e+01
1.163169094950479021e+01
1.170603462858907307e+01
1.171967383320578904e+01
1.170650256046334903e+01
1.172483249760601431e+01
1.168741843257681445e+01
1.175064915211622107e+01
1.178789183423332965e+01
1.172066795990986954e+01
1.173579119935455140e+01
1.173713117282987284e+01
1.168656808535904190e+01
1.174682961229614264e+01
1.173238012046722467e+01
1.177840482737828331e+01
1.170601642715710256e+01
1.174539299907700851e+01
1.175960497826047657e+01
1.178422844584831175e+01
1.174310337240332913e+01
1.174657492592820063e+01
1.179121114750824617e+01
1.180507573970745661e+01
1.180391079726338432e+01
1.196009013502993312e+01
1.188169550257152984e+01
1.205934026929894642e+01
1.212518759253855904e+01
1.212873267564933322e+01
1.225953212827090155e+01
1.227089174188536091e+01
1.231843949499495317e+01
1.237720958072362265e+01
1.242012177888638647e+01
1.295231097677129561e+01
1.207393245537443072e+01
1.253965747957137289e+01
1.262507916449802892e+01
1.268482478331486796e+01
1.273800717234631108e+01
1.277127308789787641e+01
1.276053079564827186e+01
1.285774330067185822e+01
1.287920077189030543e+01
1.293018479367488283e+01
1.300685373141983447e+01
1.301053694938215877e+01
1.304436837499035029e+01
1.312311663184696364e+01
1.310643226426893371e+01
1.315184585123311756e+01
1.304961847222679694e+01
1.297077361675808937e+01
1.291394602873234554e+01
1.286083179857359937e+01
1.283654520771603558e+01
1.271941414682688531e+01
1.269982342234737338e+01
1.269662303571106321e+01
1.269578779297894044e+01
1.266285294838889541e+01
1.271266784276996198e+01
1.267876539806710845e+01
1.271319839746523606e+01
1.268309096373914358e+01
1.269076663683766704e+01
1.268141183311857212e+01
1.267665082228259976e+01
1.263647874479189781e+01
1.261075814969264286e+01
1.256892697826279282e+01
1.246636210086114005e+01
1.235235930761833245e+01
1.232488901315268137e+01
1.223541924537431669e+01
1.219023749163543435e+01
1.203559822426754700e+01
1.200255375731017615e+01
1.192285763479576488e+01
1.180341425772318331e+01
1.158484829794264215e+01
1.138764056340864705e+01
1.120425715592825533e+01
1.094897514598723731e+01
1.091743039761592016e+01
1.083797946458900974e+01
1.074933918530609489e+01
1.060441217927490776e+01
1.050363872188347791e+01
1.034700143490085544e+01
1.025218754750886418e+01
1.013398514742071832e+01
9.964336709940653236e+00
9.822144665901751281e+00
9.641641676833485164e+00
9.328203997737796627e+00
8.998430879975972019e+00
8.632318314180841057e+00
8.268548721002133561e+00
7.854304258955839835e+00
7.455347047345531664e+00
7.048265823844574562e+00
6.707767905820356980e+00
6.309907926453672822e+00
5.934858111852652662e+00
1.084940396011189812e+01
9.557315048682738734e+00
9.133350926674896897e+00
9.138582661013769481e+00
9.364451221090172695e+00
9.711251658344108861e+00
1.017718267162376833e+01
1.080796646830622620e+01
1.136848933593755895e+01
5.943533536209526069e+00
6.013172043967858649e+00
6.232319156713932884e+00
6.322586360428904761e+00
6.570419888768389782e+00
6.666127695512484408e+00
6.845836980289639051e+00
6.990205572368007658e+00
7.126208941923436235e+00
7.279415377730482639e+00
7.429334653892655460e+00
7.564491087966215943e+00
7.692727040686954787e+00
7.865361011262025137e+00
7.953530930255263698e+00
8.134414628289327709e+00
8.258835726860590754e+00
8.378025485497905933e+00
8.495494024719231874e+00
8.677627160756454572e+00
8.770499440886304399e+00
8.855942129489365655e+00
8.980466758701293628e+00
9.155096817578575852e+00
9.178981257446928055e+00
9.232714461569170084e+00
9.372129846522536667e+00
9.450777964404840858e+00
9.499784723916171458e+00
9.566711115457586345e+00
9.620558112774061144e+00
9.664545877529761242e+00
9.600527068161797573e+00
9.553511518701517602e+00
9.504430028722200774e+00
9.424205129421634908e+00
9.334181684065050888e+00
9.262145539265290495e+00
9.207877346244366379e+00
9.131517654702633990e+00
9.084271707267662421e+00
9.002390883686258505e+00
8.967664623444139949e+00
8.893182730381282042e+00
8.836691493812717013e+00
8.783702271855382548e+00
8.756080523476375888e+00
8.644863710025351367e+00
8.600469945741423317e+00
8.496354652837833754e+00
8.322681798335192838e+00
8.125243141890930332e+00
7.926076419777308146e+00
7.737981464392809094e+00
7.599113032922346633e+00
7.436220594640817083e+00
7.259917318680285447e+00
7.059002165158013931e+00
6.834961992620386617e+00
6.573878787675089264e+00
6.251618437733007738e+00
5.947818265767215173e+00
1.110970940158449416e+01
1.068085339554410496e+01
1.046298685853420274e+01
1.038440244643025068e+01
1.017409560630167675e+01
9.972925431461872492e+00
1.001604826351602817e+01
1.013708912318892885e+01
1.056044585415808079e+01
1.113376439137480745e+01
1.176430202334286967e+01
6.122744060752607353e+00
6.265138236626238921e+00
6.391004187221193789e+00
6.555834829433239364e+00
6.700700697822686180e+00
6.832083892114018120e+00
7.003262297423103355e+00
7.145462731044919913e+00
7.435069895250524752e+00
7.294965937288406366e+00
7.603333746804537441e+00
7.740306308840300353e+00
7.899130882606245407e+00
8.037123664407378243e+00
8.169441904371474550e+00
8.321718181967108663e+00
8.460847415982984288e+00
8.505173561655062997e+00
8.680701391308739190e+00
8.734713606214034698e+00
8.854510347476848509e+00
8.956627221784934534e+00
9.070710725416043729e+00
9.125036887234200478e+00
9.238951034355656233e+00
9.349196122895632399e+00
9.397981332341558414e+00
9.459016038266133464e+00
9.377612192285885939e+00
9.298455110819908498e+00
9.249502455446693361e+00
9.175976547386873960e+00
9.066598020187585760e+00
8.991829429955597419e+00
8.915802927790982935e+00
8.782783512907823109e+00
8.703775984740275362e+00
8.620477728974270448e+00
8.519900675524027633e+00
8.446300042794588236e+00
8.346034829604523253e+00
8.316854481835108004e+00
8.205050092535872253e+00
8.227961122443263164e+00
8.205625401205955072e+00
8.244858623136225972e+00
8.324605776886214059e+00
8.391175937361431636e+00
8.483713475023913375e+00
8.582050587934409336e+00
8.559214697999264487e+00
8.637593563396688268e+00
8.716821848207660040e+00
8.753243658456836940e+00
8.788477366392665857e+00
9.071647352562129285e+00
8.675907619723888686e+00
8.963991281243469444e+00
8.993401883889779569e+00
9.291334023098377415e+00
8.841003120307703966e+00
9.130057195564447170e+00
9.176149707122977617e+00
9.226901265082172898e+00
9.277025283138248923e+00
9.348140885635899622e+00
9.381255733432242394e+00
9.430257105807816842e+00
9.462354573266809510e+00
9.531046391043188848e+00
9.538729912677888834e+00
9.592052283039713245e+00
9.633798502961100851e+00
9.688303267285464315e+00
9.747534060992252947e+00
9.782153083345388467e+00
9.811869718748626568e+00
9.890094552021357899e+00
9.967620471613329869e+00
1.002101758841307344e+01
1.011206741483650795e+01
1.022300636164770538e+01
1.022702990157223013e+01
1.034302610395638666e+01
1.036588152270167384e+01
1.049537885925505876e+01
1.051835979290126843e+01
1.065353875423801533e+01
1.069027289039294359e+01
1.074842212783632789e+01
1.082421351306546775e+01
1.082868824259435847e+01
1.088800200171594312e+01
1.089317610684885906e+01
1.099956913239742029e+01
1.099498073665822062e+01
1.100505057545352372e+01
1.089932209231930216e+01
1.076692840760598457e+01
1.074276773239449412e+01
1.070377709209287964e+01
1.076750718577095967e+01
1.076831791057185406e+01
1.092261436406254482e+01
1.096508394507864104e+01
1.108788625491454738e+01
1.108581190089598678e+01
1.109139999709190150e+01
1.117042261378694867e+01
1.126567519092172276e+01
1.125433945758694598e+01
1.127677489989257076e+01
1.132204149736616827e+01
1.138372308264573007e+01
1.134723050701283320e+01
1.138528419994504581e+01
1.136080984256665083e+01
1.129846730044240211e+01
1.121431653307840470e+01
1.118895977656867835e+01
1.105964673179779290e+01
1.107124603818627762e+01
1.106349340764358402e+01
1.111949111425794001e+01
1.107839686580823724e+01
1.108757011457251451e+01
1.108926432599947809e+01
1.116340600305392350e+01
1.120468501282576845e+01
1.125418473852234236e+01
1.129335324562369358e+01
1.130315564030069275e+01
1.135426084263527713e+01
1.141759320889951468e+01
1.143056446671156579e+01
1.141081184128570136e+01
1.150313374454889193e+01
1.157326144727541362e+01
1.152019469845663835e+01
1.158327100088544093e+01
1.160383960636848144e+01
1.164065148046842602e+01
1.163115399665591099e+01
1.169213472607804682e+01
1.170144601799550976e+01
1.173084484663754878e+01
1.176299819188383111e+01
1.182141833553184362e+01
1.183216730148861551e+01
1.188754482525056488e+01
1.180795156643469923e+01
1.168921017920794725e+01
1.165162255651286216e+01
1.156836123767646285e+01
1.149448342695728797e+01
1.155663631887377463e+01
1.147922132161711417e+01
1.149744522478729714e+01
1.148038312982633613e+01
1.144163409370992035e+01
1.147469692683642783e+01
1.139241770929382902e+01
1.136322128111828178e+01
1.136037868792833727e+01
1.128524802689593542e+01
1.141695521808420111e+01
1.105780765213754080e+01
1.120177082170497229e+01
1.116048843965054438e+01
1.144918921590929983e+01
1.069058147298905581e+01
1.100603432663550230e+01
1.088037590007977684e+01
1.079039007665941519e+01
1.074791570549841957e+01
1.065031235114676100e+01
1.054699959251905383e+01
1.048747869282100176e+01
1.040395575616490298e+01
1.032794455830253533e+01
1.029115724913140539e+01
1.017569261975189931e+01
1.015140614042442735e+01
1.007749105155390623e+01
9.986497978319089697e+00
9.958464968007499252e+00
9.819760132304159228e+00
9.696796717608780369e+00
9.632506831879492637e+00
9.556197224872471807e+00
9.459098005541294540e+00
9.367358919625640823e+00
9.285382740740962149e+00
9.155287097477446068e+00
9.199147714463103753e+00
9.051979420578636137e+00
9.058351856570768135e+00
8.935304439366690943e+00
8.997884823456024250e+00
8.975935770895034693e+00
9.052095217268300686e+00
9.078304784904652536e+00
9.109919049698969928e+00
9.124817130961474732e+00
9.061206679823095911e+00
9.072582403295292863e+00
9.051318395743182421e+00
9.076807138406570274e+00
9.027652326282707307e+00
9.051329690401507477e+00
9.079837654048104056e+00
9.113330226666155554e+00
9.079805970965484363e+00
9.122997548107479204e+00
9.134675070459092439e+00
9.139615915563119586e+00
9.074865209177328751e+00
9.079866449385828986e+00
9.102557092505779934e+00
9.126654878896193424e+00
9.179990075368138491e+00
9.240264839970931732e+00
9.251474167857070441e+00
9.286797271345303528e+00
9.255694414855224039e+00
9.224466651259378480e+00
9.250425270266145361e+00
9.260977374866474321e+00
9.171314864601665562e+00
9.248712524066064589e+00
9.250009343874282308e+00
9.288127368249460503e+00
9.323784043759719253e+00
9.363431472448642268e+00
9.411632460871423689e+00
9.438504822234122571e+00
9.361370623501983346e+00
9.413843959836047048e+00
9.409507793532281283e+00
9.541135984578797746e+00
9.428360529522265665e+00
9.561899581387010016e+00
9.615955144842152080e+00
9.686873196367448813e+00
9.741624180004398781e+00
9.797273873128284905e+00
9.871338879564753199e+00
9.918838429473053608e+00
9.982006339178195020e+00
1.000369028298518081e+01
1.020052831689933370e+01
1.019072412121304438e+01
1.030122691112504008e+01
1.037197329781879596e+01
1.052101702273371409e+01
1.054403948067395369e+01
1.065251375197999195e+01
1.069444891895883032e+01
1.081438808166316612e+01
1.087098787278031331e+01
1.084152504086260649e+01
1.076272350890445040e+01
1.069759027118834105e+01
1.059571238372898350e+01
1.057874738388466085e+01
1.055757042697229942e+01
1.062465672944016859e+01
1.059262760441347950e+01
1.058515436555464895e+01
1.059577760437650795e+01
1.061722554112398953e+01
1.061696413175335962e+01
1.062849945937178298e+01
1.061402569216372882e+01
1.060402616421460209e+01
1.056677309795793640e+01
1.051878943727907689e+01
1.042907562351614636e+01
1.036250086580704100e+01
1.028814294825382802e+01
1.029094578624046363e+01
1.012922829939995140e+01
1.010045426821118397e+01
1.003059200203443879e+01
9.994889289503184671e+00
9.940753374383394458e+00
9.878017620966344836e+00
9.818663227968151830e+00
9.761817529485449896e+00
9.669730475874299458e+00
9.573647495568138766e+00
9.585911782049988616e+00
9.536566805288329007e+00
9.538179461357110256e+00
9.545729253920944402e+00
9.588240865805099489e+00
9.623600441417638152e+00
9.641258718137592609e+00
9.692105699625596316e+00
9.683326272694230852e+00
9.807326292589701566e+00
9.897143420832509975e+00
9.986643328772226269e+00
1.009243648320543940e+01
1.017489732718421003e+01
1.020779804681487057e+01
1.031495497579698295e+01
1.039559242800887340e+01
1.047287079448818758e+01
1.057009883459932276e+01
1.062375221328210984e+01
1.072220590740304758e+01
1.076087065718836300e+01
1.087059470499492342e+01
1.093109954847659004e+01
1.097559572109306458e+01
1.102434697784956086e+01
1.107371877523112857e+01
1.114138192834219154e+01
1.110082795561520719e+01
1.111988010520255621e+01
1.111708967339140131e+01
1.120920350804758669e+01
1.107696458062040534e+01
1.123275554831317180e+01
1.122552588740625978e+01
1.134159340525414272e+01
1.115488521339965899e+01
1.126926251768685106e+01
1.127421327936986906e+01
1.123059703373053075e+01
1.128359474284416919e+01
1.126216935072601366e+01
1.128967463918302805e+01
1.135453654672221191e+01
1.130503459105668007e+01
1.129795031030288577e+01
1.122688670788511800e+01
1.113646967880152161e+01
1.107878748860693818e+01
1.094845883979402856e+01
1.091501874495319413e+01
1.084153445642876257e+01
1.069640423038677213e+01
1.054480616602121046e+01
1.023918019900597898e+01
9.916829750309414493e+00
9.570240419164424139e+00
9.230090113723308676e+00
8.877380511652932071e+00
8.507053493014653966e+00
8.176510304116179739e+00
7.824586864999132807e+00
7.537974793197395051e+00
7.210729679853854712e+00
6.978759455470748385e+00
6.841283858579715549e+00
6.586082193371766813e+00
6.221026541415038302e+00
5.866626499792180205e+00
1.083017056854253291e+01
1.042084693985395560e+01
5.157856105238758815e+00
5.145779690244425275e+00
5.192903756165976326e+00
1.044876505772662512e+01
1.085122825844265115e+01
1.135336303991307538e+01
5.905619714401850295e+00
6.076543284898285435e+00
6.251597488196216190e+00
6.399182744493005615e+00
6.613104519125148073e+00
6.834371437503187430e+00
7.004413529326886767e+00
7.199885734396113790e+00
7.439495627249289811e+00
7.624617488871587412e+00
7.828194144397780718e+00
8.064351669809386891e+00
8.277131687095222290e+00
8.487350456488981010e+00
8.678187844138005147e+00
8.918693623916308155e+00
9.075533735571349681e+00
9.286647093647601992e+00
9.507020212152230698e+00
9.698568380533110656e+00
9.913167490538594251e+00
1.010920472581635821e+01
1.028660256076562263e+01
1.050565908996878939e+01
1.067297511001058830e+01
1.083367774045427723e+01
1.096316617266032623e+01
1.113023631249452094e+01
1.120073922050034021e+01
1.135880565296983313e+01
1.144876104248232096e+01
1.158393474695850855e+01
1.168675536767243450e+01
1.180568165338599051e+01
1.186910313710301246e+01
1.197042490790469138e+01
1.199066309494471128e+01
1.200447003748278796e+01
1.201426303093329473e+01
1.206180342024694774e+01
1.215620031285811642e+01
1.219639805208271710e+01
1.228288775394207377e+01
1.230710998036432358e+01
1.246137376177435385e+01
1.252120784183333768e+01
1.258857966213018109e+01
1.266870969873650488e+01
1.272749733061126065e+01
1.281879138582212541e+01
1.289254871916333123e+01
1.299666197620586239e+01
1.309070084462689998e+01
1.313889422288899667e+01
1.320724783201503527e+01
1.328684707701362555e+01
1.329221927197461461e+01
1.341612050036885861e+01
1.350385183703441783e+01
1.360778294518081388e+01
1.362366596101043292e+01
1.376676764921541007e+01
1.373278969153752804e+01
1.382733437905313778e+01
1.387008094665147162e+01
1.378960095075666281e+01
1.377091800052186343e+01
1.363525375079422730e+01
1.362024747351960308e+01
1.354284583157433097e+01
1.347396900700790034e+01
1.344333928777016851e+01
1.339018187525910975e+01
1.330476169231704198e+01
1.330240200666458605e+01
1.323120872249753432e+01
1.315545118949761694e+01
1.293912572585736953e+01
1.262289287352947831e+01
1.218782957180526338e+01
1.177998597559106742e+01
1.134737668864348770e+01
1.090001981589890079e+01
1.043562464552556968e+01
9.982764856594382508e+00
9.433554524628936733e+00
8.983752408140238899e+00
8.779990455446410991e+00
8.734682700040375281e+00
8.645966377020531723e+00
8.785186117939989714e+00
8.772957974272316051e+00
8.845930646128092434e+00
8.945349499252039038e+00
8.982017842865884560e+00
9.008684737281264177e+00
9.077208104850418735e+00
9.244286800325269837e+00
9.211754196804401218e+00
9.267537344464418680e+00
9.247331530161748248e+00
9.372507800357970709e+00
9.430421361250676426e+00
9.484706591258172281e+00
9.582719000248872021e+00
9.572022221614700399e+00
9.659730751518194936e+00
9.727773751432447824e+00
9.842219964464282711e+00
9.930037622215149185e+00
9.995992833858194260e+00
1.004597384393955650e+01
1.017361311925363587e+01
1.023219931104121905e+01
1.034693778545787879e+01
1.039683475341582408e+01
1.049768750970649656e+01
1.061426830333664384e+01
1.068613877961739611e+01
1.069963510228503267e+01
1.086603078059888361e+01
1.103295263980280971e+01
1.101324864089650823e+01
1.106308674890793320e+01
1.124090261634224852e+01
1.122370890539042065e+01
1.139736360015401218e+01
1.133277065487193447e+01
1.151345304896870303e+01
1.156926451382940080e+01
1.166832887264644825e+01
1.173749750458028274e+01
1.180269975515952652e+01
1.186080061369394123e+01
1.191499184294782232e+01
1.208627415178076170e+01
1.202169082097501907e+01
1.209947693562086179e+01
1.218720143429846559e+01
1.227760141337013877e+01
1.234971081374779445e+01
1.240088051804344893e+01
1.244905995537328813e+01
1.252346993157354405e+01
1.263032975575987393e+01
1.267453874228450950e+01
1.270929271105993053e+01
1.271208032177782599e+01
1.281978955155419619e+01
1.280054318621635545e+01
1.283989447293754615e+01
1.286040181065538412e+01
1.293765230812275746e+01
1.297397942017497741e+01
1.302458241034000963e+01
1.294711927936482532e+01
1.290739815509404309e+01
1.281567362026169477e+01
1.272204971188185141e+01
1.261812979990468264e+01
1.262165336607827193e+01
1.251156380302434812e+01
1.244187289063469137e+01
1.239615473212680641e+01
1.234485829796548728e+01
1.232309880155751713e+01
1.227255070639161794e+01
1.223112940768880108e+01
1.219180197853392400e+01
1.218915189111003983e+01
1.208506882580894626e+01
1.207848200318454523e+01
1.200807231413843823e+01
1.192452608890217469e+01
1.185051497928373365e+01
1.176384359822224823e+01
1.168300820999487222e+01
1.166161430701662027e+01
1.151583080842620177e+01
1.150569670451811177e+01
1.138399997709388778e+01
1.128541862749231051e+01
1.122240908353802880e+01
1.108193424450300135e+01
1.085871928892596650e+01
1.063185334592123965e+01
1.029263812671574563e+01
1.003584813126246189e+01
9.756891003751020364e+00
9.487929740139385615e+00
9.217970670874638728e+00
8.912196610983091460e+00
8.563289252846761457e+00
8.178761462308473895e+00
7.811486074581194039e+00
7.310416953126442685e+00
6.977856370109739359e+00
6.797829661122262834e+00
6.764507532697463965e+00
6.650940118141930313e+00
6.664791244522256797e+00
6.696875720713955538e+00
6.793268569652830990e+00
6.851040174862335519e+00
6.957693016795863272e+00
7.050663750443505684e+00
7.139997637936644104e+00
7.299456345862333606e+00
7.397373644427643669e+00
7.489941818699762166e+00
7.626705886510021237e+00
7.720064839287086755e+00
7.927508739690022566e+00
7.994176651584197657e+00
8.136367518033878810e+00
8.260507005976164052e+00
8.427988175616700772e+00
8.534853699465848820e+00
8.578123664730595621e+00
8.723430093903193239e+00
8.830073919716651787e+00
8.980925233613904268e+00
9.082440090281910017e+00
9.191388445741399238e+00
9.255180663116375328e+00
9.295205684706830951e+00
9.328711674568843648e+00
9.301063162749025892e+00
9.187409961757611043e+00
9.134289922758430436e+00
9.079207291717704464e+00
8.996371596291746542e+00
8.925635970872068725e+00
8.986979875435967102e+00
8.977782179332852053e+00
8.989712267102767385e+00
9.028966267516523203e+00
9.126634619950209526e+00
9.118082101932078132e+00
9.177517834728579516e+00
9.197033515167266415e+00
9.271847924015450104e+00
9.309552010843228587e+00
9.352225872470807388e+00
9.393310795128048341e+00
9.411573072843395948e+00
9.424213644871676010e+00
9.356323675628621217e+00
9.358496334172759390e+00
9.341816564675511358e+00
9.324806532920881352e+00
9.243205053922949332e+00
9.199799228912139526e+00
9.127502065576996060e+00
9.097971263208521009e+00
9.024700935901840637e+00
8.915682320035342556e+00
8.708308704769347486e+00
8.522414114678868557e+00
8.592654075677534919e+00
7.645046669369294889e+00
7.731938809602810103e+00
7.406848149262689418e+00
7.067403409741443099e+00
6.714282530274785721e+00
6.399526944077964963e+00
6.075959197151198588e+00
1.145844408893799304e+01
1.105471495609366528e+01
1.084926395034897162e+01
1.071759542279932553e+01
1.061202913558234329e+01
1.048178413077405224e+01
1.038692231068048244e+01
1.044085634697711207e+01
1.056411358767861763e+01
1.076252902486201890e+01
1.125256667647497899e+01
5.782872719279951390e+00
5.889520935441381333e+00
6.050630197737342897e+00
6.149386879928607996e+00
6.289703705327562844e+00
6.404761391940176907e+00
6.503930166723259632e+00
6.622268265382079022e+00
6.712647702638057545e+00
6.828100488920310518e+00
6.916828900397834268e+00
7.028212708806155895e+00
7.117544623370777757e+00
7.265773199795249937e+00
7.399506295644793674e+00
7.488051594661468080e+00
7.700219399105871609e+00
7.753056692731828292e+00
7.908051718096706928e+00
8.010836764162446499e+00
8.153838281647113106e+00
8.296681281867519075e+00
8.389657431831784251e+00
8.537459735140915384e+00
8.657720266003508414e+00
8.786411606732267288e+00
8.905044211579953739e+00
9.034896481213269936e+00
9.165617278971280868e+00
9.247155638198870875e+00
9.359961812196829101e+00
9.485428038474029933e+00
9.573270053650791311e+00
9.661783873954183477e+00
9.720101533033924213e+00
9.832065411543531752e+00
9.877220954689523325e+00
9.950531019596134286e+00
1.004639915181504151e+01
1.006006206329414709e+01
1.001819085179667290e+01
1.006811570011261914e+01
1.009827599859490022e+01
1.010906602931527054e+01
1.000207253616859582e+01
9.926135517246764906e+00
9.881882974266698483e+00
9.812520814525750978e+00
9.807746697453151086e+00
9.783285190086008498e+00
9.770624704485237899e+00
9.860814104448708761e+00
9.828874112555215703e+00
9.874437241803420306e+00
9.913552022951034104e+00
9.958302094624899681e+00
9.961548759085660620e+00
9.978881602598788092e+00
1.002549136817250464e+01
1.002493001482770474e+01
1.006714334494005492e+01
1.011151375309190392e+01
1.010849791411681764e+01
1.013723758557176780e+01
1.018788399016353274e+01
1.022019348286794127e+01
1.018958741036158067e+01
1.015138509042141557e+01
1.016466943255127120e+01
1.012565809504092940e+01
1.011324079671604004e+01
1.006394992777924102e+01
1.000902515798078696e+01
9.929671642540414567e+00
9.818425976925585275e+00
9.742702431653917472e+00
9.604924398241511341e+00
9.469184425575368991e+00
9.172564246621748296e+00
8.901863057310579919e+00
8.605401809931782608e+00
8.261560435914006462e+00
7.929394503188841981e+00
7.621772238281260492e+00
7.476817434492125436e+00
7.329140341093793865e+00
7.063477071154941278e+00
6.792509801732546926e+00
6.495454700695356465e+00
6.156074413034948734e+00
1.128818446636635464e+01
9.972293912069247313e+00
8.461090912282642762e+00
7.226470517713288189e+00
6.425767494552445669e+00
6.253552614464773285e+00
6.198514720439591841e+00
6.317054402084692377e+00
6.593497892736439603e+00
6.951053688749021298e+00
7.182472518593674415e+00
7.479977371006481413e+00
7.904612028610142005e+00
8.264740089894605291e+00
8.815349300654068188e+00
4.711579030750199237e+00
4.865860268984401493e+00
1.046282099514826491e+01
1.138543397722396833e+01
6.029647825263617200e+00
6.336878552229925354e+00
6.570811134906859863e+00
6.814773892349965223e+00
7.062565940303718648e+00
7.340112021390803321e+00
7.542089555232361242e+00
7.855739570941294936e+00
8.095329442495266647e+00
8.320024878992960282e+00
8.565225020072155360e+00
8.782055405274860505e+00
8.974818071997084701e+00
9.271952177953030727e+00
9.490707214734586117e+00
9.687598212010460230e+00
9.873200250598117123e+00
1.004829312358851823e+01
1.023550866339921939e+01
1.037879364492004974e+01
1.054014834111869980e+01
1.060260651983113611e+01
1.077181605344524762e+01
1.089795695369966921e+01
1.102822300628855601e+01
1.122506592321209240e+01
1.119301764322082526e+01
1.138210730224088607e+01
1.150257139731143674e+01
1.159042133896463334e+01
1.172390225294029342e+01
1.186106212014770023e+01
1.193592484928057296e+01
1.214104746173450522e+01
1.218445929881632317e+01
1.229069172175236346e+01
1.243593693900408148e+01
1.253277839500014856e+01
1.260187805065575084e+01
1.266067072820457184e+01
1.281386911841169685e+01
1.285149714842583180e+01
1.255194482559485891e+01
1.257161029548835884e+01
1.251387672257627592e+01
1.243361001664583831e+01
1.239307857911340882e+01
1.222186877172002184e+01
1.216170722542172555e+01
1.235199098940234030e+01
1.196253457629839723e+01
1.200749365653841849e+01
1.195470592577133573e+01
1.184442527871110329e+01
1.178547537644155696e+01
1.166356080702412434e+01
1.164147916909857194e+01
1.158497620573258757e+01
1.157422177480895620e+01
1.149104387168024388e+01
1.148460455835907368e+01
1.145672125850824230e+01
1.142725438741302924e+01
1.145917918647166900e+01
1.125995334092558764e+01
1.138754860860598583e+01
1.139155727474580537e+01
1.125050454199797656e+01
1.133605493457753965e+01
1.134625278291275308e+01
1.125174254409608920e+01
1.124887699435129207e+01
1.115146560505263196e+01
1.091627073709081230e+01
1.039117003091144475e+01
9.864852732571840477e+00
9.497304878370947279e+00
8.951213283627964756e+00
8.471166542260966992e+00
8.311378321464029995e+00
8.261663540268708417e+00
7.961001843058302718e+00
8.230544214704087480e+00
8.121690043931165448e+00
8.296687722093450290e+00
8.195149023924095388e+00
8.383325979480629186e+00
8.439355709650239845e+00
8.474402429594533714e+00
8.615498383262259807e+00
8.679338447914059174e+00
8.755156954055619778e+00
8.883033746268608866e+00
8.968142493438820750e+00
9.006208888915242738e+00
9.083021347550829461e+00
9.129676183611509899e+00
9.124711709630185297e+00
9.045861700653688331e+00
8.942116020729150350e+00
8.830429696719487964e+00
8.761769254220235226e+00
8.660188006059330590e+00
8.611448974736308770e+00
8.497623346078569284e+00
8.414488917200660723e+00
8.412397169737598546e+00
8.296065006800304786e+00
8.257014575932927869e+00
8.198995033834268753e+00
8.172473150399234498e+00
8.118715330221304427e+00
8.108636294655660492e+00
8.110915460562754475e+00
8.107456735134839221e+00
8.111148792672135954e+00
8.165612379973342883e+00
8.270720683848935550e+00
8.386005980933312287e+00
8.521460193917013370e+00
8.625000873472009388e+00
8.819427257579677715e+00
8.980836969594760077e+00
9.117410748955299127e+00
9.349691860059236248e+00
9.441434551060758906e+00
9.596613196863035711e+00
9.714669722269135832e+00
9.866855959080782057e+00
1.001246150847904204e+01
1.016107606333596891e+01
1.025435656989247946e+01
1.042398501720297332e+01
1.053723648057149020e+01
1.069519470015533180e+01
1.085831061617228954e+01
1.093872993871582722e+01
1.112443464790547409e+01
1.118147323640297941e+01
1.132128669483092409e+01
1.137109032579307666e+01
1.145175582570350059e+01
1.162013038989261560e+01
1.158857612547621585e+01
1.170608115570579422e+01
1.173171329576245547e+01
1.181702397266023041e+01
1.169090387026589717e+01
1.165138645929656214e+01
1.154487602549322212e+01
1.150807929441750765e+01
1.142498686190561941e+01
1.141311322815342955e+01
1.147381923565966133e+01
1.135386876745058160e+01
1.135030040625905379e+01
1.137963380824872850e+01
1.138657007639114482e+01
1.148228434073199189e+01
1.140680539289792783e+01
1.149668412052513844e+01
1.153334338636564560e+01
1.159657676905985646e+01
1.164928963731416545e+01
1.171024855914961549e+01
1.173382741855104072e+01
1.193505374079633086e+01
1.191313334997588669e+01
1.189614821596813243e+01
1.197948223149511371e+01
1.203399408012132810e+01
1.206271765959389342e+01
1.211116834813105747e+01
1.221451709898306959e+01
1.218488342200710406e+01
1.227868522967244935e+01
1.223413581404859585e+01
1.234260979754097498e+01
1.224227822682644451e+01
1.224182018802287608e+01
1.210801058742582548e+01
1.206230032242364736e+01
1.196843382003999245e+01
1.180942236453564220e+01
1.175845623575312260e+01
1.171818710535587549e+01
1.160459488386211824e+01
1.155389209219378799e+01
1.145214131957627579e+01
1.134829517558934064e+01
1.124305173813143988e+01
1.118242158255245577e+01
1.108217092839664630e+01
1.104686871054166986e+01
1.092538584270362811e+01
1.085482258305631298e+01
1.073500585761046722e+01
1.068590273138525681e+01
1.054769667285024326e+01
1.035455816771990634e+01
9.997551640051186794e+00
9.650488499861614500e+00
9.338985300328483063e+00
8.878774647544073417e+00
8.443230620805985964e+00
8.168914947015190720e+00
7.862635259329103121e+00
7.448216696589744501e+00
7.071068714143335932e+00
6.765454734643739698e+00
6.620785824339526116e+00
6.390466494671104059e+00
6.142274247954119026e+00
1.189994807379745367e+01
5.818351383076190153e+00
1.147886661024199029e+01
5.699486288245195986e+00
5.674533905014627955e+00
5.763339684699019472e+00
1.138911583301562480e+01
1.160198008642347034e+01
5.894097541058542333e+00
5.861905132540801588e+00
5.945161819162485095e+00
6.088062435581042209e+00
6.170675996984686051e+00
6.328481969586046141e+00
6.493765499296883625e+00
6.616642496448465138e+00
6.760043013605299578e+00
7.008490990074624172e+00
7.166655787593232851e+00
7.385092633235319504e+00
7.557554087941753096e+00
7.842513424999648208e+00
7.913071999752944841e+00
8.159597442719745075e+00
8.324517170048233439e+00
8.577972156424776173e+00
8.592903209567898770e+00
8.848161881642159443e+00
8.990858463716095983e+00
9.183831929353774015e+00
9.339248357849266213e+00
9.516896292834204019e+00
9.708280180135455240e+00
9.765910880933539318e+00
9.887854317001680826e+00
9.953060735014457094e+00
1.005982025419309345e+01
9.972205474026189620e+00
9.920940919296098670e+00
9.852512688279318809e+00
9.770754440783031569e+00
9.678388486333025398e+00
9.658200457277265727e+00
9.635602002523375731e+00
9.635728521139606428e+00
9.583566498354906926e+00
9.609711504267846038e+00
9.536678511452993945e+00
9.568850277523530679e+00
9.612393799869746402e+00
9.633674969213474881e+00
9.740650562355078534e+00
9.759476510111657177e+00
9.864160327842418141e+00
9.968095739007367229e+00
1.003127691189995829e+01
1.008444446533667893e+01
1.018857219475080633e+01
1.022845969372491126e+01
1.027909649325145836e+01
1.022894445633215810e+01
1.023256024632176064e+01
1.018924701502010954e+01
1.010388320705920506e+01
1.002409380129077476e+01
9.921441890382570961e+00
9.818521835659987929e+00
9.645112311043209985e+00
9.394096589739071135e+00
9.030753401702343197e+00
8.651986787802719903e+00
8.240538962020453440e+00
7.819065600094984525e+00
7.459057436864867441e+00
7.160644446532743679e+00
6.832967564502844482e+00
6.602209116725283877e+00
6.539052554286045371e+00
6.443107511942452348e+00
6.284400048143674589e+00
6.153949407276017247e+00
5.997658251771454729e+00
5.831444157437867482e+00
1.145676274485904145e+01
1.106599444690477441e+01
1.085011305842622953e+01
5.470513759001338627e+00
1.100342176656355697e+01
5.562328570977483899e+00
1.136085830757671644e+01
5.859322643056970037e+00
5.961087059658670917e+00
6.104930814230737468e+00
6.216423385234994825e+00
6.404430423520450333e+00
6.594593274433585783e+00
6.732535445929561213e+00
6.855940913829505767e+00
7.056316260326433998e+00
7.194680856573182126e+00
7.369722115345595626e+00
7.479492196680382676e+00
7.677803022833097124e+00
7.768744860575575117e+00
7.968676278085334630e+00
8.051448412561565959e+00
8.209197682021070364e+00
8.325156919522969545e+00
8.467495545725725492e+00
8.609444886072294523e+00
8.756906895232546617e+00
8.846793432858422790e+00
9.014137685893496510e+00
9.116245097906013228e+00
9.259819293740239488e+00
9.406840101258920228e+00
9.525116844960892948e+00
9.589858204375165229e+00
9.687520439175751008e+00
9.817856887294929891e+00
9.903576860446039021e+00
1.001170216182290496e+01
1.009103537218137880e+01
1.016732585833980629e+01
1.021294241016680715e+01
1.025045951039878211e+01
1.025829180025455045e+01
1.014640177542232991e+01
1.012473908145537216e+01
9.998663997090304179e+00
9.874306408250507872e+00
9.841575764277783023e+00
9.835294371365439048e+00
9.693487811919178299e+00
9.647127893058037529e+00
9.488701525875802290e+00
9.202164041271384320e+00
8.858560908780795273e+00
8.578722202467860214e+00
8.327224655247086105e+00
8.128151674189311393e+00
8.045314626713825135e+00
7.850067263326629075e+00
7.706963433003644504e+00
7.741969173516262792e+00
7.580272239652247279e+00
7.564460250626739324e+00
7.462065223292991156e+00
7.463004074273914767e+00
7.476619857341424868e+00
7.457187242287090179e+00
7.437514532184077432e+00
7.432025720908808530e+00
7.461446156144463160e+00
7.485925690498634211e+00
7.512778485630384750e+00
7.542428581295227197e+00
7.604285903432705496e+00
7.634263482840105475e+00
7.691445298701538036e+00
7.710799524129272164e+00
7.731047220326582980e+00
7.802814063925315402e+00
7.769819106908372852e+00
7.842315635362020032e+00
7.809135116517834874e+00
7.840521671931744763e+00
7.836388860471340756e+00
7.908352892360627884e+00
7.920047647294598647e+00
7.957969367587559795e+00
7.994457259543197303e+00
8.008897525792653127e+00
8.082360561703456625e+00
8.074781511312004056e+00
8.109246512573550447e+00
8.072577543348977258e+00
8.059725443301465120e+00
7.976287860090154780e+00
7.908093279718781510e+00
7.870589952366406905e+00
7.774470763565782150e+00
7.881992304868614241e+00
7.680201135605075891e+00
7.739182903839258110e+00
7.700179539584890875e+00
7.703116835100044746e+00
7.695105086913227588e+00
7.629502727826700692e+00
7.569811563151789713e+00
7.496412486193596791e+00
7.450372209268459223e+00
7.401144062908572074e+00
7.365956767712319220e+00
7.233250546408198645e+00
7.161412730925725612e+00
7.090505332083757217e+00
7.030383538609117799e+00
6.995683751857700194e+00
7.051183469400044146e+00
7.129411474093330092e+00
7.148543925825203260e+00
7.156152139717558924e+00
7.158732955096289707e+00
7.210135732465033698e+00
7.208405682948573201e+00
7.223896107771146546e+00
7.202867744054878507e+00
7.213200658341157201e+00
7.176368559015198656e+00
7.088920765812605218e+00
7.011575199867334796e+00
6.920194511112430114e+00
6.850815838972196481e+00
6.837846413503114285e+00
6.818092393958484543e+00
6.844689542213861166e+00
6.804278831066390865e+00
6.822628807969237208e+00
6.879602627597737552e+00
6.863289774411055255e+00
6.960271214677214324e+00
7.059633063443729206e+00
7.133776388553568104e+00
7.261744856632160960e+00
7.355598599531308679e+00
7.440157244618097465e+00
7.514469907496218681e+00
7.658979746953566092e+00
7.724943455868487519e+00
7.803768662992522032e+00
7.891461137928190261e+00
7.942251046798900482e+00
8.000119374977447961e+00
7.922691289198421138e+00
7.702527702809542021e+00
7.467614911054587523e+00
7.370128040809876602e+00
7.324889808483370679e+00
7.052448737294248815e+00
7.270430480910254900e+00
7.267774258383195907e+00
7.441943009552886679e+00
7.424822667915624841e+00
7.604461050484940365e+00
7.728076900064407617e+00
7.699653544027595053e+00
7.713874436985852512e+00
7.800942296353060357e+00
7.898948494479005156e+00
8.007248121358768955e+00
8.074049757756579737e+00
8.213710885178578280e+00
8.312288642009329820e+00
8.348906806740790998e+00
8.444993480305672762e+00
8.525373228594858688e+00
8.477503680399379959e+00
8.427611060609899951e+00
8.348082052231772465e+00
8.253117585123053601e+00
8.165423543381706395e+00
8.070221788959178966e+00
8.010820050026339345e+00
7.936527081932307048e+00
7.871197803024896800e+00
7.813983246254324833e+00
7.858881394759154482e+00
7.830338121402526497e+00
7.753218652340924777e+00
7.852501277959398784e+00
7.817623340312604974e+00
7.835973754730047425e+00
7.895969565830639247e+00
7.975417230576577587e+00
8.030712617188839886e+00
8.114012492073918281e+00
8.202835997753158637e+00
8.358318640819032197e+00
8.451027324426052090e+00
8.614303423369022994e+00
8.752615963082538642e+00
8.953282251905795519e+00
9.117742748876965564e+00
9.247401449313466415e+00
9.494447684908777774e+00
9.596248227684199605e+00
9.699384400277970997e+00
9.919550807805142867e+00
1.007780834398673697e+01
1.027985503349197138e+01
1.040491686458121912e+01
1.055661188251472637e+01
1.070587349502672048e+01
1.080885478400199062e+01
1.096460496673451246e+01
1.107817607163114282e+01
1.122120061272166680e+01
1.132077178138568563e+01
1.146519447174009620e+01
1.156681885030279666e+01
1.169233612377025366e+01
1.176035428752674328e+01
1.190619159643442693e+01
1.200644914921853967e+01
1.204118153869466568e+01
1.208204787956750259e+01
1.213074562177469318e+01
1.208326778921478351e+01
1.198120806001630001e+01
1.190709250244336381e+01
1.183460880916357461e+01
1.177196171352994902e+01
1.166497869227322859e+01
1.158999577898762290e+01
1.152088733243842711e+01
1.147397684743054036e+01
1.152340018691934453e+01
1.137800077642913621e+01
1.134972434439730549e+01
1.132862203214629027e+01
1.123254789870512127e+01
1.131791844483471365e+01
1.110713716980634658e+01
1.115675996912063894e+01
1.115199972701181963e+01
1.113620248112238187e+01
1.110084258592928030e+01
1.114385285206512322e+01
1.115741863591066263e+01
1.119153323112650256e+01
1.122821414801459561e+01
1.133771171303463987e+01
1.135726379931289465e+01
1.138651605443197212e+01
1.136340067871230985e+01
1.138109460468985823e+01
1.144063851286214195e+01
1.137032816388937206e+01
1.129602966142813791e+01
1.120388862770712457e+01
1.116879970359646279e+01
1.106570481163767461e+01
1.096610809565348887e+01
1.088100978168408872e+01
1.079568682281557557e+01
1.072012966556220803e+01
1.059936993882617529e+01
1.057223072335529679e+01
1.050888300171925493e+01
1.049006441071407458e+01
1.043227074150708411e+01
1.045389998319402736e+01
1.041228120505066279e+01
1.046579063425556910e+01
1.041157155467299766e+01
1.037157231686228975e+01
1.029568402429137919e+01
1.022018732836950505e+01
1.011327320937738428e+01
1.001117983571418257e+01
9.722854593493693187e+00
9.478503291008044229e+00
9.175185901650705134e+00
8.840333349045563338e+00
8.477642107165637597e+00
8.070626150831754941e+00
7.705387080112314102e+00
7.437636546813524596e+00
7.360392535799293867e+00
7.227767448483068513e+00
7.044324895129065567e+00
6.905229490909359669e+00
6.667408798419065974e+00
6.483597959380178466e+00
6.360225640399615799e+00
6.174512797784749374e+00
5.961450281096174919e+00
1.148033559182328389e+01
5.611199337188399028e+00
1.110872499652815470e+01
1.113530164961681912e+01
5.643068230902755111e+00
5.694904647781265261e+00
5.763504539492892320e+00
5.800624337829285437e+00
5.945110153821624444e+00
6.071915985069780142e+00
6.217726176179316333e+00
6.414021602790723087e+00
6.646286262587591587e+00
6.863172949889912111e+00
7.012857356388128238e+00
7.257345017669454279e+00
7.449184302158294635e+00
7.683384008163367085e+00
7.921746682876855239e+00
8.170126733252990547e+00
8.365781628366921296e+00
8.572193261461464431e+00
8.744892542283427161e+00
8.908752494595509219e+00
9.097246910695698574e+00
9.272081255478504147e+00
9.431138277907377798e+00
9.540902937492242941e+00
9.748574650521355522e+00
9.850891216806866524e+00
9.912080886608739760e+00
1.005186280697976109e+01
1.014769580240943192e+01
1.019029889810559908e+01
1.029406853803040178e+01
1.042056061745934237e+01
1.054067271106268144e+01
1.061753870276420564e+01
1.070154033532555715e+01
1.077418963514790384e+01
1.086158229184601964e+01
1.090223824496435867e+01
1.100461667313900094e+01
1.099904578850730985e+01
1.091793740235261190e+01
1.088303135394114030e+01
1.088483633655641114e+01
1.080287115711455570e+01
1.077525090707372968e+01
1.079047090604766090e+01
1.081239497478263623e+01
1.079785396552855659e+01
1.082835063121736319e+01
1.075805744813227172e+01
1.074985936947686938e+01
1.078350267114035610e+01
1.073618717341450335e+01
1.067963437944474414e+01
1.059891649236072730e+01
1.053311286590446194e+01
1.042410123764959096e+01
1.030142601152332205e+01
1.022318826403587266e+01
1.012576274842295376e+01
1.012435869827808865e+01
9.967536273050104256e+00
9.883251103467479481e+00
9.841113916856791377e+00
9.809680435289168443e+00
9.758166135714690270e+00
9.727311377284118876e+00
9.746204907881349300e+00
9.751176471340391672e+00
9.790728686956734705e+00
9.796924700790045293e+00
9.855201267438737034e+00
9.857200442984195732e+00
9.948667475236394608e+00
1.000236997439765751e+01
9.992706108125869235e+00
1.016761386628395591e+01
1.019566608019951381e+01
1.018706743388733216e+01
1.026425395511148508e+01
1.035072776798693006e+01
1.032724776446341686e+01
1.037091847508506604e+01
1.046914648230527156e+01
1.051377651854821238e+01
1.054325140029889063e+01
1.054977726109289904e+01
1.060546081241669825e+01
1.063310104765469966e+01
1.066261855603338304e+01
1.071429346706843688e+01
1.074445773331073717e+01
1.087355366317735594e+01
1.083272459787140285e+01
1.077489116017692439e+01
1.072403815893675016e+01
1.063912028324591574e+01
1.056767853590510775e+01
1.045430735357791363e+01
1.037914028582423498e+01
1.024930040519078212e+01
1.019307347985890999e+01
1.008037881470869834e+01
9.999614578878782467e+00
9.981683166364209825e+00
1.000583897387009458e+01
1.002658740011248106e+01
1.003422343793501881e+01
1.007889874972064703e+01
1.005565365114306964e+01
1.012381029623712969e+01
1.014674877808415587e+01
1.018329962706299519e+01
1.016603950360067010e+01
1.027223733197985567e+01
1.033473595775275555e+01
1.044543642270213901e+01
1.047605308408575553e+01
1.051894667219631607e+01
1.059083009047053991e+01
1.070308785126859519e+01
1.069018860298904272e+01
1.073077118524632745e+01
1.079447115719193384e+01
1.085465986252911996e+01
1.087042316766027739e+01
1.085989828673306157e+01
1.082352629840138292e+01
1.078703642121510775e+01
1.071203291510975220e+01
1.069715093208950840e+01
1.061332926072286398e+01
1.056397892551084894e+01
1.049762348218975028e+01
1.044156109256830334e+01
1.037106816057205982e+01
1.031650647095244722e+01
1.021795065517814471e+01
1.019362227899047824e+01
1.011901344094554389e+01
1.015932289716588599e+01
1.010963878996694554e+01
1.009697332458739538e+01
1.012646704804872400e+01
1.008074612681061133e+01
1.011471277315582817e+01
1.010324966005410907e+01
1.012307650317583452e+01
1.003875919762685065e+01
9.932503595245437467e+00
9.917609391515435746e+00
9.894437080139562468e+00
9.816874489311750551e+00
9.749211267824593463e+00
9.661127946201352401e+00
9.604581432057798906e+00
9.538022517917962517e+00
9.502780102826305253e+00
9.375773519075647044e+00
9.384037127120119948e+00
9.279018815270617893e+00
9.260222455278045217e+00
9.330204056675201585e+00
8.982526942449112539e+00
9.065929872172057813e+00
9.042531082067032600e+00
8.978368020242086800e+00
8.874664593612822117e+00
8.904698878611608137e+00
8.834793329479083468e+00
8.770369765096930337e+00
8.767654239909395741e+00
8.700950365626990646e+00
8.600297416037872011e+00
8.600290954924695086e+00
8.430350633920145498e+00
8.367251356818892205e+00
8.362847450182922415e+00
8.245065753038181455e+00
8.083148221216534424e+00
7.901896333121876559e+00
7.665221687213554347e+00
7.388615318137922827e+00
7.124750005158263733e+00
6.861901451297123700e+00
6.617467174684089848e+00
6.384685886940950184e+00
6.119537488461118890e+00
5.960721793179470929e+00
1.153188696954939196e+01
1.108164935670320261e+01
1.055211707219056905e+01
1.002857409058067617e+01
9.371918647610961273e+00
8.506174136936996533e+00
7.607272741938118088e+00
6.778905099837286841e+00
5.973189811658597748e+00
7.392439611417669809e+00
6.587579941814260209e+00
