0 0.00011630782700300617 0.008893717926840565 100 20.0
0 9.327865553143716e-06 0.004935683406604079 200 20.618556701030926
0 6.559739641200823e-05 0.005629401506309521 300 20.408163265306122
0 2.0044474287334396e-05 0.010148100816583114 400 20.83333333333333
0 4.979442130912621e-05 0.0116046831090583 500 21.097046413502106
0 3.110377949095133e-06 0.008162520734737763 600 21.201413427561835
0 1.2037215126412847e-05 0.005840683949741845 700 21.875
0 1.2257966591728344e-06 0.004103026060986259 800 22.47191011235955
10 8.037842736789882e-05 0.01592018461517896 100 20.408163265306122
10 5.321294550079886e-05 0.009149086327316628 200 20.83333333333333
10 4.445444022340789e-05 0.009290796999196304 300 20.689655172413794
10 3.761324963081578e-05 0.013962241363601835 400 21.16402116402116
10 0.00012124016851505641 0.013469410810406353 500 21.27659574468085
10 1.1174248324497875e-05 0.010740331934515053 600 21.428571428571427
10 1.1314052875433529e-06 0.008079725173828024 700 22.151898734177212
10 7.440502143279931e-06 0.006149862158974459 800 22.727272727272727
20 9.188777943737324e-05 0.004218805324388663 100 20.408163265306122
20 1.5390245529082136e-05 0.007882508125493834 200 20.83333333333333
20 4.834570557395863e-05 0.009647105882739145 300 20.833333333333332
20 4.48795253444819e-06 0.009616441375013267 400 21.390374331550802
20 1.125801395130671e-05 0.008448613813386017 500 21.1864406779661
20 1.5630326149344387e-05 0.006971427316087114 600 21.660649819494584
20 2.637577869296463e-05 0.005347179348560879 700 22.364217252396166
20 1.6246553785993018e-05 0.005099551126061566 800 22.857142857142858
30 0.0001317921891482108 0.01680795423075974 100 20.83333333333333
30 0.00011625390640145952 0.010682648244214667 200 20.408163265306122
30 2.6385372198228993e-05 0.014707181031230665 300 20.689655172413794
30 3.405689666303953e-05 0.017221892413053736 400 21.390374331550802
30 2.0472153700260998e-05 0.014259370388656973 500 21.008403361344538
30 5.694651464709412e-06 0.01139174583145673 600 21.73913043478261
30 2.5167039964755375e-06 0.00853296857891315 700 22.435897435897434
30 0.0 0.006952273010859322 800 22.922636103151863
40 0.0002011852104293602 0.014916343290486779 100 20.83333333333333
40 0.00013640286022001727 0.010590437780115312 200 20.618556701030926
40 5.61296141965553e-05 0.01585786192944331 300 20.979020979020977
40 3.152878034637007e-05 0.017785891198748533 400 21.62162162162162
40 1.100821151820861e-05 0.013997736158587558 500 21.27659574468085
40 9.417749826339e-06 0.010831602458990305 600 21.978021978021978
40 7.3875466751470034e-06 0.008282250363959647 700 22.653721682847895
40 4.149697612736798e-06 0.006975097161024782 800 23.18840579710145
50 0.00018290718791257474 0.014375480066839497 100 20.408163265306122
50 0.00017920238377248314 0.015140236454349263 200 20.408163265306122
50 7.950807785610828e-05 0.022344746469873174 300 20.979020979020977
50 0.000118184957170274 0.024085675443647564 400 21.27659574468085
50 3.144098896157904e-05 0.018659763222937904 500 21.27659574468085
50 1.2687252403963363e-05 0.0150115446070714 600 22.05882352941176
50 2.380398275608572e-05 0.012472806225952994 700 22.727272727272727
50 2.147769633732146e-05 0.011300288383690597 800 23.255813953488374
60 5.322633100424714e-05 0.0073104957254710445 100 20.408163265306122
60 1.4743879074238713e-05 0.010021497403592719 200 20.618556701030926
60 2.0906280538702033e-05 0.011678583918412285 300 21.27659574468085
60 5.240001151163366e-05 0.009819254088998978 400 21.27659574468085
60 9.19110474799068e-06 0.007948798278959618 500 21.551724137931032
60 1.1832921260944138e-05 0.0055306157661769275 600 22.388059701492537
60 7.345605140662432e-06 0.004623089279754733 700 23.02631578947368
60 3.2061466861762462e-06 0.004931409328352554 800 23.529411764705884
70 5.334925710568498e-05 0.009724137771698131 100 20.408163265306122
70 5.979375674194358e-05 0.01209047902438419 200 20.618556701030926
70 1.5161309474047713e-05 0.01254245216245915 300 21.58273381294964
70 2.2539454684939682e-05 0.009905823880997516 400 21.16402116402116
70 3.399215840625778e-06 0.008002098821464796 500 21.834061135371176
70 1.7157554765168952e-05 0.005562819726652973 600 22.641509433962263
70 1.3556870106078447e-05 0.005011047582557731 700 23.178807947019866
70 0.0 0.005307744854078366 800 23.73887240356083
80 0.00021118487293667737 0.008026653397723777 100 19.6078431372549
80 4.0106552515774125e-05 0.01495902768013381 200 20.408163265306122
80 2.2771595905529355e-05 0.01581912656935982 300 21.428571428571427
80 7.712625906573554e-06 0.011967617603333305 400 21.05263157894737
80 6.201126440824102e-06 0.009116056314823689 500 21.929824561403507
80 2.376484804182274e-06 0.006608105575671848 600 22.727272727272727
80 9.034248654143364e-06 0.005770181404467641 700 23.25581395348837
80 8.331817747044994e-06 0.006116286435297369 800 23.880597014925375
90 0.00017270491132786954 0.010441800153211597 100 19.6078431372549
90 2.80492643581675e-05 0.016118629829179495 200 20.618556701030926
90 2.1345556726420054e-05 0.016377408716176482 300 21.428571428571427
90 6.121323760779036e-07 0.010927384704490761 400 21.16402116402116
90 9.605378333823846e-06 0.007475961607703003 500 22.123893805309734
90 1.0298333107246452e-06 0.005095750434689903 600 22.900763358778622
90 1.7710178038839788e-06 0.004882128968517753 700 23.48993288590604
90 6.62046947557073e-06 0.005395310820752721 800 24.096385542168672
100 0.00015590849210006595 0.01189161766691182 100 20.0
100 3.292533555049347e-05 0.015144344899449396 200 21.05263157894737
100 0.00015483103489860324 0.01417598920014263 300 21.428571428571427
100 7.586158753513209e-06 0.008797980140900906 400 21.50537634408602
100 2.141173994654004e-05 0.005773002574734334 500 22.42152466367713
100 3.1698939231415824e-06 0.004280903749606347 600 23.166023166023162
100 3.5075967057938417e-06 0.004599254362901004 700 23.728813559322035
100 0.0 0.005313801199888748 800 24.316109422492403
110 6.48052206898384e-05 0.013610419017835862 100 20.408163265306122
110 3.4240316087354385e-06 0.01343610775004618 200 21.50537634408602
110 2.5986908329700462e-05 0.010020712623436213 300 21.428571428571427
110 2.2651332431980307e-05 0.007319891016052001 400 21.85792349726776
110 2.8199456866624185e-05 0.004932377308620392 500 22.727272727272727
110 1.6869611506311947e-05 0.0050069551151607425 600 23.4375
110 1.276365264779177e-05 0.005822403695558282 700 23.972602739726025
110 5.364679914112023e-06 0.006456006108601357 800 24.539877300613497
120 0.00022023831496078845 0.01338923166719324 100 20.408163265306122
120 1.070335890739343e-05 0.012224701431724348 200 21.978021978021978
120 4.352407338561122e-06 0.008695451852848339 300 21.12676056338028
120 2.6937559937590763e-05 0.006235471064216446 400 22.09944751381215
120 3.405122992236875e-05 0.0050134286068719966 500 23.041474654377875
120 2.710337458905424e-05 0.00591266919748053 600 23.622047244094485
120 1.4095364884909161e-05 0.006704854039503092 700 24.22145328719723
120 5.585140323319672e-06 0.007491688537658846 800 24.615384615384617
130 0.00013165926844368726 0.011742279413067073 100 20.83333333333333
130 7.151160371379173e-05 0.011701658382202709 200 22.22222222222222
130 5.689452338988262e-05 0.010562159277555813 300 21.27659574468085
130 5.972686070541745e-05 0.009771204494562808 400 22.346368715083795
130 3.892929860356973e-05 0.010305241579973645 500 23.25581395348837
130 4.576192251850574e-05 0.011352938020290032 600 23.904382470119522
130 1.9068433081782595e-05 0.012069952491627737 700 24.475524475524473
130 5.9869566719386375e-06 0.012818196670199893 800 24.691358024691358
140 0.00011636615177545762 0.01178886193630454 100 21.27659574468085
140 6.384259175256728e-05 0.012680155808636412 200 21.978021978021978
140 5.597445730731743e-05 0.009209851743455457 300 21.58273381294964
140 5.532147420469468e-05 0.008759214070188029 400 22.727272727272727
140 3.54224170562971e-05 0.009729138568574729 500 23.584905660377355
140 3.0348911497667137e-05 0.010707494636551868 600 24.193548387096772
140 1.675110543417287e-05 0.011559970637710543 700 24.734982332155475
140 2.0538577100936336e-05 0.012255162460449215 800 24.767801857585138
150 8.472437564136724e-05 0.012697840528650866 100 21.739130434782606
150 0.0002084906252466805 0.012988612402767942 200 21.978021978021978
150 5.603242928879962e-05 0.009192672034313972 300 21.8978102189781
150 6.363928232367791e-05 0.009603198726935665 400 22.988505747126435
150 3.498808052471285e-05 0.011101744537017262 500 23.80952380952381
150 3.0492080814821058e-05 0.012181148544438046 600 24.390243902439025
150 2.111811518460221e-05 0.012672127850832791 700 25.0
150 5.765388476518977e-06 0.013220145734084244 800 24.767801857585138
160 9.629766074971031e-05 0.022069919317972482 100 22.727272727272727
160 8.963341699492653e-05 0.012640621014064714 200 21.50537634408602
160 6.5399690746112794e-06 0.00789926241721148 300 22.22222222222222
160 2.0360944427985996e-05 0.004192305009530539 400 23.391812865497073
160 3.0821524294991904e-06 0.00412465012055132 500 24.038461538461537
160 1.6499169983966066e-06 0.005140879558255108 600 24.691358024691358
160 6.929040700706595e-06 0.00633735797091776 700 25.179856115107913
160 3.928897677541986e-05 0.006905706449361459 800 24.539877300613497
170 0.00019317165756518257 0.02861331511853495 100 23.255813953488374
170 8.274068135381512e-05 0.016871250086211743 200 21.27659574468085
170 2.9028127405415035e-05 0.011345739101839043 300 22.55639097744361
170 9.231367353461374e-06 0.007618332180146232 400 23.668639053254434
170 6.338876780931115e-06 0.007630174295047473 500 24.390243902439025
170 1.9151849028356236e-05 0.008947142747630792 600 25.0
170 2.3991317450551612e-05 0.010549350120843437 700 25.27075812274368
170 7.223679552333682e-06 0.010585450952632254 800 24.316109422492403
180 2.8101758060808286e-05 0.012663633935023212 100 22.727272727272727
180 4.395893901294113e-05 0.005803343983195542 200 21.27659574468085
180 4.4239460834031906e-05 0.006197247201793202 300 22.900763358778622
180 2.549483102033341e-05 0.007338802345461638 400 23.952095808383234
180 3.0460546175976394e-05 0.008651488777833075 500 24.509803921568626
180 3.693120759282743e-06 0.009108374323112903 600 25.210084033613445
180 5.5631262243594946e-05 0.010140280512030118 700 25.179856115107913
180 9.49368185799327e-06 0.010749306384294435 800 24.024024024024023
190 7.12779070507021e-05 0.013622457473442727 100 21.739130434782606
190 5.3189267432490854e-05 0.006674992277914889 200 21.50537634408602
190 5.760700713261365e-05 0.007869023738029503 300 23.076923076923077
190 2.2070548596121693e-05 0.009082145235382491 400 24.096385542168672
190 1.5927775689235868e-05 0.009880860903942915 500 24.75247524752475
190 7.52165522094158e-06 0.010100429338195726 600 25.423728813559322
190 1.1988457065830978e-05 0.01061778627958464 700 25.27075812274368
190 1.382723574432449e-06 0.011653483333974328 800 23.73887240356083
200 0.00010880904258911594 0.0074235749918965255 100 20.408163265306122
200 5.394064801370339e-05 0.008540905777321963 200 21.739130434782606
200 4.453778912264169e-05 0.009942847281750196 300 23.25581395348837
200 2.657758668781297e-05 0.011033583382613297 400 24.242424242424242
200 1.719890889271284e-05 0.01145587431553264 500 24.87562189054726
200 8.077835689257962e-06 0.011374842303212902 600 25.53191489361702
200 2.583921819588097e-05 0.011855545244758311 700 24.822695035460992
200 4.579292548861301e-06 0.012807041406236213 800 23.46041055718475
210 2.868285918061485e-05 0.009580577959337594 100 19.23076923076923
210 4.463211558575474e-05 0.010114072764591777 200 21.978021978021978
210 5.063770523583794e-05 0.011412539011965383 300 23.622047244094485
210 3.608013966430445e-05 0.011976864384396957 400 24.39024390243902
210 1.5989014198223125e-05 0.011967778520543556 500 25.125628140703515
210 4.090887137780182e-06 0.012074109003032362 600 25.53191489361702
210 1.3198446328475062e-05 0.012731972555534913 700 24.475524475524473
210 4.570804098530544e-05 0.011810909570056472 800 23.46041055718475
220 4.4974196462773465e-05 0.01054492218557922 100 19.23076923076923
220 5.1974166363298565e-05 0.011526743971307707 200 22.22222222222222
220 2.3290623055169997e-05 0.011518266272148523 300 23.809523809523807
220 2.907176217426628e-05 0.011957987966618799 400 24.691358024691358
220 0.0 0.011772521411251612 500 25.51020408163265
220 4.71969868895563e-05 0.012378976431455146 600 25.423728813559322
220 1.7129062533527332e-05 0.01295540008513205 700 24.137931034482758
220 3.4062231760075e-06 0.011254065720565767 800 23.529411764705884
230 5.377577505828746e-05 0.015877989455138686 100 20.0
230 5.527428368076502e-05 0.014238802090968504 200 22.988505747126435
230 1.7694259783515944e-05 0.013473900078067936 300 24.390243902439025
230 1.5282691572302257e-05 0.013362033687968003 400 25.157232704402514
230 1.79380146536462e-06 0.012977714131930402 500 25.906735751295336
230 4.849031816924346e-05 0.012788889194507875 600 25.75107296137339
230 6.749494850706758e-06 0.014065172817242112 700 23.972602739726025
230 1.8610072315951378e-06 0.01139007330668524 800 23.598820058997052
240 0.0005875755186357719 0.06332151687343023 100 20.83333333333333
240 0.00033583959853445436 0.06160305015634126 200 23.80952380952381
240 0.0001999128806166254 0.06143184557927705 300 24.793388429752063
240 0.00015094153369753726 0.06033273918634212 400 25.477707006369425
240 0.00011441558873053943 0.058985114287684486 500 26.178010471204185
240 7.370700756306182e-05 0.05737790414409176 600 25.53191489361702
240 7.570216518889381e-05 0.05313037464338608 700 23.728813559322035
240 6.617667620269361e-05 0.04360458180698616 800 23.668639053254434
250 0.00017083010383534003 0.01549473714947836 100 22.727272727272727
250 0.00010500589057435226 0.018094774803124783 200 25.0
250 5.6426312299720425e-05 0.018499114408213967 300 25.64102564102564
250 3.96826949858196e-05 0.017883395099505026 400 26.31578947368421
250 2.387409793449406e-05 0.017276570692896974 500 26.737967914438503
250 2.699036329061333e-05 0.017200971891751342 600 25.53191489361702
250 8.983000107666234e-06 0.017154023478505295 700 23.890784982935152
250 2.1198355960546086e-05 0.013387443113961285 800 23.668639053254434
260 0.0001277738308042923 0.01457236045462987 100 24.39024390243902
260 9.524772998771127e-05 0.01694462792642658 200 25.974025974025974
260 6.422282759514519e-05 0.016530069780108552 300 26.54867256637168
260 2.6827737476304202e-05 0.01566724370280325 400 27.027027027027025
260 1.380393104999574e-05 0.015212123376268493 500 27.173913043478258
260 1.701895826592918e-05 0.015572452040234191 600 25.53191489361702
260 4.677963424752741e-05 0.014279167057876482 700 24.054982817869416
260 1.6179148593114676e-05 0.011595623317583641 800 23.668639053254434
270 7.312542334734796e-05 0.012336082701287459 100 25.0
270 1.3334537974174346e-05 0.01181793590402771 200 26.666666666666668
270 2.8361440351859237e-05 0.012337874978992691 300 26.785714285714285
270 9.711925189472772e-06 0.012022291637159826 400 27.3972602739726
270 4.956515861020414e-05 0.012744070062097004 500 27.027027027027028
270 2.5381110385417715e-05 0.013616795533292609 600 25.0
270 8.644971516933965e-06 0.011773699021702331 700 24.137931034482758
270 3.1093410428743752e-06 0.009539704542299333 800 23.391812865497073
280 6.543755232820917e-05 0.012211923148625924 100 25.64102564102564
280 4.708221890476919e-06 0.0117419644357323 200 26.666666666666668
280 3.040236036281052e-06 0.012726274641678532 300 27.027027027027025
280 2.4906027608959618e-05 0.012896134336635052 400 27.586206896551722
280 4.4948794867964e-05 0.01275057721776475 500 27.027027027027028
280 1.98897225458538e-05 0.014869778534971304 600 24.590163934426226
280 2.7305985575413865e-06 0.011868435428721126 700 24.054982817869416
280 3.082431270865205e-06 0.00957922691241398 800 23.054755043227665
290 3.4205511136332e-05 0.011973273296857838 100 26.31578947368421
290 6.021584337988533e-06 0.012420297148967488 200 27.027027027027025
290 0.0 0.012754910873855937 300 27.272727272727273
290 1.3620836472174586e-05 0.012613936060857714 400 27.77777777777778
290 4.54995651072464e-05 0.012731670006085482 500 26.31578947368421
290 1.4729895834781145e-05 0.014814214614048818 600 24.0
290 3.864771213648123e-06 0.011203031180981727 700 23.809523809523807
290 1.4573461440895252e-05 0.008709215707184716 800 22.988505747126435
300 6.200431441962411e-05 0.013148329548906969 100 27.027027027027025
300 2.760963374740813e-05 0.013148167715688582 200 27.027027027027025
300 0.0 0.012719524991153587 300 27.522935779816514
300 1.5416305315643596e-05 0.012945181874605187 400 27.586206896551722
300 0.0 0.01400720938261827 500 25.51020408163265
300 7.575844945195503e-05 0.01318902918269068 600 23.904382470119522
300 1.6290358647549326e-06 0.01045903434503585 700 23.41137123745819
300 5.867737355370361e-06 0.008002806613834307 800 22.922636103151863
310 2.9805448180561304e-05 0.011758183471128829 100 27.027027027027025
310 1.0919630324876209e-05 0.013934301601995894 200 27.027027027027025
310 3.889599289652812e-05 0.014081455449561282 300 27.777777777777775
310 0.00013038852717314143 0.015231823046913945 400 27.027027027027025
310 4.1444963423517516e-05 0.016213396507400817 500 24.63054187192118
310 2.186836539562406e-05 0.01375998843222297 600 23.809523809523807
310 5.9165097130441685e-06 0.010766665896307794 700 22.950819672131146
310 3.1966380833656923e-06 0.008424253115316183 800 22.662889518413596
320 9.871423215904035e-05 0.015402846712266875 100 26.31578947368421
320 5.203748415084294e-05 0.016988354976038154 200 27.027027027027025
320 4.443826279472867e-05 0.017681340417052094 300 27.777777777777775
320 6.348693003421858e-05 0.017054331139272974 400 26.845637583892618
320 3.5200934963668886e-05 0.01923496278396209 500 23.923444976076553
320 3.430929935385796e-05 0.014743265391839818 600 23.529411764705884
320 0.0 0.011402440408739705 700 22.508038585209004
320 3.7666427191208357e-06 0.009292024595661755 800 22.346368715083795
330 6.561126593105094e-05 0.016809935557147722 100 26.31578947368421
330 4.122931904694595e-05 0.016850747822064402 200 27.3972602739726
330 4.274553475174636e-05 0.01747934803322944 300 27.777777777777775
330 9.709897705391813e-05 0.01727889406375198 400 25.477707006369425
330 6.982832655853417e-05 0.01857742992614692 500 23.36448598130841
330 1.1148175111688102e-05 0.013408624330709292 600 23.076923076923077
330 6.372742784610131e-06 0.010168950095495776 700 22.435897435897434
330 3.857614358785588e-06 0.00839994610849362 800 22.09944751381215
340 2.788051517488915e-05 0.01578199526212919 100 26.31578947368421
340 3.593342183117958e-05 0.015351520216820133 200 27.3972602739726
340 5.147080006557769e-05 0.016660382758226067 300 27.272727272727273
340 3.4519333024816145e-05 0.017163855714738455 400 24.539877300613497
340 3.6111378620461115e-05 0.014880082526115751 500 23.148148148148145
340 1.311803236151755e-05 0.011096618383172727 600 22.55639097744361
340 5.3669672537997195e-06 0.008253101410583481 700 22.292993630573246
340 2.159393727740665e-06 0.006865078394612649 800 22.038567493112946
350 1.7894679396559087e-05 0.01371157103769455 100 26.31578947368421
350 2.5074097912985822e-05 0.013289008617451808 200 27.77777777777778
350 0.0001182766805836868 0.01283709199126328 300 26.785714285714285
350 2.9195784204624717e-05 0.01514910110450377 400 23.668639053254434
350 7.605060671518033e-06 0.011251143735809474 500 23.148148148148145
350 1.0569928109876138e-05 0.008437215788582803 600 22.05882352941176
350 1.1798067533473845e-05 0.006096603055528161 700 21.943573667711597
350 4.253846393103337e-06 0.004586977208347675 800 21.978021978021978
360 3.853752718982224e-06 0.013408699113026525 100 27.027027027027025
360 1.1491266924578708e-05 0.0128149172709291 200 27.77777777777778
360 5.5225977139613974e-05 0.012754296561197023 300 25.86206896551724
360 1.7100825569923726e-05 0.015553278925764242 400 22.727272727272727
360 1.0051943762442134e-05 0.010688128720140402 500 22.8310502283105
360 1.4302709085620046e-05 0.007675192419222595 600 21.818181818181817
360 8.759375799880296e-06 0.005642319294743687 700 21.60493827160494
360 0.0 0.004469247450528254 800 21.85792349726776
370 6.998830175846126e-05 0.015376902160983991 100 27.027027027027025
370 5.4230542884272476e-05 0.0164543861419509 200 27.77777777777778
370 5.78784221237984e-05 0.015786140376711198 300 24.590163934426226
370 0.00012834080793636097 0.016153499273843297 400 22.47191011235955
370 7.868021387665342e-06 0.011231221140566489 500 22.22222222222222
370 1.6338068398529476e-06 0.00822774678211221 600 21.73913043478261
370 0.0 0.006704911451417856 700 21.47239263803681
370 3.690290674693573e-06 0.005873647916411341 800 21.798365122615802
380 0.00014190307743755002 0.017537987529610843 100 27.77777777777778
380 0.00017584984114174233 0.02025739064287813 200 26.666666666666668
380 8.88847154368073e-05 0.019566319409939737 300 23.25581395348837
380 4.0970794858789264e-05 0.016074058615394404 400 22.22222222222222
380 1.6955496666271545e-05 0.011476944250075545 500 21.551724137931032
380 2.8699697206231963e-06 0.008625676956151946 600 21.428571428571427
380 6.925065815357495e-06 0.007508706075043052 700 21.406727828746174
380 1.029532120011905e-05 0.007186794684431967 800 21.798365122615802
390 4.770476015268734e-05 0.013718805897368892 100 27.77777777777778
390 9.353104812671837e-05 0.012637677869916888 200 26.31578947368421
390 3.76790783258276e-05 0.016624202840916816 300 22.05882352941176
390 1.7913828650944428e-05 0.011412565934473191 400 21.978021978021978
390 8.750967447862565e-06 0.008126819387194789 500 21.008403361344538
390 1.0653821665425392e-05 0.005941154289209346 600 21.05263157894737
390 6.095997261653291e-06 0.004838051888326543 700 21.27659574468085
390 1.9353520025609856e-06 0.0047309587528882565 800 21.739130434782606
400 3.2911356300764565e-05 0.013521981552302059 100 27.77777777777778
400 0.0001423150338911311 0.013242243697401299 200 24.096385542168672
400 6.4826624230956e-05 0.0166838312580236 300 21.12676056338028
400 0.0 0.010188481093278925 400 21.390374331550802
400 1.816366208613507e-05 0.007123887678632426 500 20.833333333333332
400 1.148759363493548e-05 0.0051887435486521576 600 20.761245674740483
400 0.0 0.0045279175268497784 700 21.148036253776436
400 9.77996352746335e-07 0.004823010299004783 800 21.680216802168022
410 3.9906648996108835e-05 0.014348648546316158 100 26.31578947368421
410 1.5169044338933554e-05 0.01637660772211659 200 21.978021978021978
410 5.4538167510009605e-05 0.012554096647823051 300 20.689655172413794
410 0.0 0.008998359466515421 400 20.618556701030926
410 1.8109594742997366e-05 0.006375626302237228 500 20.576131687242796
410 7.889571173560099e-06 0.004745937945963577 600 20.54794520547945
410 1.973700825496185e-06 0.004798918996793489 700 21.021021021021017
410 8.467317088377833e-06 0.005399245641680048 800 21.44772117962466
420 0.000310131140368401 0.01242124793396512 100 23.80952380952381
420 3.594199314317255e-05 0.016744283465420604 200 20.2020202020202
420 0.0 0.01074095349531871 300 20.54794520547945
420 2.6348067547469275e-05 0.007674299545323896 400 19.90049751243781
420 2.265310028475065e-05 0.005324555855472603 500 20.161290322580644
420 1.282994799706343e-05 0.004684194862390665 600 20.408163265306122
420 7.089905024969391e-06 0.005225616942366338 700 21.021021021021017
420 2.1061847340883315e-05 0.005954836581173613 800 21.22015915119363
430 0.00013839599236418074 0.014041189847716127 100 21.739130434782606
430 2.092971826962003e-05 0.018597696606056743 200 18.867924528301884
430 7.777961263511493e-06 0.010968965985099317 300 20.13422818791946
430 2.847530962559637e-05 0.007850855785006315 400 19.51219512195122
430 1.791150925755668e-05 0.005732192718072382 500 19.685039370078737
430 2.954865639600786e-06 0.005374047630124579 600 20.27027027027027
430 7.912289802445579e-06 0.005995040318905237 700 20.95808383233533
430 1.557898626915706e-06 0.006192568337267462 800 21.108179419525065
440 7.788625829321983e-05 0.01665622951748803 100 19.6078431372549
440 0.00019710260239972025 0.01579851918967024 200 18.51851851851852
440 2.852954023947996e-05 0.009583830204575797 300 19.48051948051948
440 3.03022630705123e-05 0.006920944366797441 400 19.51219512195122
440 2.2125963478563373e-05 0.005787973045740993 500 19.607843137254903
440 1.399434964870396e-05 0.006207733891268836 600 20.27027027027027
440 4.180719656829229e-06 0.0073964745489274696 700 20.895522388059703
440 2.6264176718734873e-06 0.0068304464381023925 800 20.99737532808399
450 5.336144572357192e-05 0.01901176480718458 100 18.181818181818183
450 0.0 0.011781568944312391 200 18.691588785046726
450 3.086095725445258e-05 0.009679038650714183 300 18.987341772151897
450 4.963347266653508e-05 0.008836397086130543 400 19.41747572815534
450 3.031576617398204e-05 0.007819306099856359 500 19.685039370078737
450 1.9773593474023108e-05 0.008815273911679654 600 20.338983050847457
450 4.437954394750478e-06 0.010010077916454987 700 20.833333333333332
450 1.7225677791359295e-05 0.008741318102422313 800 20.94240837696335
460 0.00033860609783331185 0.03326880097736036 100 17.241379310344826
460 0.00020984598900866867 0.032270722982912094 200 19.047619047619047
460 0.00017398364431059905 0.028597888006716636 300 18.633540372670804
460 0.00013260076540904894 0.0308473581068564 400 19.23076923076923
460 9.879040392121369e-05 0.0331414524536962 500 19.76284584980237
460 7.77065521630778e-05 0.03499652542928296 600 20.477815699658702
460 3.368232374155939e-05 0.03625898056476478 700 20.833333333333332
460 5.110283451823714e-05 0.03300733359153892 800 20.99737532808399
470 8.005364375402395e-05 0.01691022005696451 100 16.129032258064516
470 2.6935191940293353e-05 0.01012232968203678 200 18.867924528301884
470 8.005618877418477e-05 0.009238112038271483 300 18.51851851851852
470 5.430357524842093e-05 0.010250671535800287 400 19.047619047619047
470 3.135051228483667e-05 0.011729958497472506 500 19.76284584980237
470 3.0061927380645204e-05 0.01288279678764102 600 20.618556701030926
470 1.7668212984511505e-05 0.01332889149000124 700 20.833333333333332
470 1.2930106235300103e-05 0.011533158922134936 800 20.99737532808399
480 0.00010075474663921612 0.018269044381442216 100 16.39344262295082
480 0.00011481438511524517 0.012637478063761903 200 19.047619047619047
480 0.0001144906186056836 0.013964780290154011 300 18.867924528301888
480 7.478432825785886e-05 0.015772135957841122 400 19.23076923076923
480 4.548855738474368e-05 0.017475357509879164 500 20.0
480 4.044007452096295e-05 0.018637185886542347 600 20.833333333333332
480 1.9860263065080322e-05 0.018560284787588345 700 20.95808383233533
480 1.0687299635891907e-05 0.016156204161075893 800 21.16402116402116
490 0.00031624865877423995 0.01585561703725306 100 17.241379310344826
490 7.935969461114052e-05 0.010352058309806744 200 19.047619047619047
490 6.645760966908528e-05 0.01106508845983501 300 19.35483870967742
490 4.71484396803404e-05 0.01182080594056748 400 19.51219512195122
490 3.249565129820543e-05 0.012821658059909107 500 20.32520325203252
490 1.7928415814573964e-05 0.014041982437289153 600 21.05263157894737
490 1.4197653533184814e-05 0.0133344228895659 700 21.148036253776436
490 1.5933802587894862e-06 0.011392139171824951 800 21.390374331550802
500 0.00019178049943240086 0.008340991104565359 100 18.181818181818183
500 1.3473939452598742e-05 0.010737766187994966 200 19.23076923076923
500 2.0341044226838385e-05 0.010670999229452785 300 19.6078431372549
500 4.377029451495665e-06 0.009042581696268785 400 19.8019801980198
500 0.0 0.009744010149139353 500 20.576131687242796
500 1.5932545425855017e-05 0.010620120828376907 600 21.201413427561835
500 0.0 0.009402429594021794 700 21.27659574468085
500 2.055840365855807e-05 0.007888334075298199 800 21.5633423180593
510 0.0001050079128806805 0.015075207334076383 100 19.6078431372549
510 9.156985442959917e-05 0.014673556631851376 200 19.23076923076923
510 8.331022829855735e-05 0.01608975103592058 300 19.736842105263158
510 5.223788906824605e-05 0.016533087437054818 400 20.100502512562812
510 3.761099110017015e-05 0.01691705140893086 500 20.920502092050206
510 3.3230723758736593e-06 0.017748702585546533 600 21.352313167259787
510 2.362375680914416e-05 0.01584331432594007 700 21.47239263803681
510 4.866540498781925e-06 0.01366944271256052 800 21.798365122615802
520 6.460512163347294e-05 0.016504433983337407 100 20.83333333333333
520 7.818083781620164e-05 0.013547889409276417 200 19.23076923076923
520 6.116891135470802e-05 0.013301465334446662 300 19.86754966887417
520 3.888937492918246e-05 0.013425726499039205 400 20.408163265306122
520 2.0710130548703527e-05 0.013641587038202627 500 21.27659574468085
520 9.375897420729491e-06 0.013938241694448052 600 21.50537634408602
520 6.004436078351401e-06 0.01197242393163188 700 21.60493827160494
520 1.6959435501674038e-05 0.010585389659458438 800 21.91780821917808
530 3.474487700795718e-05 0.0158506879765162 100 21.739130434782606
530 7.77614148654594e-05 0.01408622280003382 200 19.6078431372549
530 4.424544491412083e-05 0.012976641048847434 300 20.0
530 1.8226355487379474e-05 0.012904690759444474 400 20.72538860103627
530 1.9197747283832703e-05 0.013131074881191647 500 21.645021645021643
530 6.628262264871532e-06 0.01298210883081033 600 21.73913043478261
530 2.7439743622441385e-06 0.010811927796033328 700 21.806853582554517
530 2.2194192172463968e-05 0.010170348382990402 800 22.09944751381215
540 0.00013282806029794655 0.02099682298804403 100 21.739130434782606
540 0.00012161900688678253 0.018303551672092522 200 20.2020202020202
540 6.414052455451153e-05 0.017427961644159648 300 20.13422818791946
540 3.173582285744064e-05 0.01716763933331479 400 21.05263157894737
540 2.8434722662441904e-05 0.017179629694179643 500 21.929824561403507
540 6.271804237624506e-06 0.016412127822612567 600 21.8978102189781
540 2.1566600225732483e-06 0.01390766769021569 700 22.0125786163522
540 1.813921784688374e-05 0.01312815332383691 800 22.284122562674096
550 0.0004669069910262785 0.039501536660153234 100 20.408163265306122
550 0.0002670971821590378 0.04352404889124653 200 20.0
550 0.0001611756031082596 0.04443072241021639 300 20.13422818791946
550 0.00011252517820263838 0.04458055430345454 400 21.05263157894737
550 7.977892269166258e-05 0.04467326626320666 500 21.834061135371176
550 7.41250940323988e-05 0.04251427065140955 600 21.818181818181817
550 3.9245593678306766e-05 0.036893823485716015 700 22.082018927444793
550 4.178460665248993e-05 0.032291639139738 800 22.346368715083795
560 7.739824646726322e-05 0.013673393466873483 100 18.181818181818183
560 7.264451230324113e-05 0.013187743675658803 200 19.6078431372549
560 3.470716690228395e-05 0.012182583375930403 300 20.13422818791946
560 2.089971988713292e-05 0.012248221288690034 400 21.16402116402116
560 2.722366766662634e-05 0.013105500363525483 500 21.551724137931032
560 9.112169160732028e-06 0.010991094019548064 600 21.660649819494584
560 8.850243192771144e-06 0.009662145863858803 700 22.0125786163522
560 6.063460605863221e-06 0.010435935437833324 800 22.408963585434172
570 4.788085579903046e-05 0.010479119419237128 100 17.241379310344826
570 3.952141350940898e-05 0.010379309315958454 200 19.23076923076923
570 1.8347423727835103e-05 0.010272912502873668 300 20.27027027027027
570 0.0 0.010764979479002177 400 21.390374331550802
570 1.8288077816416107e-05 0.01138164994486398 500 21.645021645021643
570 1.1467542193265078e-05 0.009450495630832174 600 21.73913043478261
570 9.0593622254699e-06 0.00867800294768972 700 22.082018927444793
570 1.2763481102128489e-05 0.010086607395189278 800 22.535211267605632
580 0.00014793429065121827 0.01407037605679469 100 17.543859649122805
580 6.140627939294666e-05 0.012185414895394564 200 19.047619047619047
580 1.6404329723924624e-05 0.012095510176342573 300 20.408163265306122
580 1.9775706618492403e-05 0.012743161055766991 400 21.50537634408602
580 5.656732970024722e-06 0.012269074296601469 500 21.645021645021643
580 7.613443052295168e-06 0.010100414688115025 600 21.818181818181817
580 2.1899160508904184e-05 0.01008614647857364 700 22.151898734177212
580 7.043939345133968e-06 0.010858876558009293 800 22.662889518413596
590 1.6911940131808626e-05 0.013438746169474403 100 18.867924528301884
590 1.48429321074693e-05 0.010800254295502978 200 19.41747572815534
590 0.0 0.010842787687065395 300 20.833333333333332
590 4.317139988639566e-06 0.012058781882459034 400 21.85792349726776
590 1.7579876712519912e-05 0.011200867598264224 500 21.834061135371176
590 2.6013013578285184e-05 0.00921273375403294 600 22.05882352941176
590 8.742357586183493e-06 0.009803738157735902 700 22.364217252396166
590 8.248382111673218e-06 0.010979809723249774 800 22.857142857142858
600 6.958286081647806e-05 0.013553584938370096 100 19.6078431372549
600 7.018415896728561e-06 0.0103141204885084 200 20.0
600 9.550187784651161e-06 0.011013871087023005 300 21.27659574468085
600 1.788050515860024e-05 0.012149951717848 400 22.09944751381215
600 1.3270469486986103e-06 0.010535113118007281 500 22.026431718061673
600 3.295542364200324e-05 0.008968291922783459 600 22.304832713754646
600 1.91788321053591e-05 0.010055059153783718 700 22.653721682847895
600 8.199860531824203e-06 0.011444611070905962 800 22.988505747126435
610 9.154886304586073e-05 0.013412483643646904 100 20.0
610 1.6138379875026143e-05 0.01036645008695599 200 20.618556701030926
610 2.7046098770054405e-06 0.010766033082625371 300 21.8978102189781
610 3.9832339462997325e-05 0.011936279399548486 400 22.346368715083795
610 5.380371547280549e-07 0.009928571102209616 500 22.32142857142857
610 2.2355410015023983e-05 0.008644888658884292 600 22.55639097744361
610 1.6854955568295218e-05 0.010235192979142374 700 22.950819672131146
610 4.612972807662723e-05 0.011306354763121076 800 23.054755043227665
620 2.3245266950224253e-05 0.011726197781844291 100 20.408163265306122
620 1.4109233824114676e-05 0.011552517067765954 200 21.27659574468085
620 1.9612509374233793e-05 0.012396373671637389 300 22.388059701492537
620 6.84756682684899e-05 0.013159525218371692 400 22.598870056497177
620 2.2881701735944337e-05 0.011101158886017138 500 22.522522522522518
620 9.104652088504692e-06 0.009607700483327819 600 22.813688212927755
620 2.290715496682217e-05 0.01128654399079433 700 23.25581395348837
620 6.053686364038231e-05 0.011351887276231473 800 23.054755043227665
630 1.836585077664762e-05 0.01260539020968708 100 20.408163265306122
630 4.953433427815151e-05 0.013081271727403082 200 21.739130434782606
630 2.3285831237016554e-05 0.014492594707238059 300 22.900763358778622
630 3.083650807801743e-05 0.014746421074361304 400 22.857142857142858
630 2.8718524075330762e-05 0.012339030406393345 500 22.727272727272727
630 3.1587746774205257e-06 0.010802800461857316 600 22.988505747126435
630 3.0081387641288523e-05 0.012662091490727535 700 23.48993288590604
630 2.294904523325352e-05 0.012130047661044998 800 23.054755043227665
640 1.4305582315014072e-05 0.009012874125263198 100 19.6078431372549
640 2.4830470165848875e-05 0.010951194261616521 200 21.50537634408602
640 2.2475259896960694e-05 0.012730506593226297 300 22.900763358778622
640 3.6245299354080596e-05 0.01228338030090922 400 22.598870056497177
640 3.831249645617201e-05 0.009872796447887952 500 22.727272727272727
640 1.387838985736133e-05 0.010179116142196208 600 22.988505747126435
640 1.7749134824034433e-05 0.012115670138870199 700 23.48993288590604
640 6.948005815029019e-06 0.010556762905566168 800 22.988505747126435
650 5.758670603042342e-05 0.010665337450253063 100 19.6078431372549
650 4.4180022721381783e-05 0.013407647203689716 200 21.739130434782606
650 4.682567701366238e-05 0.014811474017925461 300 22.900763358778622
650 1.8224859332159952e-05 0.013081913412647804 400 22.47191011235955
650 5.337348133819034e-05 0.01078194415394394 500 22.8310502283105
650 3.3435155561022953e-05 0.011723978142600417 600 23.076923076923077
650 1.727991490977007e-05 0.013648005606221213 700 23.41137123745819
650 7.181034291326452e-06 0.010824644236733714 800 23.054755043227665
660 5.7502688218368084e-05 0.010706250463874687 100 20.83333333333333
660 4.173744925881386e-05 0.01433480481557258 200 22.47191011235955
660 9.704579764423589e-05 0.01573513147289074 300 22.900763358778622
660 2.6035355673504606e-05 0.013052046613075036 400 22.727272727272727
660 4.617624058121154e-05 0.0106988234199709 500 23.041474654377875
660 3.5554860596916855e-05 0.012564292824264913 600 23.346303501945524
660 7.596315594512158e-05 0.013902002763024553 700 23.48993288590604
660 1.4498791709476643e-05 0.01076845087099134 800 23.255813953488374
670 2.5425563144047133e-05 0.012646256339441792 100 21.739130434782606
670 4.004780971720911e-05 0.014122612587159031 200 23.529411764705884
670 7.973023921780448e-05 0.015005651077576915 300 23.25581395348837
670 3.544249856102113e-05 0.012079375316934739 400 22.988505747126435
670 9.73679277884529e-06 0.01025250514626535 500 23.25581395348837
670 2.9967058900685964e-05 0.012572871086351245 600 23.715415019762844
670 3.233863218234602e-05 0.012466342527299768 700 23.333333333333332
670 8.74824851162606e-06 0.0100329624540632 800 23.529411764705884
680 7.558499220929425e-05 0.012927400742921171 100 22.727272727272727
680 1.9766541348927017e-05 0.014104485167504628 200 24.39024390243902
680 3.308423506895133e-05 0.01428385273253108 300 23.622047244094485
680 3.426376916164838e-05 0.010984475275741526 400 23.255813953488374
680 1.1138137369606217e-05 0.010297116197600549 500 23.474178403755868
680 3.3667534766294873e-05 0.012703155970997146 600 24.0
680 1.6528609326521627e-05 0.011791996939174392 700 23.41137123745819
680 5.791016424272589e-06 0.009394408968663675 800 23.73887240356083
690 3.490988746636975e-05 0.012223537772880173 100 23.255813953488374
690 2.6445601855942737e-05 0.01392330985837743 200 24.691358024691358
690 4.3371018905044395e-05 0.012641090869898374 300 23.622047244094485
690 4.312909916857338e-05 0.009629739839881727 400 23.391812865497073
690 1.3646375419046058e-05 0.010419481542239466 500 23.696682464454973
690 1.8234773578003716e-05 0.012538041221695667 600 24.193548387096772
690 5.7730315748856644e-06 0.010717148557401161 700 23.48993288590604
690 2.5867644321932134e-06 0.008182922144593733 800 23.880597014925375
700 3.162123324690253e-05 0.012977611142753007 100 23.80952380952381
700 5.02735732272837e-05 0.014580067901177385 200 24.39024390243902
700 4.874647255906126e-06 0.011006063688546354 300 23.4375
700 4.973015294878703e-05 0.008778681582527332 400 23.529411764705884
700 2.8636944488811212e-05 0.01095301811555155 500 23.80952380952381
700 1.1262986558672885e-05 0.012960380594729043 600 24.0
700 0.0 0.00979857257800721 700 23.569023569023567
700 2.5505482428086626e-06 0.007193400426832341 800 24.024024024024023
710 2.9391029864045292e-05 0.013384806619142757 100 24.39024390243902
710 0.00012545944642585577 0.014048632330013784 200 23.80952380952381
710 2.4100218021858972e-05 0.009934660315872045 300 23.25581395348837
710 3.12847648365047e-05 0.008532120724754665 400 23.529411764705884
710 3.102526648109913e-05 0.011477728047306719 500 23.923444976076553
710 9.362278404493536e-05 0.012027911601611338 600 23.809523809523807
710 7.224851098567733e-06 0.009165000400033266 700 23.64864864864865
710 5.588219300913005e-06 0.006611435797526198 800 24.096385542168672
720 1.1619437822621773e-05 0.01254039717647699 100 25.0
720 1.5808422462047863e-05 0.012490530604247247 200 23.529411764705884
720 1.6618691122375298e-05 0.008502260733396178 300 23.25581395348837
720 2.799335292768181e-05 0.009051814884002685 400 23.391812865497073
720 2.4019512566141842e-05 0.011232196223625125 500 24.038461538461537
720 1.554019326214374e-05 0.010274179537511382 600 23.346303501945524
720 0.0 0.007935552370133518 700 23.728813559322035
720 1.147222599618071e-05 0.005171741959608542 800 24.16918429003021
730 1.0904178888460563e-05 0.014575404709804046 100 25.0
730 4.6334293314010627e-05 0.011742221095558343 200 23.255813953488374
730 4.6176013474638356e-05 0.008101164706513274 300 23.25581395348837
730 5.056585120626788e-06 0.010149171610084757 400 23.529411764705884
730 1.9768877018792307e-05 0.012263716931644745 500 24.154589371980673
730 3.0384152560328317e-06 0.010080970878736328 600 23.346303501945524
730 6.2474463116876235e-06 0.007549101056836488 700 23.890784982935152
730 5.303559203998271e-06 0.0046858875703286425 800 24.16918429003021
740 4.437352930423963e-05 0.015244169807244867 100 24.39024390243902
740 1.1775633060605968e-05 0.00953035372055257 200 22.988505747126435
740 5.732311404917889e-05 0.007727166227187015 300 23.25581395348837
740 2.6367832150959485e-05 0.010999819235863361 400 23.529411764705884
740 4.784451095454828e-06 0.012868513575834952 500 23.923444976076553
740 5.692058252390271e-06 0.009432816807084084 600 23.346303501945524
740 7.988740435509811e-06 0.006606047393591079 700 23.890784982935152
740 3.1749520368473115e-05 0.0039427388955061374 800 23.80952380952381
750 0.00021855231900585169 0.01418595779275212 100 22.727272727272727
750 2.0459741531720395e-05 0.008225022000582309 200 22.47191011235955
750 3.1179183215494426e-05 0.00845172203833504 300 23.076923076923077
750 3.0771875267790985e-05 0.011821649838310149 400 23.668639053254434
750 0.00010582715994042016 0.0121874734656182 500 23.584905660377355
750 3.2405400351086292e-06 0.00900737379724003 600 23.4375
750 1.1400901159305785e-05 0.006237961110851793 700 23.972602739726025
750 1.1290502267447902e-05 0.003636272010466505 800 23.598820058997052
760 5.6151969915392716e-05 0.01267567449079663 100 21.739130434782606
760 3.7879206290893724e-05 0.007655509250158992 200 21.978021978021978
760 2.74284142232447e-05 0.01057840054237843 300 22.727272727272727
760 3.382476459900144e-05 0.013198309898537344 400 23.668639053254434
760 1.7823243637105267e-05 0.011881668387007608 500 22.93577981651376
760 0.0 0.00933234141253422 600 23.4375
760 9.020906716968929e-06 0.006326998102405832 700 23.972602739726025
760 1.2692655926281131e-05 0.003753458363883958 800 23.46041055718475
770 7.157427026053699e-05 0.009143471398637627 100 20.83333333333333
770 6.018579945091119e-05 0.008001823317572241 200 21.978021978021978
770 6.600434135362788e-06 0.011801565111007778 300 22.727272727272727
770 1.4636559504058839e-05 0.013339721365368616 400 23.668639053254434
770 1.2906311442709276e-06 0.010639050667280136 500 22.8310502283105
770 1.1556971770239912e-05 0.007949722270315778 600 23.529411764705884
770 4.908023184719875e-06 0.005118825146657719 700 23.890784982935152
770 1.1281616712277142e-05 0.0023743158143378715 800 23.323615160349853
780 6.787031177611497e-05 0.009143150680398487 100 20.83333333333333
780 5.78534015031386e-05 0.009984860256107309 200 22.22222222222222
780 2.0041281591860222e-05 0.011772778751776623 300 23.076923076923077
780 5.070196765328547e-06 0.012834214276070406 400 23.668639053254434
780 1.6520826270606756e-05 0.009465319876563636 500 23.041474654377875
780 1.7163823331647063e-05 0.006689552995690731 600 23.715415019762844
780 2.9739599487394856e-05 0.004239355166155824 700 23.64864864864865
780 5.140026261222725e-06 0.003417899194062922 800 23.255813953488374
790 0.0001813237652943921 0.023371023974645314 100 21.27659574468085
790 3.254843932088114e-05 0.020893741922730046 200 22.727272727272727
790 2.6371700607568273e-05 0.017237093272401954 300 23.622047244094485
790 8.428538452487903e-05 0.017249096363512878 400 23.668639053254434
790 3.5136268935654024e-05 0.01386641755080823 500 23.36448598130841
790 4.68425209658447e-05 0.011447150395268784 600 24.0
790 1.4871135777364018e-05 0.009567458393951116 700 23.569023569023567
790 1.1814732509692282e-05 0.008295565358241752 800 23.255813953488374
800 2.331855315765742e-05 0.015028725318084753 100 21.739130434782606
800 7.702236995379099e-05 0.013831083935377362 200 22.988505747126435
800 0.0 0.012809210013409495 300 24.0
800 2.964288866055883e-05 0.011703818038300817 400 23.12138728323699
800 2.1949972113534465e-05 0.00902670608918596 500 23.584905660377355
800 2.8538299192168372e-05 0.006731309316267162 600 24.193548387096772
800 0.0 0.004966192106587846 700 23.64864864864865
800 2.397961441619898e-06 0.005089675549010924 800 23.323615160349853
810 2.1340226023786963e-05 0.01523596182236163 100 21.739130434782606
810 9.017077948133195e-05 0.014111559010098093 200 23.255813953488374
810 9.55585669262015e-06 0.012361321414811471 300 24.390243902439025
810 1.428069269899456e-05 0.010531379639447952 400 23.12138728323699
810 2.2444344256299195e-05 0.008126048764829395 500 23.80952380952381
810 2.8426761830035337e-05 0.006096079284868389 600 24.2914979757085
810 2.442664145224422e-06 0.004900095978434628 700 23.569023569023567
810 0.0 0.005322313289219922 800 23.391812865497073
820 0.00011433028603835352 0.012332642825326971 100 22.727272727272727
820 8.852887097420033e-06 0.013582752898973564 200 23.529411764705884
820 1.0075245122665119e-05 0.01382098149612452 300 24.590163934426226
820 1.5501459086247644e-05 0.010208570768670697 400 23.255813953488374
820 2.3049620106653806e-05 0.0071457794790768655 500 24.038461538461537
820 5.358197213610015e-05 0.005111225256302962 600 24.193548387096772
820 5.081913493337881e-06 0.00379337838188497 700 23.48993288590604
820 5.1906417498067934e-06 0.00475842358543267 800 23.529411764705884
830 0.00018428736330328477 0.012102160541164579 100 23.255813953488374
830 6.493330803390028e-05 0.017476386196503324 200 24.096385542168672
830 6.811888592898398e-06 0.018681646331281773 300 24.193548387096772
830 5.371418727847531e-06 0.012373870488298631 400 23.529411764705884
830 9.062448439756372e-06 0.008719291169805153 500 24.271844660194173
830 2.466276188758482e-05 0.005586416753376452 600 24.0
830 1.6542551849658677e-05 0.00381929184475722 700 23.41137123745819
830 1.483908915265877e-05 0.004557887858961535 800 23.598820058997052
840 5.984556006388185e-05 0.01254245706914753 100 23.255813953488374
840 2.295262469641026e-05 0.013455342064637442 200 24.691358024691358
840 0.00015225555642435027 0.012387608451008955 300 23.809523809523807
840 1.3398939477658396e-05 0.008208635401441823 400 23.80952380952381
840 2.7236951008772235e-05 0.005417116032618621 500 24.509803921568626
840 5.345103814689821e-06 0.0035741732554535224 600 23.809523809523807
840 5.683002699433887e-06 0.004432391939259732 700 23.41137123745819
840 4.097175056216091e-06 0.005519709936248369 800 23.598820058997052
850 0.00017936666245666377 0.015043543448993033 100 23.255813953488374
850 3.9238156851874804e-05 0.014152809878964263 200 25.0
850 4.092943513367727e-06 0.01081460183385085 300 23.25581395348837
850 2.004474575100785e-05 0.0073552010497291345 400 23.952095808383234
850 2.7295052181760996e-05 0.004481145397744459 500 24.63054187192118
850 5.576570775478211e-06 0.003528308551677223 600 23.809523809523807
850 7.16362211368691e-06 0.004760801369974318 700 23.48993288590604
850 3.333941087240955e-06 0.005876123190902946 800 23.529411764705884
860 9.993513764967256e-05 0.01307322059500129 100 23.80952380952381
860 3.0384962110356657e-05 0.012584893289517405 200 25.31645569620253
860 4.544463837825929e-05 0.008891094937813556 300 23.25581395348837
860 4.7748776940540005e-05 0.00682321786782664 400 24.242424242424242
860 1.6729626858312713e-05 0.007515013187131403 500 24.63054187192118
860 8.41766439322005e-06 0.0078269887619991 600 23.622047244094485
860 4.319957446512361e-06 0.007542735400418937 700 23.48993288590604
860 1.637366929262205e-05 0.008340167222125421 800 23.323615160349853
870 4.125661796191228e-05 0.012980349709094278 100 23.80952380952381
870 6.490002094602397e-05 0.014388288421365563 200 24.39024390243902
870 6.415027829537378e-05 0.008609893118918249 300 23.4375
870 4.63905067818347e-05 0.007288040449332068 400 24.39024390243902
870 6.812290793568852e-06 0.008173570005774665 500 23.923444976076553
870 9.616274512971972e-06 0.008271452340909905 600 23.346303501945524
870 7.84337380048605e-06 0.008481190932549187 700 23.48993288590604
870 6.456416357917194e-05 0.00902062630203901 800 23.255813953488374
880 6.933688062725647e-06 0.014361608970509204 100 25.0
880 0.000213408216936194 0.012218247135246704 200 23.80952380952381
880 2.8603130214415334e-05 0.006132813706693024 300 23.622047244094485
880 4.4191081805780985e-05 0.005015272246421604 400 24.539877300613497
880 4.704442304726513e-06 0.005914406437495711 500 23.80952380952381
880 1.7021748313842767e-06 0.006909547605278723 600 23.25581395348837
880 1.4299711843833471e-06 0.00774152244010923 700 23.48993288590604
880 2.7910744139069363e-05 0.008431224886224538 800 23.054755043227665
890 0.00022741001763861758 0.030631773238805123 100 25.64102564102564
890 9.084678990049361e-05 0.021508943078169085 200 22.727272727272727
890 3.33315331344516e-05 0.014609393465905477 300 23.809523809523807
890 6.509640294580085e-06 0.00974444327314062 400 24.691358024691358
890 3.879035109438544e-05 0.006180351139093688 500 23.696682464454973
890 3.536686084302033e-05 0.006666349640775516 600 23.346303501945524
890 2.7292487024998034e-05 0.008702698722386385 700 23.41137123745819
890 4.817993733863554e-06 0.010699843254009318 800 22.922636103151863
900 4.3495014554057106e-05 0.018617255204246657 100 25.64102564102564
900 1.3909820374365144e-05 0.008202203527523882 200 22.727272727272727
900 2.9549233078338105e-05 0.004583128460788577 300 24.0
900 8.433789886630068e-06 0.004807461852275362 400 24.691358024691358
900 1.4870628209580238e-05 0.0063429756701152895 500 23.474178403755868
900 1.1728540789539785e-05 0.007529210791106333 600 23.346303501945524
900 2.6076056735847005e-06 0.009070588455540467 700 23.178807947019866
900 1.1007442406904823e-05 0.009472358082455617 800 22.727272727272727
910 8.965368869875637e-05 0.016073234933192855 100 23.80952380952381
910 7.594032479786159e-05 0.007784600063840716 200 22.727272727272727
910 4.836603259973781e-05 0.008517336234354342 300 24.193548387096772
910 2.3894482643593886e-05 0.010143505056773654 400 23.80952380952381
910 3.7955915456047416e-06 0.010373822130630398 500 23.041474654377875
910 3.0630541299215747e-06 0.010574357841003284 600 23.25581395348837
910 6.792100700291052e-05 0.0110875517521083 700 23.02631578947368
910 1.8536212741328047e-05 0.011555434134545012 800 22.47191011235955
920 0.0003237088230174943 0.010866511123442881 100 21.27659574468085
920 5.292907885121968e-05 0.008834786765020825 200 22.47191011235955
920 6.137308473004377e-05 0.010344560631980197 300 24.193548387096772
920 4.898769672061167e-06 0.01111398847826589 400 23.255813953488374
920 7.342444410598258e-07 0.011383992973795647 500 22.8310502283105
920 3.8664272546119296e-06 0.011615266108488039 600 23.166023166023162
920 3.2225342779936404e-05 0.011857093464057784 700 22.653721682847895
920 1.3401487050101406e-05 0.01238273146225533 800 22.09944751381215
930 8.697266309416702e-05 0.010952573666853996 100 19.6078431372549
930 7.496499764531798e-05 0.011891513266039948 200 22.727272727272727
930 6.851062591819779e-05 0.014394050155419882 300 24.193548387096772
930 8.424599043178722e-06 0.01439841755864135 400 22.857142857142858
930 5.803301494127521e-06 0.0134501452115213 500 22.727272727272727
930 9.782888114925455e-06 0.013475011929548883 600 22.813688212927755
930 2.6147504983182947e-05 0.013400945920815813 700 22.364217252396166
930 1.4691301243363618e-05 0.013595318631395467 800 21.798365122615802
940 8.866377332002694e-05 0.012031854148451348 100 19.6078431372549
940 6.598114983420446e-05 0.013309672767852197 200 22.988505747126435
940 7.618731251182877e-05 0.015075907879681676 300 23.809523809523807
940 3.043125114828672e-06 0.014428012244481743 400 22.598870056497177
940 2.859844341099854e-06 0.013728112400270701 500 22.727272727272727
940 3.7324181569723385e-05 0.014006035500079683 600 22.55639097744361
940 2.0102956142729948e-05 0.013761139426624729 700 22.22222222222222
940 0.0 0.013558565508704178 800 21.5633423180593
950 7.065131954727801e-05 0.014656044981604516 100 20.83333333333333
950 3.220713431874902e-05 0.013847120781104592 200 23.80952380952381
950 5.909199193134929e-05 0.013632816286272777 300 23.4375
950 1.6089347830296468e-05 0.01398091255740683 400 22.598870056497177
950 1.3711423664307027e-05 0.01449333594116752 500 22.93577981651376
950 6.557236974330847e-05 0.015279732545532729 600 22.727272727272727
950 9.553011868317516e-06 0.014649110772053643 700 22.151898734177212
950 2.4348434390535103e-05 0.013921237533373572 800 21.5633423180593
960 0.0005192866067561774 0.057810139426086975 100 21.739130434782606
960 0.00030958777341938106 0.05756843764729847 200 24.39024390243902
960 0.0001500479635101701 0.05446820398915517 300 23.25581395348837
960 0.00011046638477034336 0.04638934764472277 400 22.727272727272727
960 9.099363989913056e-05 0.042588056940673004 500 23.148148148148145
960 0.00011733854407566485 0.04074461319795523 600 22.727272727272727
960 8.465445866818084e-05 0.04103235776888791 700 22.0125786163522
960 5.0672897733268724e-05 0.04053845414292977 800 21.739130434782606
970 0.0001586314165248076 0.014683205000149134 100 24.39024390243902
970 0.00011097261066313483 0.01869185728362489 200 25.974025974025974
970 1.5488708583137273e-05 0.01826077775318722 300 24.0
970 1.0781921287703934e-05 0.016792580936703952 400 23.255813953488374
970 1.087150559806016e-05 0.015989113351070974 500 23.474178403755868
970 4.200591156902871e-05 0.015306872109593639 600 22.813688212927755
970 1.7888342632729804e-05 0.015478566771452993 700 22.082018927444793
970 1.6375160003512601e-06 0.01420127298803723 800 21.978021978021978
980 5.760337136259495e-05 0.012861146741539034 100 25.64102564102564
980 6.322652182856466e-05 0.014522364065637812 200 26.666666666666668
980 1.767719882003668e-05 0.014350095934923349 300 24.0
980 1.3320262709587494e-05 0.0143195364434547 400 23.529411764705884
980 5.1658935146745405e-06 0.014927909171263246 500 23.36448598130841
980 1.5997711927495075e-05 0.01463081433638332 600 22.813688212927755
980 3.1920571383732727e-06 0.014121323517237955 700 22.0125786163522
980 1.979827353859526e-05 0.01117518259660899 800 21.91780821917808
990 5.597877608530938e-05 0.013178923809251748 100 26.31578947368421
990 0.000165761552263977 0.014524018853517234 200 25.974025974025974
990 3.2582493845745595e-05 0.014755339196653706 300 23.622047244094485
990 2.5927734614875466e-05 0.015582244690156712 400 23.529411764705884
990 2.7025850307931457e-05 0.016467813297622022 500 23.148148148148145
990 8.220879695678763e-06 0.015929138536285768 600 22.55639097744361
990 1.3898961913571282e-05 0.015046258013690361 700 21.739130434782606
990 1.4686368288031058e-05 0.011259143327970978 800 21.739130434782606
1000 7.775768184313533e-05 0.012816891009411769 100 27.027027027027025
1000 8.141132351464393e-05 0.012890832027604748 200 24.096385542168672
1000 3.655651243149109e-05 0.015003790778631367 300 22.900763358778622
1000 2.7865600559770508e-05 0.016292116255180032 400 23.391812865497073
1000 5.9160757672503835e-05 0.017277893118705333 500 23.041474654377875
1000 0.0 0.016092986625203025 600 22.22222222222222
1000 1.4198621185944033e-05 0.014865304840538244 700 21.60493827160494
1000 9.078567960665244e-06 0.01020316196392975 800 21.390374331550802
1010 6.33707436196223e-05 0.015148775546029947 100 27.027027027027025
1010 4.893741152512208e-05 0.014484942644832837 200 23.255813953488374
1010 3.8779612934520544e-05 0.016154370640852 300 22.727272727272727
1010 2.5748920931086905e-05 0.017241169598421938 400 23.12138728323699
1010 1.8701866257600146e-05 0.01733497730012965 500 22.42152466367713
1010 5.318868404488467e-06 0.01607691543597658 600 21.660649819494584
1010 2.525236339617949e-05 0.014742189911153981 700 21.60493827160494
1010 5.421925944447079e-05 0.009133427179529828 800 21.22015915119363
1020 1.745858182965132e-05 0.015275976929922162 100 26.31578947368421
1020 7.624255041287003e-05 0.016352304920576655 200 22.727272727272727
1020 4.1752669850490454e-05 0.018230026301340973 300 22.55639097744361
1020 2.8675948588382186e-05 0.019701345789163844 400 22.598870056497177
1020 0.0 0.018608971307338348 500 22.026431718061673
1020 1.3844615362086213e-05 0.017173475582049784 600 21.27659574468085
1020 9.266604811527037e-06 0.013668381242332881 700 21.341463414634145
1020 8.801886048238196e-06 0.009241093450676394 800 21.05263157894737
1030 0.0003454332468231203 0.01437009569356099 100 22.727272727272727
1030 6.779770062691497e-05 0.01726818228541795 200 21.739130434782606
1030 4.62754927133653e-05 0.018867117052563352 300 22.388059701492537
1030 8.785923947023138e-05 0.0207209651842032 400 22.09944751381215
1030 5.519927894505159e-06 0.01840805851411092 500 21.551724137931032
1030 2.8237020630819438e-05 0.016934972947199547 600 20.833333333333332
1030 2.4574415928345926e-05 0.012233586980878874 700 20.95808383233533
1030 3.386244776542681e-05 0.00799452915740709 800 20.77922077922078
1040 0.00018046884855125545 0.015059373990475657 100 20.408163265306122
1040 9.431001173452825e-05 0.020047658706381113 200 20.83333333333333
1040 5.8432162294744645e-05 0.022157770601065732 300 22.05882352941176
1040 1.8462870799911786e-05 0.02274853533252062 400 21.739130434782606
1040 7.2167524133841415e-06 0.020103868864953914 500 21.008403361344538
1040 3.749343336003974e-05 0.01827312679320159 600 20.833333333333332
1040 2.5310867019638278e-05 0.012066463829187014 700 20.58823529411765
1040 1.291099631807408e-05 0.007139626612414819 800 20.56555269922879
1050 0.00017204961268963413 0.017846130620557496 100 19.6078431372549
1050 9.51944921708968e-05 0.021907678395214646 200 20.618556701030926
1050 5.6383068012635026e-05 0.023491202499363175 300 21.58273381294964
1050 3.5675211413739562e-06 0.022426803601312554 400 21.16402116402116
1050 2.1895518178241184e-05 0.01976206710576013 500 20.576131687242796
1050 1.644322433140848e-05 0.0177718429795029 600 20.618556701030926
1050 3.6780938217241694e-05 0.01139348008608644 700 20.46783625730994
1050 2.375230243415515e-05 0.0060006372912345405 800 20.30456852791878
1060 0.00013747616670649676 0.021741278773337952 100 19.23076923076923
1060 7.15287453361811e-05 0.019481420551570292 200 20.83333333333333
1060 2.9905515127715023e-05 0.021142726353902196 300 21.27659574468085
1060 1.0445994498162712e-05 0.018644180003521443 400 20.94240837696335
1060 2.0183415386742702e-05 0.01693931081195528 500 20.32520325203252
1060 2.1521634986104973e-05 0.012621558030022115 600 20.54794520547945
1060 2.1746790342318963e-05 0.008155866149353371 700 20.28985507246377
1060 1.5320007426407842e-05 0.00337209900581253 800 20.30456852791878
1070 0.0002885095013557259 0.033688706490334154 100 20.0
1070 0.0001377052458275954 0.02861630979745974 200 21.50537634408602
1070 0.0002414183102489157 0.028038033864668736 300 21.58273381294964
1070 9.864920020280053e-05 0.023986147284924556 400 21.05263157894737
1070 5.5196000463965514e-05 0.02303027790765705 500 20.24291497975708
1070 4.3138635389516466e-05 0.017929536327905622 600 20.54794520547945
1070 2.1223021612537907e-05 0.012293308978758402 700 20.348837209302328
1070 3.6913485826890115e-05 0.00871866924689945 800 20.460358056265985
1080 4.2313843837549945e-05 0.013161314940032112 100 20.408163265306122
1080 1.7281411133171455e-05 0.012244240636524295 200 22.22222222222222
1080 0.00016243967994874234 0.011735671639777737 300 22.05882352941176
1080 4.401054051666468e-05 0.013132828583951966 400 21.16402116402116
1080 1.0369999027881366e-05 0.012541224086997937 500 20.576131687242796
1080 1.1156930050783361e-05 0.006934575986805318 600 20.54794520547945
1080 2.290350294002962e-05 0.0030174896479738733 700 20.40816326530612
1080 1.0809705055702909e-05 0.0018298287119633745 800 20.618556701030926
1090 1.6071568825220737e-05 0.013373423323344482 100 20.83333333333333
1090 8.040440375981987e-06 0.01381606832015177 200 22.47191011235955
1090 6.766767846726491e-05 0.013697702180026422 300 21.73913043478261
1090 1.9959290946584685e-05 0.01400106584914909 400 20.83333333333333
1090 1.5164399724743423e-05 0.01258006530588826 500 20.833333333333332
1090 2.461190412992908e-06 0.0060963750918367225 600 20.54794520547945
1090 2.2356693539873816e-05 0.002142191901334912 700 20.40816326530612
1090 4.885621985122907e-06 0.0004962529373702951 800 20.671834625322997
1100 2.0786334089542046e-05 0.013056856465413815 100 21.27659574468085
1100 7.58259884724093e-06 0.014075102909929011 200 22.22222222222222
1100 5.4144486790235375e-05 0.013549355224492077 300 21.428571428571427
1100 1.7120186972261304e-05 0.013521756599192613 400 20.618556701030926
1100 5.755340619846599e-05 0.010514825236198028 500 20.661157024793386
1100 1.418686207009002e-05 0.0058773828852229934 600 20.54794520547945
1100 3.186792689385994e-06 0.0016259347660317412 700 20.348837209302328
1100 3.6635619150894822e-06 0.0004659846780567857 800 20.72538860103627
1110 0.0 0.009006365354022324 100 21.739130434782606
1110 2.8106017856979094e-05 0.013272459268609713 200 21.978021978021978
1110 6.115795055473808e-05 0.012108955631408378 300 21.27659574468085
1110 1.069151636776766e-05 0.01284245826309504 400 20.408163265306122
1110 2.091920924154807e-06 0.007895018858950154 500 20.661157024793386
1110 9.767458096773332e-07 0.004726259128245511 600 20.338983050847457
1110 2.4997872258004753e-06 0.0012696480011435188 700 20.40816326530612
1110 1.1870693405751959e-05 0.0012548919886151866 800 20.77922077922078
1120 1.4608638256800152e-05 0.012092395958052529 100 22.727272727272727
1120 0.00023195522226317065 0.014134773291331218 200 22.22222222222222
1120 3.634845041535095e-05 0.013730134462403999 300 21.27659574468085
1120 5.313528673980443e-06 0.013368561719472281 400 20.30456852791878
1120 8.018413875460596e-06 0.0077197182609725365 500 20.491803278688522
1120 2.2956561581977296e-05 0.004507281479186034 600 20.338983050847457
1120 2.9658034751981503e-06 0.0011941787928479116 700 20.46783625730994
1120 7.751193903899523e-06 0.0016926986886878952 800 20.887728459530024
1130 1.4265195674436445e-05 0.012933198182697678 100 23.80952380952381
1130 0.0001918525452733949 0.013454413551537455 200 22.727272727272727
1130 3.766490437003436e-05 0.014162656606068025 300 21.27659574468085
1130 2.8669231435816662e-06 0.0130424034517965 400 20.618556701030926
1130 6.4276046471631975e-06 0.006685761152834667 500 20.408163265306122
1130 3.064506088790167e-05 0.0029779812744961673 600 20.338983050847457
1130 6.410329811519418e-06 0.001145174421654315 700 20.58823529411765
1130 9.990034048948581e-06 0.001972943438836958 800 21.05263157894737
1140 1.746864038183688e-05 0.013655567984931467 100 23.80952380952381
1140 0.00010415473048978637 0.013567363048826138 200 21.739130434782606
1140 2.56064798515412e-05 0.014179113409099654 300 20.54794520547945
1140 2.2587310222814623e-05 0.012681657996115344 400 20.72538860103627
1140 6.481031760336838e-05 0.0054027672527787425 500 20.32520325203252
1140 1.0029345742804141e-05 0.0019450384869086812 600 20.2020202020202
1140 6.332078649409262e-06 0.0014586390096996836 700 20.527859237536656
1140 6.243619646260643e-06 0.0025159480472819805 800 21.05263157894737
1150 1.2958694665450385e-05 0.017045842192224086 100 22.22222222222222
1150 6.30999083687254e-05 0.01449501219134224 200 21.05263157894737
1150 2.049986231400238e-05 0.014347788035370233 300 20.0
1150 3.1866592034320476e-05 0.00915836241227934 400 20.30456852791878
1150 4.200552278074514e-06 0.005711662201052118 500 20.161290322580644
1150 1.643084837995118e-06 0.0024695621800007337 600 20.06688963210702
1150 1.0849906374329124e-05 0.0026997232727514935 700 20.527859237536656
1150 7.895997011093665e-06 0.003621830849728014 800 21.05263157894737
1160 0.0004023835536429612 0.01566615557827823 100 20.83333333333333
1160 6.409374772737334e-05 0.014200117822516616 200 20.408163265306122
1160 0.0 0.014135026729303874 300 19.48051948051948
1160 3.4077886904702008e-06 0.007716558182922356 400 20.0
1160 2.3219147528395962e-05 0.005010412929011216 500 19.84126984126984
1160 3.948464184062918e-06 0.0024378112138833358 600 20.06688963210702
1160 9.377226955429795e-06 0.003200987574162645 700 20.527859237536656
1160 2.2877671775510017e-05 0.004286867297387461 800 21.05263157894737
1170 0.00040794531204532003 0.014278388870295124 100 21.27659574468085
1170 5.742426671081379e-05 0.015327947209387198 200 19.8019801980198
1170 4.479678611312698e-06 0.013814948854811054 300 19.48051948051948
1170 8.508621282295316e-06 0.006893603420193869 400 19.51219512195122
1170 3.714299762310359e-05 0.004542619835910288 500 19.607843137254903
1170 7.796223043788194e-06 0.00324008595674867 600 20.0
1170 1.1684393902360908e-05 0.004043447300936478 700 20.58823529411765
1170 2.621487335004404e-05 0.005174268962655636 800 21.108179419525065
1180 0.00019106617464537416 0.01488254036638535 100 19.6078431372549
1180 3.8150478112591055e-05 0.01524275754454711 200 19.047619047619047
1180 2.3641815805473952e-05 0.013575834901760224 300 19.736842105263158
1180 4.114850091954505e-05 0.0065373156939754614 400 19.51219512195122
1180 1.3839117062997585e-05 0.004771773735426312 500 19.53125
1180 6.984083471592363e-06 0.0043019339765002 600 20.0
1180 6.708822782542476e-06 0.005035715041595784 700 20.64896755162242
1180 1.7900064447012913e-05 0.006216382030420162 800 21.16402116402116
1190 0.00014905980837381997 0.01620739660841668 100 19.6078431372549
1190 2.7094564329379297e-05 0.015436650227725413 200 18.867924528301884
1190 8.577871080053362e-05 0.01201908992847817 300 19.48051948051948
1190 4.209983876562277e-06 0.00795946321645215 400 19.6078431372549
1190 2.520605645594076e-06 0.005796383650139782 500 19.53125
1190 7.80360443708811e-06 0.005513200622872433 600 20.13422818791946
1190 5.466910370878e-06 0.006139519964165844 700 20.771513353115726
1190 1.663055932660667e-05 0.007086988195395501 800 21.333333333333332
1200 0.00012801201714374662 0.017712706084341952 100 19.6078431372549
1200 0.0 0.015666332178284847 200 18.867924528301884
1200 1.259412942899576e-05 0.012913762342193734 300 19.736842105263158
1200 1.55595967539229e-05 0.011114080881399303 400 19.51219512195122
1200 6.532517928910378e-06 0.008480204386582696 500 19.685039370078737
1200 6.174606097549975e-06 0.007786504193158326 600 20.338983050847457
1200 1.1659012743076903e-05 0.008016936824000821 700 20.895522388059703
1200 1.1729190980245775e-05 0.008620138898662665 800 21.50537634408602
1210 0.00037522147168701986 0.046043531271448446 100 18.867924528301884
1210 0.0003033987546214645 0.048431361827040255 200 18.34862385321101
1210 0.00016938946228430438 0.047049118862559 300 19.23076923076923
1210 0.0001567891268812878 0.043032588020667645 400 19.323671497584538
1210 9.359575895212155e-05 0.0324990895962679 500 19.76284584980237
1210 7.051450749331458e-05 0.027015686961801434 600 20.408163265306122
1210 4.2959304210384056e-05 0.025682800631230827 700 20.95808383233533
1210 4.313851801104829e-05 0.025147614555008965 800 21.62162162162162
1220 0.00021733307005599616 0.029138133442490565 100 18.181818181818183
1220 0.0001964236605018956 0.0333717588596894 200 18.867924528301884
1220 0.00010643237531329592 0.032780988100674216 300 18.987341772151897
1220 1.9125846741057936e-05 0.03211185629635986 400 19.23076923076923
1220 5.948953872352778e-05 0.024190602995421716 500 19.76284584980237
1220 4.674564175535675e-05 0.021326535224070388 600 20.477815699658702
1220 2.180732757003894e-05 0.020650962959635408 700 21.08433734939759
1220 2.330976113111916e-05 0.020318580595082222 800 21.739130434782606
1230 0.00012505240099265535 0.01754431012417869 100 17.857142857142854
1230 0.00014580563349264725 0.022492419460838416 200 19.41747572815534
1230 0.00017524366491497646 0.021592961587790012 300 19.23076923076923
1230 3.498971122862021e-05 0.02083877782650664 400 19.323671497584538
1230 3.027366063674553e-05 0.016720670610753535 500 20.0
1230 2.4362547419603674e-05 0.01533895231659821 600 20.761245674740483
1230 6.67351106652572e-06 0.014873409698823876 700 21.341463414634145
1230 9.248580254343549e-07 0.014627123839660996 800 21.978021978021978
1240 9.535999732326952e-05 0.016070472110462804 100 17.857142857142854
1240 5.435638618459173e-05 0.023553203748243656 200 19.23076923076923
1240 5.645464918328596e-05 0.01944671154817553 300 19.48051948051948
1240 3.93353427593198e-05 0.018480473110160846 400 19.41747572815534
1240 2.1053051043264975e-05 0.015703097052919036 500 20.161290322580644
1240 1.8621873801804073e-05 0.014605296733958923 600 20.905923344947734
1240 3.0912430061346614e-06 0.014123180098943547 700 21.53846153846154
1240 1.9373116052103667e-06 0.01403314940708158 800 22.160664819944596
1250 0.00012769402608246955 0.017981998087145186 100 17.543859649122805
1250 9.041596369899232e-05 0.02372919629120436 200 19.41747572815534
1250 7.590865726686041e-05 0.021917906867178316 300 19.23076923076923
1250 4.070006645145443e-05 0.019128784985011773 400 19.6078431372549
1250 1.574585712807418e-05 0.016547912693757123 500 20.32520325203252
1250 7.4249884918371455e-06 0.015554380466614386 600 21.05263157894737
1250 4.981919249950552e-06 0.014915426541356323 700 21.739130434782606
1250 5.804749314989573e-06 0.014855190219159525 800 22.346368715083795
1260 0.00014372309606959898 0.017928028955911182 100 17.241379310344826
1260 7.315348003130082e-05 0.019304443392693948 200 19.23076923076923
1260 8.174559146590702e-05 0.0200773122816999 300 19.35483870967742
1260 2.4444437651194756e-05 0.016654303418327458 400 19.8019801980198
1260 9.551990197084486e-06 0.01476116166780764 500 20.576131687242796
1260 1.2151537886654446e-05 0.013968722485395536 600 21.201413427561835
1260 4.433122667066329e-06 0.013639771494489018 700 21.943573667711597
1260 1.4350382918605907e-06 0.013513694744612986 800 22.535211267605632
1270 0.00010251941107352209 0.016973411262748334 100 18.51851851851852
1270 4.084884712688534e-05 0.0200175551637711 200 19.047619047619047
1270 2.3470276097405007e-05 0.021711622361906137 300 19.35483870967742
1270 1.697511976575123e-05 0.01717839845380639 400 20.0
1270 6.494308152484446e-06 0.015475441299355746 500 20.833333333333332
1270 1.583100291595463e-05 0.01474817548683622 600 21.428571428571427
1270 4.811204746681192e-06 0.014370673200265326 700 22.151898734177212
1270 4.677240476935059e-06 0.013902198873112835 800 22.79202279202279
1280 0.0001664997741488446 0.018291575139603264 100 20.0
1280 5.264136205795061e-05 0.020968607938642705 200 19.6078431372549
1280 2.2660875028391538e-05 0.021374292423762375 300 19.6078431372549
1280 1.3022307732965983e-05 0.017191958797757128 400 20.30456852791878
1280 1.1498640366107851e-05 0.01563317662695913 500 21.097046413502106
1280 1.0871040035013309e-05 0.014829192765433668 600 21.73913043478261
1280 1.45868686456689e-05 0.014511869946752144 700 22.435897435897434
1280 8.846274069888044e-06 0.013933216391347527 800 23.054755043227665
1290 0.00018422829640456442 0.020593647924365896 100 20.408163265306122
1290 0.00014484820433217384 0.018803913959791817 200 20.0
1290 2.2033068187129046e-05 0.01851504303381664 300 19.736842105263158
1290 2.4218069277120918e-06 0.01580145953513734 400 20.618556701030926
1290 0.0 0.014638397438824098 500 21.367521367521366
1290 1.724115094499987e-05 0.013963341972168045 600 22.05882352941176
1290 1.7186667651359625e-05 0.014080904188654354 700 22.727272727272727
1290 9.176845387623325e-06 0.013817222617566268 800 23.323615160349853
1300 2.4009935253109668e-05 0.024756143953664114 100 20.83333333333333
1300 9.043778041466643e-06 0.02102771049233456 200 20.0
1300 1.0796935093327868e-05 0.01930899293937328 300 20.0
1300 9.889741834910008e-06 0.01647589662859341 400 20.83333333333333
1300 7.870287815069504e-06 0.01523314118847134 500 21.645021645021643
1300 1.8470708569606656e-05 0.014622165549132805 600 22.304832713754646
1300 1.4033265937521142e-05 0.014664818562266686 700 22.950819672131146
1300 1.6140128017758298e-05 0.014509347314318782 800 23.323615160349853
1310 3.06853519925168e-05 0.02309849420968967 100 20.83333333333333
1310 4.741541881255355e-05 0.021384442440156505 200 20.0
1310 4.374769836718387e-06 0.018247115650663313 300 20.408163265306122
1310 1.5681952630382846e-05 0.01595125695472373 400 21.16402116402116
1310 3.081030948122957e-05 0.01497364813531503 500 21.929824561403507
1310 2.2658542760999758e-05 0.014766999278748647 600 22.641509433962263
1310 1.5342336100679213e-05 0.015023262323472321 700 23.25581395348837
1310 1.6128277055868247e-05 0.014261414047590402 800 23.46041055718475
1320 0.0001309652478426822 0.01696425422451716 100 20.0
1320 4.5761687704613285e-05 0.01756529708911416 200 19.8019801980198
1320 5.557934056248341e-05 0.01485316661458968 300 20.408163265306122
1320 5.035059528230948e-05 0.015396014348951279 400 21.390374331550802
1320 6.67408188120488e-05 0.016919770815309775 500 22.026431718061673
1320 5.234291572510345e-05 0.01876152448432057 600 22.813688212927755
1320 3.0175725181769755e-05 0.019514158490079158 700 23.48993288590604
1320 3.2404956022967134e-05 0.016703141786083696 800 23.391812865497073
1330 3.242576457354296e-05 0.02701584676863092 100 18.51851851851852
1330 8.581825111230932e-05 0.020923790721511352 200 19.047619047619047
1330 4.200596711047765e-05 0.01743779685895831 300 20.13422818791946
1330 3.0232388410986186e-05 0.016597924983306866 400 21.27659574468085
1330 4.8581295736223895e-05 0.017009408182138076 500 22.026431718061673
1330 4.6699328768838245e-05 0.018105945727020286 600 22.813688212927755
1330 1.3839542034209567e-05 0.018029625174548952 700 23.48993288590604
1330 1.290875617801158e-05 0.01425048323277156 800 23.12138728323699
1340 0.00035751175817196133 0.045086004073499414 100 19.23076923076923
1340 0.0001450189254912298 0.04443253804291002 200 19.23076923076923
1340 8.127711030330414e-05 0.03684306580071898 300 20.54794520547945
1340 5.928056659010976e-05 0.033117768970016594 400 21.62162162162162
1340 2.766786783259866e-05 0.030395999287393 500 22.32142857142857
1340 2.1349977431581082e-05 0.02853484348835811 600 23.166023166023162
1340 4.751479256583421e-05 0.028087936569763477 700 23.728813559322035
1340 3.347495235669532e-05 0.02410333816715514 800 23.255813953488374
1350 1.4621683597652888e-05 0.018856343491129194 100 18.51851851851852
1350 4.456034285680197e-06 0.018394643531058054 200 19.41747572815534
1350 2.6972462035132483e-05 0.015685630294970842 300 20.689655172413794
1350 2.5727029799772668e-05 0.014261244502248343 400 21.739130434782606
1350 2.7085822663286704e-05 0.01389290866544536 500 22.522522522522518
1350 1.8688650111111196e-05 0.014358828923440065 600 23.346303501945524
1350 1.565118872661884e-05 0.01453892210238745 700 23.64864864864865
1350 1.6438795134886569e-06 0.010006108539253664 800 23.323615160349853
1360 0.00011127773826172687 0.020466159997939895 100 18.867924528301884
1360 1.4251013894028624e-05 0.017338717727242978 200 20.0
1360 2.5440943293780706e-05 0.015002877801706569 300 21.12676056338028
1360 4.838768866542686e-05 0.013891781283377584 400 22.09944751381215
1360 3.199656199170305e-05 0.01405662534288307 500 23.041474654377875
1360 2.552658641477437e-05 0.014669938473934717 600 23.715415019762844
1360 3.968689902398085e-05 0.01322445090078997 700 23.728813559322035
1360 3.482610516827201e-06 0.00958176978627932 800 23.529411764705884
1370 4.288231772878562e-05 0.023185391441349904 100 19.23076923076923
1370 1.5539826458170673e-05 0.017745526458201148 200 20.408163265306122
1370 2.33547735783689e-05 0.015083616900953192 300 21.73913043478261
1370 4.97477018963174e-05 0.01382122665361117 400 22.598870056497177
1370 3.586651110572638e-05 0.013953152312089214 500 23.474178403755868
1370 1.2863144042469967e-05 0.014073832335901492 600 24.096385542168672
1370 1.655444341100671e-05 0.01176550904089759 700 23.890784982935152
1370 3.903964866573115e-06 0.008967781352435538 800 23.73887240356083
1380 0.0001957320698281001 0.023265661586787213 100 19.23076923076923
1380 2.322048099366923e-05 0.016202070405946564 200 20.83333333333333
1380 1.1268783723387006e-05 0.01428369653032966 300 22.05882352941176
1380 4.149317164513928e-05 0.013266586189216051 400 22.857142857142858
1380 3.939168139739155e-05 0.013761521242857582 500 23.696682464454973
1380 5.5001700507384635e-06 0.013618781429193323 600 24.390243902439025
1380 5.872686778268157e-06 0.010494911005191844 700 23.890784982935152
1380 1.4766667841629887e-05 0.008220592472832725 800 23.80952380952381
1390 0.00010687413686947938 0.01652684416787371 100 18.867924528301884
1390 7.761963468023216e-05 0.015559762359665249 200 20.83333333333333
1390 5.427181111233037e-05 0.01595826991064823 300 22.22222222222222
1390 7.019324330628206e-05 0.017502596277059183 400 23.12138728323699
1390 5.4385219102885054e-05 0.019460689710806316 500 23.923444976076553
1390 1.4011311540221965e-05 0.01952987489998759 600 24.590163934426226
1390 1.9150183695236957e-05 0.01467045279134491 700 23.890784982935152
1390 1.5127009354700563e-06 0.01204824988048472 800 23.80952380952381
1400 7.276736595335696e-05 0.027397835281556905 100 19.6078431372549
1400 7.180701961902929e-06 0.020487814070024483 200 21.50537634408602
1400 4.945379169410351e-06 0.01681750571244111 300 22.727272727272727
1400 1.6972250966610296e-05 0.01453659702999488 400 23.529411764705884
1400 1.1378226751641108e-05 0.014437399305699553 500 24.271844660194173
1400 2.6114242128918197e-05 0.01518093076806476 600 24.590163934426226
1400 9.402328456831069e-06 0.010858577623604995 700 24.054982817869416
1400 2.0607810364301078e-05 0.009116482925755563 800 23.880597014925375
1410 0.00013612422620285164 0.01621810206211071 100 20.408163265306122
1410 9.147608568502384e-05 0.014404321458245016 200 22.22222222222222
1410 9.528915308827669e-05 0.01549870162592222 300 23.25581395348837
1410 6.270507993023591e-05 0.0179243078761645 400 24.096385542168672
1410 4.9367910489169136e-05 0.01933856570526507 500 24.75247524752475
1410 4.677541090057763e-05 0.017685932188087408 600 24.691358024691358
1410 1.801426105251372e-05 0.0128265033078131 700 24.22145328719723
1410 1.7784197246749486e-05 0.011364240494286994 800 24.024024024024023
1420 7.479193743769437e-05 0.016412649546062346 100 21.27659574468085
1420 5.6577545152785724e-05 0.012321555348262651 200 22.727272727272727
1420 8.073212724431831e-05 0.011774603921480577 300 23.622047244094485
1420 5.5638146605686756e-05 0.013326108059725086 400 24.539877300613497
1420 2.4219188256251963e-05 0.014130664449847072 500 25.125628140703515
1420 2.792782113878444e-05 0.011172024398781483 600 24.793388429752063
1420 1.088071648659185e-05 0.008315922460558013 700 24.39024390243902
1420 7.542973460611168e-06 0.0074930838599888945 800 24.096385542168672
1430 0.0001919455614036277 0.030814624733074582 100 21.739130434782606
1430 0.00010015462624532669 0.02704861471953676 200 23.255813953488374
1430 2.3368370762838163e-05 0.023718326147748502 300 24.0
1430 1.0147084896304962e-05 0.02141281171866742 400 24.844720496894407
1430 4.098959902700538e-05 0.02163357833837421 500 25.51020408163265
1430 3.290499575038488e-05 0.021661542286244773 600 24.691358024691358
1430 4.8937661609594905e-05 0.01807202803152007 700 24.56140350877193
1430 2.3269229367795004e-05 0.017449525543303427 800 24.242424242424242
1440 4.3835866060063335e-05 0.01115961372490803 100 22.727272727272727
1440 2.143354493722531e-05 0.01035197112661237 200 24.096385542168672
1440 5.294565629333576e-05 0.010884219707153413 300 24.590163934426226
1440 4.390116230966192e-05 0.012687276217603533 400 25.31645569620253
1440 2.9349659112215838e-06 0.012758416665424531 500 25.906735751295336
1440 2.396736750349336e-06 0.008119320279591516 600 24.896265560165972
1440 1.900432586482482e-05 0.0060266148768001035 700 24.64788732394366
1440 1.2866134359242909e-05 0.005201619689174163 800 24.316109422492403
1450 8.691355697843912e-05 0.010785272818530298 100 23.255813953488374
1450 4.409647222644653e-05 0.010440701208772194 200 24.39024390243902
1450 4.6625068791047506e-05 0.011520518996237133 300 25.0
1450 3.2032283142491096e-05 0.0131277986014643 400 25.64102564102564
1450 1.680790658651655e-05 0.01318413130330055 500 25.773195876288657
1450 1.1290923911471455e-06 0.0073660222210332575 600 24.896265560165972
1450 1.5001353464406249e-05 0.005879565586845934 700 24.475524475524473
1450 1.5871060390160477e-05 0.004749098301096946 800 24.242424242424242
1460 5.2865529230961595e-05 0.009811268685222477 100 23.255813953488374
1460 8.467115491197271e-05 0.01018919968725567 200 24.39024390243902
1460 4.2757707191748904e-05 0.011440342552481724 300 25.423728813559322
1460 2.9589409454845484e-05 0.0125796979834801 400 25.974025974025974
1460 5.294709687906774e-05 0.010359404093085793 500 25.51020408163265
1460 0.0 0.00626709444913377 600 24.896265560165972
1460 6.409502259538446e-07 0.005310318567401568 700 24.475524475524473
1460 2.9903654685115048e-05 0.004335622306622523 800 24.242424242424242
1470 4.321316747186763e-05 0.010115078327352716 100 23.80952380952381
1470 7.714367874727073e-05 0.010251638514345952 200 24.691358024691358
1470 3.639685296914779e-05 0.011643051007327479 300 25.64102564102564
1470 3.027480357881437e-06 0.01172726288777188 400 26.31578947368421
1470 1.4329589913166426e-05 0.008390760180805777 500 25.252525252525253
1470 5.349475899906166e-06 0.005666953795391103 600 24.896265560165972
1470 5.297777697054992e-06 0.0051182943715808085 700 24.475524475524473
1470 2.0312900853425363e-05 0.00479169340996233 800 24.16918429003021
1480 0.0 0.009959820343988315 100 24.39024390243902
1480 6.219872068343876e-05 0.010857316768986533 200 25.0
1480 4.404982673764232e-05 0.012154209962655154 300 26.08695652173913
1480 1.0506659007441669e-05 0.01197934489181649 400 26.666666666666668
1480 3.3174567681794552e-06 0.007199639842319437 500 25.125628140703515
1480 3.112913340473251e-05 0.005040431260614946 600 24.896265560165972
1480 5.762186213115217e-06 0.004919396163439333 700 24.475524475524473
1480 1.859430784396296e-05 0.00468633911356572 800 24.16918429003021
1490 5.36011363185053e-06 0.010967318717255424 100 24.39024390243902
1490 3.704714087786542e-05 0.010411396806356199 200 25.31645569620253
1490 2.7276617985003283e-05 0.01139472057725609 300 26.31578947368421
1490 4.000144494377668e-05 0.012480919721971637 400 26.31578947368421
1490 1.7165134075747597e-05 0.007811984303333572 500 25.125628140703515
1490 3.066816328587454e-05 0.00654637177191126 600 24.691358024691358
1490 4.3132367870351444e-06 0.007145007172480133 700 24.39024390243902
1490 2.244250429351334e-06 0.006603373671009153 800 24.096385542168672
1500 0.0001151081979990938 0.010074424551485517 100 24.39024390243902
1500 4.106465075351701e-05 0.011085607571076088 200 25.974025974025974
1500 2.5198776654562485e-05 0.01209086612153368 300 26.54867256637168
1500 4.982183085721456e-05 0.011306649866055802 400 25.806451612903224
1500 1.0202467997910444e-05 0.006290085302538054 500 25.0
1500 7.320116422679249e-06 0.005767862247945701 600 24.489795918367346
1500 2.2912121519258005e-05 0.005794872461972578 700 24.22145328719723
1500 1.689483508909383e-05 0.005358857247994434 800 23.952095808383234
1510 0.00010751006374909352 0.010660882730007355 100 24.39024390243902
1510 3.135322739022518e-05 0.011693157002538843 200 25.974025974025974
1510 1.1042143902530653e-05 0.01146180116739338 300 26.785714285714285
1510 6.390340955201664e-06 0.009242918753330435 400 25.31645569620253
1510 1.578795170369469e-05 0.006585683223793864 500 24.87562189054726
1510 1.3674250015919971e-05 0.006749819296172742 600 24.390243902439025
1510 1.653041640495649e-05 0.0071084896543766336 700 24.054982817869416
1510 1.687470914303895e-05 0.0066384728798577685 800 23.668639053254434
1520 0.00011889777188416452 0.01272310141837592 100 25.0
1520 7.838755263867201e-05 0.014146519466910533 200 26.31578947368421
1520 2.0391131877096146e-05 0.012890368043114697 300 27.027027027027025
1520 6.343787039113117e-06 0.006650622604167721 400 25.157232704402514
1520 3.728822479523922e-05 0.0046968674700609515 500 24.75247524752475
1520 7.585976458335951e-06 0.005360935505917502 600 24.2914979757085
1520 1.9870507201213386e-05 0.0053951927150961525 700 23.972602739726025
1520 1.1128262617737707e-05 0.005589887077430979 800 23.255813953488374
1530 7.191624214682263e-05 0.011187857918533573 100 25.64102564102564
1530 2.931744996935485e-05 0.012402537369700244 200 26.666666666666668
1530 5.591620105865564e-05 0.013374438236406707 300 26.54867256637168
1530 2.1275787957705413e-05 0.007534023815776636 400 25.0
1530 3.71842587875538e-05 0.006909273889578321 500 24.509803921568626
1530 5.735479080211255e-06 0.008201468113677526 600 24.193548387096772
1530 8.0185776978821e-06 0.007718507558572756 700 23.890784982935152
1530 2.3181735154763115e-06 0.00823796669853459 800 23.18840579710145
1540 3.692837262182982e-05 0.013035615956438327 100 26.31578947368421
1540 2.395775581607827e-05 0.014602171358490162 200 27.027027027027025
1540 2.8106059513534968e-05 0.018872732431573527 300 26.08695652173913
1540 4.169064571714413e-05 0.013440014888815266 400 24.844720496894407
1540 3.2563907293801076e-05 0.013093705260897755 500 24.271844660194173
1540 1.2672657355307632e-05 0.014003091473185751 600 24.0
1540 3.791865513077954e-05 0.012999116329353778 700 23.728813559322035
1540 1.909966145454629e-05 0.013475931856592026 800 23.18840579710145
1550 4.705291254686734e-05 0.013862761024447787 100 27.027027027027025
1550 7.426481327102601e-05 0.015186432891616673 200 27.3972602739726
1550 3.9300501327690285e-05 0.01777966935973792 300 25.210084033613445
1550 5.435101203279407e-05 0.014339286170612593 400 24.691358024691358
1550 3.685722736980106e-05 0.015044223536017247 500 24.154589371980673
1550 1.1405723859422613e-06 0.015514393452721832 600 23.904382470119522
1550 3.333876415535813e-05 0.014328184927931859 700 23.41137123745819
1560 1.4178889485859986e-05 0.01311587103937449 100 27.027027027027025
1560 8.514259852914471e-05 0.015267867887568351 200 27.77777777777778
1560 4.6303353425629576e-05 0.014799932557618902 300 24.793388429752063
1560 7.374845154066192e-05 0.013258805870634782 400 24.39024390243902
1560 1.4558088735588176e-05 0.014819076181482914 500 24.038461538461537
1560 5.135200404418346e-06 0.014246755622478442 600 23.622047244094485
1560 2.2378949502553485e-05 0.013639221886197508 700 22.875816993464053
1570 3.67390021545433e-05 0.014722346752558286 100 27.027027027027025
1570 0.00012936236138095112 0.01995674042322434 200 26.31578947368421
1570 5.569089942833381e-05 0.015025153046255303 300 24.390243902439025
1570 6.130136416814143e-05 0.01401713674775052 400 23.952095808383234
1570 4.383028288004461e-06 0.015353161656884929 500 23.696682464454973
1570 2.8607815704253335e-05 0.014261195987469591 600 23.4375
1570 1.2146138847024612e-05 0.014359107646699914 700 22.727272727272727
1580 6.35046145765492e-05 0.013135090054664657 100 27.027027027027025
1580 4.244693968863376e-05 0.021236617903502494 200 25.31645569620253
1580 4.3697846845190243e-05 0.015929373510096462 300 24.0
1580 2.7440619779392065e-05 0.01564504664171193 400 23.529411764705884
1580 1.4788214251313944e-05 0.016348635950925384 500 23.36448598130841
1580 4.5418666932157664e-05 0.015026509666136242 600 23.076923076923077
1580 1.1173482380061076e-05 0.01557283919347382 700 22.653721682847895
1590 0.00016594738381391072 0.020053000614936655 100 27.77777777777778
1590 7.827438800473526e-05 0.02442034227741334 200 23.80952380952381
1590 0.00010477597089619104 0.020291361885104803 300 23.809523809523807
1590 2.9383516488154894e-05 0.020890704464733748 400 23.391812865497073
1590 1.7190302955056463e-06 0.020502793752526956 500 23.041474654377875
1590 2.8916113081778363e-05 0.01891974627973462 600 22.55639097744361
1600 0.00021524847226125907 0.021589518361243294 100 26.31578947368421
1600 7.980183730945844e-05 0.0209447206079455 200 23.255813953488374
1600 7.946751800344347e-05 0.01885503164277059 300 23.076923076923077
1600 9.479652460340284e-06 0.019997570781252763 400 22.988505747126435
1600 6.963355223391801e-06 0.018248866835088563 500 22.8310502283105
1600 2.2436550839564923e-05 0.0174750515925116 600 22.14022140221402
1610 6.733372625507753e-05 0.02816172846766851 100 23.80952380952381
1610 5.8235692109137255e-05 0.020178816202188022 200 22.727272727272727
1610 3.231187998884934e-05 0.018089862581457578 300 22.55639097744361
1610 1.7794125370475492e-05 0.01862614524924002 400 22.598870056497177
1610 3.659179580700686e-05 0.016787579380707802 500 22.522522522522518
1610 1.3850411120986377e-05 0.01648406343243092 600 22.05882352941176
1620 3.357533299404094e-05 0.02480950385925312 100 21.27659574468085
1620 2.901443232873733e-05 0.018778488450964623 200 22.22222222222222
1620 2.655496530697248e-05 0.01692183800834469 300 22.22222222222222
1620 3.1382231960037636e-05 0.016518041639010016 400 22.22222222222222
1620 2.4646700400796274e-05 0.014830354341133032 500 22.026431718061673
1620 2.7844619349936124e-05 0.014994469515566641 600 21.660649819494584
1630 4.6249643825923635e-05 0.021059417474306577 100 20.0
1630 5.89898258648609e-05 0.01697940271931622 200 21.50537634408602
1630 3.479125697288859e-05 0.015241139840624559 300 21.8978102189781
1630 5.4060474487107646e-05 0.013799241266432059 400 21.85792349726776
1630 5.765405173002744e-06 0.013423593688239697 500 21.27659574468085
1640 7.19054981597019e-05 0.021237103357565325 100 20.408163265306122
1640 1.4903303314809271e-05 0.01641919192030065 200 21.50537634408602
1640 6.329460897564534e-05 0.014636603047501013 300 21.8978102189781
1640 3.435898809697906e-05 0.013503649314457238 400 21.978021978021978
1640 3.520308543096152e-05 0.014217313018871263 500 21.367521367521366
1650 0.00013003148800283244 0.0336631844132796 100 21.27659574468085
1650 6.736561958061857e-05 0.025569177753632606 200 21.739130434782606
1650 9.165392566115262e-06 0.024826037033924154 300 22.05882352941176
1650 5.0709566557365196e-05 0.02206418287503717 400 22.09944751381215
1650 2.0689844590631903e-05 0.02097197044020278 500 21.551724137931032
1660 0.00014686305842533058 0.02577535959900032 100 21.739130434782606
1660 6.71519439893902e-05 0.02270498638041682 200 21.978021978021978
1660 1.9991201017619653e-05 0.02318138348849803 300 22.05882352941176
1660 6.601251375049666e-05 0.021384553905307753 400 21.978021978021978
1660 1.8986407375234428e-05 0.020960009034606267 500 21.73913043478261
1670 0.0001251118149546692 0.015023971758245302 100 22.727272727272727
1670 0.0 0.013376558435075719 200 22.47191011235955
1670 4.6117682746139815e-05 0.013271172032264246 300 22.388059701492537
1670 1.4760935179888304e-05 0.012351567334111808 400 21.85792349726776
1680 0.00015569199453905125 0.013511043838105627 100 22.727272727272727
1680 4.1377614290916054e-05 0.014006515857474098 200 22.47191011235955
1680 5.720050712618443e-05 0.012049053294369748 300 22.388059701492537
1680 5.982910722459421e-06 0.011760836879318311 400 21.50537634408602
1690 0.0001121080285185908 0.011300716672979645 100 21.739130434782606
1690 5.996880982619231e-05 0.012523914120800688 200 22.22222222222222
1690 0.0 0.01090620963958536 300 22.22222222222222
1690 2.080746589065498e-05 0.011808420104482378 400 21.390374331550802
1700 1.1244831465345728e-05 0.010279549153374756 100 21.739130434782606
1700 0.00011868083171035138 0.011412540020632212 200 21.978021978021978
1700 3.096103887077899e-05 0.010501161012351322 300 22.05882352941176
1700 7.364318744810723e-06 0.011365779248828638 400 21.50537634408602
1710 1.5320106569137242e-05 0.010454782290266784 100 21.739130434782606
1710 9.791901197308113e-05 0.011124700889435386 200 21.978021978021978
1710 1.591936725538328e-05 0.010329881764184862 300 21.58273381294964
1720 0.0002280577750494408 0.01593477760592974 100 21.739130434782606
1720 0.00016550027118462086 0.01625719671576835 200 21.739130434782606
1720 4.0484431676733876e-05 0.016707156854474336 300 20.979020979020977
1730 0.00020767492777066447 0.012013943241268067 100 21.739130434782606
1730 8.142446778527193e-05 0.011591546690475846 200 21.978021978021978
1730 5.976817066579973e-05 0.013705768912185652 300 20.979020979020977
1740 0.00019702251354564642 0.011454552577720364 100 21.739130434782606
1740 1.3778313144093325e-05 0.009872765358698294 200 22.22222222222222
1740 1.826480398785376e-05 0.01202067390745586 300 21.27659574468085
1750 0.00019503485316575632 0.01385579534515838 100 21.739130434782606
1750 6.48321751544392e-05 0.01171768147022404 200 21.739130434782606
1750 1.3706834428227271e-05 0.013075173765630554 300 21.27659574468085
1760 0.00010834365844976906 0.014422173043503966 100 21.27659574468085
1760 2.7591560858668875e-05 0.01327876683337285 200 20.83333333333333
1770 2.0450423412764125e-05 0.012965543796331393 100 21.27659574468085
1770 1.8306596010583234e-05 0.01320296101289258 200 20.2020202020202
1780 0.00015067896789818866 0.015240257432742195 100 21.739130434782606
1780 3.202624534935145e-05 0.015505183976960562 200 20.408163265306122
1790 0.0003638595478945453 0.027635937502025948 100 21.27659574468085
1790 0.00010388444288542671 0.0243631782298863 200 20.83333333333333
1800 0.00024169664169973278 0.02241202088734969 100 20.408163265306122
1810 0.0002133583427085772 0.020416133741268765 100 18.867924528301884
1820 3.274752741584109e-05 0.014227382492769542 100 18.51851851851852
1830 9.852701112410337e-05 0.018047739379834452 100 19.23076923076923
1840 0.00017873758506839826 0.02244447324660264 100 20.0
