-3.831941664089966726e-01
-1.357681818783371908e+00
-2.367959019085075223e+00
-2.936647662203209386e+00
7.713259333100612736e-01
-5.591062363374543764e-02
2.050686425092825615e+00
1.273575915461635066e+00
-2.043443090146341135e+01
-2.360249783937894463e+01
-1.290960738618917958e+01
-5.134255386494146478e-02
-8.082128101518158303e+00
3.876819775824820624e+01
2.499494317458831460e+01
3.218241673254650692e+01
1.515512703078177381e+01
9.222005007189252979e+00
2.329442231466401836e+00
-5.866284999314132165e+00
-1.907322165553231486e+01
-1.496358560672231874e+01
-1.333535816330387114e+01
-4.826454939652381704e+00
4.310252659604687508e-01
1.803530238635127070e-01
1.728730321635224998e+00
-6.341980468393026982e-02
-1.857493841700479376e-01
-2.168506363967350303e+00
-3.668629385085510286e+00
-1.115654959735362439e+00
-2.453309162121446008e+00
-8.412972893820480635e-03
-1.577351443548794308e+00
-2.247693340793347261e+00
-1.494779989250851848e+01
1.496115161642942759e+01
-1.410014445069112021e+01
-5.157447528764436129e-02
-2.178289370937598335e+00
6.508333954853640080e-02
-4.149969570464691060e+00
-4.265654664727833278e+00
-2.934097830917487215e+00
-2.350603267251983652e+00
-1.625735302332799392e+00
-9.588188767364371756e-01
-1.101287560342180427e+01
1.798711948096638480e+00
2.332124530149172870e+01
1.949627215815851855e+01
1.485913843692575753e+01
3.797183164252842857e+00
3.299075599884976562e+00
1.704269668608297650e+00
-3.982837450801582690e+00
-2.217264680620604000e+00
-9.793712031072203672e-01
-1.192050364012551933e+00
-2.863457444788527706e+00
-1.548623115483078960e+00
-1.566729577364096571e-01
1.301758504980510267e-01
1.347274591594683324e+00
5.554415185133371402e+00
3.044203418480556422e+00
2.887493974650586104e+00
6.960877356313428521e-01
3.955869810245994600e+00
3.452980097253762537e+00
3.083883795941201100e+00
2.981871689680954063e+00
7.630756097685445383e+00
3.991896399204726720e+00
-5.625684828448992647e+00
7.496012218692520435e-01
-9.824477348365274310e+00
-1.248586505328273866e+01
-2.581413171312812338e+00
-9.790627124148063132e+00
-2.020844273780328493e+01
9.801303160171586981e+00
6.024889363441784695e+01
5.337329689925866205e+00
6.893140331856663749e+00
-5.665127986220355183e-01
-1.730213352985998654e-02
-2.522100065921119239e+01
-2.375805266401013682e+01
-2.153064169038317210e+00
-3.662808915842560520e+00
-2.247465110511770447e-02
3.412916944747492742e-01
5.951313873729833226e-01
1.973632634984684664e+00
1.203458856987396963e+00
1.287242237547182810e+00
9.392542680806315047e-01
2.111690082814281055e+00
3.879340310369620681e+00
3.763050122105997985e+00
1.005690455157143504e+00
-5.606954579208519363e+00
-5.562671725068231154e-01
-7.485759699187752858e-01
-6.419330675828085475e-01
2.759143053162862458e-01
4.004422473606972233e-01
-1.837272833948684791e+00
-2.001145669797518067e+00
7.854909215836336500e-02
2.451875458425103460e-01
-1.708502955838593351e-01
1.094183268651846674e+00
3.875952961373272387e-01
1.545498179652126325e+00
1.534865037513617025e+00
1.388066411081393170e+00
5.862678723215850596e-01
2.518611598632670479e+00
7.342378416173502842e-01
8.446798853513044492e-01
4.955325551770570769e-01
1.154150913312498972e+00
1.420033115973033944e-01
8.864960165275803661e-01
-2.392459210665656144e-01
6.801916549376407772e-01
1.662360999310756426e+00
4.377836261111269778e-01
-2.563893854438923370e+00
-6.818541312472383709e-01
3.190340025150604220e-01
-2.140283782067093910e-01
-1.187337871654808197e+00
-1.546812900589692674e+00
-1.349434793016467182e+00
-7.805131365162090162e-01
-4.207862345389621339e-01
-6.664135924743774808e-02
-1.937109714314880549e+00
-9.134679392896138950e-02
-2.857182832933649053e-01
-8.051357165294188434e-01
-1.073164535411791576e+00
-1.830934436772626128e+00
-1.506779014019059559e-01
-5.298767315983088366e-01
-2.465085150950281800e+00
-6.813881600135831107e+00
-5.676454200828153773e+00
-6.930428935498021303e+00
-1.371003921321914731e+00
-3.354847820899040656e+00
-2.599860999690282171e+00
-1.895899931156694862e+00
-9.326959124416340785e-01
-3.716781927675146591e+00
-3.242645305703760528e+00
-1.767871615432600407e+00
-9.926952162199391694e-01
-5.876718228995088111e-01
-2.973862192963785844e+00
-2.030209140902663023e+00
-1.898754345790329978e+00
-1.036181695576246398e+00
-5.647635878012309263e-01
5.287317541726714865e+00
6.593325278309631443e+00
3.900112784165813196e+00
4.134910894849216589e+00
2.905629731634515878e+00
1.337588214789995789e+00
3.340516546918946617e+00
2.036415781498678967e+00
1.060577989886981598e+00
-4.178455356472099425e-03
1.912378859814225507e-01
3.166922907857561142e-01
7.224616089812343489e-01
5.548557244077549910e-01
9.764313339376151646e-02
1.159633492706362290e-01
-3.631433993350441369e-02
7.296972293658727793e-01
4.014284088387265470e-01
1.456624960419500958e+00
6.095510850928596014e-01
4.337727316027111257e-01
3.995905874281784342e-01
4.433628614868601048e-01
6.989997468322650676e-01
3.143253162727607464e+00
3.319373373646339886e-01
-1.318528974409727716e+00
-1.126861520860275245e+00
-4.867730248089634504e-01
6.061014945717628777e-01
1.485600725818461143e-01
1.119437248785514205e+00
-6.885058308770162228e-01
1.668560238654598349e-01
-1.494122140215802252e-01
-6.141264489160747075e-02
2.392745483124651962e-01
-1.039573566947052052e+00
5.775578436230566215e-01
-4.876981972713958502e-01
9.341508650179264350e-01
3.666015657754329471e+00
-7.104585500050890623e-01
-1.507115991249456499e+00
-1.523619257511642955e+00
-1.274254478601140050e-01
4.354520085105565430e-01
4.492170141185769516e-02
3.914453361861625069e-01
2.566841545009368453e-02
1.978309448836468309e+00
-5.775366424393799658e-01
3.602840431678602240e-01
-4.932012076796064015e-01
-1.503353082803996488e-01
5.408575680383675977e-02
-1.648596131203428072e-02
-1.237619355683835520e-01
5.509133389370979295e-03
-3.025337215718658657e-01
1.375218729874854162e-01
-4.657325725484333101e-01
1.035998669225974167e+00
8.801821010910637622e-01
2.296826997090780864e+01
3.410407052892394120e+01
2.772338376541758720e+01
2.743343546932518962e+01
2.774817121673271458e+01
3.585182076472375456e+01
-8.101739673554892818e+01
4.414391942659179335e+00
1.644274905739649739e+00
-1.272439036306589344e+01
-1.370135901220125163e+01
2.823300045210709186e+01
-2.868624340152651087e+01
-4.914356572343157836e+01
-6.727134430614160721e+00
-2.750582286994834647e+00
7.624295120693176386e-01
-5.038679054837515991e-01
-1.931173894753868581e+00
2.809677765544762451e-01
-3.109628342405752477e-01
4.441387563189511667e-01
-2.864389509677552681e+00
-2.205732187967518243e+00
-7.330236647785977055e-01
1.521798724134253433e-01
2.740321776676495347e-01
-9.357120334804722717e-01
-6.530521418981363624e+00
-5.003545866081555715e+00
-1.198571593800499935e+00
2.099302398306237549e-01
6.451389210713269762e-01
-5.029106722718554856e-01
-1.658274498994680712e-01
2.143143663166746649e-01
1.318010830538840494e-02
2.755767409548610658e-01
-1.019156489599716053e+00
5.316597025425435774e-01
5.350793390358590251e-01
4.325591168784281848e-02
8.605196596875925863e-01
4.327540157993697179e+00
6.582210125907055343e-01
1.069573383076960482e-02
-2.929942263079090559e-01
3.751327812882299106e-01
1.150446209517821838e+00
1.381315890633642240e+00
7.849676339449578322e-01
1.774587346025445989e+00
1.758273375131853555e+00
1.106093225614749542e+00
-7.879348253715789951e-02
-4.333188173626218997e-01
-1.330963703934195053e+00
9.068582442211159389e-02
-1.198238897335237141e+00
1.034176178578535499e+00
5.625925412104795242e-01
1.064869610239970399e+00
1.608062771335269758e+00
1.339003900951974302e+00
2.111088927490918365e-01
9.375071732464164143e-01
1.141748912498883328e-01
4.264144239666105562e-01
-4.773213350904725871e-01
-2.896750176385150866e+00
-1.538679918122127788e+00
-2.090629988903115688e+00
1.040564704239699267e-01
6.271356218079127132e-02
4.476837577445014205e-01
5.988725843464344223e-01
1.377645134688471273e+00
-5.617897860426559475e-01
5.468402388343385212e-02
-6.724296660460638009e-01
-2.434209105573394538e+00
-4.832781972237420121e+00
-3.417816811506340979e+00
-1.517259812078393388e-02
-1.537539588937169577e-01
2.336939075659291709e-01
6.182915309584851027e-01
3.935969648468967685e-01
1.286115796075910866e+00
-3.919808595946265850e-01
4.370137397282298775e-01
-1.685140925027921455e-01
-4.264047609670784666e-02
-6.309464184600712677e-01
-1.232801292417062378e+00
-2.727161650060908826e+00
7.998681860260214993e-01
-1.026178433667008560e+00
4.193840203965146785e-01
-4.346324734381954435e-01
1.172538053484567522e+00
1.908121256861830428e+00
1.263607898052417022e+00
1.218860299850970108e+00
2.429870244021344661e+00
-2.566533335691767448e-01
6.647396501767683930e-01
1.358048033816270816e+00
9.328376622938705509e-01
1.557172374678194693e+00
1.108464048705535276e-01
1.831438909252014469e-01
4.443437725617549461e-01
-7.105813136624714588e-01
3.398553156992090152e-01
-3.595367297749074709e-01
-4.634896104350545443e-01
-1.559725637380555696e-01
-4.246176361053333181e-01
-1.451717686883590375e+00
1.523167584114570872e-02
-1.069368581680674168e-01
4.205723842349300412e-01
1.971332828862983888e-01
-2.100149553946311087e-01
1.034713283405439554e-01
-7.853552586860805818e-01
-3.230314369507286898e+00
-3.404586979758010390e+00
7.819162444258412892e-01
-2.946757701141448083e-01
5.675638220333566464e-01
-1.040492739293640945e+00
-2.846178399918600110e+00
-4.445740072640286478e+00
-2.941671740803423418e+00
-1.008062254853644646e+00
3.024346760203098228e-01
1.230217181793186398e+00
-7.756842416982863142e-01
-2.229560401827392013e+00
-1.907017745618393434e-01
-1.180233672989459137e-01
5.229954067831048548e-01
-1.830696528748987362e-02
-6.409348378045596206e-01
3.429869335799766716e+00
1.611095006110591754e+00
-5.052215583804908761e-01
2.751373192315947236e+00
2.778534328385276808e+00
2.754787870401400607e+00
1.079099848727546718e+00
-3.407014611895337053e-01
-1.865500547169765821e-01
-9.618437594258629764e-01
-5.124475918924475959e-02
-1.631679034437437670e-01
1.894556395729514620e+00
-4.940375581380980763e-01
2.271468075094419947e-01
-9.208483797532951431e-01
9.187990178303174771e-01
-9.868597061390032010e-01
3.796467475846008188e-01
-1.727287540132136590e+00
1.812329200442275301e-01
2.461242672891694738e-02
2.632205002177967490e-01
-1.447146648684707326e-01
6.805783441236723519e-02
-1.143798313770585384e-01
-2.062187601891494193e-01
6.592393368577130763e-01
-3.583255028675723652e-01
2.636093151618938979e-01
1.455386417918185238e-01
9.257420883291818114e-01
5.801291100543732870e-01
9.264793009169336457e-02
1.601779310245770249e+00
7.088344093472787044e-01
-5.005732154559492386e-01
-1.200815977262454926e+00
-1.450911312818087495e+00
-9.298353185788694741e-01
-7.076159645379622720e-01
2.066347298546555855e-01
3.825083716739015038e-01
5.493549473678283057e-02
-2.796081335923203959e-01
-4.907544123654059565e-01
-1.496483926995587854e+00
4.439271276904150909e-01
-2.760038870285796975e-02
9.011384693556641068e-01
-5.831948658294621168e-01
-1.695847603478872756e-02
-1.244704586183251749e-01
-2.975661405641343293e-01
1.101478041521380513e+00
-1.065108029974487946e+00
1.710487329900752362e+00
-6.077144911513281400e-01
4.477279552072659818e+00
5.781330472293721989e-01
4.483651834806590131e-01
1.586943881838545067e-01
2.149162088555556238e-01
3.875288876516393977e-01
-3.012599308396639586e-01
1.249416015552269776e+00
-9.484415420275986719e-01
2.679610321393103511e+00
7.744765270003259872e-01
1.271478957961416079e+00
4.204473141539349257e+00
9.476144141311376501e+00
8.042875008519111191e+00
6.392662273783173532e+00
9.027370921871046505e+00
2.989687495411594398e+00
7.771531086016531731e+01
1.798634679600803565e+01
-3.710703564687577227e+00
-1.272529313479392954e+01
-3.578725699164378682e+01
-1.492436529879751106e+01
-1.044969024176148764e+01
-3.160065776218221600e+01
-1.937691404054761435e+01
-1.277306702933773153e+01
-8.098077053088506005e-01
-1.118538920426105809e+00
-1.654926614873565738e+00
-1.151948242945227685e+00
-2.130906466563601498e+00
-8.233400704644253665e-01
1.374174379511918787e-01
2.290245351371917870e-01
-4.103331306662698630e-01
1.545665431027794412e+00
2.472416110857055926e+00
2.865753233128384814e+00
2.058433931939304351e+00
1.927424611231517204e+00
4.383048089230410227e+00
6.087006919495140167e+00
1.773694861783496890e+00
5.443453264474094055e-01
8.773624303657001633e-02
-5.363152329102689464e-01
-2.081896184436970998e+00
5.087380366690048561e-01
-1.840084051930459452e+01
-7.987889798085975102e+00
-3.463718063486078691e+00
-3.174886271727898190e+01
1.776697076544498799e+01
-1.937465549257758823e+00
-2.521394914113162855e+00
4.109635287783710567e-01
-1.196482208923139723e+00
-2.380128921195964864e+00
2.409139592721487588e-03
4.668825604049640532e+00
9.926347235940053082e+00
1.096763091775624943e+01
9.617766193601010372e+00
6.896306683291968831e+00
8.846795343424371794e-01
5.052999276965230990e-01
5.962245745430667654e-01
-1.556315608441600773e-01
-6.335065306069100899e-01
-8.711002718342708562e-01
-1.586976363362632370e+00
-2.527334695896463757e-01
-4.523066206959507340e-01
-1.595331836206034914e+00
-3.042394223619320215e-01
-1.494592052559067241e-01
-9.496615455394286087e-02
-9.334955930013206782e-01
1.362018458096745377e-01
-1.595195364592951748e-01
5.750658581886751719e-01
-4.862651537232265397e-01
-2.060973876237377489e-01
2.830953255121171352e-01
2.509531178627906201e-01
-3.005142545531533926e-01
6.844886547707407232e-02
-4.378557307739376903e-01
5.344167514617002013e-01
-5.468107127425492209e-01
8.479296107653784276e-01
2.518846018046905222e-01
-1.826947443551523165e-01
1.226999746202328545e-01
-2.118718412743092472e-01
1.182217425864062754e-01
1.448642823508716759e-01
6.825787038209878865e+00
-2.574871615575844430e+00
2.023644661314931170e+01
2.514303509456815888e+01
8.611767488131427228e+00
1.486229592175354242e+01
1.508504687009067879e+01
2.307656284204736608e+01
1.113393334336643647e+01
9.122069967333956697e+00
-3.566275697135949940e-01
-4.506966237396341057e+00
-7.596214134373440174e-01
-1.872618437371967559e+01
-1.682482235693588279e+01
-2.217607213759322349e+01
-3.007287152638065209e+01
-2.047972779389281683e+01
-7.819939283676591302e+00
-4.986347610087197069e+00
-2.271844816015937241e+00
-6.917993791322365915e+00
-5.825178029309934225e+00
2.168809788537018335e-02
6.493971841988628313e-01
1.145860103018160103e+00
2.283154972274469063e+00
2.411875505564875510e-01
-6.504257128933662813e+00
1.334896463687786472e+00
1.747392990393406009e-01
-7.079499017508877046e+01
6.274449923410301722e+00
7.121417110878988410e+01
1.481888217015388776e+01
1.144026228708928983e+01
6.175543715071803774e+00
2.635691731961756545e+00
-1.059970389215145303e+00
-1.411266423951347448e+01
-1.239534663833608086e+01
-1.152118461742946742e+00
-9.173395032490647694e-01
-6.752999008903071143e-01
-1.211874901545186844e+00
-1.701841362505539745e+00
-3.236297556846892576e+00
-1.237843042438368180e+00
-3.160929524669366941e-01
6.062495681656776547e-01
-3.482731224225878996e-01
6.006214588092868567e-01
9.608176209240577581e-01
1.907120875329926246e-01
-6.765521632981879030e-01
1.155336969151088411e-01
-1.034983225384514594e+00
2.190984702258234051e-01
-7.061428196197550022e-02
1.543779073541024616e+00
1.025842607149894725e+00
5.491486742290816458e-01
1.100046323966737960e-01
1.163345580113909872e+00
2.592512671177736205e+00
2.685151164736597096e+00
6.522684819544117829e-01
8.519668555096195917e-01
-3.246037157007037877e-01
-1.452869643046215131e-01
7.268125758679122583e-02
-6.410401318450089647e-01
-9.895943947787140260e-01
-8.325852746169157825e-01
-9.998205296665743091e-01
-6.484623601222549993e-01
-2.019949149227593388e-01
-8.712929322646441044e-01
2.301339313380661444e-01
-2.252373126307507967e+00
-2.308153043137398441e+00
-2.132277986449112817e+00
-6.381364243757139398e-01
-2.760513405780899987e-01
-2.593432514888842633e-01
1.544671772842323154e+00
9.002213173416562242e-01
4.910157389716798271e-01
5.807125230906380331e-01
-4.691929877917393465e-01
-3.625527866453241987e-01
-6.867716804222391502e+00
-2.751494891761426587e+00
1.705636291526152704e+00
3.366152097879542282e-01
1.137417554546265919e+00
9.410730815532604154e-01
8.451481391905018015e-01
-2.376100957886658094e+00
-9.130439056480319948e+00
3.484252126518283532e+00
9.008216976711064916e+00
1.183033498747596113e+01
8.403084542950516322e+00
4.726055800012074926e+00
-1.022433056322714506e+01
3.135417739555048655e+00
-6.649893566034142722e+00
-3.526462560590850615e-01
-1.467537917464800223e+00
8.980538737090268953e-01
-1.057904468167853906e+01
-2.513988644339077538e+00
2.175243701877549896e+00
1.479734993203464022e+00
9.130203105213192671e-01
1.477733008687505123e+00
2.447206075499921418e-01
-2.481638175048272998e-02
8.791747435171561875e-01
2.172820703595139680e-01
-5.355150568450774973e-01
5.482811762191881488e-01
5.278545253061522224e+00
-1.708034127198834184e-01
-6.712808854896685773e-01
-1.137761684926990036e-01
3.638949766443797529e-01
1.274113945295445305e-01
-1.280657627703832624e+00
-2.158919071659142652e+00
-4.427954338370880816e-01
-6.609689647165606363e-01
9.937526439467272432e-01
-7.792565001974174899e-02
-7.517256685847709674e-01
3.153571934179756342e-01
-5.711243188033803264e-01
-1.069825238697418968e+00
1.298095770450771180e+00
-1.481444760942685068e+00
1.989312758844655749e+00
-1.499788141161747079e+00
1.015740873922460930e+00
-7.251563823397655373e-01
4.015321079873486187e-01
9.716216299391999822e-02
-1.907084161543953771e-01
-1.926118297503798260e-02
-1.897938882667491445e-01
7.370971633496540276e-01
1.047024168896036223e+00
1.411757468932660076e-01
-3.299921057610033515e-02
2.301044706904007420e-01
8.471106284245597529e-01
-6.546077112014198063e-01
1.356787868691865517e-01
2.355854207818564028e-01
8.828195716892193179e-01
-5.537353453813735893e-01
6.874805592657629028e-02
-1.934322010425877369e-01
-1.541027822056232788e+00
4.858681509514720109e-02
-1.595123119733867223e-01
-1.549267422966081331e-01
5.683729682249766268e-02
-3.456081808721351845e-01
-2.924382759173310697e-01
7.517202326899885545e-02
-2.108626638784127927e-02
1.283391026649345346e-01
-1.650149161985814406e-02
2.191013125771663628e-01
6.967113222933130068e-02
-1.888540790798349800e-01
-1.420971201821690899e+00
-3.376625943150730169e+00
6.741896409625702802e-02
1.062209417648297460e+00
3.924563735860859826e+00
4.368459175103467373e+00
1.894083215162485345e-01
2.087320177846176961e-01
3.774636876210246683e-01
-4.139774955763986242e-02
-5.960589852845377123e-02
-2.555351232634794911e-02
-1.207996540836226984e-01
-1.536373928493093288e+00
-1.391726239235814289e+00
-5.528460929661596079e-01
1.100606678061080146e-01
-1.199360379794833786e+00
-1.844887138728056541e+00
-2.511194867213446535e+00
3.285085104686098489e-01
4.210016085556556042e-01
1.476878673365686900e-01
1.883931359638729042e+00
2.741067288616958475e-01
1.695952081974749781e-01
-1.558565726932314988e-02
-1.090947701512039458e-01
8.341516871046472659e-02
-5.665569873171298898e-01
-8.526254417663046148e-01
2.677131088687723093e-03
-2.503883586004818085e-01
8.562255045818945032e-01
2.612605550511095664e-01
2.485701893211893942e+00
7.829931889197276895e-01
-1.137212262488578318e-01
4.121839814136207814e-02
-1.586437960880870968e-01
1.173319634638849696e-01
-5.595805606823311962e-02
-3.263850090865345610e-01
5.748020688205810469e-01
-1.283471986701825163e+00
-4.317838231564195550e-01
-1.540162993438148442e+00
2.759344983259570672e-01
1.372337347190355494e-02
2.970338108262291499e-01
7.240540899252234652e-02
1.842711944581324479e-01
4.785772469404727114e-01
-1.173559685216282733e-01
1.481589602463491584e+00
3.140003375409265107e+00
-2.211185844963186042e-01
5.471976657483335060e-01
4.037381920175707961e+00
1.741025768814576935e+00
2.885026532721468584e-01
6.489677804904818714e-01
1.017944868690443982e+00
7.244836963685461484e-01
4.676954788654388295e-01
-4.102530987541541663e-03
1.608482971822965624e+00
2.033856138965710159e+00
7.433698065834729363e+00
6.099056615411882376e+00
-1.812463739370226534e+00
2.662622195420208726e+00
-2.276501016769568508e+00
2.842216035701238042e+00
1.730944047639432881e+00
1.627668594958947779e+00
4.227759113555443093e+00
-4.242561949054959314e-01
5.871136237666050306e-01
6.342728009972375958e-01
-5.784707125884978041e-01
-7.246508849128474594e-02
-2.280709202669079616e+00
-7.739753976273792802e+00
-5.125100673843721921e+00
-5.741646384122258695e+00
-3.943317280452653506e+00
-1.701131914820733115e+00
-5.749748362631539322e-01
-1.459018497496735733e+00
6.879884856944862292e-02
-5.680844859081979337e-02
8.308579903702195679e-01
2.939382399104548682e+00
1.100886346419645889e+00
4.799262134992989814e+00
3.780651758524498973e+00
6.206416522301694272e-02
-4.376733575595075365e-01
-2.881816337725950916e-02
8.145203273806203015e-01
1.226750548146746667e-01
-4.166014070195380725e-01
8.021222771123213136e-01
2.195539878240815312e-01
-2.155441308162579617e+00
-2.220814578869870104e+00
-6.785263179151712620e-02
3.509399876944740981e-02
-1.394946255795534995e+00
-2.280616843618727074e+00
-1.843878713783999146e+00
-9.728567057969428333e-03
4.897052450698584636e-01
-3.464014934555379455e-01
-8.054939015665958379e-01
-1.107771658591495623e+00
1.652081889068011122e-01
1.553890203436694151e-01
2.694720554637672905e-01
-5.352544659972657826e-01
8.464635993462703567e-01
-3.337075921984933302e-02
2.863544285567183323e-01
3.402914089324138303e-01
-3.707924753338698309e-01
8.694885802127707564e-01
1.987111286806541699e+00
8.463762698108112659e-02
5.717322561762294697e-01
-2.910327085626462917e-01
2.499398578289344641e-01
-2.243728069834538985e+00
-1.106786011193198860e+00
-8.381342394116586547e-02
3.923523003399491671e-01
1.558908408739501539e+00
2.631693105899731933e+00
1.347082599765972333e+00
4.896602667344680526e-01
-3.525341023157189113e-01
1.032409803732502240e+00
2.365040947285731221e+00
-4.248955818721711353e-01
5.938837046914038353e-01
-1.939512041519826369e-01
2.421800488917682515e-01
2.838955349084351099e-01
1.587325678149497321e+00
3.515258142536197283e-01
3.208183094331893415e-01
-1.200991625772083182e-01
-9.172366133053024839e-01
-4.465010884653004553e-01
-1.399858854459090196e+00
-3.146215089479230897e+00
-1.730088215825876574e+00
-6.001127168079278817e-02
-1.710493921929668204e+00
-3.180551875357839009e+00
-2.838254033642114038e+00
-1.067680946058890967e+00
-1.008361636920739102e+00
-5.486923434335764682e+00
-3.842379609211570735e+00
8.199503201979796430e-01
-5.135582544083536760e+00
-1.013970571418598965e+01
-8.613405708546496342e+00
-3.346604765431248296e+00
-1.934397742544458509e+00
-3.874641815624119801e+00
-2.599051130189927505e+00
-3.565456019872748072e+00
-2.292980237574290925e+00
-1.143110684986261560e+00
-6.964052415160750797e-01
-1.396389069508082059e+00
-5.776206798668113152e-01
-2.675382354352748848e-01
4.494574006559993506e+00
7.606615985044271611e+00
3.418579442424555026e+00
2.050173030288600984e+00
5.703990952787950874e+00
1.284364916290954284e-01
2.781262500918952441e+00
4.124711917805790051e+00
1.231924601018413057e+00
1.995095521733452060e+00
2.585764732170835245e+00
3.088585590033115835e+00
4.502794520405570822e-01
2.954427685446736618e-01
-3.935713079026301742e-01
-3.273136319274074779e-01
5.603227890994171290e-01
-6.119504768759860269e-01
5.561413504611261160e-01
7.922756660196563772e-01
1.108342573882525439e+00
1.566531433694524189e+00
1.907850505023676035e-01
-2.154782037171032449e-01
-1.125121811165542773e+00
-1.111189053072730637e+00
3.339858634117018887e-01
4.047911220886124539e-02
1.109441844430141932e+00
-3.822657947332588346e-01
7.389555670264034148e-01
1.721671891595498938e+00
1.349475207410733235e+00
-3.841045451337903316e-01
3.118599791672260757e-02
-5.931498772520974461e-01
-8.911317089850694373e-01
-8.003599583735309109e-01
1.081884433330978501e-01
-2.282635673210523519e-01
6.327576574936699672e-02
-8.241553440738946801e-01
-7.544511162206135602e-01
5.060568244029717277e-01
7.471402424930275732e-01
4.382900173762915408e+00
-4.922732811461814073e-01
-1.755542385019893015e+00
-1.108352867126513264e+00
-4.583647898008724741e-01
1.540134241578028362e-01
2.145175405960942361e-01
-2.154309297498680498e-01
4.161993191591034646e-01
-4.629512716692212315e-01
4.913685425440345034e-01
-7.764713978966302221e-01
1.204586255747895462e+00
-6.545469319681648246e-01
1.410713275509190012e+01
5.125615565275900565e+01
4.498722860387309197e+01
2.560593109008938484e+01
2.992509806778173242e+01
-7.742793013168578398e+01
1.999919810660543362e+00
-2.241827675022960875e+00
-5.039497027307362487e-01
-2.488835060367620144e-01
2.767512087991690350e-01
-2.616059512605289683e+00
-9.740407129484808024e+00
-1.809906914830382618e+01
-1.009861461829318330e+01
-1.705017313669255685e+01
-7.421589310101772696e+00
2.071927988479622229e+00
-4.868500696353983415e-01
1.335149787330486504e+00
-1.338870040185135224e+00
-4.544235995438327791e+00
-5.755757592506947518e+00
-4.465458477448533969e+00
-5.318298884139563754e+00
-6.903076990380161426e-01
-1.668625169770049821e+00
-3.164943588918018857e-01
4.313331354039651178e-01
9.214872750637448373e-01
-8.799017020028119251e-01
-8.185857706474638507e-01
-1.131713501532290778e+00
5.772796319394617459e-01
-4.469453996866398215e-01
3.818008890779255871e-01
-1.174702882504971291e-01
6.305658058699867841e-01
-5.580511922003021930e-01
4.690561986732323940e-01
-1.180422968122815774e+00
-4.717567457947674514e-01
2.662513443847620564e-01
1.101878644659735063e-01
2.633715223331061783e-01
1.327975962827147249e+00
2.579169719968725794e+00
2.801026060862501943e+00
1.392454026947341106e+00
1.292042855446035254e+00
1.404248474199716767e+00
9.377751318125451263e-01
1.345649171324794224e-01
6.470035503205551208e-02
7.805558215128982624e-02
-1.302838468824038642e+00
5.880375394313013260e-01
-2.142190674458660737e+00
1.857836081679858253e+00
7.674314590992192819e-01
1.947042506341956525e+00
1.343829129200795336e+00
1.463120069495946751e-01
9.069243002875317927e-01
5.194598275702801971e-01
-1.171468913555484548e+00
-2.164904573630687779e+00
1.501920831535432654e-01
1.631523282633260408e-01
-5.825776864363643170e-01
-1.195917488778288629e+00
-5.474817893861043672e-01
-1.279537185155472656e-01
-9.016066366096548990e-01
-1.363295804703570369e+00
-1.050012902783924673e+00
-2.141074001087925893e-01
9.630900352241500428e-02
5.646530203167543505e-02
3.476286292342640749e-01
-6.696847868452051600e-01
-3.698062151128397979e+00
-3.841334198462188265e+00
1.705529349438255071e-01
4.731365299130823043e-01
-1.492305222935134679e-01
4.243435278660753762e-01
8.052419443643769048e-01
-9.513492373650378475e-02
1.787357442969215171e-01
-1.291528761825275762e-01
1.803856678494852872e-01
-3.538225172608339131e-01
7.477943880873815230e-01
7.092064770602823920e-02
7.059792557417454706e-01
-2.487323371995423305e+00
5.026298119370572470e-01
-6.830179711709706281e-01
5.612572706690432955e-01
-3.234728688549817766e-01
-3.812890608398340764e-02
-5.354274122913914580e-01
1.205740093271661983e+00
-7.805924261056795821e-01
9.244954346668468048e-01
2.777653385860882729e+00
5.576848494369684772e+00
8.352096722403263840e+00
1.268958116334581021e+01
1.322792534370769246e+01
1.327253944776845174e+01
3.889355247380088088e+00
8.596919306788898041e+00
2.020414232370370655e+00
6.270734100678083678e-01
-3.293351612208326173e+00
-4.520939876956830972e+00
-2.324380274904370935e+00
-7.269918906732293351e+00
-3.547971957435954948e+00
-6.159161680947931927e+00
-4.248709976123386411e+00
-7.190935073367349162e+00
-4.873570272495566513e+00
-8.831844905636163645e+00
-1.228608966690174498e+00
-1.026901418485188344e+00
-1.249840948280500186e+00
-3.448241306587373600e+00
-3.993451540092138430e+00
-2.642303020920098611e+00
8.900154141077383230e-01
-1.047645274209517474e+00
-1.790486502146663383e+00
-1.946698638955165261e+00
1.264549798764464938e-01
-1.632572652164383520e-01
3.015640558394268034e-01
-3.319026604579233819e-01
-4.125573476378847637e-01
-1.755554870865144945e+00
-2.667739896623951834e-01
-3.932828728656184714e-01
1.925135180796366807e-02
2.603536054241261111e-01
-6.692359943446427595e-01
-7.682715128031545326e-01
7.865731363035075585e-01
3.153680863857616368e-01
4.006278980288481839e-01
3.323358270266904668e+00
-6.023954749007200959e-01
1.271486127739410943e+00
-2.026938211324165628e+00
-1.179836695889613152e+00
-1.677628899723507538e-01
1.292592974449443266e-01
-1.200918878738916340e-01
5.023693400138254939e-01
3.996970358054249273e-01
-4.501165845914627539e-01
-8.708716546169115169e-02
-2.475193324728847122e-01
1.750981268988987538e-01
-1.842655042098289009e-01
1.833428549276133745e-02
2.365227749100865529e-01
-5.775322522587905683e-02
3.190281104160456738e-01
-4.061160242697536837e-01
3.272849200863108265e-01
-4.611310271183990950e-01
2.392816947113707848e-01
-1.650213979588128210e-01
1.925036212722164297e-02
-2.640246586279602070e-01
3.850449870714419687e-01
3.648874067279467837e-01
-2.566996042797862199e-01
-2.200223034207567929e-01
4.556496035866592909e-01
-7.453601727328531545e-01
1.649979655294560310e-02
9.166487915952217791e-03
-9.442978739546711298e-01
-6.784452571318133618e-02
5.510040323056981659e-01
1.275249003527117786e+00
8.865705944443328379e-01
-2.364949083110809980e-01
-1.939097526898991397e+00
-1.797007007609802143e-01
2.292122589479911321e-01
-4.309492635096801028e-02
-1.686878165481298097e-01
-2.588998079919634598e+00
-3.702751947148574807e-01
-1.475118413840896814e-01
1.549305109613445364e+00
1.665704499047713671e+00
9.396503956833783811e-01
-3.474414167713452128e-01
3.474415946661467691e-01
3.666693801241960315e-03
-1.888458485627181327e-01
1.310929480500810373e-01
1.393430370576165811e-01
-7.333612833360569905e-02
7.333840989208662009e-02
6.142401748871517686e-02
-4.675296005427531654e-02
2.750632925046525568e-02
6.233645958078659621e-02
4.034714780164538883e-02
1.237637687283024590e+00
-1.124860199509934100e+00
9.507350880807576843e-01
4.037968268735081523e-02
-1.344042610011829453e+00
-5.079227604694717124e-01
-6.784435971075347682e-02
-4.226625613886236810e-01
-3.960663633697873443e-01
-6.965325640052411060e-02
1.668554610091824708e-01
-3.162726729398555037e-01
1.091128725924308540e-01
1.045115013553197247e-01
-2.704274461510560723e-01
4.309144354179772485e-02
3.712917912822526478e-01
-6.059629308712732865e-01
6.536369768421731452e-01
7.563092280401635392e-01
7.288071371370614671e-01
-4.629533135791412124e-01
-4.033605736603979031e-02
-2.474764130154327724e-02
1.741388085303596789e-02
-3.254409151248179310e-01
7.058766706616495523e-02
3.401081973024983607e-01
-2.310138588215450706e-01
2.255179383029847218e-01
2.594415327342770583e-01
-3.694473330820886581e-01
3.446961705014122135e-01
-7.804209365729682268e+00
-1.634172512837470848e+01
-1.184772763576074439e+01
-1.983305383617271644e+01
-2.017255736770695762e+01
-2.577971415864466564e+01
-1.787916278399704595e+01
-8.753882343552461975e+00
-4.751661862489143573e+00
-1.432961335005643377e+00
1.662564020518780694e+01
8.559627878037147752e+00
1.359058016204149055e+01
8.891009193534671340e-01
5.479717265979048335e+01
1.915704800235097593e+00
3.405388552897008481e+00
2.625433594439797957e+00
3.636288409904693708e+00
1.020509901128463071e+01
5.877507658858093009e+00
2.102500376645098257e+00
2.819010551538001508e+00
9.608495375538632643e-01
1.283308149015569555e+00
4.728537956839931056e-01
-2.405182927584101904e-01
1.278772751945411734e+00
7.205340920749465639e-01
-3.317901401590139798e-02
-1.753898033899070619e-01
1.502194471783868002e+00
2.404906002797463582e+00
6.942299060720378279e-01
-4.421592978700155108e-01
-3.123285945514320261e-02
3.300555437999916908e-01
-7.892724881665169612e-02
1.175410265359027706e+00
8.864094807344824467e-01
-1.019951601860600299e-01
3.931264127679074960e-01
-1.816283569083170235e-01
-1.733063897592970193e-01
-2.585020834705464843e-01
-4.097235125845588577e-01
-3.418819752107200571e-01
-5.160895662128255346e-01
-3.590206003652153477e+00
1.373375806455164438e+00
-1.534708640214953679e+00
8.838065511379705752e-01
-3.777120931379757129e-01
7.490061324341388271e-01
2.282753477349653615e+00
4.492795590708680287e-01
1.201753588339484757e-01
4.962406491858306623e-02
-1.291540928059502491e-01
-4.867954283337341259e-01
-9.875036538088100002e-01
-1.623073130216396098e+00
-7.234899091510306191e-01
-1.347779979686098306e+00
-2.827840546251936260e-02
2.403287988966189559e-01
7.619014942730562012e-02
8.654847596442296620e-01
5.904186684946256536e-01
-7.783061831146101950e-01
-1.926048954487027176e+00
-3.685016806227894293e-01
-4.235935804890376133e-01
6.727620299247818458e-01
-9.555609843690526795e-01
1.477694986689071843e+00
1.088573016982312680e-01
4.170125587972215442e-01
3.048265388123730268e+00
1.868883843065845651e+00
2.777112645774915123e-01
3.565633931870921813e-01
4.565399896618371756e-02
4.976984365477421512e-01
-1.939745410319959618e-02
-6.895028426492242346e-01
-6.280045902682613868e-01
3.080080005837657620e-01
-7.205593267366325883e-01
-6.013768417775566810e-01
-1.972808655321872884e+00
-7.058842885087273089e-01
-1.324694046829764549e+00
3.950802643447497431e-01
-4.300337898473562959e-01
3.794563030074309395e-01
3.354699408601273802e-01
-2.120140812888582360e-02
2.731372012645709724e-01
1.126946472081640227e-01
1.243373309007870908e+00
1.643235466936240341e+00
-1.403073219099153501e-01
-1.010499038006185124e+00
-7.620247887927071861e-01
3.695346731682568331e-01
-2.118363067672521804e-01
2.879243458054996374e-01
-2.311054088382926697e-01
2.100037880338709861e+00
-1.623492240421224864e-01
-6.345927122635132145e-01
-2.342024595965350287e+00
-4.045464045635660533e-01
-2.872856334269839884e+00
3.292437114350258653e+00
1.852616218085721655e+01
1.305678259156113441e+01
1.459117854283601190e+00
-6.674824470197759041e+00
-7.536991220991804852e+00
-3.871694347081276533e+01
-1.692265553911057197e+01
1.191301790770983260e+01
1.133540590042147400e+01
1.032017918723417083e+00
2.456734281388852636e+00
5.898604041519952546e-01
1.350968515687542393e+00
1.298394995263768337e+00
2.382780344096264713e-01
-5.273716274807149773e-02
-9.682610440043635691e+00
-2.544607634056540491e+01
-3.570120242167771352e+01
-3.097951034133920700e+01
-8.566425870374672513e+00
-7.190826403088905749e+00
-4.387242292291588797e+00
-3.363864622869783716e+00
1.010417729564352385e+00
1.088759553982639261e+01
3.349257784870374621e+01
1.081197827184273308e+01
9.992380335391672475e+00
2.266569409534548640e+01
3.187102477487961494e+01
-2.907806928959949744e+00
9.315153171608839600e+00
6.154226123091426359e-01
3.299356614176378599e+00
1.477076592963846302e-01
-1.411042409836191780e-01
2.879317801917218311e-01
-4.308268788155484863e-01
-2.639957564092330067e-01
-9.259931624494344149e-02
1.585439727639283980e-01
-2.311050152812064162e-01
1.100056003105798652e+00
-6.354517717569856394e-01
-3.054753275506252308e-01
5.295640393378420185e-02
-6.357727746400638758e-01
-8.892013692893798726e-01
-1.961517458799990621e-01
-6.249192898732225387e-01
-1.352583820872097498e+00
-1.827343817821603267e+00
-9.386797663030890249e-01
-3.383189628584602815e+00
-5.517770318877186497e-01
9.176305446097146046e-01
-6.796915933914497998e-01
8.383437417583206042e-01
-1.159424407519533951e+01
1.106776013792315005e+01
1.673756660335159907e+00
-2.615032859787469022e+00
5.521488752453329596e-01
1.756530722365428687e+01
1.553619803314931325e+01
1.323854124247374031e+01
3.388737054584066044e+01
2.078081326921102345e+01
4.224553033856253137e+00
-4.933447490680933356e+00
-1.996941594041378210e+01
-3.486761545753804370e+01
-2.379542908853960625e+01
-9.911790943968075140e+00
-2.046571420769663874e+01
3.712600031971604153e+00
-2.245464287313119200e-01
-1.389286354243424171e-01
-1.066152866192492610e+00
-4.603430538332965227e+00
-3.101899184980716484e+00
1.576320189477087297e-01
-1.966071762567516146e-01
4.896180278313629231e+00
5.115699205135374683e+00
3.937587255015763787e+00
3.935780137593704708e+00
2.460739689669830810e+00
1.617344565726626548e+00
1.350780836381840544e+00
1.461431909567377563e+00
2.987692960364233041e+00
9.259112446876951452e-01
2.811756185447348066e+00
6.933152642515088004e-01
-1.190698372218277346e+00
-3.802821598764012379e-01
6.247442119750492573e-01
-3.865974816797494995e-01
4.388130523875717337e-01
-6.517865575732047390e+00
-1.859748171099168701e+01
-5.075997246506713623e+01
-3.605692195196542116e+01
2.314295080576907537e+01
-1.195863455421941524e+01
-1.135010501890570822e+01
-3.217242424086691699e+00
-4.238373529739050127e+00
-8.812558110448094340e-01
6.322126432252144923e+01
6.527485256949418613e+00
1.034275890420074262e+01
6.054037954153614010e+00
8.259469557014337937e+00
4.156935174579938774e+00
2.238807224281293529e+00
3.863143013173527152e+00
5.147083836465181861e+00
1.461896544659557762e+00
9.689657766996191413e-01
2.949242461767950463e+00
1.955806675936371697e+00
7.330054812104072059e-01
1.671438139019136182e+00
-1.582638175860206164e+00
4.643886286916463213e-01
-2.077416614030604958e-01
5.873762545309870742e-01
-7.065706315799673565e-01
2.263269893519583853e-01
-4.482300469778421892e-02
3.871119683832979774e-01
-1.223471478487891950e-01
8.517958118239876697e-02
-3.876124907253846175e-01
1.914184745775355800e-01
1.397556259460777106e-01
-1.505568276407347472e-01
4.052839385288287133e-02
2.459597948307832294e-01
-8.534013429302178544e-02
-4.764548139779511970e-01
-2.259168466779570839e-01
1.092168705223032443e+00
-7.465921027919999453e-01
3.542091913904477085e-01
-1.283240690433680165e-01
-1.980120168108145950e-01
2.255006143141913277e-01
-1.570107409812506738e-01
-1.095052176094937213e+00
6.846862863113559738e-01
-1.316476484644263145e+00
2.767401692284708337e-01
-7.424975610375577073e-01
-2.176953801891727269e-01
-6.519433628953597015e-02
4.481247417352471341e-01
1.156575169941227443e+00
8.987180984210760837e-01
1.372745221946666261e+00
2.777495461064729554e-01
-1.416646484911989745e-01
-1.642101951295091844e-01
-2.851786592716938351e-01
-3.250578325473401087e-01
-3.003868400410909967e+00
-1.371547782752838174e+00
-3.800601774831915414e-01
-2.303222833670597325e-01
-2.893423390829421571e-01
1.493078232312328169e-02
1.702849092239309137e-01
2.747987645582772309e-01
1.550361909160580254e-01
1.509248738139796764e-01
2.234717254947073961e-01
8.036708826115934734e-02
2.017178938718098280e-01
6.284945673158273127e-01
1.508709810834316656e-01
-2.476251136833578226e-01
4.349816222793476683e-01
2.927230736083854534e-01
1.794876038344995539e+00
8.342977567081693024e-01
-1.351276463758916302e+00
5.501962318591775425e-01
-2.858215913645878459e-03
-9.346300630785919772e-02
4.266168533561764953e-02
6.798121085458861401e-01
1.743067737646883497e+00
7.281512714256823671e-01
1.001225913195466610e+00
4.513674789958741940e+00
5.713032129750246213e-01
8.842647040589266538e-01
-4.900299057390355983e-02
1.638632996839746170e-01
2.685256494732897181e-01
-3.956457096597549850e-01
3.944358868710775567e-01
-5.151757589865901821e-01
-1.846176783624926543e-01
1.293638998308246357e-01
-2.082180587574047337e-01
-6.954291395598879433e-01
-9.365256863209303617e-01
-3.887240630042834155e+00
-1.923826257665401496e+00
-6.445689330479420498e-01
-1.174555582229431572e+00
-1.152228683592506631e+00
-2.746449280001136195e+00
-1.635556446039906353e+00
-3.350390168104568023e+00
-2.149128031338532807e+00
-7.765749470384974984e-02
1.636654678160400778e-01
3.951449136651561389e-01
3.064448273857323102e-02
-2.122340649318719130e-01
-1.358098884297644915e+00
-1.001697736121396787e+00
2.137933434610577166e-01
5.620592560037778185e-01
-3.785168943444432443e-01
-1.120519812049671771e-01
3.793875792725103224e-01
1.967235157163047532e+00
-7.783024648726968309e-01
8.717747649393494669e-01
1.870479969814981658e+00
1.213920299894628130e+00
1.204146591365897301e+00
2.909463302452022226e+00
1.078500321141140361e-01
-1.236572690305412170e+00
-3.898379440778789728e-01
4.436361863521298687e-02
5.633635110940833357e-01
-1.233724858638352018e-01
2.794000532232514988e+00
7.223848219351013400e-01
-2.970295285242944061e+00
-1.966229444373812640e+00
3.341300218174016567e+00
5.042623824576403235e-02
3.447905330428406856e-01
-4.189946967457578442e-01
1.541490433706648733e-01
1.615314059028719329e-01
-5.739642357355907026e-02
-1.955585541376707592e-01
5.452560338045966959e-02
-2.242569603447075732e-01
-1.393907622476364683e-01
-2.078649921350771423e-01
-1.096702004737385217e+00
-2.515346303079017964e+00
-2.660954328456255347e+00
-1.032086616757881714e+00
1.586484390035087344e+00
3.847381943371982693e+00
2.333058259648083332e+00
-1.625580541605510021e+00
-5.520752986264961137e+00
-7.049248508754869746e+00
-2.430461878541102294e+00
2.389417660272970423e+00
1.617338331799514251e+00
-4.669305607165306071e-01
2.991883671519808274e-01
-2.045037541206218279e+00
-6.003353851635360172e-01
1.734012582098221955e+00
4.175472236011852800e+00
-8.841895226510416705e-01
-9.106458915867996495e-01
-3.020814906018429724e-01
-1.451525723081733332e+00
-1.180382238904904568e-01
2.590050646073223106e-01
2.011071171985854278e+00
3.879460214620504388e+00
4.816257062255786536e-01
-8.091537015101701869e-01
-3.867763119892382306e-01
-3.155739265834363039e-01
-8.708857647710139815e-01
-2.192372976081870206e+00
-4.103836322244553969e-01
1.689549012338886769e-02
3.364540016939443490e-01
2.532600863794916890e+00
7.138187129571115008e+00
-9.799491093456724755e-02
8.115854569765765802e-01
-5.818064788104659879e-01
1.389725978616693780e+00
8.444021482144075108e-01
1.513697999472106925e+00
7.530891534653694208e-01
-8.791699240545107763e-01
-1.847424215469541053e+00
-6.914243667076651612e-01
1.212298496184787133e-01
-4.416423807246917521e-01
-1.468076577405762473e-01
7.234600223473064418e-01
-2.221202120641313504e-01
1.799127878726465846e-01
1.805780534686721950e+00
-2.955498071592463916e-01
4.243014512252536452e-01
-7.821900769990767222e-01
3.562632785870237795e-01
3.803808166071434016e-01
3.381280626404084000e-01
-1.374023402730775389e+00
6.963329196105167984e-01
7.213304913897395920e-01
1.957593501964755234e+00
-2.480137360651255563e-01
3.875844330265399318e+00
-1.098033029386619219e+01
-4.229254447846690823e+01
-5.565096884073314243e+01
2.382031901274702079e+01
-1.177031225148562044e+01
-1.822032871395737175e+01
-5.209544576086202028e+00
-1.565281961705217384e+01
-5.180705647149551396e+00
4.726383441854977718e-01
6.935969073680254837e+00
1.949196301111780372e+01
5.530916270159837467e+01
1.133952628055777012e+01
7.370849765291936251e+00
5.142298974112073040e+00
3.374122614737032677e+00
-2.199867928728380662e-01
-1.433395223951773545e+00
-2.476546211262622421e-01
-8.906431928132896303e-01
2.741027129896245640e+00
1.042784690894218969e+01
3.826160439301276028e+00
4.466582760113794848e+00
2.762895096682624008e+00
2.815748314502974914e-01
4.590579969303032470e-02
2.714576364731144498e+00
1.057965894403564144e+00
-1.806057982110902405e-01
-8.681843918912690583e-01
-2.113182651930386236e+00
2.209735895310744880e-01
2.952080781006889421e-01
5.720654500164285006e-01
5.702189421536312253e-01
1.144100162062943626e+00
4.079613080374234757e-01
-1.457492084785454445e-01
7.426871496025388986e-02
-2.502647585713237977e-01
-4.281279667721749060e-01
-8.022042063662399025e-01
2.787106417703347772e-01
-7.013490800648537471e-01
1.072616722067954997e-01
-4.107020656878378473e-01
-6.508526871253661472e-02
1.613622852776451788e-01
-1.448465398755589550e-01
-7.974758186889319145e-02
7.059710565724175435e-02
2.722747164478926951e-01
-1.356755152121367214e-01
-6.416864573451686038e-02
-2.970199558883488411e-01
3.336910627783093997e-01
3.226890924875019939e-01
2.933521113155979076e-02
3.657774578584064296e-01
1.069826752178872686e+00
1.332929804683010921e+00
5.573826927158709310e-01
8.581240596222277084e-01
2.450782404828344418e+00
4.495715908846911191e+00
4.489781222650334414e+00
4.066705438928639893e+00
2.151985268373064031e+00
8.883084567506678297e-01
1.549989438643578410e+00
-3.194072672124548262e-02
-2.569687913830129844e-01
6.650545240213645570e-02
-4.805013117204950390e-01
-6.383296826891822207e-01
-2.451430613158827043e-01
-2.694221368202036615e-01
3.053964274406588686e-01
-7.744086716268334669e-01
-4.298039347740285621e-01
3.850939578894134740e-01
-1.198347059280450821e+00
1.300562889573875225e+00
-8.611282231745214233e-01
8.221527854948185166e-01
3.563710678539422361e-02
-1.209463717973235930e-02
-9.405102522093109485e-01
-1.472491744741759589e+00
-3.624113952947954687e+00
-2.046447677961666045e+00
-1.411408857049423204e+00
-6.361649916585348841e+00
-5.175553785305289978e+00
-2.381171022912919710e+00
-2.884469144060342050e-01
-7.316643640876985266e-01
-1.112621722670041891e-01
-7.975560431494121971e-02
-2.293313082133976000e+00
-4.226514192540882675e+00
-2.978260519848241472e-01
2.063646736408972338e+00
1.803202323228174642e+00
1.556649647928122882e+00
6.789225924789237254e-01
-4.010470846395506328e-01
-4.340975253570187320e-01
-1.492616738794956710e+00
-2.867267678668961040e+00
-2.244076291440151749e+00
-1.829004516021344173e+00
-5.205821037052047018e+00
-3.551060276658965620e+00
-8.402277316506321370e-01
1.214278988672358395e+00
1.867005995433327570e+00
7.980413689884464645e-01
-1.748296031747287316e-01
1.187875139912531353e+00
5.764623628972884717e-01
1.766997969504695121e+00
-1.240306520494252496e+00
-2.242705044267303549e-01
3.786024803293841501e-02
2.766110289013852253e-01
-3.278821728900815913e-01
6.008046037591512345e-01
2.440808598241481775e-01
8.043783750272410771e-01
1.326115739858330755e+00
2.256532425768931205e-02
-8.187041021504732896e-01
2.899469468749060752e-02
-1.033919557580158965e+00
2.223610530316936007e+00
4.536001361350088246e-01
-3.052919590524236781e-01
-1.835293812295134330e+00
-8.943062253824507479e-01
-2.856993406971689353e+00
-1.818621481183345878e+00
3.191174337005655559e-01
-1.087929737646931017e-03
-4.639372905932184210e-01
3.039276598104528659e+00
1.285008347497427650e+00
-5.047019349125285714e-01
1.170779888518431733e-01
5.860674127954901280e-01
2.627831068332994846e+00
2.058421533255819114e+00
9.928050665260279573e-02
-6.138938235852009484e-02
7.163414600827060497e-01
3.422603353577784446e-01
-1.592800544318315303e+00
-1.571901296573813056e+00
-2.291735180395217952e+00
-1.401345816332224103e+00
-1.728900261616974632e+00
-1.068033128773329565e+00
-1.953562299232117994e+00
-1.517602815432443464e+00
-9.413278236720401537e-01
-2.843868969866072405e-01
8.099852167624597143e-01
3.062692740092067822e+00
1.535189746599101568e+00
-8.980691891000702753e-02
-2.468535214493599028e-01
1.175272343931059282e+00
1.777192458624927696e+00
1.807014866908993156e+00
2.476162826400837957e+00
2.956995047442115165e+00
2.045196861734810412e+00
3.894156172275219152e+00
1.989163876033924971e+00
1.064126616628378041e+00
1.230456310923583541e+00
6.742063338134853812e-01
1.870846932529141915e+00
2.069136441657499770e+00
2.100680172827405379e+00
3.513952181145055143e+00
2.106999483039878385e+00
2.401857270912540088e+00
5.282976908056697951e+00
4.491699793872626856e+00
1.124554763504903576e-02
-1.697964196633154899e+00
-4.901586679511353850e-01
-2.962796586946119248e-01
-2.738483091689758453e-01
-1.565087575264605846e+00
-2.013413602966231508e+00
5.697171441069848186e-01
-6.197821847706279641e-01
4.239578722249035536e-01
-5.600681253647117330e-01
-3.667554256559633075e-01
-2.853571297428239006e-01
-3.316756865254504305e-01
-9.384641473123380706e-01
-3.066021509898149588e+00
-3.743199739617104171e+00
-6.028467653766416134e-01
-6.075209376448587051e-01
-8.485581420240109196e-01
5.095423682826893952e-01
4.604659270707163188e-01
1.726637853195537531e+00
2.720992289206824566e+00
3.731477299022236238e+00
2.749970274652717706e+00
6.842626597500895969e-01
1.453120492043679945e+01
-2.389797253572729119e+01
-1.837398055956061427e+00
2.435924810989773093e+00
-3.567540971037246322e+00
5.236104714153686501e+00
3.560954519741805768e-01
-1.827890103485392004e+01
-6.980153083191162899e+00
-1.385403207635656386e+00
5.172761315413810124e+00
1.836408140564016023e+00
3.171657005202630497e+00
7.860920764384289328e-01
5.830695718748347467e+00
5.446354273189376372e+00
2.791912458489443694e+00
-5.541242878262321980e+00
6.151677106776752169e+00
-2.079295731274797276e-01
-1.362197538017248633e+00
-9.836656935000616997e+00
-1.028307297433785550e+01
-8.307682229275652475e-01
1.456512817318587949e+00
1.798527159709335521e+00
-4.094114407436952874e-01
4.286800426642281892e+00
3.806273197895187366e+01
8.085003457255297121e+01
-9.534688923869663313e+01
-1.130212684024716339e+02
3.037205591471764166e+01
