6.774579145169207575e-05
8.495669554412540580e-04
1.088721990152929225e-03
3.701844024905795883e-03
2.785884903198417722e-04
6.936960238826000741e-05
1.093336508094674064e-03
1.259295440629901609e-03
2.942249045324607862e-03
2.177367693936587377e-03
9.430088483672384794e-03
1.889012178444832157e-02
1.137196497268635857e-02
5.204949482968824169e-03
1.261474896749274939e-02
5.075743800235486564e-04
1.861230181110194509e-03
8.346041629234605616e-03
1.330799804261241720e-03
1.004881721944211187e-02
1.010483273078290750e-02
4.969257750884297810e-03
1.408814451195398738e-03
2.925230024146568877e-03
2.154198562497620928e-03
1.454009958633530281e-04
1.527236068922348039e-03
8.645494875019316648e-04
8.055582508051950270e-04
3.262249944073450543e-04
1.511838233244722739e-03
2.496085582965816129e-03
1.011776400618142214e-03
2.875513236769209821e-03
8.174436606491706017e-03
3.921869150891999986e-03
4.976394060295230700e-04
6.404932527678829784e-03
2.909181358259991818e-03
2.463638601409610246e-03
7.972486257019673755e-03
5.026192981629750214e-03
7.807957256664709370e-03
1.196789632839929951e-02
3.580035676568496614e-03
2.368175089908295533e-02
5.830624645379375338e-03
1.125489082703965381e-02
8.913586442423812248e-03
1.935419741991783321e-02
5.740903457418899090e-03
2.340245893038545022e-02
9.998292087091619710e-04
8.763166978022710746e-03
9.875944744970263645e-04
1.226022932078525913e-03
1.303820463325728284e-04
2.096371407467972209e-03
2.322356559018697465e-03
1.777298172640036562e-04
2.327991814013367737e-03
4.411550542669877978e-03
1.483876658228027931e-03
5.692422895964415223e-04
2.244519361075584737e-03
5.847362053325122575e-04
4.875702441013479629e-04
3.185706020148927620e-03
1.591197864668375886e-03
1.589552944935792526e-03
1.918423895151033965e-04
3.044404062633225116e-03
4.341642657443058593e-04
2.001946299299720532e-03
1.420666596290171219e-03
3.159819469042466668e-03
3.795119803789758829e-04
7.114811826893214022e-03
4.242478044642324607e-03
4.698084682355630273e-03
1.747399998736675567e-03
5.587617299169734576e-03
3.339510456686304186e-03
1.545544559643757376e-03
4.348282367133428014e-03
7.012089690576170029e-03
1.055659849471295500e-02
1.005853017082090212e-02
1.212704355097074700e-02
4.625386302529548022e-02
1.265578244920096546e-02
4.839325974162156331e-04
6.368597719215014731e-04
2.664190030634838724e-03
1.234489992787194648e-04
3.548743824050995879e-04
1.072347254964975969e-03
6.539370670475025838e-04
1.880516774260229164e-04
9.494049859783352651e-04
3.440398313649793111e-06
2.987329586208114325e-04
8.991660391039893235e-04
3.116051763971880873e-03
7.907545851049471979e-04
2.587083786551366144e-03
1.958787075007998538e-03
4.366173330177042927e-03
3.476583986111722330e-03
1.465874252213536771e-03
1.287638106452611503e-04
1.026840176199767451e-03
2.143534951297253102e-03
2.542421635014991549e-03
5.219636899820961386e-03
1.099110858038612097e-03
4.379176262678955225e-03
4.279872402297860493e-04
9.796600149663686752e-04
1.382988670003891052e-03
4.211255102073695536e-03
1.411657090564408593e-03
2.052156932658223513e-03
3.419843727506107108e-03
5.681844287115754913e-03
8.426646396832717170e-03
8.023619492628485811e-04
2.550782467568524833e-03
8.773889270247685768e-04
3.091246733075845438e-03
1.297559506053134288e-03
1.101318053144417037e-03
5.922134296153378635e-03
2.290673196754331592e-03
1.065957116515530337e-05
3.142599169684121615e-03
6.292514015380666278e-04
2.369254270620763103e-03
1.687131481049889510e-03
2.547694443901143361e-03
2.164711716873838655e-03
2.098631019533564977e-03
2.449640914929894215e-04
2.304816504155611252e-03
1.231196389080331261e-03
2.615244052162560371e-03
1.572867383435546480e-03
1.846915318620406723e-03
2.861098905179463355e-03
6.490747992269655167e-03
3.328753506249168288e-03
2.314397973404770138e-03
1.951824660251106616e-03
6.030196868918636949e-04
9.153966967353285508e-03
3.835577507381241359e-03
1.520964509697196642e-03
1.326057088949828032e-03
6.457045255644792460e-03
6.911717235841909101e-04
4.238077928067968646e-03
2.871891347579437481e-02
6.291781769154473382e-04
5.692265007138288396e-03
1.132234604171453336e-02
3.409887657006623052e-03
3.869876456507904787e-03
6.116149844144613129e-03
1.124565571670817048e-02
1.256781859927424451e-02
7.446756817957812281e-03
5.721238244729771188e-03
3.913604851546934743e-03
4.635684507738765253e-03
4.876321750649339863e-03
6.048053677529996366e-04
5.008445186533042742e-03
6.396542208675809124e-03
1.212938788881556319e-04
5.103237699529052790e-03
2.820535118134210630e-03
1.847730038853838668e-03
1.783320616489730273e-03
2.810480771051683297e-04
2.451650786769889027e-04
7.628068296121968961e-03
4.443055526154886595e-03
1.942220223547557953e-02
2.632057759265699938e-03
8.336328371993627362e-03
9.951814448833360468e-04
3.267246002090529698e-03
3.811951315427147564e-03
1.015867598902423473e-02
4.150106282673420889e-03
8.158965238576987387e-04
2.116299278360545422e-03
1.338422890149660281e-03
2.011827515048642944e-03
1.523270360087161440e-03
2.783375844405478524e-04
1.043746757738685184e-04
2.695203212624472031e-03
2.381125485397452696e-03
5.019739698166659526e-05
3.604697675721000010e-03
4.306900156909795711e-03
6.137296622968368715e-04
5.417328770647825457e-05
1.093997204305333700e-03
1.336939239300270754e-02
1.725844158037068816e-04
4.627844246355266580e-04
1.439783135115413034e-03
1.533311146884990808e-03
2.084289314800888936e-03
4.234063765309061499e-04
3.935850285655297445e-03
3.118166612665152024e-03
2.302478022502510435e-03
1.967688940851837075e-04
1.614520625061023271e-03
6.387492445610124144e-03
4.689384169723342585e-03
6.617215497340489180e-03
4.051243401430628917e-04
1.303216519289860514e-02
7.660750703477073494e-03
4.518410535709982932e-03
1.598632401802713068e-03
4.529917584799465421e-03
2.391824431432412225e-03
6.789472025182863508e-05
6.714242937375379180e-03
4.051454128798825976e-05
1.946391734350731359e-02
2.020262862199175349e-02
2.161312574095937411e-02
1.724288094247689029e-02
1.106179069521951996e-01
5.530623891583036356e-02
9.096306882346218842e-03
1.795183634635947462e-02
4.566454465436025484e-02
6.341872849878084362e-02
5.698556748069396813e-03
5.237620411125468861e-03
6.134037961164241250e-03
3.981194244921967655e-03
1.381346198511584000e-03
6.898581219307304939e-04
2.724255798804325283e-03
1.862175286413561255e-03
7.851454467054478107e-04
1.829799544350984165e-04
4.197448874979820043e-04
9.442632586262416066e-04
2.747513827843807866e-03
1.269056428365092273e-03
4.064978188662740177e-04
8.948312425619872612e-03
2.414910520916261607e-04
1.286499426173729529e-03
2.125277605959697853e-03
1.013711303636374763e-03
2.238734699549629198e-03
9.117813791114304928e-03
4.644887550548654079e-04
7.098302535652314948e-03
4.170509946010721018e-04
9.586096870072773708e-04
1.845979472574659289e-04
2.145575019200376791e-03
3.932348735064665826e-03
5.280793657184510576e-03
1.174800527658212629e-03
1.965822433569090234e-03
1.732006659166081871e-03
1.898230521990725049e-03
1.039587875978821184e-03
1.504654824739030559e-03
6.402815105677430417e-03
7.852216591358055159e-04
9.169976369922909617e-04
3.841073217781936118e-03
1.784321596726465937e-04
3.989827714557976635e-04
3.757206595331294592e-03
1.014863631583277827e-03
3.144103315666122236e-03
3.306552023587201131e-03
2.164920941789939737e-03
2.250744801779711469e-03
3.385069870423016748e-03
3.189682703523691234e-03
6.671749485928758858e-04
2.510996695451415787e-03
2.395124493167364362e-03
3.058529784199288774e-03
2.892323755847779794e-03
1.678527608201312417e-03
1.985108116158063388e-03
1.913229610856192683e-03
2.587957373569781550e-03
1.056985126267463585e-03
1.272854949046069726e-03
8.020441213658266108e-03
3.882529442018171646e-03
4.693149437085038060e-03
3.078386640158022660e-05
4.895317086367881321e-03
5.934216471478383648e-04
3.057230583107121372e-03
5.812852006648611645e-03
2.160772349749153507e-04
3.414885223789690654e-03
6.260949804355030743e-04
2.333345083516403552e-03
5.683198348780815409e-03
5.516990140131176022e-04
3.802175317441077416e-03
4.819005225858561032e-04
7.556774377803967407e-04
2.933574077847659733e-04
2.394424952368086335e-03
5.411364912644111430e-03
6.245830901766209406e-03
7.205317001679510192e-04
4.891750704365948645e-03
2.147922307833377738e-03
1.997646440489900688e-03
5.930063719195338007e-03
6.196124384998832847e-04
2.359049649901537749e-03
8.151604635796420081e-04
4.642614082298821172e-03
1.244616291896942853e-03
1.642095621263306958e-03
3.201256906392429408e-03
1.134255407024458654e-03
2.651368780226319184e-03
1.020871283646771453e-03
7.388216784480197349e-03
7.537154187180797023e-04
1.215749916989550608e-03
4.140212955444171582e-03
5.244332540155895693e-03
1.707021507823164622e-04
3.387010592116063406e-03
4.519288391092919979e-03
3.734163179142351106e-03
2.127829483565922900e-03
5.043014683900365336e-03
4.614614490996803500e-03
1.249166990735431360e-02
6.666213144685999119e-03
8.912349276645125339e-05
3.381120007469984746e-03
2.565857169767680763e-03
7.980772105750082049e-05
1.655155530911787357e-03
8.475435493330251563e-03
1.326226838749231104e-03
2.603589044033694563e-03
5.024792906522542943e-03
3.800767360728302732e-03
3.303020016454049322e-03
3.777703579697509490e-03
1.771260414482132405e-03
4.594628278593746937e-03
1.708647810392634929e-03
6.366644281691105633e-03
6.939005404569613747e-03
2.895072525593623582e-03
2.115903110396317663e-03
1.175637667994249361e-02
5.178834467924830175e-03
5.333088367650205136e-03
1.092954163582723036e-03
1.338098825254330562e-02
8.800299171319636354e-04
1.638814485717988989e-02
1.738929440360182082e-03
1.049001401655907592e-02
1.396100302759464579e-03
2.463547766089159083e-03
8.221206964559878150e-03
8.716413629372480026e-04
7.746776672805919840e-04
3.698103705604738160e-03
4.166231161586093413e-04
5.596844066264820144e-03
2.596698774611994054e-03
1.720776873294787863e-03
3.497968377912640588e-03
1.615867097898573360e-03
1.073502916597451852e-03
2.909003106581300058e-03
4.061815635939188332e-03
2.143756927323083906e-03
5.532208200711468543e-03
3.073325973354146864e-03
5.310992505788284142e-03
1.743142746436609006e-02
1.982488878783533054e-03
1.898036385544798858e-03
1.969384623026316106e-03
1.537095185159007699e-02
3.645346869745345669e-04
1.643344533849194810e-03
2.762088428020906695e-03
4.587373383745604362e-03
3.097628398392492013e-03
1.278811863810807529e-03
3.569140391838468949e-03
4.852393296941162615e-03
2.311588853189739182e-03
1.128932984780803587e-03
7.445496908185764671e-03
1.350008673944830609e-02
1.753005386455451595e-03
1.005318042250791894e-03
6.893992491176000742e-03
2.941291264025007110e-03
2.237955626063607446e-03
3.353955488130402895e-03
2.968250915777158067e-03
2.850065148424472949e-03
3.815060661764470805e-03
2.778870759988155757e-04
3.647123057523030338e-04
3.377197109526979685e-03
6.529114212609767390e-03
2.789842520160528642e-03
3.114540694116589570e-03
8.544509385685504846e-03
8.602608929759822821e-04
2.771484089160443191e-03
1.992527785097731631e-03
3.089051581710629529e-03
8.393574327421226416e-03
2.660468169425759481e-03
4.073897977585123030e-03
3.143133311472309094e-03
3.177423370463877857e-03
1.845154272040530402e-03
3.442638246209023256e-03
5.251721364659603722e-03
1.076034512326598525e-02
8.325249590365780411e-03
4.173357508036833891e-03
2.502711438163241712e-03
4.849109579434840271e-03
2.091695858010458875e-03
2.198946316365194345e-02
5.103628061166347839e-03
6.612467497363629099e-02
9.434151124859815885e-02
1.697571161158538400e-02
3.486145114192987227e-02
2.548098057720840290e-02
2.972705720113901634e-02
3.311448828067798614e-03
2.316150100997265218e-02
3.794616411127359375e-03
2.085279513843307092e-03
2.272209896233805346e-03
3.135667163333690291e-03
1.848536943334896162e-04
1.278741492033990551e-04
2.604897756646515957e-03
4.816485092400292836e-03
2.067314358577418843e-03
3.316715358658595906e-03
5.023471689356358728e-04
1.475231768636844410e-04
2.503726477502369197e-03
2.688890765640047226e-03
1.343170375744095211e-04
8.405087121393854492e-04
4.737022529807826537e-03
3.809508867544058154e-04
2.335845380209825885e-03
1.041847384396249682e-03
3.334021682711400814e-04
7.011182392517674965e-03
1.580945889657263750e-02
8.147199151191549665e-03
7.106555572788809515e-04
8.921016227579843571e-04
5.539353620013925950e-03
7.530091307712157012e-03
5.854033269780854580e-03
6.267237985130180711e-03
7.778349832389882222e-03
5.261209430625193905e-04
1.536182800817391869e-03
3.870329420411770544e-03
9.247378279488733047e-03
3.430767964341154171e-03
5.746785635107289590e-03
7.956210669274975736e-03
1.413406050942738390e-03
1.102335254646845354e-03
7.086930442501866712e-04
2.880220555204520609e-05
6.085419876822525942e-04
5.010627105050157945e-03
6.415095192930974147e-04
2.194350892893489040e-03
2.428419970765876776e-03
1.617244949384129358e-03
5.296828077186345593e-04
3.840500070914233417e-03
7.092162838500453911e-04
1.647531549500487903e-04
6.129069029233297217e-03
9.978290381718372092e-04
2.009114257717018186e-04
3.452710820101582458e-03
1.758942543738069211e-03
5.060128476733204454e-04
3.814406584756264030e-03
4.467833539581139257e-04
3.026459446486465645e-04
3.073465506190206555e-04
8.127560405381133483e-05
4.585987446922719021e-03
2.195330978997971343e-03
1.859603231262139467e-03
4.731272501807505179e-03
8.540803628473397479e-04
3.151280460422849379e-03
1.755398045310914987e-03
5.521916222733321998e-04
2.724613393190986901e-04
6.762536813681549637e-04
4.722313232392706325e-03
4.888473632153988828e-03
4.066379939233516656e-03
5.041304437947079567e-03
1.430939707254461415e-02
2.464502680689621694e-02
2.471028762543103774e-02
3.393196507257520422e-02
5.361002764582979002e-02
3.347932513393909321e-02
5.590212533615071533e-02
2.508722670318024733e-02
6.338355852319449424e-02
3.554103790400588853e-02
1.953811805954711392e-02
1.270635714037313124e-02
3.594196790072285829e-03
4.514326870558542718e-03
9.223467910868661480e-04
3.456335385649676739e-03
4.737960034799581013e-03
8.872739951156668331e-03
1.272877027331881716e-03
3.874657240301346631e-03
6.579624124785526593e-03
4.282416479233088803e-03
2.180231871363146404e-02
1.858054403996337381e-02
4.217461007158603177e-03
3.566599526751056560e-03
1.775143090234228629e-02
1.467028022966130295e-02
2.940090002703002817e-02
4.928962405868396457e-03
8.069308136390872851e-04
1.816056250830645888e-03
5.024576019664567933e-03
5.459566808610578567e-03
2.824140034928115245e-03
1.026854816658556539e-03
6.042204177072210865e-03
5.002692459183707540e-04
7.154180464110455797e-04
7.800872991724712479e-04
8.747615637775675947e-05
3.711035248590131993e-04
9.017604027928301626e-04
1.328586244208996431e-02
8.220011467434824512e-03
1.049560051465311429e-02
2.975335036922231290e-04
5.040231985109611774e-04
2.847756688174119585e-03
1.121372729228518319e-03
1.731508479284136343e-03
4.507101520897144331e-03
2.524888669021378099e-03
2.089092586952874495e-05
1.580508411625661941e-03
1.457605938308471124e-03
1.936826795163994273e-04
3.012070218975313948e-03
1.584868227023308266e-03
2.242569606744660837e-03
4.734024093244080730e-04
1.341484783482729858e-03
3.830634314413827572e-05
1.298201317092348385e-03
1.996560577511289746e-03
2.170961602489272346e-03
1.085231676343332988e-03
3.365139094972016535e-04
1.091977664331548158e-03
3.395747967934997086e-03
3.108492923397279672e-03
3.130343588582722332e-03
1.492255858353350477e-03
9.260838904146786584e-06
2.444082705295576481e-03
2.602371345749290334e-03
1.880715820566901354e-03
4.905331305982490401e-04
5.313409488049261652e-04
3.763073234420856884e-03
1.214436404319793627e-04
1.999500508280329693e-03
5.758181730740614956e-03
4.204176548242318304e-03
2.120065553544159265e-03
9.852124441075921311e-04
2.952969411930835529e-03
6.476076186897312612e-03
2.500491719573939581e-03
3.121759408164066340e-03
6.723699923580202416e-03
3.017878690470275019e-03
4.633201998660065220e-03
4.911619069191494429e-03
1.474795705752089030e-03
1.440580642650938223e-03
3.210005094781235853e-04
5.067936900151115203e-04
2.278725151491349521e-03
1.549236901415797967e-03
3.713902174144637991e-04
1.983557971649480868e-03
5.640578116012226126e-03
3.205341397444101399e-04
1.308904804170432125e-03
2.492365248623096795e-03
1.213533411027459393e-03
2.171258813169687531e-03
8.404945784118027924e-03
3.187887182837957807e-03
1.692711132735674057e-02
3.470168671264709003e-04
2.668207088687956849e-03
9.841788698730643409e-03
1.003396227240853020e-02
4.966328430832535334e-03
9.777774850749852004e-03
6.166085328290459022e-04
1.187390606110180031e-03
1.630780246923610975e-03
1.199559525599744715e-03
5.113388669522590758e-04
2.262733722571186323e-03
3.545004019991321136e-04
8.490730685891882505e-04
2.669794798524604260e-04
6.393878828389195322e-04
4.783075556649471656e-03
8.605734568211237910e-04
2.290175302693868431e-03
1.771805103662967717e-05
4.020368596139758510e-04
4.346341609682625767e-04
3.649775189561128581e-03
1.422024473479474626e-03
2.223215781690277351e-03
3.286149317465317850e-03
1.064845336977183598e-03
3.089326771860199223e-04
3.132057248730412292e-03
2.064711404716218762e-03
1.208517539301055463e-04
1.367037891318467367e-03
7.374790015456260720e-05
4.114931494056106847e-04
2.988533706661179474e-03
1.244523013238039825e-04
1.962657608276469155e-04
4.586934898703285812e-04
9.434011322645654727e-04
5.826368580348356295e-05
2.396193907589189154e-03
1.059979322937145297e-03
3.360494584263276407e-05
1.274606199886871120e-03
1.242113279746089776e-03
5.087195671027738451e-04
2.610035447976804656e-03
2.832705034186140062e-03
1.701801264724619794e-03
3.470637325180658816e-03
3.285186794351137491e-05
2.303717628561101436e-03
4.131994895632951428e-03
2.681873101393493410e-03
4.541839197295047801e-04
1.380582753204219254e-03
1.406981305636921011e-03
2.542451323364670803e-03
2.259900098833992222e-03
2.125442323196757941e-03
3.600540184860940521e-03
6.101969407214277545e-04
3.835758731789780558e-03
9.427536135912202911e-05
2.958663230916439013e-03
4.637412387884646756e-03
1.186895006165003064e-03
1.193170660133585290e-03
4.284115634314062825e-05
4.399773748456085789e-04
1.006704093783330686e-03
1.531068726517546873e-03
6.648526092494176903e-04
1.054421708391383144e-03
6.339801050431109752e-03
6.595003448786032965e-03
4.599442261113030747e-04
1.222265987035342288e-03
8.882460505687363519e-04
4.979335294203939086e-04
1.786137147794696544e-04
1.961950521240918982e-03
5.881686725931410155e-03
6.585452531576378287e-04
2.807925222453104292e-03
4.461690231407348071e-03
2.285980512300973301e-03
3.670946004162004526e-03
1.357450563231341837e-03
8.394756839175911882e-04
1.913533157525603269e-03
4.386239953913174255e-03
1.437129702765052954e-04
1.681963688076666685e-03
7.365891206836628832e-03
1.695602380559079088e-03
3.100401478704602025e-03
3.563182991697203764e-03
6.802856829470085853e-03
6.727236153429674067e-04
1.258632453195741006e-04
5.156627410405931894e-03
4.652680990964928355e-03
2.693083813079088086e-04
8.355272591169955179e-04
3.891642348482989271e-03
3.121260099099759482e-03
6.704083854557958688e-03
5.415143570087796823e-05
3.121714010413290281e-03
3.089470274983143871e-03
2.210817829508485242e-03
3.910661463097171893e-03
1.309827173000974610e-03
6.347616726441434286e-03
9.410641722336634488e-04
7.811348039919211242e-03
1.588525350221872256e-03
3.774015996043003206e-04
7.699544345997156279e-03
3.673546790695294585e-03
1.555289206161119490e-03
7.381878108860492373e-04
3.335752486420039354e-05
9.386515977826008538e-04
4.769602210825582209e-03
5.480416040299396739e-03
6.109644182823696298e-03
4.752276512933071607e-03
1.855227004512551448e-03
8.102981064611389575e-03
3.851217920071578482e-03
1.640454359562077899e-02
2.821090002343613207e-03
5.799076239221180205e-04
1.509362050123578668e-03
4.378883897567423245e-03
2.458877735820870318e-04
5.465581616233925605e-03
5.149225097058765868e-03
2.109074213942972991e-03
4.526406975787643575e-03
7.730016002670993779e-03
5.843199429925812274e-03
2.789557832548995690e-03
6.240354566554056530e-04
7.727777487767025248e-04
1.337272018871281084e-03
4.829486996417982868e-03
2.111645196791721909e-03
1.476373602421226193e-03
1.108198337090694676e-03
1.082737971018776736e-03
4.654057273777618270e-03
5.218190154300567270e-04
1.271851005404985111e-03
7.772697903498727509e-03
9.557533116537401908e-04
1.260215174639429296e-03
3.174996326886675088e-03
1.533797197712102487e-03
3.711964443821508079e-03
1.367391407791000539e-03
2.460025484384347101e-03
7.164635041460873724e-04
3.671259142321753408e-03
2.017435196643612132e-03
5.098402500866811710e-03
8.050942590070344750e-04
1.184641240946343772e-03
3.179230197004463861e-03
1.427796050558032860e-03
1.883694787402040915e-03
2.065242150405106891e-03
1.532396411440095749e-04
2.981953284843423448e-03
9.580190028603663801e-05
3.691422682377163214e-03
7.190103424312103021e-04
1.263487753514366558e-03
6.431310021449931870e-04
2.519839703353671159e-03
4.718206958770611802e-05
1.476636483201608746e-04
5.962545157309774016e-04
1.362417425341834768e-03
3.493939311133388743e-03
7.353943352927803023e-04
1.574052230673161662e-04
1.133591048407085397e-03
2.382762790313959315e-03
2.244980079896458959e-04
4.159344021097849745e-03
1.876065509751745266e-03
1.702360646820351821e-03
1.188617357571507098e-02
6.996281189269866300e-04
1.886933537550820406e-03
7.808386571506048708e-03
9.265116140854433909e-04
1.600123874635271930e-03
3.434389028247867518e-03
1.239979231537042138e-03
7.663730281199810507e-03
1.674817559624766552e-03
1.084451517775184438e-03
5.917237196871144057e-03
1.010572808044579924e-04
2.585399025438599521e-03
4.040363620301761069e-04
5.296771776996046961e-03
1.536256644027723895e-03
1.960160142083179277e-03
1.006648709982601621e-02
3.632603910723074085e-03
2.145960035167168798e-03
1.651676515481282585e-03
5.520824383324074436e-04
2.819539450270856003e-03
1.525631950540144591e-03
2.423497417370189667e-04
3.292143803227045619e-03
7.790251254564798701e-03
3.751933598897882506e-03
2.998119645298321333e-03
1.438484511714268254e-03
2.646592807407924935e-03
1.278692492962732810e-02
1.036165932428404369e-03
4.439780122025519839e-03
3.070051052877064562e-03
6.664681382955033560e-03
5.359238936241739193e-03
9.726067552382661879e-03
1.716171375548470462e-02
1.002839706898085020e-02
2.662281650279511836e-04
2.326902929374608311e-02
1.040324012994877680e-02
7.527952203019493659e-03
5.189501396572007014e-03
2.137328138210347131e-02
5.481954268924517024e-03
1.040991111002628061e-02
8.564479283861477568e-03
1.080441336258055815e-02
8.825822489777800442e-04
5.957687783043619234e-03
1.681654707130594189e-03
1.852569034976583179e-02
1.673508736177610826e-03
2.028943851312471972e-03
2.095862856565215877e-03
4.855917944629005618e-03
1.739419164867848943e-04
3.420597826994663010e-04
1.575665603768571128e-03
9.871163052180997877e-03
1.034926438567701230e-04
2.512870052008832952e-03
5.622999365547906884e-04
6.924491219034495035e-04
2.698267375777553025e-03
2.429772553867466829e-03
2.698229763239785514e-03
3.400667980658684045e-03
7.891501766215721497e-03
3.070453580352745793e-03
2.943987013124432870e-03
1.456917070308414645e-04
5.863600404161961772e-04
2.927871703428830668e-03
3.251046841057134260e-04
5.305520907351230810e-03
1.540051159570679984e-03
3.097883497134681138e-03
5.005422820446637534e-04
1.007164420272411813e-02
2.911495971931725261e-03
3.095552756702596095e-03
1.168603931543031084e-02
1.749784911562605235e-04
5.566170864193030997e-03
9.018383732919051446e-03
1.444918711067661680e-03
1.010981078566006858e-02
2.467915311483263332e-04
1.319007025334005545e-02
3.349294271248184560e-04
3.145363380677391497e-03
3.998554512145680549e-03
2.305673631363164576e-05
4.879210580040755155e-03
1.873584819216304572e-03
3.004148902794856121e-03
4.114116152679038810e-04
3.949673839867616325e-03
2.788714384604676962e-03
1.220971829376130309e-02
5.655967247577023090e-05
3.443570133927199590e-03
2.391168491118665206e-03
1.001221921710712150e-03
3.203913885159638542e-02
4.348330619911324607e-02
2.414126387972183319e-02
3.747125574626006955e-02
2.551030197026693189e-02
2.745568506033785328e-02
1.378615736185092797e-02
1.534096852348412754e-02
1.454481526091333521e-02
1.218572759481935212e-02
3.028123145079211070e-02
5.617173065417053329e-02
1.508461729457384473e-03
3.532300562731894873e-03
4.762186644652975816e-03
9.081404333563690076e-03
1.486710665888925191e-03
6.545228495437698836e-03
6.653916334192102981e-03
3.924983427703130235e-04
5.973599847020555700e-03
7.579602964699837762e-04
1.385370831978283493e-03
2.267567843450064196e-04
2.167638399617683505e-03
1.294722865232024803e-03
1.168812525196001248e-03
3.423671540997151900e-04
2.695087084491385333e-03
1.098708668563373823e-03
1.210756674991826111e-04
1.363004904699640848e-03
7.327126913266498662e-03
8.627139627870356216e-04
3.977606579265064585e-03
7.645422205449699596e-03
1.650167836962014144e-03
3.581314145720155499e-03
3.182740639286040646e-03
1.231867302586402537e-03
7.927437883650077441e-03
3.505012085616957158e-03
3.207195199371773789e-03
5.583184925440224169e-03
9.516453646161044397e-04
4.643096716477010952e-04
1.862447910347041604e-03
2.834447754069345082e-03
4.620847294310576753e-03
6.662813914585630605e-04
2.402701351514136083e-03
1.187999241352205061e-03
4.917663681201606910e-04
4.204007836605861900e-03
1.293935314401360379e-02
2.190344506712587833e-02
1.792282388887749553e-03
1.798704112356826028e-03
4.295061367766642851e-03
1.118839810897256405e-03
8.412421741842852343e-04
8.483586961529736032e-04
7.847555923827527480e-03
6.402974906457536931e-04
2.312446392399586468e-03
5.763409456915613571e-04
9.780279605172421953e-03
1.001422313459611815e-02
8.356370946354207789e-04
3.224695035978188823e-03
3.611153929344744148e-03
1.088403991754622810e-03
4.166760282486769475e-03
3.346965637915296030e-03
2.132126728515200235e-03
1.065291076144056492e-02
1.491165391869940168e-03
3.183390731453808681e-04
2.776559276760320015e-03
2.296189500714477388e-03
1.521937793420524709e-03
1.739134449657202134e-03
1.546808569869167474e-03
1.779011785583245204e-03
6.701627136234028330e-03
2.358833732005886311e-03
3.774898499993568739e-03
2.018742781122847413e-03
3.611056559553184678e-03
9.756354774755986430e-04
1.733836098570856396e-02
1.123298695852887469e-02
1.744704150763857261e-03
6.521780900269439317e-03
1.834003378277636711e-03
1.350609548611795164e-04
1.887129484041174740e-03
8.503717956810392248e-03
4.963327897941868447e-03
9.081823352924670760e-04
1.154543785171574695e-02
1.943208341786385957e-04
3.597127848570241728e-03
1.065774838808706236e-02
8.145709009612546328e-04
6.569928784529353860e-03
4.129979969798206786e-03
7.581108821817214355e-04
2.338331345554365854e-03
6.905901891749379948e-03
1.545112833573188821e-02
8.991053103415231826e-03
1.696878498299705246e-02
2.957129050112345531e-02
1.840222817553094706e-02
1.036447301072034727e-02
6.448032885903429851e-03
5.621247636094997210e-03
4.336520378731364804e-03
3.261485168763335937e-03
1.780590260172986317e-03
3.357652889413053655e-03
8.671272627196397950e-03
2.640219674331961870e-03
1.797608836153120893e-02
3.969151535472534992e-03
8.395026108728518687e-04
5.213116824620895500e-04
9.216938898605749964e-04
4.507537096688794603e-04
8.933108203459640129e-03
5.938265732890336661e-05
5.472349056812264795e-05
9.428093289508567530e-04
7.706375976618556759e-04
9.557711528057586141e-04
1.778146032052743686e-03
2.950663945513218138e-03
1.743864644820595491e-03
8.286852242954486540e-04
8.302489879424211324e-04
3.311801416193167671e-03
5.245302652155263250e-03
2.251528189826436399e-04
1.494114576531867591e-02
1.270694794645037783e-02
4.350856031241056568e-04
5.229070428099091492e-03
8.696886954198171024e-03
5.837474017432837774e-03
3.120482750114471002e-02
5.716759232663547359e-03
5.557402184093275695e-03
1.981904611268080554e-02
8.996703327008892179e-03
2.067354231562457470e-02
4.086428379602676571e-04
1.368287938471085281e-03
1.524582377626741009e-02
4.386281250244892312e-04
2.707428461581166089e-03
2.758767523223048623e-04
1.970997481578793710e-03
2.056708491987285520e-03
8.443965338810881802e-04
8.574162240625785546e-04
5.268410580337538071e-04
8.586217110797115561e-04
4.321142495191154288e-04
6.349103760253187462e-06
3.575966743515532321e-04
1.028250968173001950e-04
9.996998249484336722e-05
1.467682574677233853e-04
4.905568054716041501e-03
9.473453091868027243e-04
4.399104733333242040e-04
4.648902502721646759e-04
9.938736258600076347e-04
6.740021199084396657e-04
9.410694908216698726e-04
2.028516837750270099e-04
8.764137256219990506e-04
2.381087082645272184e-03
1.072111688215648690e-03
5.700224386153639709e-04
5.507881372796502063e-03
1.740897418252836809e-03
2.417861811617896903e-03
2.772312410631233310e-03
2.363517421223921503e-03
1.800398946898665743e-03
2.879967462014354929e-04
1.147870852526458986e-03
1.100747732080633321e-03
1.150957676498384633e-03
1.870704399124660782e-03
5.172396653224827640e-03
1.429539837497677615e-04
2.537273923144539155e-03
1.905562883000574753e-03
8.955281221498989825e-05
2.074812383093744324e-03
5.255407936294255369e-04
9.259471447930243482e-04
6.545605785606479522e-04
2.274190041646133743e-03
3.538751612445428059e-04
1.560046560819536906e-03
6.776171880697946966e-04
8.081855037647666653e-04
4.454366118269354781e-03
1.883750835523743407e-04
3.736633862789864348e-03
5.167348296334611790e-03
1.941390565188374270e-04
1.480465077667988613e-03
8.083963878160473591e-04
2.433143815183857507e-03
2.570469943341757713e-03
8.732042061636284156e-04
1.658681433747879151e-03
1.105000661341393187e-03
1.015850792346705608e-03
4.728610436558215203e-03
1.125416313409260743e-03
1.682076542313592485e-03
4.955233735372826945e-04
8.711754651721647508e-04
9.575922703246570952e-03
5.005383714963112770e-04
2.121394280366904576e-03
6.106067330850643501e-03
1.941987546981434375e-03
8.095695238295488568e-04
2.871566628711173276e-03
6.629458038352636137e-04
3.319140135101280361e-03
1.431887759642600996e-02
7.159794773201479112e-03
2.441697888039722972e-03
7.750504356426107452e-03
9.602612817718779795e-03
6.837826729777519638e-03
1.809661554787011910e-05
7.478258705990933029e-03
2.524902145222152321e-03
2.540844691182595101e-03
3.486573429534068659e-03
1.204959696927029996e-03
2.897332863348113866e-02
3.042107572400128135e-02
3.263560442164827741e-02
5.523756853974977343e-02
6.815825739247209636e-02
5.000758141037573573e-02
7.018975595062995620e-02
3.237843669869169133e-02
3.421998258256488817e-02
3.821344480254348919e-02
3.925486044733109310e-03
3.694801646580266920e-03
8.371653765430031591e-03
9.745365337378769643e-03
2.039820667770335470e-03
3.954892212560755238e-03
4.459656276063791829e-03
1.942430722297407413e-03
3.243728090514535079e-03
5.720739093845160234e-04
4.185995694789330750e-03
1.860282925251146202e-05
1.079365543869816903e-03
1.293300588749963977e-03
4.428709787508507047e-04
3.633403787317913448e-03
1.037576951234296966e-03
2.117924321141816460e-03
2.828696051878955026e-03
3.398403826382932823e-04
6.978173784726213972e-04
7.536679327523592570e-03
1.583826518750202934e-03
3.333033559767449843e-03
1.243714903094032213e-03
1.556671761435154434e-03
5.180106549691155735e-04
5.196047925714870045e-05
2.583798100988478428e-03
1.230816322121227723e-03
9.113085193747561983e-04
1.046950890756818400e-03
2.572071070282650352e-03
5.575637147832073013e-04
1.812542372227209228e-03
1.264030656369031797e-03
2.152221161754829751e-03
2.532746605606978410e-03
6.140199898074614072e-04
4.621836110985748196e-03
3.412171933686662141e-03
4.429894790159085924e-03
1.203586492493944910e-03
7.676325567005188796e-03
1.957676146273066553e-05
2.317467331807124883e-03
1.865443507068245080e-03
1.314503797623391233e-03
5.580462286736390283e-04
5.532004276956129993e-03
1.158736096923360668e-03
1.064965685943519615e-03
6.406218152038754832e-03
8.098143251722969213e-03
3.301417840857718156e-03
8.221907755879611377e-04
2.020795941258955036e-03
4.381508370823804926e-03
2.048334214095322379e-03
1.663335610910202577e-03
1.203832939922881446e-03
5.654591807589724956e-04
1.689902292925433329e-03
4.677839620937371197e-06
7.535576061534837115e-04
3.956758975275705571e-04
5.833781843127207496e-04
1.273645665013381284e-03
1.345064685554490816e-04
7.403414053079435033e-04
2.130246391084300930e-03
2.179749932628149544e-03
1.247833300214030831e-04
3.195830784315845433e-04
1.343206957705494770e-03
7.126188135755230722e-04
1.047704560357077142e-03
9.972076333612937046e-04
5.880081200493847762e-03
1.717607196378549391e-03
2.324936800063277017e-03
3.124697964338962047e-03
3.153658103080212490e-03
1.696368102481491140e-03
4.125295658428367181e-05
1.216798730940979673e-03
6.678549393515800878e-04
1.102802585629392151e-03
2.104033486232427964e-03
9.509815017658432247e-04
1.495962289561739373e-03
6.329607586604299972e-03
1.223344049197494943e-03
7.192034465892132092e-03
2.941777119397369616e-03
2.520855503208540281e-04
4.213089224316323919e-03
4.711427250870504294e-04
3.301591147853918332e-03
3.020007024573062235e-03
1.947671333420263181e-03
7.380714760853046390e-03
3.643682621156309632e-03
4.623458062219184227e-03
3.070368528550659372e-03
1.060028586761475964e-03
2.001505652002083177e-03
1.681749200934423358e-03
2.798568843054746649e-03
8.614160788111441605e-03
2.522624655210168026e-03
1.113329369229965320e-03
4.170016167148286011e-03
1.060360293425177593e-03
6.169015179781731952e-03
5.191258688382310166e-03
9.861922967365807646e-03
3.927593004642609270e-03
3.428712015131958179e-03
1.974840613552252249e-03
2.426206102024944938e-02
1.768751050220099957e-02
4.568813695123645491e-02
5.230844900588437624e-02
5.475016016714338157e-02
5.915060544876977328e-02
5.513287735876317569e-02
3.837753575649807680e-02
3.537488621448036524e-02
3.561860428942399681e-02
1.759617948948487623e-02
1.135610238774008816e-02
8.838984046006817530e-03
2.402630144204736585e-05
3.108791833127486776e-03
2.166464905297252417e-03
1.326379496691662552e-03
5.962149064821755306e-04
2.332415319280958452e-03
1.322587747814363453e-03
3.243067273765681650e-04
1.564102573392616964e-03
9.633775760393059519e-04
2.132738029764547939e-04
1.560960744295677950e-03
1.537044432775397764e-03
4.366454607753014229e-04
1.497774792419898418e-04
2.783852136528826727e-03
1.885662319480083419e-03
1.818892092040937060e-03
2.986036716649269514e-03
1.375174293056465437e-03
1.590278524434154234e-04
8.970190892255092141e-03
8.206798440069276550e-04
7.988367930443695739e-04
6.053937343462245310e-03
3.459553183193905118e-03
3.240712015399583278e-03
5.941663254012331807e-03
8.483903274626921134e-03
7.503726015931475382e-03
5.249556284327558733e-03
1.014909930239430661e-03
1.117636852878968468e-02
1.393444357119950211e-02
1.023834598045143514e-03
4.295818452674803750e-03
9.487968929183776198e-03
6.479287924006139898e-02
8.610776707827024097e-04
1.224250442542855130e-02
1.932661492367934372e-02
9.096726174279446200e-03
2.201815174051489292e-04
1.501201749697091310e-02
3.103013262116694187e-03
7.130277913934827093e-03
6.656102665152026886e-03
2.362005353584261508e-04
6.090739923876650058e-03
1.542692280215510886e-02
8.705002084006153041e-04
8.928599559823746992e-03
6.138418334709671090e-03
8.624284366036913960e-04
6.909405370850565942e-03
3.543253558009704964e-03
4.671632361296413792e-04
6.493215391261780885e-03
3.292843335997885272e-04
3.083785011165062276e-03
8.961702703998628700e-03
6.458731263501969050e-03
4.941501511193045412e-03
3.209267663304763568e-03
1.250983537073738997e-03
9.200617925562518465e-03
1.054987878421072625e-02
2.782947377659618880e-03
2.314926957293293383e-03
7.779758930052917609e-04
1.226474235276191899e-02
1.244305445360008137e-02
7.687767495691812114e-03
3.056813393572735404e-02
2.329379209779256985e-02
2.756161414432365883e-02
3.799296075519042332e-02
2.475272194199354403e-02
1.216609308308169712e-02
2.002260230230795343e-02
1.698298528157760057e-02
9.332564184304701065e-04
6.243538623399971267e-03
5.276632214455082882e-03
8.054215571292764816e-03
1.509424287641993653e-03
4.907731567851081507e-03
4.081848199175379648e-04
7.319701154639270211e-04
7.126966894258117630e-04
3.690494892802594767e-03
1.118566648889956399e-03
1.369082619419477497e-03
4.397007427274212191e-03
6.804602452115351106e-03
3.766767756916313339e-03
1.140705601093518380e-03
1.150639076050300564e-03
9.593388029202624262e-03
2.288082781019316805e-03
5.836937057560875062e-04
2.677823936635715784e-03
8.243442890850212956e-04
4.135885430770408662e-03
5.265462422192029868e-03
2.375424426689772602e-03
3.732489093305446128e-03
3.462535284010322730e-03
7.208739077432396898e-03
2.732976184192132708e-03
3.075885380250478231e-04
5.256465161540006294e-03
1.957231493082228508e-03
1.605581907437215235e-03
4.882186190404655748e-03
2.720677119146158122e-03
3.667749927992645497e-03
1.554150394089922932e-04
2.190642419834308943e-04
5.304676643671596414e-03
3.930814275573721317e-03
6.681763016716428007e-03
2.329362221038194336e-04
6.024463340610450302e-03
1.898802250181408574e-03
9.736913707560756331e-04
2.012351444967123862e-04
4.839753462883302458e-03
1.559124166005264930e-03
8.957722279936562639e-04
4.425481777685265350e-03
5.064688278274877449e-03
6.124026273997286148e-05
6.486128204634624209e-03
1.940865723252611398e-03
1.867888837089252789e-04
4.053479397726322819e-03
1.429421166036970794e-03
4.968305226412636152e-03
3.997677401592445324e-04
9.285850078878763337e-05
5.376597801128025350e-03
1.791250578905748082e-03
4.725604240374962559e-03
4.159730566962653413e-03
2.750032022613642206e-03
1.025788722002671759e-03
9.783953455013455372e-05
2.588681508347377008e-03
6.888004598802719303e-04
2.921455460586234835e-03
1.497494783156751944e-03
8.273015203020006071e-04
9.491727176887726405e-04
6.107471414290445433e-03
2.456909367657003108e-03
2.012013861722686259e-03
2.212942347334637475e-03
1.965577415942934211e-03
5.247626356584626436e-03
7.607383179609366122e-04
1.116902192047683874e-03
2.461988482639152626e-03
2.254097049801662839e-03
3.234806654621385103e-03
1.732524847983530009e-03
2.323742058300175620e-03
3.496807709304538062e-03
3.101659154637493991e-04
4.912902896127859659e-03
1.099743814636281017e-04
2.118877537639464979e-03
1.172649504494147630e-03
2.781346706650170749e-03
8.902794746413429661e-03
5.712132040470054148e-04
4.314430290704427719e-04
2.903091369705587330e-03
2.270002188727937055e-03
1.554287521200051116e-03
4.421013106559451697e-04
1.092676874084028138e-03
7.539390374718377835e-03
1.080209252728054790e-03
1.187639193450949152e-03
2.748508868027018954e-03
5.537203418984602311e-04
1.742016046030226382e-03
2.592805649237857595e-03
8.035448784314666755e-04
7.761148411087259117e-04
5.586325841265857382e-04
9.136069388691422932e-03
8.976179870599603188e-04
5.097486420755987374e-03
1.354831544864448616e-03
2.170247195496645062e-03
1.486388749882421078e-03
1.776477111663157934e-03
1.033961283711277036e-04
8.785316640001986782e-03
1.612648366442063542e-04
1.901160217881402202e-03
1.195969219903890955e-03
2.083024792694409405e-02
4.566482173102699889e-03
2.428894808493666131e-03
3.951200513293612673e-03
2.294499816050889923e-04
3.356213834483542631e-04
3.403791893880270779e-03
3.025899912233143054e-03
2.313992238999337207e-03
1.417727863268908100e-03
2.303989445844967926e-03
7.202569926154709160e-03
1.016391156161117193e-03
1.964306771031486785e-03
1.767189946109166878e-03
3.217173688857913241e-03
4.497551788158640589e-03
5.831396701897348378e-03
3.749317343666588517e-04
7.960620790605919123e-03
5.378882500417581265e-03
6.533329882356714649e-03
2.564187034632185030e-03
1.119608140265189455e-03
8.785930599674963287e-03
5.476299180739749133e-03
2.498071271798698277e-03
1.658633408840763180e-03
7.202123415843133744e-03
4.417986410022706374e-03
1.211746497125141490e-03
6.664968666217265664e-03
2.935555273702242576e-03
3.846792782630656816e-03
9.093063165266082257e-03
1.417461804258672532e-03
3.039209159803907268e-03
1.881135898487642372e-02
1.217129063716190958e-02
2.916208512779844947e-04
7.602628997301725741e-03
1.212843876671065510e-03
8.673113230544591754e-03
2.177532142392226734e-03
3.886089578765162221e-03
1.447944987977926173e-02
5.433925909800370498e-03
1.693868296804574430e-02
6.295748342371703787e-04
1.499792899318619366e-02
7.092674770483291952e-04
4.756903484940677718e-03
6.967898302736801920e-03
1.952321265096313742e-04
2.401033507604794642e-02
4.406060125921545598e-03
1.527371056089777811e-03
1.893285881368909906e-03
3.878385457805055836e-03
1.632243378494220793e-03
1.450890349427216418e-04
7.917864829305168092e-04
3.454402791460396433e-03
3.765753691216928295e-02
4.739266919858645122e-02
3.866545633600312719e-03
4.782987022820503129e-03
1.210270289462346289e-03
2.054767856063159474e-03
1.780703811205454606e-03
2.215809582873938793e-03
6.640598062679745235e-04
3.945857142860011678e-03
1.541816010516824063e-03
7.596394097656133416e-03
4.935752661495580382e-03
2.770056692244876606e-02
1.324357075489839344e-02
5.031541296238149514e-04
2.850897293916505870e-02
7.582267608949338177e-03
1.572414100384575278e-03
1.523764843777299918e-03
2.125908746326485993e-03
3.278745390860672831e-03
8.104834155869659190e-03
9.001048245784864241e-04
7.250457485993297771e-03
7.926811922847732880e-03
1.418148989644642602e-02
3.166647198005746039e-02
8.407758623857715038e-04
4.486282791348572899e-03
1.013438581839765573e-03
2.075257232267851276e-03
3.086676437452356980e-02
8.969164976663591970e-03
4.331961490777635343e-02
2.551331566482354513e-02
5.887547464537025432e-02
1.239282332215541627e-01
6.822142791428324748e-02
7.893036977965199597e-02
1.114858624015087341e-02
5.495132705282779195e-02
8.529608245505169301e-03
1.818351036885531083e-02
4.084130224442991154e-03
1.453010697852553934e-02
9.137387919100157380e-04
1.168725708427724962e-02
6.987285906327477024e-04
2.377073717929610239e-03
9.926097582761155350e-03
6.857083555747868660e-03
3.644078719653319823e-03
7.990074408713380635e-03
5.133003584424466852e-04
4.377362371153119616e-03
1.998820202170166135e-03
1.202833158592798773e-03
1.481007964845510892e-03
2.076535524266069372e-03
2.790182950646552355e-04
3.456766603134756120e-04
4.468678771823703273e-03
7.136230584496491272e-05
3.170969426315685055e-04
4.514634799736941609e-03
7.537134299971577113e-04
2.000599903263052177e-04
3.608291705341299706e-03
6.780171379575078601e-03
2.946120081754761803e-03
7.693342004413850511e-04
4.110762607227636672e-03
1.012086995239304095e-03
1.570665927024223266e-02
5.820678825863742981e-03
1.416255194341490414e-02
1.215690027997981494e-03
1.722500864122826839e-02
1.004767893867447581e-02
2.827546207232740916e-02
2.215499143457106551e-03
5.226357475003075986e-03
3.973490657510151888e-03
1.556244512994095800e-03
2.579783504184642376e-03
3.899595454290002619e-05
1.612306738195490828e-03
3.058110326011470592e-03
9.504137387406929628e-04
8.343713001542657492e-03
3.302126613762015449e-03
3.398947262405012468e-03
6.485482287090691376e-03
6.312892209677129244e-04
1.089733921319915822e-03
3.029825864297318490e-03
8.526718573578257344e-04
4.867686338558677162e-03
1.960650257343270805e-03
7.724485794269770299e-03
1.138807752420791831e-03
1.249429356977118689e-03
5.334093217557397265e-03
1.064555714742343668e-03
5.676812080736614924e-04
1.865327220215696764e-03
2.867500262366028466e-03
1.571582167237225124e-03
1.451485169468905677e-04
3.497935301145570913e-03
2.337722371351212832e-05
2.372392430437421894e-03
1.895358583920945215e-03
1.260307488166518067e-03
2.112783279546084653e-03
7.526826912960655992e-04
4.179078231686329976e-03
2.907376127513885446e-03
6.642984336884341819e-03
4.565091953205843755e-04
6.079270192424688496e-03
1.131620224255365428e-03
2.213871373372156611e-03
8.882998412844306290e-04
2.486214773904564068e-04
5.586318541804964882e-04
3.030411172335960822e-04
6.773613590527169208e-03
8.370678357847519948e-04
2.281510346127385916e-03
1.178943600850244347e-03
5.899870675670531228e-04
1.158337026598903153e-03
4.062520764528320880e-03
3.916201704200264195e-04
2.835597329414601964e-03
8.682598475384816286e-03
2.468503337612943825e-04
2.588628330247864581e-03
1.136805192557735012e-03
8.319206734527691272e-03
2.632896653456830551e-04
8.837582453956070727e-03
2.940421304416061398e-04
3.623602524880093888e-03
4.949116212357419775e-03
4.259852478083642723e-03
5.399354490557328572e-03
2.276279993366261620e-03
6.217374181899994537e-03
6.215933937529684837e-03
1.149926961762160089e-02
1.412416701235521144e-03
1.327651188902695747e-02
9.794784698928049940e-04
9.120829573962799600e-03
1.301047137765738108e-03
2.675428602703767630e-03
3.477980379516682277e-03
3.119827714710398650e-04
1.961417242468923433e-03
4.110856928715152063e-03
7.526159910064153524e-03
5.754662733537903828e-03
4.558284622401503720e-03
1.511021358401305791e-03
2.249738761524892937e-04
6.550417832849093729e-03
4.170169679629327146e-04
7.414448310755345634e-03
1.441120098295006085e-04
8.929515628322025117e-04
2.246218133512415446e-03
7.316724982557568438e-03
2.937634144247721572e-03
3.098674568540783509e-03
1.238351806615313553e-03
1.024092921086891886e-02
6.299825700720094145e-04
6.014223062961015706e-03
1.431411448099841792e-03
4.352388954746123743e-03
9.327470991115914198e-03
1.500212164927224338e-03
3.927115379447666007e-04
2.275949238213256180e-03
1.833271548226454283e-03
7.322305878731620978e-04
4.060101094009806871e-03
1.293688601244189504e-03
9.934607770310205192e-04
3.249999840135433388e-03
6.090803608549440543e-03
2.426265568258413347e-03
5.036261219165324987e-03
7.380605865790640721e-03
8.997786170802455751e-04
1.087657975093698397e-03
5.079582725096102973e-03
5.779784988447262892e-03
2.794667727921061346e-03
1.019224914930300617e-02
1.968486786561836691e-03
2.304049339695687232e-03
8.401047089380790991e-03
7.071799926579453712e-04
2.447416579097235877e-03
1.988004938347177983e-03
1.238429161950971768e-04
1.254569554855374403e-03
1.802117550998970624e-03
9.211612958938003592e-05
1.093992020301347203e-03
4.764017022008925663e-03
3.528746259308529649e-03
2.648616118116348529e-04
2.462421934164311238e-03
9.757899684808260445e-04
3.012422800405430579e-03
3.091014170465811281e-05
8.459386540025192261e-03
4.203285753670725836e-03
2.934137211047645362e-03
4.516263169364459484e-03
3.097179669555447795e-03
3.005939739132079333e-04
7.575323605435386846e-03
6.723461907067022642e-04
5.231462921769260838e-03
2.570308148964074897e-03
4.396278649450134504e-04
2.015363925063176122e-04
7.893863223574439439e-03
7.842200539962026606e-04
2.197545734573721262e-03
7.008786205481880999e-03
6.436354545647533267e-03
1.413805690785208081e-03
5.449558125877436258e-03
2.407221409143736439e-03
1.108628864859233882e-03
7.456545884134699667e-03
3.858079932245792217e-03
7.893535455812596569e-04
1.146203246325145546e-03
2.381223989334106846e-03
7.875427153008263993e-04
2.815681523885528708e-03
1.934546794233092150e-03
3.360445197609036871e-03
6.646243876267792297e-03
2.515332772146624857e-04
8.131534823959150199e-03
3.625092082775252262e-03
3.232206986362542479e-03
6.405618058677040733e-03
1.058547939010667793e-03
1.602702352418453480e-03
1.649688192043793477e-03
9.662372777790386585e-03
7.618867448362799666e-03
3.312125448893335228e-03
1.917273243015623729e-04
3.605433671075660221e-03
8.842008535925634108e-04
9.969151319921898749e-04
2.285220153500527093e-03
1.261515064896618623e-03
2.995078438798729533e-04
1.657807125782020594e-02
8.202330020103983446e-03
7.951280321471580065e-03
5.426857461568413907e-03
2.075068931864495342e-02
5.106117136656289010e-03
2.893846904490566477e-03
1.997946732109936703e-04
1.701045936435595027e-02
6.640340110608758915e-03
3.236234038055447407e-03
1.284163693682162377e-01
