2.985167356668265090e-02
-5.294204449008730468e-02
-7.517160598437551411e-02
-9.683099150505979080e-02
6.139882362323103443e-02
1.199106465473413936e-02
-7.427485084364035539e-02
6.303759553045173991e-02
-2.875916833486431151e-02
-1.422583126416945565e-01
-1.844922270462076297e-01
-2.197361933991515415e-01
-1.716931183325417221e-01
6.314989872781792170e-03
4.216999089754569496e-01
3.639483447743923072e-01
4.690030810277959206e-01
1.051672306435869203e-01
3.250544764809430026e-02
2.144343782361528630e-02
-1.087057404890153650e-01
-3.051209256088633914e-01
-2.750623057026470031e-01
-1.271824373991347068e-01
-1.356716583477417248e-01
-9.883701459732103026e-03
3.853886290480063037e-02
6.146152967894991798e-02
-2.661960287568933617e-02
-4.419761992927566385e-02
-3.875909286344562249e-02
-5.613042308871264013e-02
5.245035510850123289e-02
-6.155340877269600136e-02
-5.304250314788232917e-02
2.453496400646734688e-02
-5.496127777189361435e-02
3.084183532475737177e-02
-1.011174247760597729e-02
1.456397741378968880e-01
-8.955648274576195889e-02
8.105572044487918681e-02
2.097720528188373040e-02
-8.102601190304291323e-02
-2.645666255817879023e-02
-1.991240031538143648e-02
-1.536382878233258642e-01
5.699400646328338371e-02
-4.219078516416186614e-02
-2.286485472271876374e-01
1.171238005401472188e-01
5.187817554533824538e-01
2.968191054249096905e-01
1.829376654443249928e-01
1.534851550341206558e-02
1.837943271455828517e-02
-3.935890344506086380e-02
-6.654922780469624266e-02
-3.411772297006746002e-02
8.018001649457115465e-02
-3.836397967165040834e-02
-4.449682927359647350e-03
-4.862207115268046831e-02
-4.284435359275194644e-02
-9.119233658576392232e-02
-8.183547461234523535e-02
1.014169504366445873e-01
2.749019222935548956e-02
1.197588158901680411e-01
2.572234826701262633e-02
-8.876426579107660891e-03
9.968213866888070429e-02
2.725555079284116763e-02
-3.595946478858292467e-02
1.335148021725160727e-01
2.627875608272475794e-02
-4.043606681985333073e-02
-3.978284375560643682e-02
-2.336433841371440556e-01
-1.921290536990231390e-01
-8.431025299049668686e-02
-2.406903270006450213e-01
-1.863384558801986224e-01
2.668417938226897435e-01
7.240208402667466236e-01
1.676760812281929969e-01
1.955158217600369841e-01
-1.022976545415955757e-01
4.430958805192172084e-02
-6.317707287736804567e-01
-2.336474474225223585e-01
1.719316280889618964e-01
-7.937816560150795855e-03
1.482161588212235759e-02
3.863931114209667034e-02
7.463856024735221473e-02
3.516152656044423119e-02
8.685126574954318140e-03
5.979562286599097304e-02
1.138184914584633792e-02
7.221331572688609313e-02
1.019658556142838818e-01
8.106943792953408279e-02
1.899578299440519633e-02
-1.970049364055670993e-01
2.584022074087868187e-02
1.240989067585434036e-01
4.278381839223562716e-02
3.305136472103721579e-02
-4.008084531606398090e-03
-3.557922796836231194e-02
-3.478821678388861749e-02
-6.129344464963986522e-02
-1.221153548391821705e-02
-4.044846386956788171e-03
3.980508553228254143e-02
-2.668094970594823978e-02
7.933388519665722505e-02
5.309608344075373437e-02
8.701895706347900772e-02
6.497383844510438988e-02
5.670075496584372349e-02
2.609311530307057911e-02
6.627922149029052967e-02
-1.040761504511047243e-04
6.758162568265205228e-02
5.159118501201935547e-02
1.729009525504344308e-02
5.100616278182546100e-03
1.437628447756245653e-01
3.008119625781660936e-02
6.295418406820058044e-02
-1.397554987357903511e-01
-6.134669159747641043e-02
1.553304204556046897e-01
-4.972625706485353340e-03
-7.986240507010945733e-02
-1.821229803420863769e-02
-3.333347746101078535e-02
2.344226035868011634e-02
2.385526072378485463e-02
5.993109963215714764e-02
-3.392981994380007277e-02
2.712490412384449545e-02
6.002654143281791616e-02
-5.075885224488145553e-02
3.103009271562951615e-02
-7.678209166413394425e-03
-3.304413544991606499e-02
-1.848017263152425954e-02
-1.009538232203643499e-01
-1.732728159570233184e-01
-1.527713833644462338e-01
-2.105815214154666826e-01
-6.901267857129149419e-02
-2.462907087116736338e-02
-1.190450259240823788e-01
-1.023387168881977755e-01
-9.205541817481226186e-02
-3.187964251146381545e-02
-1.836411797100894194e-01
-1.111228316493153151e-01
-1.353648092704883184e-02
-1.210395129549768529e-02
-1.627567005912107512e-01
-6.457958615150184711e-02
-7.520035517083269172e-02
-5.407785207347386852e-02
-2.451514963779127809e-02
1.571346922182413341e-01
1.849776420506231422e-01
1.021640805444691408e-01
2.260590393092561379e-01
7.187689838094872552e-02
1.339367236630897573e-01
2.478320876113098564e-02
1.314781420964327985e-01
1.079625627969530433e-01
-5.811575763503725595e-02
9.680537767643171421e-02
-2.617046240106416302e-02
7.405072694631656405e-02
-9.702111597052220926e-02
1.094440712585338232e-01
-8.531809656363577299e-02
-1.004192707634320031e-01
1.090563254620108280e-01
7.403865308842010051e-02
-3.646449784782618275e-02
-1.081296631760953267e-02
-5.115716668193083516e-02
1.236477556724821861e-02
2.445728811455605278e-02
1.057718296271982356e-01
8.710662213368258050e-03
3.948496206277034987e-02
-7.426726231665239930e-02
-1.611042961988805311e-02
-2.063610898163650842e-02
1.168444397850213791e-02
-2.332485935601075200e-02
6.451663267104472410e-02
-2.521321562294108129e-02
2.377568807750378432e-02
-9.058730201901639412e-02
1.157941136681292643e-01
-2.784705569015689594e-02
-1.490849687848045668e-01
-1.959534847008611441e-02
8.565731461677189573e-02
-5.488923224023324610e-02
1.360773972280115984e-01
-2.652740125361693554e-02
-6.004584613722820097e-02
-4.337327596305885768e-02
-7.018771575740490043e-02
-9.843438206368010368e-02
6.331197129798901702e-02
-6.371293057348460798e-02
2.291835577726044834e-02
1.489678124304359350e-02
-8.932488515323983025e-02
1.196346969700444046e-01
-5.002003350224057399e-02
6.520421951898935919e-02
-5.580794608830014214e-02
-4.497954781322029139e-02
-8.996743360469490816e-03
1.606660129865166153e-01
-1.089247841953682877e-01
-6.199993371526434788e-02
1.775730890421819697e-01
-6.079398397223609307e-02
8.440604610450938572e-02
4.749411550378685454e-01
5.016622567813888711e-01
3.851004754610171665e-01
4.837529138995820821e-01
5.889286698613340754e-01
6.025807847567720144e-01
2.191758673622787659e-02
2.189445239507150365e-01
1.417454943635983733e-01
-7.016803853105081368e-01
-6.732296173521771232e-01
-8.642622157280115403e-01
-2.338501699785054400e-01
-2.245015302784090505e-01
-2.000195247584599101e-01
-5.937357899580925080e-02
1.222055051692268191e-01
9.198596932813518992e-03
-1.404468544540557751e-01
-5.086599540953456533e-04
-5.290035840704250536e-02
2.140982424161269951e-02
-1.068416816521511326e-01
-8.000154492902415704e-02
6.129519051518062672e-02
-2.323705010460568737e-02
-4.178375802188734334e-02
2.236261391716974981e-02
-2.783621616437600421e-01
-1.245520000056345028e-01
-4.517901701243130785e-02
-6.594767624181024912e-02
9.963528300039087467e-04
-5.094273781408229645e-02
-6.579182295116005330e-02
5.248005959881223842e-02
-7.650321468412768500e-02
-7.883884281270210972e-03
-4.647371569027240745e-02
-1.057166181771924812e-01
-2.490556726798766329e-02
2.406669633977823880e-02
3.775310267704359846e-02
1.517966334646720927e-01
-7.809903918497562714e-02
-1.018892000123213654e-01
-2.383930821088625640e-02
2.101797708300463807e-02
7.484242991981374105e-02
3.453285359920965636e-02
3.809218355123412947e-02
9.311358122133114867e-02
-1.534655977471539000e-02
1.396281338807828232e-02
-5.935138544644712882e-02
-8.924115754943318102e-02
-5.667371233354696891e-02
6.600656484152545023e-02
-6.179769389946588448e-02
-1.938890049259443457e-02
6.707777516478437112e-03
8.370347201987107799e-02
6.050568041159101046e-02
-2.468415486276633042e-02
-4.559211579189175606e-02
-1.018613040111469512e-03
-3.106196803093139169e-02
1.635184365459775233e-02
1.684553135696664414e-02
-1.111522802075107508e-01
-8.128246280206474772e-02
-9.126953744878657515e-02
8.940542185756097243e-03
1.454739226085149072e-02
-2.267092468028353291e-02
2.741353688853472720e-02
1.199396124621918275e-01
3.741104419781839108e-02
-3.873698891566840219e-02
2.281486697642151271e-02
-1.096357164842256815e-01
-9.558580819667440720e-02
-1.404425153625581124e-01
-2.324091862318776111e-02
2.638172341694757384e-03
-2.721285120659851578e-02
4.620155961631420422e-02
6.839249105807683471e-02
3.546726484936161411e-02
2.880190000674755571e-02
5.088689790724582745e-02
-6.770028747761409199e-03
7.532982728171501441e-02
-2.363792994705759144e-03
-7.413685901551908541e-02
-1.513835421006125836e-01
6.361143979344878463e-02
-1.382625882576115905e-01
6.780609415814727037e-02
1.537153213099595912e-02
-3.591908919575663005e-03
6.713450651782702783e-02
6.206498195360087705e-02
8.895511966953123517e-03
8.906340102423246363e-02
-6.657223750175440824e-02
-1.727448551698267110e-02
5.706734729081796437e-02
6.383485327419112509e-02
1.632730869841205468e-01
-8.772653859056896153e-02
1.237117693716968496e-02
-6.328597020361400108e-03
-3.638927037943628234e-02
1.460826388867317027e-01
5.062247613453854655e-02
-4.364675403113903174e-02
-1.843435393923330973e-02
-2.278655364389079591e-02
-9.507928646361964511e-03
2.518810982203906548e-02
-1.581840061957262176e-03
6.042363228124972285e-02
3.843819703778226377e-02
-1.081108813785649873e-03
-4.562877350489485950e-02
-2.370244567761392585e-02
-1.091185656344817595e-01
-2.284479370612848420e-02
4.124630637749455292e-02
-1.850254735322263760e-03
9.676919061131059388e-03
-5.824935939555670079e-03
-3.781016798682142882e-02
-1.034476503982821177e-01
-5.509731185304507506e-02
-1.310958800704154770e-01
6.809597474282149711e-03
5.952563793204804221e-02
-1.563190923903089516e-02
-8.442458478746381334e-02
-2.310663918911527726e-02
-1.728897373001172036e-02
2.530168961810167275e-02
1.611012957067466458e-02
-4.780890782600918237e-02
1.078638873286440480e-01
4.426846597774622416e-02
-5.309364139236457530e-02
1.159732005942249455e-01
6.561205243709369861e-02
7.790960275184662109e-02
1.090883300625755531e-01
-3.890358162223275101e-02
7.072845882293272990e-02
-5.332549853236679543e-02
6.737411054093807306e-02
-1.155329155762314236e-02
5.529677914770581709e-02
-1.968211932716693383e-02
-1.724830282424551220e-02
-2.301175236207419345e-02
1.129575405319176162e-01
-6.242427911672034091e-02
-4.418031210612364396e-02
2.417219198580276493e-02
-5.444992393149407361e-02
2.814061952921562484e-02
-1.022125637815822540e-03
-1.304182619829591166e-03
6.854558717338507523e-02
4.151105205143090088e-02
-3.067112554143254163e-02
-6.797916605969274439e-02
9.570306852522779406e-02
-3.930725446149786750e-02
-1.588751021599545468e-02
5.967731170320864781e-02
7.008126366458095058e-02
5.957510921789255232e-02
6.979895372522613994e-02
7.310364196731686248e-02
-8.199048194403426096e-03
-5.575690812971658555e-02
-1.972849816513447610e-03
-2.306145610182384550e-02
2.808337289875328588e-02
1.683459138091126378e-02
-3.197803763153355544e-02
1.309878016846047766e-01
-2.230275970235882088e-01
9.421783749008810771e-02
-8.422698895394410690e-02
-4.756189786236546951e-02
4.181601281787614838e-02
-4.103142832134661078e-02
-3.688569261924160708e-02
7.244627802404782213e-02
5.228134202825637789e-02
-3.242969354973084667e-02
-2.773038772463163552e-03
-3.323480147581924643e-02
6.612043197475697687e-02
-4.059490505016583733e-02
1.423878642022393948e-01
2.783512045427684670e-02
-5.907345773312094872e-02
3.852143377331650881e-02
-7.991977636903258020e-02
2.954783525517688456e-02
9.125158953344565671e-02
-5.208540742711223470e-03
-1.077746317654443009e-01
1.264792323991880130e-01
1.528906204985331085e-01
6.893818912237174856e-02
1.822914477746647721e-01
2.725813598684191930e-01
2.368857015105877706e-01
1.728700657036624788e-01
3.848410252849382429e-01
6.501333463304952327e-03
7.920026369168599034e-01
6.969744616873298215e-02
1.728778003631363178e-02
-1.034817132998961109e-01
-6.107293192692919703e-01
-1.242262825180476260e-01
-2.787324779175949230e-01
-5.119868334068518045e-01
-1.394100561737544319e-01
-5.166527164144366774e-02
-8.987973000413476687e-02
4.047158923750975718e-02
-2.832737061577856805e-02
2.330158619099868822e-02
-7.720380710051358286e-02
-2.864066731752565320e-02
3.059001941056468596e-02
8.864946627554715075e-02
4.686122405647271533e-02
2.053061549238950970e-02
8.319807287472889834e-02
1.235265510640455033e-01
6.262419135538606352e-02
4.553024285066809007e-02
2.508591737135315580e-01
1.034731707890072100e-01
1.777270698938264726e-01
-2.837805011327858631e-02
-1.776000169575924978e-02
-3.824950600520773958e-02
-9.955101146364189746e-02
-2.790203489878980703e-01
-1.979005483653435982e-01
-3.362991752974625048e-01
-1.341619572995310927e-01
-3.421116876914263583e-01
-1.856388941461397102e-01
-7.715750517731080615e-02
-1.595128441177479095e-01
-6.435722544954518287e-02
-6.627509985108802348e-02
-2.788243641170169707e-02
-9.620506424228873754e-02
2.173287939396120749e-01
2.920909101131705654e-01
2.909827149033655247e-01
3.008770956758315962e-01
1.728107824582513219e-01
-3.015483253235874770e-03
-7.696411362071448568e-03
6.266899625754147884e-02
1.310618412929679365e-02
-5.916079927343818184e-02
2.565252189280066777e-02
-8.403511497895041482e-02
-1.259199674316675496e-02
-7.024347093188459956e-02
2.243878826920188072e-02
-7.863694052591610473e-02
-1.349668016642394629e-02
-1.565435678360218436e-02
-3.634842264332314998e-02
-5.389705117008956187e-02
-5.627163608483159996e-02
-4.368349844202431415e-02
-9.742660785616995278e-03
1.321591586352506391e-02
2.537906131275097926e-03
3.850133262396896600e-02
-4.086968974570197310e-02
-3.546455561062277634e-02
-5.270523024568311843e-02
-1.795748241974333415e-02
-2.413852877474917044e-02
2.921629673297144320e-02
1.809711947170556876e-02
-1.156421432566334239e-03
-4.928351802984223123e-02
-7.966894584731227386e-03
-2.165852154380834213e-02
5.122381415975531260e-02
3.674733017423695985e-02
-1.779243095667731173e-02
2.708226160200015720e-01
4.129261997882546775e-01
9.081135812052802680e-02
2.916274954197562996e-01
3.837677490835304517e-01
4.594546951658565193e-01
1.609357739887690153e-01
1.218939576707063904e-01
1.015507202932787890e-03
-5.979836300778536978e-02
-2.608432504213236899e-02
-4.395266486874432332e-01
-2.029233031745365234e-01
-5.140005630792460201e-01
-4.058307047973840342e-01
-2.749821751586577490e-01
-1.020310729681929846e-01
2.759396006832406240e-02
3.058327458533879536e-02
-2.508943700540249289e-01
-4.440297113800700107e-02
6.761114846302611336e-02
-5.686944208531909822e-02
-4.699527482090993385e-02
-7.867470360513698080e-02
-2.062774802831357501e-02
-6.594471342057714458e-02
3.345958998997084627e-02
-5.335138786219663712e-03
-8.040612260096737796e-01
5.624137025458743055e-01
3.757475214490011983e-01
1.294277825034519380e-01
2.424329296699731517e-01
-8.560969930834971819e-02
-3.103317475340495665e-02
-3.099980884959762858e-02
-1.540489355671035010e-01
-1.085189901532683521e-01
-3.959309672083413667e-02
3.953756324848818615e-02
-4.217860272379002351e-02
-7.365362529050241414e-02
-8.982757482037376229e-02
-1.181876663004329947e-01
-2.421972377942608126e-02
2.031751391787525035e-02
-7.333665104410851121e-02
-3.932799352694241711e-03
-2.849504959329078515e-03
2.459033079255564663e-02
2.475955153229254108e-02
-2.067889148128118984e-02
-3.276938298770901148e-02
2.853978083105892377e-02
-1.930733090322593951e-02
-5.902968851037093852e-03
4.319925159570046219e-02
-5.483272274626312115e-02
1.621571918617721250e-02
-2.286019685927395684e-02
8.703389828902387271e-02
3.712761616783914753e-02
7.476262939222606818e-02
4.089297965983956090e-02
2.157467223857759825e-02
2.409680540964125386e-02
-5.303819276736090188e-02
3.652931540478093070e-02
-7.940407924252129712e-02
-1.234874486887595491e-01
2.438935983890935105e-02
-3.350329923021919728e-03
-2.858165760371308289e-02
1.826229041096119523e-03
-9.653267950467555453e-03
-2.901755736253220155e-02
-8.960922933483213976e-03
-7.439079581755728143e-02
-1.218103374593463989e-01
-1.333124337501499605e-02
-1.274357186678832903e-02
-9.508362554536410952e-03
2.908211734216735109e-02
4.020623006588583924e-03
2.266813091095182253e-02
-8.679971787211041012e-03
-1.313626379377651025e-02
2.673865744772267045e-02
-1.000625091452728571e-01
-1.529784292874812879e-01
5.826335590930647318e-02
-1.209677611307624677e-03
6.428756937305143970e-03
-1.329538480540750321e-02
-2.612045044047961798e-02
-3.260244088185662581e-02
-1.811799693136135203e-01
5.309780747110665056e-02
1.659775153790717939e-01
1.564853779238696840e-01
1.273821712045902776e-01
3.910532288138841850e-02
1.969467612045328747e-02
-1.518629870468458098e-01
3.067009208229911146e-02
-4.932591729891824990e-03
-4.700121395600054264e-02
1.160747269389685900e-02
-1.795423389969517114e-01
-1.623390346758833702e-02
-1.958102589544704480e-02
7.486444430879561629e-02
-7.826209782492646316e-02
6.393987902034312110e-02
-2.011890177569193583e-02
-1.588354714177435401e-02
8.125303824366313446e-03
-7.500997788087131191e-02
8.412463374293688723e-04
1.396701294227957295e-02
1.195607932128299605e-01
-1.051772750554926319e-02
9.317311184572335536e-02
1.065910150618382471e-02
-3.960354636153560516e-03
1.533975947488904097e-02
-2.660565910703123482e-02
-6.687561258331421732e-02
-2.045611907591734710e-02
-1.196822509065000387e-02
2.721848589453113032e-02
2.836528378318184385e-02
-7.552064468238549322e-02
5.896920775615253907e-02
-5.471678036292333680e-02
2.505440789607912139e-02
8.893319289454233723e-02
-6.657426187310243326e-02
9.328125910644050056e-02
-5.792582800992689129e-02
4.056610875034815517e-02
-2.452391514193884639e-02
4.107960340413979033e-02
-5.523585495996062578e-02
-2.595942805567309775e-02
2.004847720325939053e-02
-1.255472865421321076e-02
3.735282796886101042e-02
8.967130397070133263e-02
2.819253931442056507e-02
-4.640695375088686042e-02
5.609613059246829070e-02
-2.566220485869569884e-02
2.802040546606788043e-02
3.440624028958592234e-03
4.108303333025293408e-02
3.919222712800495695e-02
-4.589529279364614606e-02
9.680686714737433279e-03
1.174234391232095893e-02
-1.684531947729734150e-02
4.239796704984654524e-03
-2.985231886258525244e-02
-2.526760552453164582e-02
-5.213770467402800007e-03
2.372324183916462229e-02
-1.946067241645663224e-03
2.864995193353020095e-02
6.074273176469757902e-03
3.197179862147853796e-02
-3.495085798250928411e-02
5.202507799855714959e-02
1.489485884547492355e-03
-2.967994022051869546e-02
-1.234753191873765726e-01
-9.914319240080056439e-02
5.289944549469061119e-02
4.367124372723845543e-02
1.253166958827211519e-01
1.718845316672991397e-01
4.975729795638079989e-02
-2.932225726273363087e-02
2.264083986917668143e-02
1.105952473451824077e-02
1.489178003515363030e-02
-2.722901918181048347e-02
-1.130848524595502204e-02
-3.704031393170220676e-02
1.511911547042552560e-02
-1.880795994273663438e-02
-2.817761458256288608e-03
-3.439133989767358124e-02
-5.133873930064077745e-02
-5.703910093539859422e-02
6.731070119580087607e-02
-2.742764316040160327e-02
-8.580703778303276283e-03
1.017081977576073659e-01
1.816470111236253432e-02
4.205622909942242915e-02
-3.838809979737406453e-02
-3.850306694686606718e-02
4.549222945105702021e-02
-3.753050656223570758e-02
-5.638476108034361917e-02
5.900701556141352278e-02
-6.040410405446491188e-02
1.265117484473101024e-02
-6.407876165571174025e-04
1.051521954329484865e-01
6.596294162755237181e-03
-1.918896002584485894e-02
2.172202370117306408e-02
-3.133777073546933911e-02
2.372548409729623511e-02
-1.323238226886291717e-02
-1.373188056077967803e-03
1.707703326515060821e-02
-6.474401957750190728e-02
-8.388085747006186754e-02
-5.672599126153508864e-02
4.205188139718327861e-02
8.549178838232023014e-04
1.426319384220233778e-02
-1.518806400565237552e-02
-1.174969921039330754e-02
6.468720277083034320e-02
1.231713624124482730e-02
4.498289016595615614e-02
6.968566743644590000e-02
-4.864254052758062823e-03
-7.276182971831586521e-03
1.780715498593253565e-01
1.454097248607933227e-02
3.884433958123158920e-02
5.423548919162665682e-02
1.481548282473955924e-02
-4.891200205730020234e-02
6.967953167127080571e-02
-5.607583050699221222e-02
9.685336995990605213e-02
6.288561958005238484e-02
2.190577587679995997e-01
2.300174917975830735e-01
-7.064277565134383097e-02
2.661387937794766623e-03
-1.839097608401985551e-01
2.130513257820238204e-01
1.790930768090072400e-01
6.765829004404536051e-02
6.101859201274191513e-02
3.800482887920670488e-02
6.260470011367208487e-02
3.131590346303061989e-02
2.419949492500541449e-02
-6.997730102597302104e-02
-6.668781282716573777e-02
-2.824750650113629358e-01
-1.850714777590122817e-01
-2.276581722472316438e-01
-1.181311421406074230e-01
-3.397923398690034374e-02
-4.020535858514535238e-02
-1.190637065414372059e-01
1.546779177881977760e-02
-2.667852566489719093e-02
-1.007642533404439454e-02
1.042973989337240004e-01
7.129460507399330849e-02
1.290988331001096667e-01
-1.176139626502845613e-02
5.415514238128681795e-02
-2.631101717071599420e-03
9.575746099421935525e-03
-4.418002431668305134e-03
-2.428849994972847107e-02
-3.599208711077056533e-02
-1.677323269101703082e-02
-4.239208074095241613e-02
-1.250558421773551587e-01
-5.747773511979497457e-02
-7.633859057853441266e-02
-2.241668269612266673e-02
-9.420439313469050613e-02
-6.333955917647700329e-02
-7.590311244233723109e-02
2.743008068077486261e-02
-5.544810138459694074e-03
-4.208440886788861884e-03
-1.375729248463130813e-02
-2.517918370960704061e-02
3.464494403817865165e-02
3.228820786597290382e-02
6.403886356333338137e-02
5.346585351765786170e-02
2.950201232890127881e-02
8.772700903589557286e-02
9.614701913278242418e-02
7.951137186261084122e-02
2.282353895934312402e-03
2.867289358788500074e-03
4.352517769836832667e-02
-3.205796889663381499e-02
2.045688944507779300e-02
-7.297039442183779999e-03
-2.373871263176367125e-02
-4.168448134321163512e-02
-2.507087141078927564e-02
2.293108787878503363e-02
1.728587340038573519e-02
7.760852332879708548e-02
1.093698694314535758e-01
4.573659784356008673e-02
2.467885946944543829e-02
8.506798271970945208e-03
6.595657617791524097e-02
1.715068051807691896e-01
-4.617811336946515272e-02
-1.211722275674509061e-02
-2.494490901771122260e-02
8.789911949434861538e-02
5.553828749136312942e-02
4.687576632495713685e-02
-9.090727359662306717e-03
8.767139822580673203e-02
-1.179333133508816793e-02
2.929085091086302411e-02
-2.614582886003876446e-03
-6.002464628719701711e-02
-1.111133111080482710e-01
-1.360666106364893761e-02
1.025270758268233967e-01
-7.797149692376387220e-02
-7.088921820004098762e-02
-6.823273445645704205e-02
4.665510344291873279e-02
-2.253901843842776379e-02
-1.987932091899926035e-01
4.384205913034471339e-03
3.410435234159411855e-02
-2.138224001705386068e-01
-3.721582269495335993e-01
-1.777026006133600733e-01
-3.888948755379302222e-03
-1.325485642552802490e-01
-7.087025351801554129e-02
-1.074419213762137504e-01
-1.184872210009799004e-01
1.509291993938862916e-02
-5.173778093454428628e-02
5.927347929994674497e-02
-1.224353895361427469e-01
5.004980205753296364e-03
-2.192702143291680450e-02
1.634361512641577252e-01
2.044298973086816906e-01
1.310489394857439205e-01
1.311460975468770607e-01
1.465602966441671429e-01
9.650930025119043576e-02
2.221429062454696388e-02
1.116440805204473169e-01
9.656750623799481570e-02
3.657013946628015749e-03
1.469640590375080047e-01
1.195795392148749081e-01
8.668554537600762708e-03
3.455684216758117631e-03
-1.656525239430445273e-02
-2.779810005126101199e-02
-3.392729990211283339e-03
1.793221622949770638e-02
3.548396651733253665e-02
-3.334524277859975822e-02
-4.035817298897630308e-03
3.993426788176583642e-02
9.128127735563536238e-02
-3.084180193075524573e-02
-1.354295833915510894e-01
2.112365250518760326e-02
3.144273439454068481e-02
-6.917116421103811086e-02
2.417466212292458672e-02
-3.329448367684520460e-02
3.741204359142678848e-02
-2.578273594674060018e-02
1.075473415812781691e-01
-3.024913468472635591e-02
1.133358930939631221e-01
-5.437138517051343101e-02
-7.328334566262299787e-02
-5.274541062805945986e-03
-1.111826996136503799e-02
-1.195801066724899858e-01
6.841043207034289142e-02
-2.395223293454558713e-02
-1.761860645810648662e-01
1.587074381504817791e-02
-7.924012559795323707e-02
1.259934718817921073e-01
1.678846594508055096e-02
-3.821590200464267117e-02
-6.360121193703438536e-03
-2.807537018215508495e-02
-2.011109072761227759e-02
-1.007265354474143754e-01
7.391315292616976521e-03
-8.107391790128862241e-02
2.171545528012557708e-02
-6.262462360956444485e-02
-3.821604064336545092e-02
8.474065769801013281e-02
-2.011665167574004653e-01
4.654853176619176414e-01
1.132309075028790746e+00
4.815667870829222208e-01
4.227494939023594966e-01
5.533315645394981663e-01
7.117990153440600931e-02
-2.029977215571512113e-03
-5.897670540161728536e-02
5.706164410865055547e-02
-7.940876926522952295e-02
6.461580750313318522e-02
-1.399233278331643571e-01
-4.899003944279204381e-01
-8.026590447160967257e-01
-2.834873790540385352e-01
-5.411546992153786206e-01
-3.320860787716176793e-02
3.401380597487543844e-01
3.534097059490474285e-02
-7.496082515526233947e-02
-1.667305960702481216e-01
-1.906157229789177121e-01
-2.203722391544055970e-01
-1.349353569913470385e-01
-1.236543641802473892e-01
2.740682876070308499e-02
-8.103187562354610685e-02
-8.391135525644094484e-02
1.363810109549748635e-02
1.535458954089065874e-02
-8.538429348683010400e-02
-5.818916469493639471e-02
-9.851836587415517543e-02
6.787723001567702585e-02
-3.247209114103309646e-02
1.480424618853005969e-02
-4.717082311623416180e-02
-9.479884785488898805e-03
-2.886758160254588798e-02
-1.900859669089913564e-02
-7.780615809789412363e-02
-1.707120351652520809e-02
5.196206088939170353e-02
-7.555414410586078211e-02
1.418949447617478925e-02
3.411982987276766105e-02
9.098384297654243946e-02
1.148323446496968131e-01
9.059211177551688976e-02
1.686572625820344576e-02
6.735367038172573873e-02
-3.798406684546486167e-02
-4.433395523529001792e-02
-7.004532803744095704e-02
-1.365396395311099798e-02
-6.274531886040098094e-02
-5.015125508561625589e-02
-3.545712877705528565e-02
9.495961091218950434e-02
-7.247712642135444028e-02
5.779424447102927964e-02
-1.574641442270436134e-02
-6.221951831511680214e-02
-9.818994409502061760e-03
3.307443098755148692e-02
-6.151899050917939565e-02
-1.275314631241760144e-01
2.572006546244077346e-02
7.466603943304877394e-03
-1.759882817672819497e-02
-6.913386049936190436e-02
4.381928283176574762e-02
-9.562621791227837037e-03
-6.950283299015565242e-02
1.987950826794795608e-02
-1.154202245297181531e-02
7.397158335987186195e-02
-5.488137010487724107e-03
2.323120339542701640e-02
7.859243600099355409e-02
-9.429279418360464460e-02
-6.386428097000036719e-02
-1.966368168741581546e-01
8.629888649151054580e-02
2.126743582128250154e-02
-3.594974600647950214e-02
-2.407602947620439155e-03
6.339670782704501240e-02
5.742453123632670735e-03
-1.250320277020832219e-02
3.251698346840324605e-02
4.732721734126924679e-02
-1.043183319300260287e-01
-1.758420622064404623e-02
4.486127659651335114e-02
6.544798617174933664e-03
-9.466487308230903119e-02
3.579601727176044690e-02
2.919137630463418398e-02
-3.591191507811174275e-03
-4.356631645623879751e-02
-7.765037469417990397e-03
9.948190541431074438e-03
8.192337725999009057e-02
-4.728066145199970316e-02
-6.567626260315643193e-03
2.180584628952395576e-01
2.196431408328285706e-01
2.969957014749936564e-01
4.916594990076526561e-01
6.121231742395352171e-01
3.832086284253740649e-01
7.837975205792921396e-02
2.906156031897665359e-01
1.824586908575326627e-01
-1.563341554313332771e-02
-1.725000531278104432e-01
-1.290684806198175716e-01
-3.644914997954207085e-03
-3.034571638797219362e-01
-3.029460410087971359e-02
-1.497370874439968580e-01
-1.515947283294524217e-01
-1.818802547962309335e-01
-1.093689562949830413e-01
-3.161700504068079010e-01
5.912144313478700369e-02
4.985563615977296748e-02
-2.033512797184736098e-02
-6.226474501775994957e-02
-1.363420789368769148e-01
-5.261098571867674212e-02
-5.160366288249742389e-02
6.260842135912905726e-02
-4.467120901655030618e-02
-7.834550572620947728e-02
5.105280442879323727e-04
6.623519464743303498e-02
-1.266883392938126206e-02
4.612107999236632339e-02
-9.285384368973456648e-03
-9.110217337032355811e-02
1.180375976524213749e-02
-2.245995612172729458e-02
2.738946072330497236e-02
-3.351893200050127392e-02
2.378081313405699948e-02
3.409699161753725061e-02
-8.233934380339280601e-02
1.017130058515604285e-01
5.273088714960135794e-03
1.109847178793718914e-01
-6.567518314196782447e-02
4.576525874708337570e-03
2.010919542582960753e-02
2.584034412420417245e-02
-5.998981151121599714e-02
-3.328934988232543080e-02
3.804464070822553140e-02
-1.145351367657184566e-01
4.893065079448251364e-02
-3.666909566822602190e-03
-1.718852619201490309e-02
-3.552242062725193255e-03
1.684519858004348766e-02
-3.540871889085012159e-02
4.182582772694892238e-03
8.480261828281536463e-03
8.766676227948268924e-03
5.775491604920024447e-02
-4.251327152178885349e-02
-9.510042190473043389e-03
2.882003032971676773e-02
1.490774078412437399e-03
3.426370090275940306e-02
7.047920487233435942e-03
-3.552373285421067672e-02
5.305753977899847068e-02
1.793627117093576223e-02
-1.220262943211227608e-02
6.762296217468826906e-03
-7.997850931768990448e-04
-3.151345922416336903e-02
-1.547028300951129240e-02
4.388983396278209326e-02
-3.019797033031145286e-02
-9.284398194999494980e-03
2.211592190748600667e-02
6.681051549066729933e-02
6.607029435312189447e-02
-3.659584619158428968e-03
-7.678134668422395559e-02
-4.773173052222484669e-02
2.589794464526581907e-02
-2.108746920563918728e-02
-3.850619002083071479e-02
-9.769822769323671663e-02
-6.993707588629135934e-03
-1.409601243465578684e-02
6.783847289474036202e-02
2.715867610976572394e-02
4.938928969093734495e-02
-1.976752563997249273e-02
2.790307490292566125e-02
4.526111588680472621e-03
-5.798363813645301956e-02
3.724218422018489658e-03
1.535524574211120930e-02
-1.833301700675299753e-03
-4.451860395007593840e-02
4.016471319978997395e-02
1.386598582024949934e-02
-3.431352694320335419e-04
-8.994964898796685773e-03
3.265975548524396171e-02
1.856733553241181681e-02
-5.379983461903149744e-02
4.750429295299491567e-02
7.225777261751394932e-03
-3.111142884133785702e-02
-4.778744205541715639e-02
3.036495969304301486e-03
-4.394973774684867579e-02
3.231382531393056645e-02
2.171442723611695727e-02
-7.523432713672235927e-02
3.489224304703383850e-02
-1.827867044307029953e-02
3.093854229674445483e-02
-2.681570118090690485e-02
-5.444217688760312132e-03
-7.678052856667611295e-03
-6.457310607204475028e-02
1.312051533842899936e-02
4.835760232547024751e-02
-1.317497313687998692e-03
-1.948051178552445001e-02
-3.139811793095248493e-02
-1.037025168839033652e-02
-1.117280121167074473e-02
-1.592831832461494290e-02
4.583837584668468482e-03
-4.411991511797661199e-03
-6.669290269788342995e-02
-1.993925616002258094e-02
9.167512122859176882e-03
-3.506575886442875323e-02
-3.942135778869194224e-02
-2.189251914037516067e-01
-2.277668202134438269e-01
-2.110405159127111685e-01
-3.951728745104426954e-01
-4.178771559141167824e-01
-5.225400224759690904e-01
-2.542905890754297848e-01
-1.563325764924654304e-01
-1.216628353524315670e-01
-1.364063678763606791e-01
4.388163970985707873e-01
-9.255732378008411920e-02
1.760195245803123643e-01
-6.707435062663323622e-02
1.944003716870267573e-01
1.274782719673194786e-01
5.374092632061985148e-02
4.138745701572321689e-02
1.105999336254657323e-01
3.289738510406712835e-01
2.089150876245282062e-01
1.633184135766669806e-02
1.716208329593605642e-01
6.699830301637242462e-03
4.831143494390571086e-02
-1.313672236389350038e-02
2.614410299886844868e-02
-2.238905804256854232e-02
8.745168498712001248e-02
-3.838125678693379839e-02
1.604115691802355387e-02
3.979649977193611826e-02
9.056838420700498438e-02
5.860231643434043319e-02
-2.896526411499011910e-03
-1.917185180733600725e-02
2.770256368271465167e-02
-2.192160385065287237e-02
3.246415293255259377e-02
4.374877555371434190e-02
5.227302761210408932e-02
5.094566849474829739e-02
-3.782672058796930376e-03
-5.444618208385229585e-02
3.567851201183919185e-02
-4.185844143419734098e-02
-2.301099272915352670e-02
9.083501492924044365e-03
-1.297956017521392502e-01
1.405912606089488037e-01
-6.015655769195233510e-02
6.144407324091434586e-02
-1.941531547288186110e-02
2.653711563221544320e-02
1.101250095028047521e-01
1.665447188936382619e-02
7.023031652922728796e-03
5.625359553628758724e-02
-6.963306142397865037e-03
2.800399230050185789e-02
-3.646914940466826349e-02
-1.615623779474075275e-02
-1.477083966623189346e-02
-3.257611670754322758e-02
1.321759178099462043e-02
-2.805474199367820679e-02
3.142892132948577055e-02
1.050503335833508217e-01
-1.707103739401621620e-02
-3.729445853624115820e-02
-5.040814645800718863e-02
2.436011816686616677e-02
-3.386433055521272800e-02
-4.017588767662585297e-02
-5.543463401264123874e-02
3.979257006797148194e-02
1.451797458675872787e-02
8.128039605055609185e-02
1.297474520201671033e-01
5.910010820764738382e-02
-2.044105806837462694e-02
1.554635616755589700e-02
4.711333173475427266e-02
5.593346845689486230e-02
-1.420291991280477582e-02
4.005293359700153738e-02
1.570019375221934008e-02
4.549337973397689361e-02
8.593378215198248802e-04
-1.037087903664373097e-02
-7.253661113735734856e-02
-3.162692562239648869e-02
-2.864865623623278831e-02
6.474201096856238569e-02
-7.059506484546920757e-02
5.219100847356106243e-02
-3.077648670964428998e-02
2.715053797573626845e-02
1.233706481447804093e-01
-4.092311958791628596e-02
1.570148773667218167e-02
1.366867980339002420e-01
2.940076586058743696e-02
-3.857096098823994956e-02
-7.536354630983986558e-02
1.004670255841115661e-01
4.529246335526201234e-03
-1.083117717136120907e-02
8.454554985865243844e-02
6.121136457398842351e-02
-1.158492786893087004e-02
8.996972579901327260e-03
-7.060632455920877459e-02
8.352622329053142891e-02
3.861831570707899980e-02
1.342016305657170727e-01
4.957255735005235975e-01
1.722759843448815886e-01
-7.314108572825210597e-02
-4.640335793484158360e-03
-1.634840247328895602e-01
-6.298591817839805929e-01
-1.171866561995856398e-01
4.370999496159239106e-01
4.343544189226591218e-02
-3.049501975996291026e-02
7.952370507169799485e-02
2.688230775035362757e-02
6.022361987511514608e-02
-7.543512105530428280e-02
1.721717915026938217e-01
-1.424140033630608426e-01
-1.088420633148580174e-01
-6.276378125381322226e-01
-5.094657091022227746e-01
-3.990630619412059432e-01
-1.349178924281229097e-01
-1.408349582363260799e-01
-8.873007658061264624e-02
-8.608653086913102548e-02
-6.277294085789807132e-02
1.979363163654493940e-01
3.570960509913046477e-01
1.677074194282167641e-01
2.270033510216463435e-01
3.660487632887624576e-01
2.807190751583980015e-01
6.026511619566683742e-02
6.622854857418583596e-02
1.582385980783880064e-03
6.164699553708598984e-02
5.379445939039029928e-02
3.945507744692809378e-04
-4.988343780714335311e-03
1.017564737427190114e-01
-9.579728182674386583e-02
-3.700929194683313939e-02
1.003411301561641517e-02
1.697332400242947126e-02
3.840567451825616097e-02
-2.160527039233320779e-03
5.544791098625303366e-02
-4.559638155106570528e-02
-3.957409382888230770e-02
9.564011981989802708e-03
-6.763564444018006078e-03
-2.487834126494185491e-02
-6.164611908477197338e-02
-2.239354402867002602e-02
-7.432757113678307992e-02
-8.280379315720166888e-02
-2.898744455433005865e-02
3.864056502810837845e-02
-1.160692432236572896e-02
6.782646720011305252e-02
-3.768301106973343667e-02
1.850100560841948516e-01
-2.531576065397507860e-02
-1.860070037607560942e-02
4.509412951244734513e-02
4.985023234144811410e-01
1.116703974123327697e-01
2.669845463817509534e-01
9.773802359114289739e-01
-1.506146704158018573e-02
-1.272523341751949366e-01
-2.244899003529775283e-02
-3.833476145195168217e-01
-6.580493195636420989e-01
-2.395304461042672972e-01
2.963733648753099845e-02
-4.457367711632240215e-01
-2.078247682032317856e-01
4.387505161087467548e-02
-3.097411232319727953e-02
-2.638459067155856166e-02
-2.034970213049190069e-01
-9.232825970930291087e-03
-2.532444419071581271e-02
5.907926409781980720e-02
2.328709621365105120e-01
1.667956443566322999e-01
7.523553751804083756e-02
2.007651978664180548e-01
3.201566509680863620e-02
4.219326243010384364e-02
3.012429543153438347e-02
4.629430447336912308e-02
2.061575488749045337e-01
1.690046867421724983e-02
4.022587313036941198e-02
3.314159728253573967e-02
-1.560716517339092585e-02
-1.087083001890144368e-01
1.399853785404328588e-01
-1.110919615985877795e-01
5.018691894052587643e-03
-5.313040091037622703e-02
-3.823013342456459962e-01
-4.876181464760619977e-01
-3.735840567580591687e-01
-1.918360440454665305e-01
-2.164480580758403050e-01
-2.359522045978789118e-01
-6.651261669358987660e-02
-1.945778709059747535e-01
-5.548031793015987395e-02
7.996381712279977683e-02
1.596654719426785773e-01
2.296776833641535343e-01
1.816151815996595309e-01
2.241544353909333542e-01
1.877797700540503878e-01
1.110846586721426499e-01
1.050599193533053449e-01
1.196078520078381613e-01
1.035922448880454982e-01
5.933918308539410519e-02
3.439486272125269473e-02
5.967691514106016060e-02
1.573503970400751822e-02
-1.833305160035378009e-02
-2.892451584438951104e-02
-7.142641774803080990e-02
6.869480208373125729e-02
-5.030743413051042001e-02
3.937614667434474747e-02
-1.199063033500356590e-01
8.798158121201188342e-02
-2.380219097047757068e-02
-2.548377444185336189e-03
-2.600166310427114505e-02
9.505303642146922111e-03
-4.273311140273047121e-02
9.247082882101015713e-03
1.081176040731648448e-02
-3.150051704853792933e-02
2.037044560216932920e-02
3.251091268206373567e-03
-2.073270355163378195e-02
-3.287671776448165828e-02
-1.122327421207258008e-01
1.939729269418950797e-02
3.751272681031678907e-02
-7.302734624613409567e-03
-6.995291326968369749e-03
2.067836455877112775e-02
-5.188895797827849238e-02
3.607890163997209271e-02
-3.418332862284268608e-02
-3.059622923489231650e-02
2.116570282986283275e-02
4.151855679009650024e-03
-1.160717897923463880e-02
-1.222280982050314574e-02
-4.535515271278793559e-02
4.584149654914997096e-02
1.709104639075401805e-02
3.151766897064364747e-02
-4.333687596020317084e-02
4.756424538885836023e-02
-3.852601290725490152e-02
2.598874377615786185e-02
2.558077989549138731e-02
-7.954378357102688535e-02
-5.808441524499920183e-02
-5.605180831656716989e-02
-4.458660563813188898e-02
-6.065177311800753340e-02
-1.338574110044990495e-02
-2.137541275042089111e-03
-2.230843629566294298e-02
4.644373303289132948e-02
-4.801528328693599468e-02
1.089360528759154984e-01
6.716162330995705150e-03
-1.773018223586205963e-02
5.993432092059710475e-02
1.365752404344184462e-02
3.792388916570047126e-03
-2.541855775688065672e-02
-6.841570541078303633e-03
-1.383629359395883648e-03
-2.152523519204616737e-02
2.103645258207608934e-02
-1.540183014394665151e-02
-1.668458457342627752e-02
-1.117657910983478088e-02
-2.942278576287311181e-02
2.369632405349220497e-02
8.053313812622837908e-02
-1.193608437762205300e-02
8.764306551435815940e-02
8.804952276344175932e-02
-2.909533273709996246e-02
-3.127665690790753551e-03
-4.469583754783956753e-02
3.101744961777742546e-02
-4.574165796526334302e-03
-3.020017372827864255e-02
4.211428511438088107e-02
-1.928462290891727951e-02
1.926854590425275751e-02
-9.546301321714838889e-03
-4.689754073253703248e-02
-1.758579225795175657e-03
-3.542065167854813179e-02
-9.546995090286179708e-02
-8.094388609933374223e-02
-1.234331562127455838e-02
-9.414390124147646588e-02
5.491607425875865735e-03
-1.219016596359440568e-01
-6.252849091973036733e-02
-7.058806592031689753e-02
-9.732401686326205836e-02
-5.341480043742506158e-03
-6.403157361988778828e-02
6.066213872717797322e-03
-2.793821961732768921e-02
-2.429776428731662136e-02
-1.791397936595476650e-02
2.310602657640813129e-02
-9.295316535311361206e-02
1.127120690787452445e-02
3.970217861783762597e-02
-5.705894528901210572e-02
2.954835358728176778e-03
8.358216069485160937e-02
-1.321432575204399724e-02
-1.317997495666217191e-02
1.083910381574657994e-01
5.253519810880648983e-02
2.372682704861351147e-02
-5.795871188872863712e-03
9.201787293322895300e-02
-8.857603422675010274e-02
2.500256560046114698e-03
1.015513700816803554e-02
1.006630530779888816e-02
-9.233134004598275366e-03
1.121363663102229735e-01
-3.214372102073110443e-02
-1.245335298480350628e-01
-1.535212464891447422e-02
1.123676409492570666e-01
-5.701450929780173260e-02
1.045741418921430216e-01
-6.060123406994169515e-02
7.969288585672014424e-02
-1.796291529870660056e-02
-2.306148727591204785e-03
-4.315088418577162077e-02
9.317064670797128856e-02
-6.398313030598576368e-02
9.763909113846214877e-03
-9.608306355819426492e-03
-9.583204672092681536e-03
-4.677259100533981417e-02
-1.163538497842140917e-01
-3.827192775721747348e-02
4.496597417199078850e-02
1.482337231491336060e-02
1.678547901795194863e-01
-9.247109941133809657e-03
-7.791157620479020884e-02
-2.456909329073545811e-01
1.425696985288753531e-03
1.812370575893530039e-02
-7.122889178605585486e-03
-1.269178364325303926e-02
7.043710990243479131e-02
1.044353683132889649e-01
-1.749450196475813291e-01
1.226033337177570987e-01
2.323716227781857241e-02
1.366774301823381055e-01
-8.270752998695796165e-02
6.397114218743168990e-02
-7.158333078252633597e-02
5.364221233466239663e-02
-6.931061809112216976e-02
1.168550760944109812e-01
1.087896835398616813e-01
7.869692630974611802e-02
-6.664453225675896764e-02
8.019593508892468303e-02
-8.167931507964295429e-03
-3.382474878108066713e-02
-4.760171301310429232e-02
-4.828709007275076154e-02
2.842165908489201545e-02
3.968353968784282121e-02
8.979559031491002319e-02
1.158921462004516428e-01
6.443238419231850367e-02
-1.266847983454581598e-02
7.429318942066229572e-03
3.735933520033069000e-02
1.472154953146833922e-01
3.849185420834685262e-02
7.711595177457510053e-02
9.302643570847840548e-03
-2.857836709642800135e-02
1.973975895826774254e-02
6.369427000369734526e-02
5.375312397619332050e-02
5.833680174773624855e-02
7.588779340376682059e-02
-3.620308188249562326e-02
5.345329002632946691e-02
9.903009094319610572e-02
9.908468667430488097e-02
6.525005510220972631e-03
3.128894289121149364e-02
2.557113180839936956e-03
9.493719228050456760e-02
-7.118511496213900114e-02
2.669437895875165917e-02
1.829267229862664018e-02
3.461973452392724804e-02
2.169533918972245054e-02
6.143981000896438054e-03
1.227416572783348314e-01
-1.739871977678122961e-01
-3.438763712216048041e-01
-5.070779088719681305e-01
-9.266940126273343070e-02
-3.023092229641819451e-01
-2.659176971261374978e-01
1.437034323791405166e-01
-3.399670072953537292e-01
-2.289528473493520067e-01
-9.402749649240568774e-02
1.813247594571711363e-01
1.437001766008768611e-01
-9.493735115176742123e-02
2.051866245859699234e-01
2.064333852235144817e-01
2.298058624271782369e-01
4.670292339674143173e-02
1.045434451628031725e-01
5.501900018533172065e-03
-4.394149211103458297e-02
1.111023421590120325e-02
-1.929200584105986290e-03
1.991334471333464085e-01
1.128086169438841102e-01
6.642982245426942711e-02
4.028387809363319361e-02
-3.231666362349046306e-02
-7.505965424740756314e-03
4.274402102151589333e-02
5.357458403259402618e-02
1.644530661924601192e-02
-1.552808911696006676e-02
3.723512758045482290e-03
-3.460832978342071042e-02
4.554995400198356276e-02
-2.119977170890217227e-02
6.331224386766193257e-02
1.174634585718680943e-02
1.398128799431609670e-02
7.712308967467972065e-02
9.064556405787844995e-02
-1.096638236563626939e-01
-1.518254058756087106e-02
-1.363749112424751837e-02
-3.053943904968340131e-02
-1.656052907607136540e-02
1.485131049160458017e-01
-1.677671007786355473e-01
-1.913846336265831449e-02
6.766713437213076054e-02
-2.905046783844256880e-02
4.125234455251976934e-02
-2.945061864605491575e-02
-2.555417772567986773e-02
7.734688214570307682e-03
1.186011119975947763e-02
2.750360185990560931e-03
-6.909880326669094741e-02
-7.964093006895102758e-03
1.879324797619737544e-02
-9.075682999197716427e-02
3.941946491288363108e-02
1.129873316470188932e-01
-2.435024761529907059e-02
6.709679241763137625e-02
1.708206324630042461e-01
1.858000114047318463e-01
1.434110455950886875e-01
1.244846413613619751e-01
6.109178760688652177e-02
3.187068956772343836e-02
4.868615291313999754e-02
3.061151485679567893e-02
-1.307775027374463196e-02
8.134587143216466532e-02
-3.802766817642568714e-02
-4.538308497123580421e-02
5.571848942493952579e-03
-2.348772888817128937e-02
-1.202824741690719790e-01
-3.880065086169627586e-02
-8.033394383151580900e-03
-5.681346986262698906e-02
-4.571685904639621184e-02
1.366757956726166214e-02
4.818655124496944164e-02
1.225841287619616228e-02
1.320858765781373701e-03
-3.462693640985845672e-02
7.538820908254835473e-02
-7.317204485179715223e-02
-1.276084200302548544e-01
-6.467647708219662062e-02
-3.502706429692924173e-02
-1.573992464557820159e-01
-1.806867328343111090e-01
-1.029857157476702090e-01
9.046643013544561351e-02
-7.200039664602100875e-02
2.753304351756497362e-02
-3.418324637588228410e-02
-5.406348509131153612e-02
-4.393492048264970723e-02
-3.068104821312775746e-02
7.179740410300976261e-02
7.847236406839795675e-02
1.609200865594852536e-01
4.255058369987554240e-02
-5.257041081780556430e-02
-4.348323308812975657e-02
-2.741905578398900686e-02
-1.017241726771880989e-01
-1.262775418744740141e-01
-2.530040755102513569e-02
-1.715145638615571122e-01
-8.549186196511530944e-02
-8.224249557426178969e-02
4.230891501918056241e-02
6.611633962244951868e-02
5.807508056089615012e-02
-4.688426848960915855e-02
1.419948577906526756e-03
-8.337056701903007572e-02
1.581678333435767025e-01
-1.666912537062569533e-01
2.195987772742031066e-02
-7.372663971209585110e-02
-2.148938832364803361e-02
-4.540401309646016625e-02
1.807727444906260042e-02
5.317449007296814328e-03
-3.436270464886656550e-02
7.924842565837657629e-03
-2.611134829952953956e-02
-1.560649722724127483e-02
-2.756250750472484523e-02
-4.591539845767770439e-02
3.060267600973740759e-02
-7.073605190405093945e-02
-1.169234781584072846e-01
-1.123317058458424417e-01
-7.271391631333132266e-02
-1.083837279048362745e-01
-1.741069613726157761e-01
2.100670244111136134e-02
6.835425850464317554e-02
-5.468861217561896831e-02
1.036670682292980677e-01
1.677571037505977370e-03
9.371400342698130506e-03
-2.959733253489504542e-02
1.829930347871381105e-02
1.084858652522383560e-01
7.084000743605557704e-02
4.328908878587683744e-03
2.633013790483954789e-03
4.531621282820438856e-02
6.239104115523998878e-02
-1.042527173991471094e-02
5.680505917611424621e-02
-9.973957659773564910e-02
-2.152135512545018045e-04
-5.400074316426532739e-02
5.560788807742835654e-02
4.167521995822268815e-03
2.744714719764933600e-02
-1.004470896319287765e-01
4.596318239595097860e-02
7.083537147715582294e-02
1.985644065956150839e-01
1.030001939821791335e-01
3.399169073048505935e-02
4.148009619331775345e-04
7.940120760482989593e-02
1.712224111185661202e-01
5.449590390156726361e-02
2.020598231793201971e-01
8.374952201773101790e-02
8.352212366695439816e-02
1.181845241322475731e-01
9.713552182404892876e-02
-9.740615624000196343e-03
6.033293564735375120e-02
2.857884825984576688e-02
6.912201563848112407e-02
6.936903529936709438e-03
2.861977192541723461e-02
2.337528324687054154e-02
8.738347873660760878e-02
-3.146783593435943660e-02
1.880273459327050645e-01
7.082758034018446502e-02
2.116374286343617600e-02
-6.690231549337109784e-02
-5.751464500444147115e-02
-6.387228989691630388e-02
-4.008059027169955969e-03
-6.585786734849613522e-02
-1.247228823075564874e-01
1.305317330108941160e-02
-8.640611086770491611e-02
1.688543138311998995e-02
-5.240894662763151413e-02
-5.128933456163495969e-02
-4.174487736186530823e-02
-3.658284792285095965e-03
-4.014024936347476008e-02
-3.835253233023507707e-02
-1.303587689666685645e-01
-7.667322817028800197e-02
-8.534872144980542100e-03
-3.225880188002420990e-02
6.485658765599146280e-02
-3.815913342379421980e-02
3.127257359707983492e-02
1.254669105488277481e-01
1.415700115630353917e-01
9.951693175111359091e-02
-1.368594681907446022e-02
-2.593991183718106774e-01
-1.216014661718276268e-01
-2.437056492437019491e-03
-2.251223613259913381e-01
4.868935375674170174e-02
2.076123857202976097e-01
-1.674238460095336944e-01
-2.505560722566809728e-01
-7.277345918245634038e-02
-2.913784770156565077e-02
7.865378602811519404e-02
2.313831180838663362e-02
1.372288751194578604e-01
3.232664618365584108e-02
1.223954013751771958e-01
7.218863417010437655e-02
-5.118473975651687685e-02
7.363267538366678744e-02
-1.306715615983635240e-02
4.989152530249396644e-03
-9.060626543856163673e-02
-5.153045200929542297e-02
-2.123064412146773439e-01
6.703369902795476565e-02
3.135003331354412753e-02
-3.387752367023376485e-03
-6.098797499335250477e-02
2.342283657974780775e-02
4.267485003590933412e-01
4.117289312628531484e-01
-1.365613197740557672e+00
-4.003813881638628169e-01
8.462574006521559333e-01
