5.605519737400812066e-03
-6.796468785572704063e-03
3.027101857267772839e-02
6.064313434063690889e-02
-7.447851131684223545e-03
-4.212765685432551255e-03
2.283484573198664436e-02
3.208671365464674935e-02
5.147810921815150487e-02
1.646465657834883523e-02
8.268919284034029205e-02
1.129486030546007491e-01
1.058576239744287439e-01
5.989649273101391169e-02
1.120474347645241814e-01
1.806879688874326456e-02
-1.048706898575651331e-02
-8.513584996316589382e-02
-1.163759128224561845e-02
-8.665034276666015722e-02
-9.238579938686386495e-02
-7.049266541738224978e-02
2.525546941344200200e-02
-2.408912635276795958e-02
3.747253069103388678e-02
-9.850386163671762813e-03
-2.023635882256322877e-03
2.938899505602653520e-02
2.804706160632931128e-02
-1.216327405274118291e-02
3.135348061425567018e-02
4.683375609943234846e-02
-2.960496626765486694e-02
3.187725723125255095e-02
4.792849816424763626e-02
1.663471701362382454e-02
2.224554373797009779e-02
7.702994618869091203e-02
-1.760822472053014121e-02
3.528103891106867257e-02
7.863577649596578678e-02
5.076549244800659250e-02
7.309852220653417776e-02
1.002411572915224980e-01
5.972792240800466751e-02
9.522017932075374502e-02
6.511276035009680441e-02
1.057444026459051778e-01
8.423595862789631794e-02
1.151673612766743876e-01
6.740480300038535766e-02
1.229784070898374271e-01
1.308451748758120321e-02
3.309765242950475639e-02
-3.132409852038130216e-02
3.440954561467787776e-02
5.974996035768512063e-03
-3.338486302945779111e-02
2.993597122789392120e-02
-6.508004454106280749e-04
-2.716686469682900659e-02
3.339545560286284048e-02
3.782046834086688625e-02
2.385152935801217178e-02
3.562597391514644302e-02
-5.377433658218830174e-03
-1.406307522223174816e-02
5.416924005428373073e-02
3.949864076272815994e-02
-1.429448453318206066e-02
-1.199788503135117146e-03
-5.400671036142689480e-02
-6.303403520034167595e-03
-2.351031767907069830e-02
-3.647902017586633627e-02
-5.607184401312090977e-02
-1.630145421118273791e-02
-4.981207923210751592e-02
-2.235016128468567120e-02
-2.376427489266879495e-02
-1.020658214922852761e-02
2.743208904438184520e-03
5.114525195958532361e-02
-8.590123011680404763e-03
2.231206977973476668e-02
-6.529813728020258945e-02
-1.026563289392967426e-01
-8.317416726866316834e-02
-1.067830523549701538e-01
-1.933871653469133589e-01
8.442901251245030214e-02
1.038722093582734700e-02
-2.485477628631426253e-02
2.717067378377574852e-02
-6.519908065868685113e-03
-3.417861589381692225e-03
5.818429569383584514e-03
1.441472749753981188e-03
1.370765078771222709e-02
4.256691276600854147e-03
-8.807915802137075006e-04
1.134523734269132431e-02
-1.650687761584605784e-02
-3.219391647206723550e-02
-2.500817683619970672e-02
-1.756191258574321679e-02
-2.936690463292781356e-02
-5.253498796884496780e-02
4.949652189189057694e-02
-3.058131745297629905e-02
-8.761532801645545779e-03
-1.045312429998770422e-02
9.084149615703938918e-03
-9.619827732780097951e-03
-2.835859385511717637e-02
4.191952726008217611e-03
-3.318362618903617639e-02
1.650521690481605158e-02
-2.110772928381220853e-02
-1.711767049021536632e-02
-6.029994134420144092e-02
9.479987494508720913e-03
-4.519170890569469690e-02
-4.682908556372500364e-02
2.710215475203778257e-02
-4.426332526499194425e-02
2.605765147827466058e-02
-4.986403352783118359e-02
1.184003434323398218e-02
-4.164320923032256705e-02
-3.120312789726802788e-02
-2.608670055063243287e-02
-5.795678045700215775e-02
-2.647264040361647919e-02
-3.234798456997010213e-03
-7.925161393563740636e-03
-1.253756613654886942e-02
-4.829501146188570904e-02
7.309725973539724087e-03
-4.930873257370346069e-02
1.555253019959232375e-02
-4.365465206820017680e-02
-5.512226754497483866e-03
-3.344675856160303495e-02
2.469622754322049404e-02
-3.857317674308628763e-02
6.559040358569440121e-03
-4.092818913172285855e-02
-6.369003137231203648e-03
6.004403583861780969e-02
-9.174962047663290030e-03
4.609861839335317214e-03
1.708945016833329084e-02
-2.437696956617824151e-02
3.370771233749887685e-02
6.069768840423417355e-02
3.895125921873843905e-02
2.740010297815500748e-02
5.485102173695859118e-02
1.570863502832881009e-02
4.940782269738350913e-02
1.574547184642976494e-01
1.093069581109074734e-02
7.286473445024353734e-02
1.056429038641443635e-01
5.535277618311014447e-02
4.353096971899657330e-02
6.301554044952031863e-02
1.006393810788633603e-01
2.793284976858140950e-02
8.628771960464332036e-02
6.087665367786916637e-02
5.655986810786103880e-02
6.793492936226586121e-02
5.869363734051137593e-02
2.190592122772713757e-02
6.902434130064809270e-02
6.769653490720047018e-02
-1.819396680402485256e-03
6.929559958234869643e-02
-1.664700603583199601e-02
4.295356787491124567e-03
3.859707261721104232e-02
1.373106244250699853e-02
1.564474006332765982e-02
8.032895986309343539e-02
-5.341192401909981846e-02
1.173152879346795047e-01
-1.822116293874312051e-02
-1.583485537472549554e-02
2.955356869018332944e-02
5.709463297358786937e-02
-5.004377515566022644e-02
5.994459945756887287e-02
-2.022472794295222809e-02
-2.351303144950973173e-02
3.902881987553823845e-02
3.588173980325270324e-02
-2.768815431115529985e-03
-7.158894057615898879e-03
1.452373601060845745e-02
9.090328177351678432e-03
-3.419673109586360282e-02
3.360603217909510082e-03
-4.642078094676603366e-04
5.933314073697714547e-02
3.865447362587019590e-03
1.755297783630045683e-02
-3.904477854395701705e-03
-7.137668052366878853e-04
8.443831021447936735e-02
8.950041727042210016e-03
-1.671393258660870337e-02
-3.464947296967057361e-02
3.585105397291069723e-02
5.846390497740022729e-03
9.647090717468510476e-03
-2.662557655173040678e-03
3.352814937474384027e-02
-2.903229787803653789e-02
-8.230006054701146170e-03
2.108058631401992303e-02
7.097813864263166628e-02
-2.259711278877907237e-02
5.078248486507901810e-02
-7.548149444981728205e-03
1.136829534063841657e-01
2.392635293125880760e-02
-6.337287258906777743e-02
3.888301233522582084e-02
-7.827199726092755327e-03
3.064496214982592726e-02
1.641486904648948144e-03
7.425451268635446800e-02
-6.039913883004836836e-03
-1.304130733079261750e-01
-1.421251076831085425e-01
-1.434031551118023773e-01
-1.235051820699680503e-01
-3.239349162361200296e-01
-2.347021798676674209e-01
-9.507862585054420446e-02
-1.319178502179590984e-01
-2.136885358571829208e-01
-2.510876624571772298e-01
-7.222559011608103985e-02
-7.188779980981420403e-02
-6.651967260843189012e-02
-5.160212656470358761e-02
-3.714861730327603112e-02
1.368918730688208074e-03
-4.947264867478260580e-02
-3.785045626695451165e-02
-2.624954257258231560e-02
5.765257929754987604e-03
1.319097173729389706e-02
-2.179563527610194756e-02
-4.407129835012905256e-02
-3.090677469348552392e-02
2.016013518561379780e-02
1.015860960220838632e-02
9.992763183257853329e-03
-8.719829744915837469e-03
-3.107263837879728138e-03
-3.028458729998268796e-03
1.122227444776490585e-02
3.883039393444597670e-02
2.025501768986436718e-02
1.745669912223325737e-02
-7.716584571408647251e-03
2.997708814594795407e-02
-1.199196061434775265e-02
2.703134654651741242e-02
2.539709458634520703e-02
6.681889758847585348e-02
-2.688579379398389063e-02
-9.817231829511710237e-04
3.005651841484874992e-02
1.321812901657371322e-02
-3.116853484144429740e-02
-2.645656136280011284e-02
5.921447076000584814e-02
-2.394221463568149341e-02
4.169185739161447926e-03
-1.644864039054889926e-02
-8.023637706604122566e-03
7.717146475223977606e-03
3.761715778873087751e-02
-3.011100438707165969e-02
-3.676213021718205409e-02
5.433201715334060045e-02
2.135603252639162522e-02
1.064215580043668084e-02
-5.764580805885093084e-02
-9.275202745625318185e-03
-2.318180447753133075e-02
4.956172984469665865e-02
-1.237018419805020059e-02
-3.067773239355623544e-02
4.526139130013857870e-02
3.512758718144525644e-02
-1.540558087253813060e-02
-2.757203253584398356e-02
-2.638480681979893383e-02
3.022461082111642036e-02
-7.753926440144227883e-03
1.567501447235571804e-02
3.218353237298297170e-02
3.156490167073388448e-02
4.575704822404363242e-03
-3.562159006160009467e-02
6.537361907623703838e-03
-2.172126365084850116e-02
-1.122983639205070786e-02
5.731411254792512233e-04
5.650420938025585427e-02
-1.214507118106689099e-02
-2.227791856344294580e-02
6.292570638397178284e-02
-1.572628121400885398e-02
3.813981645842313278e-02
2.192033214613756109e-02
1.533516593550469237e-02
-8.324407353033455581e-03
-2.364212581646078087e-02
6.619898003847794754e-02
-6.650700075343145279e-02
1.453075049533570674e-02
2.718356809607183969e-02
-3.074748568920733505e-02
-3.077541778666459914e-03
-4.179108671621336625e-03
9.422238500032303204e-03
4.853273495930712084e-02
-1.463354317691837811e-02
-8.343348241606433208e-03
2.899588023911048307e-02
5.604087645384375933e-03
4.974556039676567010e-02
-1.071915425448138025e-02
4.499236014794853050e-02
5.294573835210585055e-03
7.538150892511721879e-02
-7.473064477521162985e-03
3.352922332302945424e-02
-6.345006389046499440e-02
-2.064339222218115541e-02
1.293624205965196450e-02
-2.402754005182174829e-02
-3.643254364951060281e-02
6.031953862707600117e-02
4.396045252287647531e-02
4.971073791340420434e-02
-6.081258482530332854e-02
7.960948351106916787e-02
4.482956060400243581e-02
9.227307107598744715e-03
-1.972360219299905751e-03
6.327458704124959074e-03
8.858374116054145916e-03
-6.354292878622826504e-03
-1.092605183958871712e-02
3.589858491741441254e-02
2.990276664324680034e-02
6.538209181218562760e-02
1.588144647452399694e-02
5.696517015808429119e-02
6.652173337299350717e-03
-3.431153099108859295e-02
4.221779671062218103e-02
9.193267356808476620e-03
-1.578651315581358280e-02
8.214049103899706550e-02
3.382240569215141934e-03
-4.240531128873493982e-02
1.083489215858049470e-01
7.178633171115399170e-02
-3.456314220163635847e-03
-4.705609703291740303e-03
3.108355045169326411e-02
7.759204321719521263e-03
1.271241334805342238e-01
-3.389926293857741663e-03
8.237171707075274796e-02
3.203402198365907366e-02
3.542925690773753022e-02
3.844136605521888874e-03
2.409730264000970942e-03
-1.002644383701089409e-02
1.027790813483202238e-03
6.358830220249260881e-03
3.421876223730617450e-02
-1.669616674804555098e-02
3.463864125124300336e-02
-3.806466184983391121e-02
-1.009100223981483722e-03
-3.776672594032704985e-03
2.122840867253122585e-02
5.779499740272393132e-02
4.628966229863290538e-02
5.482503412783980984e-02
-4.233787463469414897e-02
-1.447551284877239552e-02
6.466325011115295340e-02
-1.709501467065944677e-02
2.838581473953418269e-02
-1.482527614879324690e-02
7.979303923635587548e-02
-1.687106692386408993e-02
8.522768769337975281e-03
3.212075592556011550e-02
-6.345733589367394401e-02
3.604533370798606445e-02
1.652189372757583916e-02
-3.563848783648648766e-02
6.869097999296983059e-02
3.000735582888411704e-02
3.355493728218107014e-02
-4.697582531240519776e-02
8.168460891957092518e-02
-2.337427474519471540e-02
-3.169111119786652969e-02
5.878836659498854617e-02
5.084988090950646328e-02
-4.385480359204552842e-02
5.759543952110164622e-02
1.112198683629389215e-03
-2.745665833518382351e-02
-3.488653312655292521e-02
1.472060470880039162e-02
-7.226522476720429605e-03
2.114424934029052530e-02
3.588891338259699720e-02
5.195935514352264389e-02
6.131730889829154103e-03
-5.878492420868089430e-02
-9.526387340505815260e-03
4.332979792763911459e-02
-2.931392409315230346e-02
1.518846194280425166e-02
7.661571245967699340e-02
-2.126687095209040673e-02
-6.381664612050026719e-02
-3.413016317498551028e-02
6.483142252039456044e-03
4.250865240408644580e-02
-4.043884821197416685e-02
4.718579999221812066e-02
8.685276225918371618e-02
-5.533847387978690219e-02
-4.237815369080030758e-02
2.947461834288810090e-03
-2.289200446039608289e-02
-3.386244710286569204e-03
-1.313933373695712892e-01
-4.345239738599199902e-02
-2.447606588376467773e-01
-3.046246654564199186e-01
-1.201827976457437164e-01
-1.827524323121999528e-01
-1.585498442389008944e-01
-1.579920216418931600e-01
-5.711645125198748507e-02
-1.163372899866617627e-01
-1.059464347678031396e-02
4.390502389693604068e-02
-4.738724353219633117e-02
-5.490751119351460451e-03
1.344330430901549342e-02
-3.255539921776513627e-03
-5.007146836814625745e-02
5.947160107208188801e-02
-4.099482662431484792e-02
1.843765315515664277e-02
1.085537021031669942e-02
1.190489079225083742e-02
5.878787366513317861e-03
-4.795540037690972784e-02
-6.259830181414956056e-03
1.282315545338733737e-02
5.603409623602627343e-02
-1.116460300240341985e-02
-3.063742710278599332e-02
-1.110971836651427139e-02
7.380935192343580226e-03
-1.441541750858772036e-03
-9.090568013411647053e-02
8.112361545548468778e-02
-2.134004997713554938e-02
1.785464851475170728e-02
-4.651891061268598887e-02
8.676256082071659437e-02
4.924575162827585229e-02
5.103309719193668825e-02
8.415167610010071408e-02
2.114373745911527977e-02
3.919379090063153381e-02
5.394790845308878452e-02
8.791261638637348774e-02
2.335772338213075797e-02
3.935333292184567400e-02
7.391163052524571397e-02
-3.547803553132541227e-02
3.313844466077083689e-02
-1.998711992576680460e-02
-1.674172262288907420e-03
2.117798324233109708e-02
-4.338007989238548689e-02
2.086976058768170821e-03
-3.631634912108853280e-02
3.972967520969000743e-02
-3.102371130074836614e-02
2.276723440636743701e-02
-1.921612707868166833e-02
3.021052474781872436e-03
-4.638854049544173866e-03
4.504172342690307418e-02
-1.010375872990341463e-02
-2.730388323051778296e-03
2.854565754306198980e-03
9.420938069731842057e-03
4.187153089613513540e-03
7.233901141828590585e-03
5.987061714906095379e-04
-5.043906457019608700e-03
-1.243778820016417166e-02
5.521304145287363185e-03
3.861920450510411551e-02
-4.685383025792185657e-02
1.200315333050797073e-02
3.287425730844919375e-02
2.136765654168723549e-02
2.136020796168592445e-02
-1.043793830116422454e-02
-7.551359364856037419e-03
-1.021735720036162816e-03
2.051379959855008372e-02
1.648313899460261342e-02
-3.862301349143616204e-03
4.412870389969611451e-02
-6.694520039495333030e-02
-1.016900750997384167e-01
-1.129888938493875949e-01
-1.429842541840326553e-01
-1.816012985966886095e-01
-2.262819689322740913e-01
-1.791400152783209077e-01
-2.350072696013000006e-01
-1.554113411324912486e-01
-2.406736473929638465e-01
-1.879332557348251387e-01
-1.367587794007812385e-01
-1.091205948545875548e-01
-5.833177916130743990e-02
-2.616617411009678970e-02
-1.291046141649076356e-02
5.700774245005379992e-02
-6.359216017366706164e-02
8.078954974236354780e-02
-2.084730577007998589e-02
-3.814612944878005910e-03
3.535895580142428551e-02
3.570971393712304293e-02
1.359292585595924252e-01
2.122686383472336888e-02
-2.459354683328879645e-02
2.834168111828956615e-02
1.105319449524209963e-02
1.209971810709446205e-01
1.711577866730381037e-01
1.354064444234201470e-02
-7.249466835600118161e-03
-2.461285586196994973e-02
-6.010099931060150502e-02
-4.254631642882213127e-02
1.193880300607441658e-02
-1.690971063644623046e-02
-3.348596979592310258e-02
5.716064107238074191e-03
2.388373177683322801e-02
-2.765283432722962301e-02
6.203143384610546041e-03
-4.700601200741178452e-03
-1.143035721780396967e-02
7.917724221517058458e-02
-5.273724644573499903e-02
1.523459534247034730e-02
2.234806718976454533e-03
8.556937703746499146e-03
8.616747412390433555e-03
7.231839409576230893e-03
-1.558332961088634491e-02
6.291692833777176586e-02
-3.116113600364408143e-03
-2.392673108739384359e-03
1.964442764569565569e-02
3.454173412227251605e-02
-8.124025374091650015e-03
5.269819381146898657e-02
-2.224306802917161083e-02
-1.077352905029566044e-02
-1.565592293731112722e-02
1.608217503224980763e-02
-5.476368003842725304e-03
1.053760308889172340e-02
4.355200413622997702e-02
1.204092739032330134e-02
-1.404554828837625141e-02
1.818011321353694282e-02
3.304383956266888217e-02
-3.949148685750619725e-02
4.668189408231608606e-02
-4.288070379239498214e-02
-5.648697535233349228e-03
7.495441479187614324e-04
4.586450312702505111e-02
8.778670422991573978e-04
-4.305057112456722040e-02
1.127333448938125371e-02
2.289667976645173852e-02
-7.806767503286941683e-03
5.118682877316772448e-03
1.053698344932938596e-03
6.906666038090131243e-02
-5.801898409446406418e-02
3.209861295810077092e-02
1.971249590805353516e-02
3.242527860908894083e-02
5.667720017988766429e-02
1.027063731899745258e-02
5.037860509850354551e-02
7.125475561570798755e-02
5.137343487633762307e-03
-1.549999662527390583e-02
5.463737974534722819e-02
3.685453332337222665e-02
2.163631780090196841e-02
1.649460518469551829e-02
5.932448881468326170e-03
1.506104889764688960e-02
-3.878725088688830119e-02
-1.397349624909319243e-02
2.860481817363122459e-02
-6.835681934729630205e-02
8.594410070357140496e-03
3.121411702835243107e-02
-3.824732900515817602e-02
9.229937669101751993e-03
1.931872408391919343e-02
5.313910441382725669e-02
5.025876238099523038e-03
9.695235654142622672e-02
-3.104257976600309325e-04
-1.248429589531339923e-02
2.168256068399391015e-02
5.204992366132785847e-02
4.543175377295961825e-03
1.001198366114611216e-02
-6.116779291033630495e-03
2.939847448365729907e-02
-3.082177832936445344e-02
3.012442067394991568e-02
-1.514331285957818893e-04
-1.604982740185411857e-02
1.847426562037777706e-02
1.397056987258568465e-02
-1.062499109726502272e-02
9.891221759255728121e-03
3.730156207308604061e-02
2.757223424064212877e-02
1.397474880299960642e-02
3.018487721569800258e-04
1.083750946688693054e-02
1.982605700921331177e-02
3.032057428760465481e-02
1.176935565649829887e-02
-2.474037153135701800e-02
5.351751986853245380e-02
-2.773443526563637573e-02
1.886550195932356136e-03
5.229555050454301468e-02
-1.452206809249146496e-02
7.324254813040484424e-03
3.559297750916534664e-02
-2.012151535481287133e-03
1.002883386010087682e-02
1.587616517171240582e-02
2.768949556251023691e-03
-1.282755378748534972e-02
1.693934058963931372e-02
1.022103531730799396e-02
-7.604369038288102435e-03
2.312598543946577795e-02
1.650933191086852506e-02
-1.262647662445492546e-03
-1.607077969303907089e-02
8.664703312989747996e-03
-4.880452807373981440e-03
-1.097345350889876101e-02
4.427503026218386484e-02
-4.091671225263131956e-02
7.652381329346141705e-04
5.205785584268537297e-03
3.662675350555048837e-02
2.770773969208049220e-02
2.187997757404215593e-02
-1.021743843669872288e-02
9.617081780130097221e-03
2.309223745476341599e-02
1.224854442093026470e-02
1.467769252130029373e-03
2.808111291753898411e-02
2.884055506871274419e-02
-9.277480177944811071e-03
5.411383044960226679e-02
-7.134188147776754883e-03
1.965916062851241070e-02
2.678980693541048799e-02
-1.049385138466024658e-02
2.702023234129318288e-02
-2.216492180262655091e-03
1.108130099368608706e-02
3.154070486539094220e-02
-1.891052882684997327e-02
2.134470014935612586e-02
-1.671330134009108015e-02
5.073107878776945273e-02
-6.967294111909175247e-02
-1.906767371705942252e-02
3.047068917861608592e-02
1.903746504769119816e-02
-1.274772361692996271e-02
-1.151229429729503512e-02
2.052589932624643981e-02
5.422120939263547906e-02
-1.564777643504982468e-02
1.234341684837591407e-02
9.120362853426352071e-03
4.236111004235981747e-02
8.849318709321356974e-04
2.376719662934567365e-02
2.008186765947842824e-04
1.051755245481005192e-02
4.836718716494217696e-02
-9.098324581371181746e-03
5.577243650144129462e-03
2.155041928737044116e-02
3.439756329819745190e-02
-3.278212354611395596e-02
3.664077721669986316e-03
-9.982248880832685425e-03
1.728748583485744533e-02
1.095704540921495565e-02
-1.326506862440020654e-02
-4.231247193893079850e-02
8.180062604856383826e-03
1.068858359096730437e-02
-3.039588663882040239e-03
3.731831893895535407e-03
1.039826782849942628e-02
-6.202011375324200868e-03
2.132916589214848072e-02
-1.533482225047904865e-02
3.439720412624572288e-02
1.298269437719939967e-02
-2.943675498231605736e-02
7.173940721907010043e-02
-3.058682065738673600e-02
5.158876808612203324e-02
-2.374527287134886588e-02
-4.815622743845806436e-03
1.312123274130804970e-02
-2.296276332835617273e-02
2.607703764829965090e-02
-2.483451331270325468e-02
-2.047219985954890076e-04
9.517941225566945579e-04
4.503515214808916090e-02
-7.138070334313875720e-02
-3.373460406223649510e-02
2.887027251121073584e-02
-3.584666534631436585e-02
-2.675530001474468733e-03
7.754323130777063255e-03
-2.841400241441399688e-02
-3.119081983954063997e-02
-2.198619876069511647e-02
-2.176367396646997771e-02
-3.511178027502905030e-02
8.092860446946570363e-03
-6.213580778580865549e-02
-7.127075318401809856e-02
-4.480033753193123774e-02
-3.984151251738939081e-02
-8.115720319873206967e-02
-1.644175656201676827e-02
-4.713835572019134390e-02
-5.169666174257431246e-05
-1.165142594599346410e-02
-8.074997513284085798e-03
-6.583106968137077131e-02
-2.915792375041717857e-02
-1.629954716886387878e-02
-2.385677499215027586e-02
3.280236081352662370e-02
-4.169464990855652198e-02
1.871081144111980815e-02
-2.192703060809647608e-02
-6.846828782762497123e-02
6.216069118414050548e-03
-6.891117935511992948e-03
-4.437041510713843340e-02
4.970026482793897527e-03
-4.641301560088673117e-02
-1.643615390910298235e-02
-4.890642417340504422e-02
-7.993426204272319202e-04
-5.088158561703639421e-02
-3.290132093347392789e-02
-6.490964811922506073e-02
-2.740644891053143836e-02
-1.864163247900028908e-02
-5.294722185559358474e-02
3.255195616611028520e-03
-3.136893595488437353e-02
-4.534268792085767441e-02
8.997109550663687921e-03
4.962124957995619340e-02
2.059074769384123399e-03
-5.061508007352731597e-02
1.453321181281625601e-03
-2.278580124493806425e-03
-1.564944520035841530e-02
-7.169665956472094648e-03
-4.903486345586897943e-03
8.015443590282458897e-03
-4.939719910909072531e-03
-2.831713486636663890e-02
4.048009418663410519e-02
5.174170901671486245e-03
-1.962542344733118199e-03
-2.542124666672938502e-02
-2.067427979802275925e-02
9.151802414594383678e-03
-2.124256893638252347e-02
1.796727444631618376e-02
-2.855243215129975309e-02
-2.755399346798612092e-02
-1.959914782667454558e-02
-4.309719848589553537e-02
-2.207606197420630689e-02
1.817133201732339109e-02
-3.114812198825669953e-02
-5.495456294642857287e-02
-3.431326801437947771e-02
-1.151990684397482395e-02
-3.768396520211179240e-02
3.154739469968858429e-02
-3.001858791595644893e-02
-2.199844455377651664e-03
-5.084467694397359211e-02
-1.290738731800997879e-02
-4.305919651750019644e-02
-3.699063928736648355e-02
-4.398774600156817732e-02
2.307745496283766101e-02
-5.860479033882056571e-02
-4.345029625342018004e-02
-2.824691834412537683e-02
-5.464208647231315330e-03
-1.981503892939014827e-02
-5.113120873836838470e-03
1.014940927685838157e-02
-4.500795269797031734e-02
2.153150867484000808e-02
3.552762294518981012e-02
2.218395086924703635e-02
2.839876134609431446e-02
-5.127061946792835223e-02
8.715313979715898218e-02
-1.771746302668797401e-02
1.619666611630117201e-02
2.368856820942870367e-02
7.682032618912586208e-02
4.379885257155512884e-02
9.815848354062421677e-02
1.098637569337572450e-01
8.349078939655388276e-02
1.421347301927165796e-02
1.414009658542669245e-01
1.019962244806951746e-01
3.072593631596547137e-02
6.928445893846488235e-02
1.270768294990579361e-01
2.772668482177721716e-02
7.854610541322223916e-02
9.095884428284917167e-02
1.021950095746092108e-01
1.011750625937436060e-03
6.562192022600579766e-02
5.665668396965712478e-03
1.357378196194012621e-01
-4.778837478267575906e-03
4.491800733994093242e-02
2.716748736872588721e-02
2.984670831650586970e-02
5.914416623475913723e-03
1.605918345359626936e-02
3.210276160092460224e-02
4.579130871881309517e-02
-1.160450974846120864e-03
2.179129080900206461e-02
8.688532569304917991e-03
-2.220297492071773848e-02
3.777644851993224029e-02
-2.515835842612171303e-02
2.366295449056864120e-02
-4.786150630696371644e-02
8.793394049828037740e-02
-3.159440394341996028e-02
6.761357746779560890e-03
-4.470798247512391445e-03
-1.890702716529353566e-02
1.706467743008025645e-02
-7.124903133743963959e-03
7.581242341984015948e-03
3.635598851518200697e-02
1.875928299630163706e-02
2.236125308301971024e-02
-1.131068310816602494e-02
5.310014461898041743e-02
4.215385918344926458e-02
-5.770995868199454287e-03
-1.024881245312511333e-02
1.112516000199886487e-02
2.012798998093314612e-02
-3.799859517885597476e-02
7.611752098859673327e-04
-1.244696929223354856e-02
7.494016684927175265e-02
-1.070921658534358320e-02
4.345047640413995937e-02
2.442369705848860401e-02
-1.960930766506704080e-03
4.025879141453693466e-02
-5.185335370211766742e-03
3.422515017640062607e-02
1.812163763531016505e-02
-4.057913075835844346e-03
-5.178856920440998157e-02
4.837309567749428774e-02
6.524974286350080591e-04
-1.270185763312682570e-02
7.785079853612236755e-03
1.735692284839124300e-02
-1.761443557275212957e-01
-2.028239406526186894e-01
-1.553478408368543229e-01
-1.882955187582303624e-01
-1.579931986245201037e-01
-1.645169642109276797e-01
-1.051139981536075990e-01
-1.091477049880644201e-01
-1.137604902536823170e-01
-1.095056719007288376e-01
-1.738611641851160461e-01
-2.365607981375681956e-01
1.510186346175089456e-02
-5.123841999744838810e-02
-6.896825793391170301e-02
7.483141297606638043e-02
-1.675078022727749180e-02
-3.599256857558780220e-02
-2.855488343047157818e-02
-8.663006973326808913e-03
-7.109137532111631241e-02
-2.312539930684222311e-02
-2.948891437043785896e-02
-7.431568242235859351e-03
4.603371045293324498e-02
1.518254187930736208e-03
2.065297023301384920e-03
1.785759765697040105e-02
3.066746996166058378e-02
1.260601702082915759e-04
-7.554936358419040918e-03
2.966509740636982112e-02
2.990780350601223228e-02
1.497882785143290346e-02
3.095749752806140065e-02
6.097230860040951141e-03
3.276511913280771848e-02
4.514064959210083681e-03
1.073291550847510489e-02
2.270665820826938894e-02
7.195595955304398897e-04
4.485239301086710317e-02
-4.039978342135060185e-02
8.186629489953608672e-04
3.051519333663043829e-02
1.259724963149667400e-02
1.400936843294142697e-02
-5.145230362833582566e-02
-5.033717100133321132e-02
1.558182142093919240e-02
-2.825364367307231853e-03
-1.953725970535324583e-02
1.105497210678450457e-02
-4.461329207507490346e-02
9.642003691786842079e-02
-2.761863760629644851e-02
-3.109672398476814176e-02
-2.833403988844982249e-02
4.116396248561994542e-02
4.793629606080207495e-03
1.998188584919221092e-02
-5.232747808859045113e-03
4.119465874316916021e-02
-1.545676675816826454e-02
-2.496402226457864609e-03
-2.121691069940199667e-02
4.955570897793040719e-02
-1.216482540204679580e-02
1.725433603453029041e-02
-1.539813896726791032e-02
1.267728678165522260e-02
-3.293636125854803448e-02
1.407417206655920197e-02
-1.556773220620108478e-02
5.734269033691164613e-03
-4.802842596067552830e-03
3.489975232792094650e-02
-1.381456546348268366e-02
3.950528677873788030e-02
-1.892379734994528370e-03
3.010240840250242786e-02
-3.004377275528720762e-02
2.850178336120817377e-02
-1.134316267469881977e-02
7.736342688240155363e-02
-3.619099668688392779e-02
3.690339593965605292e-02
3.543350082997631656e-02
-2.045279875865819649e-02
-2.311315712755129467e-02
1.777833251030264822e-02
1.674193185680272061e-02
-1.871742510785405489e-02
-2.537994097040544711e-02
1.872300857772323576e-03
-6.300693395599518860e-03
1.161450572292363481e-02
-2.760245337213549505e-02
2.027180688628562460e-02
-2.976037846492096337e-02
9.697163230524129263e-02
-1.003266815887326503e-02
8.755373522395616670e-03
2.615288380685188915e-02
2.634880681851181627e-02
3.958798980049547944e-02
-6.940704707320454608e-03
1.625493792883637295e-02
-3.518355318256775888e-02
-3.136544046380217166e-03
-1.175006815427118712e-01
-8.759747355776013877e-02
-1.298547150092344560e-01
-1.576847755041884402e-01
-1.356283372871779358e-01
-1.009537412284175484e-01
-8.018326876331258179e-02
-7.369449876017808432e-02
-6.037116451867802908e-02
-5.328467553104562077e-02
-3.945728366611696986e-02
-4.880964965940431249e-02
-9.039600118599755429e-02
-1.251175442634237800e-02
-5.341137081760437277e-02
-4.281058306155183929e-02
-2.300306210972518500e-02
-1.290143821442695307e-02
-2.833140018038950506e-02
5.883746308400401165e-03
-9.775337280431527220e-03
6.602372385284605016e-03
-6.543167119337006329e-03
-1.780545742499340355e-04
-6.932225510552900496e-03
-1.453090020155294732e-02
1.296583197627285480e-02
3.376276599475015738e-02
4.172669148642933756e-02
-2.775583357336558650e-03
1.346756996602276393e-02
-1.386794400957855680e-02
4.264449805207820576e-02
6.217549020435305523e-04
6.638544263991531455e-03
-2.102522986727871357e-02
1.791026801292729467e-02
9.070439849716439157e-03
2.104926742432686876e-02
-7.632081439994015115e-02
8.735952507824563951e-02
-7.530289723831003201e-02
3.086544756188188202e-02
1.123464745982128386e-02
-1.458190078314420580e-02
2.279467030462846086e-02
1.063325754470186880e-02
1.900844847480693059e-02
2.891387171680321819e-02
-7.187019596018402387e-03
-4.082159197287859795e-03
-5.741150179845181702e-03
2.209528687821854520e-02
1.844525763333031403e-03
2.787102411129933205e-02
2.660940745158175622e-02
-1.881160652237611960e-02
2.592289770983004227e-02
2.078722549270091077e-02
2.370760160427037942e-03
1.791550305216067090e-02
-6.510222975268782804e-03
9.956234516194156434e-03
1.054869336995514252e-02
3.844665684903624675e-02
1.160397406851269159e-02
9.393685343495746312e-03
3.126617234870510999e-03
1.034255737042333138e-02
2.065989480212460441e-02
1.246173011119850078e-02
1.263199719129570048e-02
-4.566005155007797113e-03
2.914374989348532743e-02
5.776652675246267063e-03
1.861140445055784387e-03
2.638201533826540005e-02
2.133937681226015168e-02
4.899762653164886628e-02
-3.124079455968802391e-02
3.318075763468762013e-02
2.870491851894836979e-02
1.740505725834988731e-03
9.020042702553495231e-03
3.193358944498789209e-02
1.551889874406285966e-02
2.500571575178846956e-02
3.030646695950690167e-02
-7.428769226578701111e-03
2.314040440098602200e-02
2.525822954398038167e-02
5.160715747375360131e-03
2.154963094099719353e-02
-1.087328703832114024e-02
1.729456738304298302e-02
1.507002829531769485e-02
6.799752135624928008e-03
-8.418202914394268266e-03
1.734274021470588734e-02
2.269220713430643299e-03
2.676289386462475661e-02
-5.385948557901196372e-03
1.103802473938906778e-02
-1.738688469374586112e-02
3.655855854024322310e-02
5.553796323229111612e-03
1.131927474722926354e-03
-1.462557650835155654e-02
3.274647728493872839e-02
3.903003852172084315e-02
5.578940140974800524e-03
-2.617524877582702234e-02
1.867370634585346217e-02
1.799831069819831514e-02
2.482406022827970613e-02
-2.803181936787152786e-02
-6.702473081530808605e-03
1.697569546845720603e-02
7.143939471845219338e-03
3.275160846360940931e-02
9.358523188315913746e-03
7.532120626143037380e-03
1.712466816158449839e-02
-3.200935896227154881e-02
1.259354740782340533e-02
-7.490837889094856955e-03
1.307435875863920648e-02
-4.660199664032645128e-03
3.370522824820122026e-02
-1.285420954776777570e-02
1.359404979947713074e-02
2.008876772516293360e-02
1.583233462373474440e-02
3.232423983737315459e-03
-3.605427756140744660e-03
1.377882344028629608e-02
8.578041206721044587e-03
4.338607287566584314e-02
5.518140796999530112e-02
3.471252938646542108e-02
1.675859615341439013e-01
1.742971251181635872e-01
1.695761212073865487e-01
2.242386360987046745e-01
2.514824829362974912e-01
2.217495845556060607e-01
2.397168342396022445e-01
1.796202129007866966e-01
1.803893813364665644e-01
1.948884224182495517e-01
1.708815181082574963e-02
5.506429178510061778e-02
9.141016754439004743e-02
9.554961022243735336e-02
4.325421740071174609e-02
-2.183475548341707456e-02
6.539528675106331956e-02
4.081096479518718512e-02
5.683615685508242726e-02
-2.337013981565871923e-02
5.744862413157771769e-02
1.085029860755642485e-03
1.900244742634274106e-02
1.600664303540679997e-02
-6.824428462172112651e-03
4.498662698423067097e-02
1.918330736374519035e-02
-3.090029249518905230e-02
2.794319871760058555e-02
-1.034236054403195673e-02
-4.164743872068173147e-03
8.129066357375704099e-02
-1.966837841113529620e-02
5.479581454640531507e-02
-3.698966129815945900e-03
-2.286622129854384844e-02
1.678957465695546727e-02
6.128104936727378493e-03
1.617227002518991166e-02
2.317197991002856866e-02
3.016319060630844040e-02
-2.551585825562102325e-02
4.797115883407786219e-02
-1.438164299284095879e-02
4.257130587403643029e-02
-2.770646131300363510e-02
1.203631942634271132e-02
2.229744595072574026e-02
2.227044815886858667e-02
-6.041639203790597629e-02
5.486962881262483216e-02
6.424130578843302575e-02
1.804100040534988014e-02
-7.124248321421863817e-02
7.132585200587430660e-04
-2.104896931355199410e-02
1.130963813873368459e-02
3.032261170162955932e-02
-5.448730976828899605e-03
4.524009275294001153e-02
2.377030245019436799e-02
-2.354796451675553182e-02
1.699116029524171123e-02
7.351372995984747916e-02
-5.566716175152926216e-03
-1.385199879364556325e-02
4.062595965693494710e-02
6.095357213477783226e-02
-2.379342264301371676e-02
-4.274729483931686072e-04
3.326079682342046595e-02
2.089497035671137454e-02
-1.467066682565435973e-02
1.265451203719290471e-04
-1.043661167079354760e-02
5.189686673315400608e-03
1.790453496862886434e-02
6.214552996274884562e-03
1.023330516050391902e-02
2.590617277533855626e-03
3.381091312992822590e-02
-5.406297558380976018e-03
1.116722830139786973e-02
-1.187985585103509822e-02
2.422026877366830963e-02
9.638799382547937750e-03
2.736064142475059732e-02
-3.015208814869889051e-02
-5.221445432791335661e-02
9.464710127014898042e-03
4.643434014782101688e-02
-9.669401074681565830e-03
2.591685468446985538e-02
-3.175376090883625518e-02
6.340937580836297945e-03
-1.086193489454764750e-03
-1.561603003057263246e-02
1.498154852466728262e-02
1.604743392071049032e-02
-1.371109142835329198e-02
-3.787961525406661600e-03
6.525897999014129702e-02
3.368670671953610113e-02
-2.548551347021273464e-02
4.855678564138909969e-02
1.040754929967422845e-02
-2.220964262558629103e-03
1.697932248620061257e-02
-5.071268922432820014e-02
3.897015400840676130e-02
4.143445636264032894e-02
5.367350566703920495e-02
1.214571915225721999e-02
-2.434869767713419841e-03
-4.919414849294195813e-02
3.051318235590094047e-02
-3.891032227807753041e-02
1.996336712434778476e-02
-1.141810910434888637e-02
8.793342969258155506e-02
-3.389477713741659293e-02
3.064162774497068004e-02
5.070387022389008513e-02
1.031276604856785038e-02
-6.095674192746988740e-02
6.768772960455303467e-02
8.417561586733472712e-02
2.132878623004711566e-02
3.056852882966018536e-03
4.076503441893816054e-02
1.500765645666858605e-01
1.316683010421291211e-01
2.059336120886316457e-01
2.286555103341470219e-01
2.276471592846354142e-01
2.307558158435436546e-01
2.335775590563405890e-01
1.766482775063572819e-01
1.880817734429741095e-01
1.877298483000671703e-01
1.297303387485223003e-01
1.063397932196621515e-01
6.978482297883345509e-02
2.617035734279099524e-03
3.965785134916072902e-02
4.654417384172802180e-02
-2.082625323667345457e-02
-6.364344203233762362e-03
3.667932830163920382e-02
-3.144362998624303414e-03
-6.256323812550864533e-03
3.536640961586313969e-02
4.690834181923240857e-03
-5.270805694672976195e-03
3.425117005349624655e-02
1.599010688030139127e-02
-7.746682243034865196e-03
4.820438982945906767e-03
1.403228054347498838e-02
-1.951956842878859247e-02
4.354864564315297573e-03
1.660636949421336050e-02
3.708187936806686680e-02
-4.469544361972557604e-03
6.748252396653839358e-02
-1.470780079323178412e-02
-8.092968802349220780e-03
5.710491985307222101e-02
3.185310851768609341e-02
5.254954354638405323e-02
3.575078855229990582e-02
4.379929628541812114e-02
5.769373357022982568e-02
6.111808170039485094e-02
-9.694134365180739898e-04
6.952637654863561001e-02
8.372373448891562431e-02
-3.111102982658686331e-02
-3.531940815520251409e-02
-6.594284760135059320e-02
-2.488413902824144208e-01
-1.352573935861327292e-02
-1.082274604263955275e-01
-1.345759365412438069e-01
-9.459745098098387706e-02
3.445852707717463742e-03
1.021469831948172285e-01
-4.956493058264638957e-02
6.878546432044269077e-02
1.974390536056014334e-02
-1.045105242021106620e-02
4.328897639585789492e-02
1.218290274204048423e-01
2.943505146469346107e-02
2.026726335563823131e-02
6.056777946502062138e-02
2.646500409461076050e-02
4.599321888131803482e-02
5.884685442356381302e-02
-2.128144146016293023e-02
6.723029480114163514e-02
1.799829325437318078e-02
-3.662381146373026169e-02
5.286046826275618560e-02
5.040181117040353626e-02
-1.895935851532368210e-02
5.391492816450153130e-02
3.514633159139952251e-02
-2.391295607654023853e-02
1.246607489298174297e-04
3.717322760930495684e-02
2.943863076679177279e-02
-8.917674083140021343e-03
5.759043457044567271e-02
6.744896713116932396e-02
8.456981127538459875e-02
1.746027697760967057e-01
1.519108628159876462e-01
1.653469617376598921e-01
1.894789666617753832e-01
1.542599278838593102e-01
9.923135091478596514e-02
1.392745740384688513e-01
9.852695797987789939e-02
2.954222472496009083e-02
7.652958884609287193e-02
6.997887451438866702e-02
8.265215403355102852e-02
3.367798202832908427e-02
6.740738363785156451e-02
1.842940940840840161e-02
2.371913237287621296e-02
1.442906711342650632e-02
5.931343124241686415e-02
-1.680084456450602406e-02
3.668796502680599092e-02
6.585104778200596976e-02
-7.348342735428325945e-02
5.335241484853402855e-02
-2.999241959457150941e-02
3.115139731864488212e-02
-1.645210150840363886e-02
4.310598236985137277e-02
-1.970771186155171467e-02
5.094232489141345410e-02
7.468108938356001619e-03
3.418875418863635829e-02
4.774223601074890910e-02
-4.847307936749142843e-02
5.866496380256036591e-02
-1.301237214226036790e-02
7.508069314150943308e-02
-1.385464994581490916e-02
-1.170294731799725093e-03
3.436306793566693690e-02
2.348144347509789967e-02
3.835939669669605895e-02
-6.987258793641348831e-02
4.734086762197409898e-02
-3.606797083531733394e-02
1.050603816683302189e-02
3.505581505479641452e-03
4.922973085012345013e-02
-6.159614614839026975e-02
6.031248196451819560e-02
5.595357818441396708e-03
4.918289870382688833e-02
-1.410254819950901989e-03
1.909894084562621316e-02
-1.398461307827019925e-02
-3.146060177823275378e-02
3.085358603118101492e-02
2.353985885189837507e-02
5.284548469406075838e-02
4.799513733841451191e-02
-5.190788975176368475e-03
-6.665817790841355173e-02
2.562689320948850422e-02
1.337256216859750158e-02
-3.013864269739218935e-02
2.067186221273778837e-02
4.084633101911488290e-02
1.695003952429827848e-02
8.463863261794060677e-03
3.732335160680126575e-03
-9.927828348743573603e-03
5.406297772505451460e-02
-6.309142055711509933e-02
4.367451616910113243e-02
-6.373035389860308084e-04
6.686167397339581181e-03
2.210189961986166324e-02
2.610897043319075628e-02
-4.230396939816067833e-03
2.451172170124046520e-02
1.914205975723721684e-02
-5.814824858762442789e-03
7.485368453772454911e-02
2.621844477486917277e-02
-4.470452917240403529e-02
3.516611718142063914e-02
2.774334014547704536e-02
-4.898185436459431136e-02
-1.650624237401220398e-02
-1.228347402689715026e-02
4.793750625984162517e-02
2.062414136195925979e-02
-5.288388115994471783e-02
4.267359526745517079e-03
4.072033823017828097e-02
4.777304343982812646e-02
9.994158725036780128e-03
4.837409636259422385e-02
-8.381910493288558667e-03
-3.321268420339099081e-02
-1.577263926512955175e-02
-2.402668127994878750e-03
-8.000684528133757134e-02
1.809438363450880174e-02
1.896336423904961682e-02
-5.341454070077915339e-02
3.074278093108454707e-02
-2.280817964033186179e-02
2.102333830357040051e-02
1.342600573494506788e-02
-8.593329339466843075e-02
2.851831510470883430e-02
-2.459590737790844431e-02
2.924034002709154437e-02
-2.146965898572820997e-02
2.069728403623515706e-02
4.099848124020238904e-02
-1.776988741367333674e-02
2.593916589372053522e-02
1.178700115018685088e-02
7.133574162034080068e-02
-2.038124307441829125e-02
4.020807822206721310e-02
1.613794431118468001e-02
3.107235718588062523e-02
9.934508495797722202e-03
2.120379489435387371e-02
8.666815500576487835e-03
4.540386499283266541e-02
1.242698076586212959e-02
2.054742240757204824e-02
3.093262630044103095e-02
3.133860597003583492e-02
3.533637001517694887e-03
-5.419217942960443714e-03
3.581372277106083940e-02
8.743465992673704265e-03
9.966413097249857828e-03
3.038967799067864711e-02
-5.389220430300645931e-02
4.573320426240368858e-02
-3.704548534352974931e-02
2.601542581369738899e-02
7.968665725746984507e-02
-3.180157716685753228e-02
-7.727662888505469445e-03
3.428954245180360766e-02
1.788013175632420862e-02
-6.462258494141924492e-02
9.127755200422495857e-03
1.897770492217625352e-02
-6.368164451610530685e-02
7.216960615913962929e-02
1.188995706587493706e-02
-4.510715147447615786e-02
1.745169421736738127e-02
8.612577968379331317e-02
-3.095121981794043270e-02
3.309663504044969840e-02
4.053674250197474016e-03
-9.889304541532206033e-03
2.477387647511718888e-02
-2.681383085434052918e-02
3.496212957808583072e-02
-2.071458334378901631e-02
5.853735498799433890e-02
3.786313565954967791e-02
4.654670235104199638e-04
8.120393196897533056e-03
-1.348413477012001538e-01
9.430445605667606146e-02
1.639594602719878294e-02
2.448577013469865199e-02
3.330891368724599177e-02
1.174738219575525988e-02
4.594971820782546568e-02
-4.097941673199580886e-02
1.201216306529531291e-01
-2.866026938636651727e-02
1.042238902778750975e-01
2.368992505822130681e-02
8.351398420596350958e-02
-2.654069455210460518e-02
4.154330100305374252e-02
1.185163894665894509e-02
1.133227134827414183e-02
1.292261417647884436e-01
-6.178619253035434744e-02
2.119392437641801075e-02
-6.257626378156062527e-03
5.122085254991669279e-02
2.193944326914519169e-02
1.200869912145673818e-02
1.847756943782469588e-02
3.732737287424873693e-03
3.067154588887901698e-02
2.459421191231392009e-02
4.537497535335048571e-02
5.516254082798566910e-02
-2.022054592999535105e-02
2.437574305740942276e-02
-3.553547049756688309e-02
3.077379411422481031e-02
-2.335403949519825745e-02
3.272019360484874906e-02
-1.611830638126279802e-02
-1.563981315139193265e-02
2.601509626330174643e-02
1.868319481699558596e-02
-1.989246337544106624e-02
-1.786586818065385648e-02
3.651990320432294684e-02
-8.145572523234879264e-03
-2.577545140698632442e-02
3.772684346891124613e-02
-2.093423752930662421e-02
3.746582261950983945e-03
2.404817769748435891e-02
2.980679163121235237e-02
2.184545924588885552e-02
-1.696635926325417917e-02
2.822137135732314880e-02
7.718732067753077131e-02
-6.470387975543871566e-03
1.314351340599607433e-02
1.319520405181705963e-02
3.751241863997385739e-02
1.755894145763391423e-01
7.665536961806772298e-02
2.079082188953385035e-01
1.527939000483268250e-01
4.826813264182266972e-02
3.226150037386601444e-01
2.610266598453060416e-01
2.801552628617141050e-01
7.609072858627471958e-02
2.336048542622330138e-01
8.605628751848928837e-02
1.319244225216766875e-01
6.315602205276506231e-02
1.064540761287521009e-01
2.028017121400663841e-02
1.077315375439860945e-01
2.593264809861896628e-02
4.807379090520809417e-02
9.219232826390209856e-02
2.480117143885647579e-02
6.025824447239805370e-02
8.408181390351732176e-02
-9.509130150751141791e-04
4.849459036312599169e-02
2.368755748578039305e-02
-4.238142107880015982e-03
2.464013743325972963e-02
4.053239517641672729e-02
5.731177464769164620e-04
1.708473708595677210e-02
-2.027094668737007555e-02
8.395881841796107650e-03
-8.443897225690168498e-03
1.559830653220116263e-02
2.448685314694340476e-02
6.672778390156119087e-03
2.393034504441662533e-02
-5.965062406510186765e-02
5.406521163567835214e-02
-1.194123936508898962e-02
-7.578369954803137326e-03
1.246825771509807272e-02
2.065547169872885766e-02
-6.541521269765739055e-02
1.234425022210470894e-02
-3.486310356874344069e-02
1.285943704479017846e-01
-9.810392896230392401e-02
6.824793458442605931e-02
1.183745197952008020e-02
3.648347056591007970e-02
3.399525199224406879e-02
-1.977371433745124876e-02
-1.977764648409602657e-02
5.769941098058933154e-03
-1.474846451174748312e-03
1.347491013476134238e-02
-8.424632102170519915e-03
8.706594709324166903e-02
-5.658775958837045789e-02
5.823407855884538131e-02
1.191890518863750019e-02
-1.110468700195382449e-02
3.224420121264492956e-02
-4.697749526087497546e-03
2.336545329615472358e-02
-6.658610478226149876e-02
3.785701361207855636e-02
-7.461970417818862555e-02
2.669964593366895567e-02
-2.633112318671800359e-02
-6.609758632759704655e-02
-2.971902962482503296e-02
-2.338187197220654295e-02
-4.036669780918425432e-02
-4.833923434587902856e-02
-3.477542728584238213e-03
-8.796752273919929838e-03
-3.839398724527896822e-02
-3.323118640641962995e-03
-4.473529047294184935e-02
-3.641517934145949154e-02
-7.352777495167325122e-03
-4.577835654995549702e-02
2.710229765134988117e-03
-6.442043287391037432e-02
-1.161263831629698665e-02
-7.546229082388128395e-02
1.933392527534116140e-02
-7.048128642324150150e-02
2.385742570190870632e-02
-4.055420908435704297e-02
6.504415214791938946e-04
1.253221592472831929e-02
-2.030995620738868315e-02
-1.782579279422214814e-03
-1.694609655247078950e-03
2.396288624820901159e-02
2.590628360879277184e-02
3.152000393297667985e-02
9.726396952792652068e-03
1.294870317689534797e-02
5.130959837326517364e-02
1.975392045439237215e-02
2.004758200015045386e-02
4.811220702722973641e-02
8.134838520893241873e-03
4.697835065242427638e-02
3.347849306215752024e-02
7.182353664229770840e-02
-1.332468235182534752e-03
6.171188382927114691e-02
7.651481943268173547e-03
3.480473355321080098e-02
4.345729252329948861e-02
5.467881542987977628e-02
5.484562472066911720e-02
2.663142940028767613e-02
6.999070060526244030e-02
7.609028180593487012e-02
4.744270378853934766e-02
-3.330174698884637297e-02
1.122684818458627998e-01
-3.082735568496875259e-02
8.175682082235702364e-02
3.605476863917891905e-02
4.916099210826119226e-02
3.231068792988048971e-02
1.353767225643911012e-02
3.021284409553473896e-02
6.055528024921848218e-02
8.675065130523000601e-02
1.859997335429765947e-02
6.225385384792604671e-02
1.050020254250581819e-02
-7.755947396867135524e-03
8.081079991227212156e-02
1.892798356296837570e-02
8.573005271074757294e-02
-1.163815656935616658e-02
1.639447491447737493e-02
4.567281683801809045e-02
4.719154306453084147e-02
3.046022586066007148e-03
4.065793501737813287e-02
2.861522976107190933e-02
7.609217521588104716e-02
2.424662129446393879e-02
7.384144892794533566e-02
3.628447689777305335e-02
2.477217057548650528e-02
5.498627512662088851e-02
3.870098014197539266e-02
1.919893746361248099e-02
1.494547215857058853e-02
2.642271411275912141e-02
2.154765700606489295e-02
6.292592194072169076e-02
2.974271589645362257e-02
3.052638641950980100e-02
3.841051181235905637e-02
3.430683422229018065e-02
3.410589565314457727e-02
6.604800027830304288e-02
6.673298901798124794e-02
2.850059444651838192e-02
2.081970360007134521e-02
6.950745273984126893e-02
7.088127535380150945e-02
1.358278288186902730e-02
1.002795920974215438e-01
2.392113849630738559e-02
4.266574176475532165e-02
2.200339356835601112e-02
2.537195462503401278e-02
4.618632822233440655e-02
1.348809341431853222e-02
1.026052714223625768e-02
2.258057645296921920e-02
3.955529058252925390e-02
-9.379895490264952840e-03
-2.491807905669824949e-02
-2.210894471158250663e-02
1.767505199232625654e-02
1.626440490260552124e-02
1.076539833179828570e-03
-2.942974492170248590e-02
-2.759579949375592228e-02
4.913066998129336782e-03
-7.407091593097415994e-02
-5.375227284649117254e-02
-4.270533256822643675e-02
-2.956956728209526528e-02
-5.303123203402829167e-02
1.351338597992281926e-02
-7.845858837124408680e-02
-1.657046571748379063e-02
-2.103761387608596434e-02
-2.990675501931670116e-02
-5.147881719579566057e-03
-1.329218743136073577e-02
-8.691367194405552610e-02
2.583653687280435332e-02
-4.431048657523485590e-02
5.157942386296564263e-02
-7.945214189554970774e-02
2.476023912609150862e-02
-5.761725310921853721e-02
3.394845121804816734e-02
-3.327838057975866792e-02
-7.816917618283723834e-02
3.534519865274702438e-02
-2.806537544942887263e-02
-2.477213560187721542e-02
-8.876690932339137766e-03
-1.946847637128115358e-02
2.821666256573075737e-04
1.851567696641286814e-02
-4.055777016816821540e-02
-3.834920117224291380e-02
1.150428879431609173e-02
1.112410907601725681e-02
-1.360031199275697419e-02
5.608666207155536126e-02
-6.279767143814720884e-03
2.425220065199500119e-02
2.554165325829213171e-02
3.820292316714028052e-02
4.186088282378509773e-02
5.901232196132145252e-02
-3.428987190065288515e-02
-7.151378171270201048e-03
-5.253129704436894712e-03
-2.852940971278263363e-02
2.880832756943958045e-02
-3.855916616791925378e-02
2.843737540159506361e-03
-1.626082715789838040e-03
2.738849091946617478e-02
-3.680859445638620664e-02
1.391870724481809006e-02
7.180220701900215385e-02
2.525021822269291755e-02
-1.804517768601877556e-02
2.031332810582725176e-02
-1.350758976133788203e-02
-1.151716140472693745e-01
-7.035616533799071703e-02
5.545308165083662200e-02
2.837215186474987827e-01
