6.026934537997075125e-03
-2.834387001607208134e-02
1.312963916966225497e-02
-4.924863678241298004e-03
1.493713506131988389e-02
7.184859613653005184e-03
2.391456310474948666e-02
1.515711870622538093e-02
1.709541800157787783e-02
4.366099835887427005e-02
-5.091744171779843953e-02
-7.831177978096626191e-02
1.288908139375366524e-02
-4.021641010200216471e-02
7.753794566691007972e-03
-1.345707839825904806e-02
-4.184795771836635758e-02
-3.313500687013526402e-02
3.457406937877927078e-02
-5.040372325396624831e-02
3.961939931943758708e-02
2.046295122872798800e-04
2.776644946517459189e-02
-4.842462199859642880e-02
2.738627404571758461e-02
6.954918280605237868e-03
-3.902743863922397693e-02
-9.145802855843321311e-04
-4.349780000869385432e-03
1.335214434932674443e-02
-2.299559711371323978e-02
1.739784103228614320e-02
1.163281448786834815e-02
-4.312022388835390352e-02
7.666352242241036841e-02
6.037512186959670402e-02
1.665890101892220088e-03
-2.170990368118230762e-02
5.098168083195475653e-02
3.491256070192028105e-02
4.229540059978376121e-02
-4.948795568763308950e-02
4.964436834008001398e-02
4.381331662012755146e-02
-3.551191545364762447e-03
1.208919697465735688e-01
-3.988675325180324194e-02
8.544713927355118699e-03
4.263671793727974446e-02
7.804278516612406236e-02
-3.460485500472643139e-02
9.098774818639965289e-02
2.878584045718213247e-02
8.756547482700249851e-02
-2.528898254669842416e-03
6.481211512512796702e-03
9.730440314041466365e-03
-3.133404423262842187e-02
-3.776498623939117394e-02
1.331564027917009341e-02
3.987421819368441867e-02
-5.741336157853060840e-02
-7.313605998788386131e-03
5.889285867786142603e-04
-3.122994306227422356e-02
2.357582262793744832e-02
1.702351783255151574e-02
1.585558110225893103e-02
5.572723083495656482e-03
3.721855258962136759e-02
-1.379865562519944078e-02
-1.129952647548426725e-02
-1.986029631722363575e-02
-3.806850748228640668e-02
-9.484075247429668565e-03
3.970866153713004110e-03
1.066651634694704143e-02
6.807032091497333681e-02
6.117963987464181130e-02
6.429108741638533964e-02
4.053672013826137288e-02
7.470001408350834815e-02
-2.690118322075885082e-02
3.836345065668567145e-02
-6.205202582734647976e-02
-5.242368699654753605e-02
4.275116772658016373e-03
-5.604094993828478977e-02
2.691511249700528907e-02
-9.410242985375605329e-02
7.434732204574334702e-02
-1.939170540840917667e-02
-4.370339538156242654e-03
4.388558438451606314e-02
8.996654827842398561e-03
1.852545828207574630e-02
-3.222565953260070337e-02
2.553153390141726931e-02
3.898554965051648225e-04
3.051697175923662186e-02
1.632361634526624528e-03
1.303911608426022717e-02
2.503375781778416354e-02
-4.560266994553541231e-02
1.285868097567988144e-02
4.773534343525853707e-02
-3.311150838135468177e-02
4.007802851052377768e-02
-3.204182121411514039e-02
2.303599954535995309e-02
-7.211057731772108070e-03
3.029145702287650010e-02
4.539838297843612480e-02
4.949626803514206586e-02
6.644867985431668345e-02
3.288675098548843323e-02
5.725402357586117930e-02
1.247257211463459470e-02
2.311111809168187037e-02
3.301475468623538134e-02
-2.398274746478312736e-02
3.635638771479321463e-02
3.141079247834799304e-03
3.502685359508372898e-02
7.033717008035189622e-02
8.042017429301084874e-02
-1.110678840617840279e-02
8.022507582037707863e-03
2.715147351021318656e-02
3.683870054813853656e-02
1.799789752943015131e-02
-2.051346161733924589e-02
5.062752112450530362e-02
3.987320537422522904e-02
-4.423235329089614254e-04
5.549586458980604320e-02
2.172696106016047679e-02
-6.070102018672418609e-03
4.041904733218792956e-02
1.078625680559008870e-02
4.385009146244289724e-02
1.388892984855027990e-02
-1.464853056453074842e-02
3.444025037477871365e-02
2.492574440641259770e-02
3.357609399720562493e-02
3.911325060654258223e-02
1.310719851907071742e-02
5.310870648224641499e-02
5.371649423110591570e-02
5.696115850009642045e-02
-4.788681600636035540e-02
4.074034061216424973e-02
2.963619689076768537e-03
8.954192926403647945e-02
1.230317559672045036e-02
1.940081176611041514e-03
-2.398523391039431019e-02
5.872316978890435024e-02
-2.108104620579709376e-02
4.239038787711058021e-02
6.266518259067899166e-02
2.257649366046132755e-02
1.957027032602720595e-02
1.272489311804569923e-02
1.859994155445487962e-02
4.444019725239423124e-02
4.631621212922620856e-02
3.342709518895548015e-02
1.085705968625028106e-01
1.089157191715539597e-03
4.489177298475244271e-02
2.673174463382999022e-02
-4.530991092764669048e-03
3.783356560502681987e-02
1.117747658989332038e-02
1.562323572582480224e-02
4.258780776506343457e-02
-1.086202902810962101e-02
1.735965374227976810e-02
5.043225464102496503e-02
4.277008240490065560e-02
1.713436902460863109e-02
9.618004018773440578e-03
6.381120809852980358e-04
3.428303521328723846e-02
3.987758642060468262e-02
7.522848830249628804e-02
-4.795880503542049311e-02
8.991988504916559322e-02
-1.103485489519240303e-02
2.729265047924478438e-03
3.616036343286488375e-02
8.102666835613980822e-02
6.116425968085437148e-02
-1.621831914570881494e-02
2.435262814324845593e-02
7.136080075316630911e-03
4.476785873991584452e-02
3.836692059520796505e-02
8.209669709233313739e-03
4.662682640059756523e-03
3.906132095797154591e-02
4.868091855552059144e-02
7.069788404987509267e-03
-9.180200760716683561e-03
6.551304048505812716e-02
-1.748206599275903272e-02
6.239258000035885487e-03
3.306792617103582188e-02
7.899091188944495912e-02
9.616712998104404164e-03
1.354359192111997956e-02
1.546600006593434884e-02
1.574843090331334849e-02
4.527812974217049202e-02
-1.817525838110256586e-02
6.267982986885156649e-02
4.465456093357111911e-02
3.820476020633378766e-02
1.135939674563601898e-02
3.420715576773636357e-02
3.673685180357022517e-02
6.464328784440454001e-02
6.354805054656287311e-02
1.865877220235256928e-02
1.040919294184194932e-02
8.419192561573773936e-02
2.241181731854346992e-02
9.313632671594351820e-03
6.684798074173459170e-02
3.811444248927364775e-02
8.074666618114623162e-03
3.464838067049313963e-02
2.008477426777233177e-03
-4.956155419161900610e-02
1.755673106404564976e-03
3.238303328812364157e-02
4.460214058025613326e-02
7.539281792911767255e-02
-1.487029526255101430e-02
-7.507448882173362037e-03
-2.344178193379464759e-02
1.324498989694999906e-03
1.933169057717099015e-02
2.195497393424217236e-02
8.352523548577739376e-03
4.134212279541626955e-02
3.630998180834410505e-02
1.151707847643956839e-03
2.622945259511721972e-02
1.663468761070840962e-02
2.072482199674885450e-02
9.803415804485515750e-03
1.223690138223298973e-02
1.567619699174183090e-02
2.166133748265286485e-02
2.837665395316579797e-02
-1.771518293473750560e-02
-2.583953638333191805e-04
9.404847195233845270e-02
1.190108129772049494e-02
-3.479172308744438169e-02
4.599589674526960437e-02
3.169447493423849238e-02
-4.596515262422906645e-02
8.723539590103346342e-02
-7.363627736255207168e-03
8.242309258580471365e-02
1.890781100903460299e-02
-7.744925648277334318e-03
6.386769753278898065e-03
3.761490825566982110e-02
5.733529734497677666e-02
2.856621399915093562e-02
2.125922434440141728e-02
4.432672617237987112e-02
2.878562766284487040e-02
4.151519706435147228e-02
8.252897177142948237e-03
2.836732602124181213e-02
5.381878443712606597e-02
1.455994565493856641e-02
2.999359143658297810e-02
5.975379023195381833e-02
-1.067957853221779274e-02
1.842358330335702732e-02
4.839582663028929588e-02
1.040149250756972066e-02
4.233968702719792532e-02
1.883039924261575848e-02
4.133812787877122474e-02
4.623298953884491524e-02
-7.875956047689314232e-03
5.571044172820061036e-02
1.139205379895935621e-02
7.391321279224705165e-03
4.735085042608710992e-02
4.601528571451707350e-02
2.904703450308687707e-02
2.108507118819558102e-02
4.180641331348278200e-02
3.395603970869620625e-02
4.349481972202751123e-02
1.197739650255913446e-02
3.482429574028600427e-02
8.817445851804084356e-02
5.335494059611844975e-02
6.080136856685003366e-02
-3.137959811693846746e-03
6.021975928091372054e-02
2.346666883979464657e-02
5.084699881524423759e-02
7.541049516649778184e-02
-1.468838807443484384e-02
1.490501748076455968e-02
2.187675082004458815e-02
4.286069794108593456e-02
4.151570576130181323e-02
1.744657826598183803e-02
4.845131286104509272e-02
-1.183030510538252145e-03
2.281469095804133929e-02
1.496868898753422883e-02
4.284244203178344534e-02
3.207896436154555886e-02
4.269250229899013149e-02
2.256964754288937058e-02
6.444225577935780436e-02
3.467728985410145626e-02
4.458895801754581001e-02
7.689342475079463668e-02
2.303983203385806533e-02
1.903493438703218743e-03
2.451570675442393821e-02
6.762397964049515764e-02
2.009614940868287292e-02
4.013340034093992870e-02
2.695618903339580541e-02
3.192734156006560298e-02
2.504109239916685326e-02
3.150934419422712907e-02
4.130187521956685259e-02
2.641720511395728721e-02
9.567711343052121009e-03
1.069122760678498096e-02
6.941313202641907765e-02
-1.831882134966100750e-03
5.300648933078067060e-02
5.649741723582968334e-02
9.783477856009969997e-03
-1.397526735164111855e-02
5.071348163955224919e-02
3.027282639368333861e-02
7.844743490041672374e-02
6.823872537451203257e-02
1.995067995961274931e-03
5.811393810984855079e-02
5.025754108703761602e-02
1.156256492964580218e-03
4.018430655025007070e-02
9.141147020220641295e-02
-6.125229765193918041e-03
4.134505521961751029e-02
2.738567101214561816e-02
5.956968204216916973e-02
-7.615077498919653465e-03
6.110198171571878945e-02
2.437168963222902107e-02
5.303099018021750766e-02
4.030051669270351411e-02
7.821400312010906575e-02
1.385442660098412659e-02
5.369946903206379574e-02
1.782393572984952712e-02
4.109485507406418492e-03
5.055397845965980963e-03
7.294616000627929253e-02
3.272325474189585748e-02
1.114217265341923557e-01
-2.863258048841865744e-02
1.508640261968396956e-02
4.156245709871342342e-02
6.086800673075254409e-02
-1.923334963832123989e-02
-3.476083314672839819e-02
9.058934583226641024e-02
2.942506691567592370e-02
2.596436194601858816e-02
6.080334983903812329e-02
1.939557667069102820e-02
6.652759109731487541e-02
4.814495602379809114e-02
2.282414085047834718e-02
4.526643233313665249e-02
4.018518153046635177e-02
3.254596227975037337e-02
4.958182904868779772e-02
2.686175554870384730e-02
-1.011974111134961163e-03
5.026354378267283707e-02
3.578869017959540599e-02
-7.142444983024587302e-02
1.151090419968325840e-01
4.111264224290955838e-02
3.304968845719491455e-02
-4.182817005486061390e-02
9.488952914318549148e-02
8.938779996455537002e-03
3.963214536652781561e-02
4.159742139594113652e-02
2.367572395985062528e-02
4.240710219140675363e-02
3.171496321084887882e-02
4.794829065323469308e-02
1.157335580316187773e-02
3.756524257007365364e-02
-1.731810835425839912e-03
7.237933920950201383e-02
8.262996674999367741e-02
3.473684882932825957e-02
-9.957476061988046467e-04
5.863378244893668878e-02
-1.885685221647603882e-02
1.774011916438889003e-02
6.059771819262316228e-03
5.447030319233858719e-02
4.578424468623953913e-02
5.097048624620326152e-02
7.822459524092106875e-03
1.767737759527010510e-02
5.413056280293604416e-02
7.239544259707386686e-02
9.490412700710937344e-03
5.547019533417296699e-02
7.133612038417247447e-02
2.774002230018268733e-02
2.990004516234723297e-02
3.366335751761306838e-02
5.346365312548906346e-02
5.023551464568987157e-02
4.699136483794541519e-02
-1.154840039122806417e-03
4.447769410750934682e-02
5.599457328173595982e-02
6.178085692921886363e-03
4.251279573843547155e-02
5.500201490631040357e-02
5.671809950285444657e-02
7.254586755303105150e-02
4.875909759004715127e-02
4.994020331254822587e-02
6.576523178108661938e-02
4.560952975829191125e-02
6.874048340343530406e-02
5.670553079353179982e-02
7.884728821587572156e-02
-3.931061490440468376e-02
-5.031706233105825987e-02
3.824917810757044734e-02
-1.851830092175488218e-02
6.903316810524184888e-02
7.011406738104408731e-03
9.811796965149666150e-02
6.068253406646162418e-02
1.255501455406493605e-02
5.163239937686636694e-03
5.572718201631077228e-02
2.032551005189064952e-03
1.082938636401520327e-02
-9.886648173382361904e-03
3.577168934120167343e-02
1.966566928990176599e-02
5.455976818855390320e-02
1.960887825788626415e-02
-2.407644510359796541e-03
4.969070674282760613e-02
1.972740074947365585e-02
9.753541083845185256e-03
2.600144988952823866e-02
3.996501706267086007e-02
1.600945116339502761e-02
3.737905082705150761e-02
3.030547049977916352e-02
-1.670101685399916214e-02
8.372039387089746931e-02
8.686550647942103964e-02
-3.957471625447483987e-02
1.597679017363118348e-02
2.394395851092001593e-02
5.809771575047384395e-02
-1.532758149092927624e-03
5.855671794377670381e-02
6.052157446835404464e-02
2.639782646229837937e-02
8.891755131723133587e-03
1.719175818952756174e-04
3.098310174835505748e-02
3.897114521785405294e-02
5.371391554099380627e-02
6.479275285901708870e-02
4.993277022531938947e-02
1.243845029659040868e-02
-2.044196691092681206e-03
1.758431350161848705e-02
5.098956048862124391e-03
-1.265049459388034592e-02
5.593563956531122372e-02
2.524191058979541324e-02
2.958840447554922370e-02
2.915429434060134994e-02
2.558855772629531344e-02
3.366874693859767120e-03
5.891723458386510792e-02
2.645920493504405613e-02
-1.196804863196487823e-02
6.403368004392429036e-02
2.992896753481044669e-02
-1.390886067861218933e-02
5.869039337452020000e-02
4.086793938559107886e-02
-2.210159715218473764e-02
6.133577470796724995e-02
2.112876960161980122e-02
1.664947303374741949e-02
1.235507892758591630e-02
-7.126766769653958278e-03
5.562863013157581804e-02
-2.226413254939885178e-04
4.141892733263929927e-02
6.041982876693197113e-02
1.993749274015743644e-02
5.191360107193854212e-02
4.057644007711869172e-02
2.225238400747509004e-02
1.647475023900213387e-02
1.598241869676431115e-02
6.671296246815394682e-02
6.981086061955110722e-02
4.603300371870666652e-02
2.365680836517514152e-02
6.299623559193179290e-02
1.089886997518001444e-01
6.531302076054190664e-02
3.086961970241208775e-02
4.905607181545557083e-02
3.725828847413747980e-02
-2.595589664589947887e-02
-3.057027560524572252e-02
7.389014801556292866e-02
-1.490400258033730552e-02
2.889903659909043299e-02
2.826752410371469182e-02
-1.384197709681478372e-02
6.188423226475903149e-02
2.748939390201554644e-02
-1.436846151813098160e-02
2.634382658700618052e-02
4.843334185850522999e-02
2.895283871161291600e-02
6.212975107291285326e-02
7.300252303460785797e-02
5.483824221984079372e-02
5.766762853690909907e-02
1.346475558326458710e-01
6.010506186102326787e-02
5.256756260414063853e-02
1.327752152843015843e-01
5.473792336793792401e-03
1.029135988180418515e-02
-6.888841233440112788e-02
2.746590694367512242e-02
-3.478884271068150014e-02
3.758252122372374160e-02
-6.041008001111336512e-02
5.178421591286541670e-02
-2.721978146220527250e-02
7.014908412729803366e-02
-2.162396487789219890e-02
1.204098844876666519e-02
-3.925309267212240272e-03
6.999797749058123131e-03
1.868175241273162257e-02
2.776881950436904667e-02
8.376650140294850111e-02
-7.374818170474872758e-02
1.013089710707018032e-01
-1.710377568319465524e-02
2.075577065890743533e-02
5.266410876683647047e-02
3.269668527515623424e-02
3.858326473385331745e-02
2.342139298668710623e-02
5.015155536023785388e-02
3.894360186762924059e-03
3.456305649242685796e-02
1.626267327762276338e-02
1.129968544860937563e-02
1.532875037255698736e-02
3.301687677041775792e-02
4.611399655795511698e-02
1.510941713982982826e-02
3.290666239099326873e-02
2.883701896976509360e-03
3.445519174570543797e-02
-9.989169796789765243e-03
4.501086168993251313e-02
2.979856120053825386e-02
-2.448957541522744918e-03
-2.869342923856876837e-04
4.285055931628445336e-02
-3.048431872758028405e-02
3.593868154025137152e-02
3.821450084076460918e-02
2.949410529998752750e-03
1.845345653818508680e-02
5.100588882869638852e-02
5.231075072628987854e-03
1.906423510369026353e-02
2.661391455138772955e-03
6.084511168179806972e-02
9.759237984261037724e-03
4.470335812976711232e-02
-3.143211979122395583e-02
2.894778113929707963e-02
3.301127988597540863e-02
2.442600968604091705e-02
4.360700309644993666e-02
5.712942470099147130e-02
4.893879574157455892e-02
2.416103384570078561e-02
4.057659085884290917e-02
5.469448228441642357e-02
6.627934899556997550e-02
4.389049787544241354e-02
-1.079532673282912469e-02
3.118413690755783563e-02
6.994891655997204083e-03
2.171634730528770874e-02
4.529779197261207813e-02
6.692239539450195451e-03
1.327145884938962794e-02
3.413681808404200879e-02
3.111146677245102410e-02
1.570573956510656899e-02
1.829162929623140421e-02
3.208593262777759136e-02
3.359079727621772093e-02
4.240336912250119994e-02
7.470730463759478468e-02
5.623724522838280393e-02
8.676031286493213202e-02
1.862580207536357335e-02
5.012334231359893977e-02
9.680730995599229338e-02
8.558485683377914377e-02
-7.032558558820301009e-02
-9.837446332213861666e-02
-2.406644020069914625e-02
-1.797554739483420150e-02
-2.609211044624659692e-02
-1.709031318199416560e-02
2.261229610101156418e-02
-4.477875347686532947e-02
3.633443516398715545e-03
2.557139507387873323e-02
1.241326081396421088e-02
-2.327126156761050169e-02
5.823803760049939271e-02
1.001725290687449643e-02
4.576987763351492156e-02
-4.198444754355712405e-03
1.686965465470802172e-02
6.446830572900630330e-03
5.225359283753583384e-02
-3.582606231377272188e-02
4.013888137679844093e-02
2.054323208715103100e-02
-1.719437226168518684e-02
1.747494221862400110e-02
1.993069607809028199e-02
4.305602098468064298e-02
-8.197990324692927544e-03
1.000888821750534063e-02
8.348601460892890458e-03
1.763280014099022353e-02
5.231138581706362700e-02
1.080672104196001015e-02
5.632017813964829145e-03
1.310542751147503182e-02
2.896431544688926607e-02
-6.612543633193190828e-04
4.314374468034509746e-02
2.806102782853692190e-02
-5.657796984971596999e-03
3.188002885733753899e-02
3.416191148404834621e-02
-2.202046201826313165e-02
4.989607966629083791e-02
2.953687067833765667e-02
-5.255846569296895865e-03
5.890714503165606075e-02
2.398262786713178940e-03
3.101932552788255748e-02
5.800237975108313293e-02
4.693761479616220811e-02
-1.870261670253059449e-02
3.589003331342155434e-02
2.955892208741284222e-02
4.891241644953936429e-02
4.751574215201204154e-02
3.656355317128223703e-02
5.261903237602805206e-02
2.289378304844502665e-02
3.012394539002949401e-02
6.586252411747040014e-03
5.071667018149739192e-02
6.260765633888620840e-02
3.281423607646027918e-02
2.151924032943819398e-02
6.158597142042587791e-03
1.780960816898957688e-02
3.447902315558692976e-03
3.425581156543255901e-02
-1.446569683020815233e-02
2.784038912635189433e-02
6.136903694421347311e-02
4.172151392988521224e-02
9.816722728643423324e-03
1.714068516762123906e-02
2.293078662250103150e-02
1.831472282090995662e-02
-6.788283641093517673e-03
3.925096149255091760e-02
5.423787586116723958e-02
-2.033942835470892163e-02
5.153217716107416635e-02
6.617030461490402971e-02
2.217017970788814907e-02
6.058186939791321279e-02
2.815263624624453342e-02
2.897301081656378230e-02
4.246073772187575202e-02
4.524218340956398521e-02
-7.805988732282553855e-03
4.063075240927238596e-02
8.307509034226301381e-02
-2.263647542586033623e-02
4.500815320041384737e-02
5.957984160894325143e-02
8.187314295146608245e-02
1.933562641479635857e-02
-2.409647530236647128e-03
7.057382917764831731e-02
5.350080101626630835e-02
1.422655816030493625e-02
2.685668333834057009e-02
6.230893394399705798e-02
5.574346176741684644e-02
8.121551502468449257e-02
-3.960617452017700657e-03
5.164088199051697359e-02
5.342577562871086982e-02
3.205698329234785149e-02
6.117279713896861537e-02
2.105480061914777323e-02
3.465651711147366143e-02
-2.347461247075965929e-03
7.176313153197488859e-02
3.201073829962464146e-02
1.882050416947578242e-02
8.676046102543244487e-02
5.609151710393645018e-02
2.958508600038678438e-02
1.101974407176564696e-02
-5.771967928487775623e-03
3.062263355315586466e-02
5.235873644220268019e-02
1.962679878477935347e-02
7.050972040497560656e-02
6.260019071905054133e-02
2.387977361831339351e-02
8.997678925046503906e-02
6.157181492253638311e-02
-1.248887027013030337e-01
4.299096137656066574e-02
-9.824188922110899114e-03
3.218236389087625327e-02
5.608963169325953402e-02
-1.343106039627306458e-02
4.005899408421242924e-02
-8.348942306755979814e-03
-1.009970152865946602e-02
5.421310594417505513e-02
-3.381603719584402867e-02
7.465164479823060972e-02
-2.382295641908660500e-02
2.498064819236223144e-02
2.523929520017809125e-02
3.566604034697062886e-02
2.226560713352521148e-02
3.551704772861308257e-02
3.479509109790068777e-02
2.321750684428902645e-02
2.596747211029537539e-03
5.399642064785892259e-02
-1.310437143265241744e-02
2.812572370831700752e-02
5.554089903352510404e-02
-3.028388674474991049e-02
3.482423966489855971e-02
-3.473129122429652327e-02
3.884708527640690079e-02
-3.946892988989381124e-02
3.312467739416158352e-02
8.257551632011139731e-03
2.675489778566264576e-02
3.289868367302783980e-02
3.057676041499757247e-02
2.975130386899360602e-02
-7.347163882850615835e-03
2.893321239448232163e-02
1.938612634795866541e-02
3.764571359471924339e-02
2.999474361384679710e-02
3.046769193229881267e-03
8.502450286674179125e-03
2.279659788141907839e-02
9.568809297928471125e-03
3.360857556528662471e-02
-2.677495471471891264e-02
3.547246574641560457e-02
1.995559738684793416e-02
4.968335328282780239e-02
4.810186196640309220e-03
-9.133253109991024132e-03
2.391346237860059176e-02
2.367609128006220587e-02
4.307320844532736004e-02
2.661996038263536590e-02
1.239167666671647794e-02
2.207603375419564529e-02
4.421919204538937720e-02
-1.186349529244523637e-02
6.089414820884586632e-02
3.941119839236684186e-02
-2.978454742086533713e-02
1.054843638634714864e-01
1.776236255105567707e-02
-5.437372547301144721e-03
8.556304143271820095e-02
2.441954763712139709e-02
2.509817465952357551e-02
2.035644958274618332e-02
7.910680736220143672e-03
8.678146131234454330e-02
1.596046134266781991e-02
-9.445284825628341707e-03
7.082458313610562328e-02
9.809075653526289074e-03
4.667460782474819325e-04
1.540894917419910470e-02
5.867433316419834455e-02
1.295952349199858133e-02
5.023777839903154074e-03
9.764178497069897489e-02
-1.407417706531921553e-02
1.606336797365948144e-02
2.921965296750794749e-02
2.285223976313766059e-02
4.926361418428015782e-02
3.872322230225266892e-02
-1.180420404211313112e-02
3.558690766509942094e-02
8.559582576709034996e-02
4.989711020452292090e-02
5.005988383055992585e-02
2.513950806443610020e-02
-4.232775305022862256e-03
7.205036539202414048e-02
-2.687484765215142346e-02
-6.463318132927220461e-02
5.008894877180303240e-02
2.762822591393332416e-02
5.865918043799212001e-02
-9.538325921652379691e-03
7.135592945148294675e-02
5.529633943509404403e-02
8.012824081332858839e-03
5.722583463110453295e-02
-1.015954350096492931e-04
8.114104411779976544e-02
1.972726910082034379e-02
7.228250678117653649e-02
6.865264173881691079e-02
6.511851068967455802e-02
1.705778211227571006e-02
1.898929647528024844e-02
2.969105268677241227e-02
4.063805321241842350e-02
4.061471295905239032e-02
-1.004662504210829255e-02
4.062845614263377314e-02
3.363995826615173712e-03
3.684820873034855282e-02
6.296897606995388585e-02
1.178819716880985524e-02
9.174007276169238168e-03
-2.334691203056138420e-02
8.817209931718394955e-02
1.010673030172215547e-02
4.514432076005059358e-02
2.206375621572442824e-02
1.412363361792667860e-02
3.565399434843818938e-02
4.238902635317609580e-02
4.624169490856777642e-02
3.331582498884211319e-02
-1.261443120638450210e-02
4.552194217970884083e-02
5.383559282244876343e-02
1.121176480581365098e-02
1.512892475316895968e-02
5.134850034456839296e-02
-1.656322551438815793e-02
7.244339633053753502e-02
1.477475071378986371e-02
5.240203048164593369e-02
7.187785485149866815e-04
9.971816610001793535e-02
9.584915929474302487e-03
3.631259991579405266e-02
1.079478342632196330e-01
-8.363033806994213393e-03
7.377263502900621717e-02
9.280758456207394147e-02
-1.012657642584624540e-03
1.005446736429131960e-01
9.584596318391369607e-03
8.702897015329646990e-02
1.484055616387136567e-02
3.546011112405977883e-02
5.832698804276503779e-02
4.383091014637852112e-03
5.708274952979719430e-02
4.297321393978736914e-02
4.281107331284372819e-02
9.111413978215132659e-03
6.271528666391135154e-02
1.032755945829966215e-02
9.934667537636721057e-02
-7.492257308808536465e-03
5.729077540577520722e-02
4.827588448481856531e-02
2.645674112481932738e-02
-3.181673768526271928e-02
4.843299802052580816e-02
-2.883093312608497882e-03
4.490048286855041759e-02
2.341903411031021065e-02
-1.974470934600436323e-02
-5.231830228528355775e-02
5.854696421952709784e-02
4.004205436981456145e-02
-1.393683667082590283e-02
-7.316217532866930995e-03
1.451617851527209346e-02
3.578261378714553409e-02
3.011519348928337614e-02
2.359246111452106831e-03
5.900562655856722571e-02
3.472926759473016212e-02
-7.245525172662992119e-02
7.641030667694170830e-02
1.781714491579400317e-02
-3.032517439311321894e-02
1.493908308327807077e-02
2.271067505010071486e-02
1.309689191396179453e-02
-6.966771243064329155e-03
3.595021237006612580e-02
3.412546077932931965e-02
-4.844931374279770608e-03
4.188786662796317728e-02
3.314653492292762849e-02
7.999912756988081242e-03
2.197696295146878143e-02
8.020380416608841045e-02
-2.526556310443472952e-02
5.494761074027820769e-02
8.722525999553720766e-02
-2.401280502513047921e-02
5.967359016570217278e-02
5.538542375006239027e-02
2.676331398760689595e-02
8.903325287575736269e-02
3.864291560966481853e-02
3.968693360389208280e-02
7.471622793219800940e-02
4.524194982996387893e-03
1.748196137078039669e-02
4.081893563601513009e-02
1.367875014052399862e-02
4.568387581951771637e-02
2.057882972048030723e-02
4.893586279719697174e-02
2.839532927362853343e-02
-1.922378630338927863e-02
4.704956967741491525e-02
-6.035337293615405940e-02
1.453982665780371164e-01
-2.872761992060768321e-02
3.155766619946032137e-02
5.099597592211679853e-02
3.310379020742137968e-02
2.102299721957212597e-02
2.865269702003381269e-02
7.842548064794607754e-02
2.003461634345260478e-02
4.802306079711415876e-02
1.123314942770559099e-02
8.558335885478607352e-02
9.932894924207058551e-02
-2.319320983915185153e-02
5.465887258554547046e-02
5.874044883383522375e-02
-1.897392632282279834e-03
6.299744409996055339e-02
5.571903940190736648e-02
4.581751725229610273e-02
1.031011322170516387e-01
1.652793632973326154e-02
1.129145049143520652e-02
3.486963712587209940e-02
4.788119045776806360e-02
2.481497132356746960e-02
2.892241636319248244e-02
2.710086557842616983e-02
4.062443164056039890e-02
2.676802789234455915e-02
3.238897174681287794e-02
4.912268180906398385e-02
2.762625200882151688e-02
5.650433242231089892e-02
-2.100993681743767993e-02
1.304695055515336932e-01
1.046551225513163708e-01
-3.734115890134814819e-02
7.666576482764764222e-02
4.278431801227666753e-02
9.765358037257421131e-03
4.185967917762090096e-02
8.798762711114260782e-02
6.747134016385780697e-02
-4.743649324848497884e-03
4.628110175625499423e-02
9.678140513165178760e-03
5.933355950095675624e-02
9.986878920199426801e-02
1.096864988054591095e-02
7.072990773417719979e-02
6.388901774142397016e-02
2.222358825913128832e-02
3.317301510269743403e-02
8.304254321246729020e-02
-4.055512511052206115e-02
3.630062988038562644e-02
-1.032172334775305345e-02
6.860613730066100757e-02
2.679981389198005104e-03
-1.314591733984560307e-02
-4.321608072675120482e-03
1.379740876328261479e-02
2.630290617764652339e-02
2.054819997748036364e-02
-1.495703934154635206e-02
3.122932899598174217e-02
2.235700330494960753e-02
-4.983648939789864230e-02
1.229768833111148929e-01
4.622126689525618559e-02
1.761708671855188868e-02
-1.883784951796285689e-02
1.090988788573010737e-02
2.039939310487604018e-02
9.400824955562914198e-02
3.973831427594110011e-03
3.451152650427058433e-03
3.070468409737259208e-02
2.688088255866416532e-02
-2.728780115982720744e-02
4.012521941641944423e-02
4.255278578303611781e-02
-1.657667764342729555e-03
2.865277231476781594e-02
2.547299643058709151e-02
5.585231906680654390e-02
5.853844410335451443e-02
1.499220596925043836e-02
1.220535763317638356e-01
1.107469532559630654e-01
-1.069148740022729527e-02
7.174118446911625924e-02
9.085051070355820713e-02
-3.550676944291897286e-03
1.535354710783409793e-01
6.799477934376074728e-03
6.785813385953076704e-02
1.403311398412139255e-01
9.372337753495352253e-02
1.419645917872758289e-01
1.719234341060893456e-02
3.173274058526454056e-02
-1.200408755325104160e-01
-1.967167695828031526e-02
-5.187257886272056417e-02
1.558576103162012672e-02
-3.850708739112862489e-02
-4.531342203691623993e-02
8.222076919395693295e-03
1.222111529846126032e-02
-1.315159754862693653e-02
1.366107921818038307e-02
-7.420131212332314874e-05
8.535807061931244277e-04
6.052390002269758540e-03
7.774451339456867061e-03
9.183554613478861484e-04
5.957627518936359223e-03
5.854419383549913647e-02
2.850777253669756206e-02
1.875284375770025491e-02
-2.133341311039504973e-02
2.978095251833812185e-02
1.572166869876046036e-02
2.803167446759680104e-02
6.579082818609638394e-03
2.925004824861732189e-02
3.913730860433872749e-02
3.222952019632341347e-02
2.380249135824108464e-02
6.936764836354214481e-02
3.585426635028543529e-02
-4.134538170455837047e-03
4.238307640922966968e-02
3.553244635557817332e-02
3.124782551985338941e-02
1.688097704576874136e-02
3.265745982422041394e-02
-8.999644284058749832e-03
3.016821934204783062e-02
3.529048850420490879e-02
6.522204162441669340e-02
9.368424175281830912e-03
4.474143054600920877e-02
3.560315608628217277e-02
7.932201787006043503e-03
4.013011075739214562e-02
2.018198262341197591e-02
2.503687448197977616e-02
2.067498067082462754e-02
4.720120138873795668e-02
1.682287195863496621e-02
3.548627794887426745e-02
2.593198460248524739e-02
9.588170615690838616e-03
6.652336188438612297e-02
8.157027240668579537e-03
5.860315779406644054e-02
6.189361916865276925e-02
1.277866984153375185e-02
3.846015883820497194e-02
2.438214304802599486e-02
3.688918595755197316e-02
3.235932688321474515e-02
2.901860839301306783e-02
3.120156703230536621e-02
2.750078821870793888e-02
2.630421267321692014e-02
6.412781354717278504e-02
1.842914583848864751e-02
4.046175227180537348e-02
1.439962280406970052e-02
2.863807943970364533e-02
9.221309476583572362e-02
2.032132907144768019e-02
4.543854574301575688e-02
7.624180658409307476e-02
3.028842164599998554e-02
2.551415465024176044e-02
5.306085163687512818e-02
2.218122960716240044e-02
5.742318934187329305e-02
1.148165283622644139e-01
8.363351044948164059e-02
4.750683843499858838e-02
8.571432650211141535e-02
9.670548070342688263e-02
8.262795026482794292e-02
-2.257765763563623906e-03
-8.537214259108383274e-02
-4.951080038009836315e-02
-2.566112568867562338e-02
-2.101393927808414830e-02
-7.216678574728518925e-07
2.980392809945664467e-02
-6.448868082424397130e-03
6.228598187317935242e-02
7.038893819587332956e-02
7.010576416149350010e-02
2.889122980753588976e-02
1.128077804620453151e-01
-1.072454270203415660e-02
4.098357821874198947e-02
-1.522982632433533823e-02
6.027836355130489210e-02
2.574345386278942271e-02
3.979325939976741111e-03
2.481203989435498691e-02
1.299589723036853606e-02
5.897572098363990101e-02
1.353191585881297065e-02
1.664018854410609372e-02
3.657781357462752680e-03
5.090233234448016120e-03
2.975989382000610028e-02
4.174390908118219556e-03
2.680060700206055024e-02
3.220385019663063453e-02
-1.990723875668209963e-02
4.011991001858805639e-02
2.587619890599035521e-02
3.410419688034860286e-02
4.525343851363827774e-02
1.526027394955753458e-02
-2.608586373790777735e-02
3.047141846488021777e-02
3.459741911511016177e-02
1.817834612838598041e-02
3.507181992233232570e-02
3.215287988596315927e-02
1.536622392807140969e-02
-3.795630269350036556e-03
4.818978920083405448e-02
2.634151987206623247e-02
-1.220840621155128147e-03
1.989703164383760381e-02
1.645718658818462465e-02
1.872784183000475444e-02
-4.756978100017850153e-04
2.227964671802640240e-02
4.480343933697361614e-02
4.511729723378210544e-02
1.086494954477967845e-02
3.117203368578636002e-02
2.003735929835648300e-02
1.740544227407414546e-02
2.963290058141643257e-02
5.099837401797202574e-02
4.366694830909789715e-03
4.329443639365537777e-02
4.168375693527570647e-02
1.987568910039572145e-02
2.298602965750684568e-02
5.903675367651506356e-02
2.436614081773402773e-02
2.259334090083053859e-02
7.821456784934732731e-02
5.190255060316006919e-02
5.718766922932783103e-02
-2.510603323921967167e-02
1.924389106215396161e-02
2.581027731029328365e-02
3.849944484049405702e-02
4.078177139100991333e-02
9.876858538726995818e-03
1.135162519426735628e-02
3.840148210441984844e-02
2.159126201371153186e-03
2.538965818963578869e-02
-1.920268339999342544e-02
1.621128655813186548e-02
3.514292241789052085e-02
5.457649131948016930e-03
-2.708560701607565235e-02
3.141764702209171034e-02
4.637371970565218326e-02
-2.763007163608666161e-04
1.335859661005645016e-02
2.750610001866427012e-02
2.489402257648443140e-02
1.729450378540242639e-02
9.383987086222234097e-03
5.615809789987635803e-02
4.034880987823719067e-02
-1.299187650417499285e-02
5.505634066296005713e-02
4.981942137705219764e-02
2.623102686945277817e-02
-1.022480894795396722e-03
3.486572693411749135e-02
2.059112783302152749e-02
2.963706782784747418e-02
4.297107574628378224e-02
-2.762222789003776491e-02
3.849173465880406653e-02
4.550684692714535018e-02
9.410092432567074283e-03
8.088586445759071708e-02
2.416641652321582789e-02
1.199034894803752138e-02
6.487030554930939275e-02
-1.352203139312480040e-02
2.701507541152947667e-02
3.874705306386694303e-02
1.519398431461338461e-02
6.708106700301774694e-02
5.912836990337888565e-02
6.795240592821905068e-02
-2.550106434259236110e-02
1.135668478373030865e-02
2.207923169447312262e-02
3.582196496554779230e-02
5.165457992797861664e-02
2.969634204091908813e-02
3.706438638389997209e-02
1.320681711725457674e-02
3.998916992720902286e-02
3.088700616525796860e-02
4.953070556099081756e-02
2.469068547779151857e-02
5.269144769998934663e-02
5.892941440906707129e-02
5.847535947374637999e-02
-1.769329201632752202e-02
4.170234751318946387e-02
1.873416672500427538e-02
5.726678237307769592e-02
5.010648632179925954e-03
5.410111862779931613e-02
7.682681109580391521e-02
2.396666985721829235e-02
8.469310367754312452e-02
3.642979908358157104e-04
1.939351300455305349e-02
2.768065565839306075e-02
-6.924649141984318135e-03
6.300049625058279368e-02
4.144565768274599549e-03
3.919243115061066263e-02
-3.237077204105709427e-04
2.987719318834369808e-02
2.357350269571623080e-02
-3.141722767243360082e-02
3.623121208498614187e-02
1.688683332448914776e-02
1.770083738910677162e-02
3.068181302851913372e-02
1.361955984257412489e-02
1.969309762993520785e-02
3.579610194884264018e-02
1.940707023228260830e-02
1.124903761455553486e-02
5.086204124175552899e-02
3.878980236910112289e-02
4.242554945628174146e-02
5.206020753772433451e-02
-3.294170435816923259e-04
1.179198989313401391e-02
6.645524698141347386e-02
2.458374340562352600e-02
-2.708026308972222296e-02
5.284851437870741186e-02
4.944626033336008142e-02
2.189195031207291642e-02
6.829014842494540716e-02
8.102792678780001978e-02
6.461547123297028961e-02
3.891190529377119844e-02
3.184289823223585003e-02
7.963950962183918847e-02
8.321526214841279412e-02
7.479199233498601274e-03
5.521193584942496457e-02
7.169037438463288225e-02
-5.358023630385089220e-02
2.604096859922000462e-02
2.300698231149711503e-02
3.487021978316828807e-02
1.216751585903219635e-02
-1.443286584576553011e-02
6.766100295715871127e-02
-2.542303912702292834e-02
4.897793188933086128e-02
7.915984377362850211e-02
-1.126836450725776650e-02
6.493692667870498703e-02
-2.417872783984620355e-02
-2.019394382348993489e-03
9.229213182009043948e-02
4.969871653660984379e-02
1.272917887673541415e-02
6.923892826861011152e-02
8.961098284339552578e-03
3.776702994319203199e-03
4.442187357837767969e-02
2.312092889434458343e-03
4.174304067786871464e-02
7.853326428361917522e-02
6.259703422882711976e-02
6.769079875345296315e-02
1.739103747110570808e-02
3.964708405561623294e-03
9.289127223396165256e-02
1.027125272004754120e-01
3.743125067061514599e-02
3.805645774201527054e-02
2.642822320838433825e-02
9.459431377598304103e-02
-8.884644779921435642e-02
2.314550748066768193e-02
9.055756304292117420e-03
1.472690925804709394e-02
-1.489954322952535826e-02
4.572397563616092953e-02
3.092889573295609651e-02
4.815840610639332553e-02
-2.500390626904147595e-02
8.529609506190172219e-02
7.779034434325815539e-03
1.966623132295430842e-02
-1.948305253687232508e-02
3.496908641796236950e-02
1.937053985157710656e-02
1.907816026116204711e-02
-8.278990806541930425e-03
1.301433344209002030e-02
2.246104876585341970e-02
-1.313056613606899958e-02
2.891882208543883337e-02
-4.803732050326914305e-03
-7.787614094584949243e-03
3.748050635174404732e-02
3.033624213290497806e-02
1.552933894139352233e-02
-1.342495888806460869e-02
9.655421474570546891e-02
2.073540607148505188e-02
1.397497044498274832e-02
-9.094144890719135788e-03
2.772312460690296021e-02
5.447030858917001339e-02
5.464559747029928971e-02
-5.077893591111326543e-03
1.705611665502226870e-02
5.738652677451083761e-02
3.964377119829665119e-02
5.040857922091301901e-02
-1.749911278510341006e-02
6.384077633917639716e-02
3.749471036570373172e-02
1.158182164008403348e-02
-8.743839442626466507e-05
2.189793076856538789e-02
4.865029709894219678e-02
-6.711050696130982374e-03
1.437967803157880198e-02
5.367597455189798694e-02
-1.169311999595779028e-02
5.517397516942290636e-02
-1.419958425403455848e-02
6.004586426807057009e-02
4.355242164936656835e-02
-2.467634149000508259e-02
2.380281821084739846e-03
6.204823928714464643e-02
2.464103072157852736e-02
1.848370290895084977e-02
4.040837196838120704e-02
5.254669418851776186e-02
-5.856276338695121098e-03
4.519751677431971260e-02
3.583473270002279776e-02
2.821961154218843859e-03
5.608156215803239419e-02
-3.165588853111778178e-02
5.744460347752022855e-02
1.060489982432510914e-02
-4.606682046162990929e-03
7.323023607347156627e-02
-4.114229943967195879e-02
4.245937681920475271e-02
1.338668065832182563e-02
2.902703326226374614e-02
3.202159531006953941e-02
-7.289355258518259717e-03
4.582780314984491454e-02
2.668730559468812658e-03
5.388468430192228098e-02
2.994445328266470696e-02
2.146818736065903011e-02
3.025492570724130914e-02
2.245879171766063109e-02
4.206545520072424438e-02
-3.676810193137924898e-03
3.124558448352710016e-02
3.458156291313763120e-02
5.337044406401636465e-02
2.209711023304405941e-02
3.108083747067036384e-02
1.280562283634800735e-02
4.276379125947071813e-02
2.093088072877558048e-02
4.140428106673299524e-02
2.579914945729910869e-02
3.485030889103901686e-02
1.450112777829781763e-02
5.072326583758490770e-02
-6.302218494000921822e-03
3.187154131267089241e-02
3.039528508019362363e-02
5.268371562937534947e-02
5.001699165825090887e-02
1.561430385685591560e-02
8.475484989519888046e-03
7.069526959450289638e-03
3.639895066277709645e-02
3.215702820060339917e-02
-3.472135215898397576e-04
3.020627822306565236e-02
1.244425413852567885e-02
1.633753213666588877e-02
2.413877655781870857e-02
4.351449624121928039e-02
9.631930488484652386e-03
3.624415097024114019e-02
3.019818182001410278e-02
2.208565099191872605e-02
1.016240689240355266e-02
2.048656115633074037e-02
6.361824703783813817e-02
-2.195957462706044083e-02
5.899827850407257657e-02
3.308169128496230016e-02
3.470959254168359820e-02
3.725176896241766400e-02
3.642631183281297425e-02
5.318123489549186900e-03
8.199881513604090344e-02
2.614380555523432292e-03
3.845729645055939727e-02
1.546421191206182044e-02
1.408834259336382289e-01
-6.748329854596768484e-02
4.898496591180157012e-02
5.165827885800311492e-02
1.236938899218742449e-02
1.537179213440387215e-02
4.980220241618971144e-02
1.102407490885992658e-02
1.491530311098632211e-02
6.734974308134411558e-03
4.033840682993039550e-02
2.919942775612627273e-02
2.247408699262987142e-03
4.364160855551846296e-02
2.431907121078280554e-02
5.382819500256719181e-02
-1.792967661860345174e-02
7.581609846792769503e-02
-3.844274997117924642e-03
6.249215104579386448e-02
-1.305490127317154858e-02
7.994972672453837248e-02
2.301156058355990908e-02
2.854901940888154854e-02
3.699027809484078944e-02
6.721845856995889434e-02
3.745242343023980069e-02
4.052408091387205147e-02
8.428715840226175260e-02
6.167853317336868813e-02
-2.219831011676243193e-02
7.377410224179214993e-02
5.006457141128306532e-02
2.049806951008292799e-02
8.751826165602594187e-02
-3.764631648260818864e-02
5.452768447432632115e-02
2.508326005527328206e-02
5.725347330089558540e-02
4.774285826295798785e-03
8.368438359821039896e-02
-1.016661918469763393e-02
9.238567119467955280e-02
8.133605535902255212e-03
4.697634493093927333e-02
7.088281107205940401e-03
6.791549799936147380e-02
7.794910944578647971e-02
8.268148823831644734e-03
8.957311781573906728e-02
2.204316161582564604e-03
5.505504179192266534e-02
8.262830602774595690e-02
-8.173845643191235411e-03
8.550403125370609203e-02
2.425956591787103989e-02
3.283578270144404954e-02
4.305958654562669352e-02
3.542329349262640648e-02
3.392497910882452672e-02
9.381792755362994285e-04
2.122182627864255267e-02
5.865551520363165849e-02
-1.916162654498716478e-01
2.163048634196620412e-01
4.251655260346431930e-02
4.171427947623351784e-02
2.830900584187467928e-02
3.821767923961782998e-02
2.275816661600860158e-02
3.561998285638612316e-02
1.089259590385571741e-02
5.362132107027228756e-02
3.580525394291411700e-02
8.574258184966021545e-02
6.526076484310250336e-02
1.653829046603032538e-01
1.133484038518193238e-01
-1.356336550327075230e-02
1.648492329648880705e-01
8.669438999853484873e-02
3.013370546664750904e-02
1.002248101268188307e-02
4.108121767174210959e-02
5.713762781403430857e-02
8.675551455267771495e-02
3.414673810479662563e-03
8.229965611306955253e-02
8.740111312905529672e-02
1.156937513228717407e-01
1.603389831160266787e-01
2.826499499083112710e-02
6.567747594643824627e-02
2.897110926199886194e-02
2.584715999964393163e-02
5.926370159049287878e-03
5.561581866142950581e-02
-9.684390716217627926e-03
4.655469657129618355e-02
2.377933178553208737e-01
-1.408821939929190137e-01
9.301116292475430924e-03
2.105702900543837686e-02
7.320373804226631975e-02
1.949613084559764786e-02
3.352497015718691742e-02
2.791875912674912641e-02
9.769703317585642921e-03
5.654764941268020095e-02
-2.241547339318517018e-02
-9.009600584152677172e-03
5.121167174184204640e-03
8.123074906212668367e-03
3.777131440712744315e-02
7.900623678551155216e-02
-3.608696822681167760e-03
3.033682546687543891e-02
-2.263616846730487353e-02
4.500707807296233653e-02
3.791727604309169664e-02
3.442195970694017504e-02
2.956131918767468392e-02
2.082451597345924554e-02
-1.669400584381497410e-02
7.334058836497625578e-03
6.370060825629142442e-02
9.335276876254461342e-04
1.567793169629050354e-02
6.535539482754604279e-02
1.241400229407041422e-02
1.247132787164906276e-02
5.509655426064741235e-02
5.676243853305606990e-02
4.803433412057689367e-03
2.503479584232781718e-02
6.366577507621951071e-02
-2.926823439822090478e-02
1.236123406426123950e-01
-3.926230728808466353e-02
1.183645699940187868e-01
-5.040213815403760123e-04
2.623921741089230153e-02
2.057420863201553374e-02
1.536804525542767585e-01
-4.555627151216024018e-02
6.241244948301138962e-02
5.308308110400128399e-02
-3.413568124843813223e-02
4.678277678520981198e-02
-2.388249205554249244e-03
4.012644472341087010e-02
5.363335830312676578e-02
2.965534205980047133e-02
2.762668742899698771e-02
9.997603639412933063e-03
2.781969950814922043e-03
7.964560242847662508e-02
2.253830400798495504e-02
7.074278018171398230e-03
5.484302155869480444e-02
1.751363610513356761e-02
2.083211435462972716e-02
2.296729800647367981e-02
4.643689850355414706e-02
2.063823295336852937e-02
2.358180037026436082e-02
3.106770508459311131e-02
1.346606820497786572e-02
-4.579221675023337212e-03
1.535763419924096596e-02
2.303950271208599077e-02
3.949036418935758519e-02
8.231990426268431804e-03
4.498707641706589655e-02
-3.511994620401637235e-03
1.926515550777985197e-02
2.385986792608640883e-02
3.473102577340725361e-02
4.138278764321157155e-03
2.730086712755186440e-02
5.393149360469973175e-03
5.265475058196322777e-02
3.079654202173198740e-02
9.094422948604741208e-03
3.334154250405463316e-02
-2.371589051950762084e-02
2.385848903251019948e-02
2.979726106727875745e-02
9.568962399677527486e-03
1.208873579140723464e-02
1.731656803024694824e-02
8.228451791584801001e-02
1.621258518682777705e-02
4.012947564706248471e-02
-1.361737687351638471e-02
2.225722960935971884e-02
3.147488066118064864e-02
3.781330294092999367e-02
1.184397357969491082e-03
4.933246178087857814e-02
7.979858401221040509e-02
-1.344153027003569534e-02
1.953619461987754491e-02
3.999461819395921935e-03
5.621909211931663819e-02
1.617140048814302844e-02
7.091703496479961899e-02
-1.534591002558816086e-02
4.911448917753391541e-02
5.532250842922614709e-02
3.563817645824185476e-02
4.890104231564862403e-02
3.958594398853909624e-02
3.631357887463737555e-02
2.064468338878322484e-02
9.616891116600267964e-02
-1.741867815669095876e-02
2.592874607558437461e-02
-5.399315823808592540e-03
4.936245357540292034e-02
-1.049188324858008059e-03
1.608183626440862213e-02
4.933558376075586338e-02
1.134522813116944917e-02
3.238211379956279501e-02
-2.106928956215092796e-02
6.959943839923710129e-04
-7.354388978533377141e-02
2.612933798400884911e-02
3.742682333524527394e-02
1.283819131067609476e-02
-4.475762548193706891e-03
-7.664750889815774570e-03
-8.050240553411303068e-03
2.943691814143001295e-03
2.498344962391652047e-02
-1.265748535820865328e-02
7.134201599160272522e-02
5.411428545821239666e-02
3.802113739307966256e-02
-2.048219793714478598e-02
6.671514132327516222e-02
6.487212488801130661e-03
2.369944056687112166e-02
1.071672451613903121e-02
6.114514305915985659e-02
7.939761040998316588e-02
1.564065528566693786e-03
4.910431570958273539e-03
4.530543124362296226e-02
3.369141919156648513e-02
1.636853889087674929e-02
1.002144909282121077e-02
-2.022521822742673336e-02
-7.848599186975224740e-03
4.212638629704734683e-02
7.009882120402410877e-02
-3.553946327612766964e-02
2.596002462253466092e-02
5.410465823306376265e-02
-9.353861944423336183e-03
2.557729299786970500e-02
1.575743439506682719e-02
2.748872119007783610e-02
5.108987900851857944e-02
-1.167272710542643921e-02
3.736664180257998069e-02
-2.199281290237564690e-02
8.897695072802180860e-02
7.965168621137941329e-03
1.772680638005708076e-02
4.249795612019235946e-02
4.308653961335284777e-03
2.728895604282044474e-02
1.541092268265087384e-02
-2.033147850277305935e-03
-2.175043347672600547e-02
6.538510216975357281e-02
5.671277454310530430e-02
5.751043172645964319e-04
4.961111766682835267e-02
1.047282589964870780e-02
4.744359441174172964e-02
2.602290217587288623e-03
5.452417769367778888e-02
-3.624884711969600382e-02
3.332254163902903521e-02
6.034818854045331804e-02
-1.687803597900239261e-02
1.086196912492543021e-02
3.767722808576912108e-02
1.994406820617089515e-02
6.920174653988131475e-02
4.093768622160576243e-02
2.032553022054361946e-02
4.985393243856828249e-03
1.843574931418667795e-02
1.080247269917511410e-02
1.530119322274092752e-02
6.594201422042256233e-02
1.112257586429366008e-02
2.829728342445569922e-02
4.614986749737948202e-02
3.542208448185313330e-02
1.085472638059137296e-03
3.668958679286604685e-02
5.107638264837910391e-02
-1.299325387982053215e-03
2.307692665948724020e-02
4.798362582616944039e-02
2.021190597350219775e-02
5.306224557895089511e-02
-3.989632189448721888e-02
4.141874547345780755e-02
7.194152240339812820e-02
1.091717072100806263e-02
8.948625045907343534e-02
5.865256683620012623e-02
9.300178709771955710e-03
7.978836120197296822e-02
2.168821575293922166e-02
3.082736286566900574e-02
1.379220263516200973e-02
8.893840153164278561e-02
-6.431495397725273122e-02
4.622045146826403439e-02
1.185685938826308572e-02
5.981503405820332020e-02
-8.382937136394819078e-03
1.292266979552048056e-02
2.825616495448945997e-02
3.540378823938628017e-02
1.722973298926255836e-02
1.258091484073178279e-01
8.274936491749818046e-02
8.807695447791452636e-02
-1.647120301522542185e-02
1.418207170985654741e-01
6.914107823093518235e-02
4.981180187220268785e-02
4.164095586125959869e-03
-6.120423745217951073e-02
4.111386760622348646e-02
-1.269605346086311037e-02
2.189028762364104708e-01
