7.213959473683953863e-03
1.139814261979172835e-02
5.149890224855475235e-03
5.645510088027434585e-03
8.877510781132785323e-04
5.942386833805311276e-03
7.155256247150257320e-03
1.073517275859381523e-03
2.539342011620882738e-04
1.542314361766464366e-03
1.416837166431821234e-03
3.428493240188206469e-03
1.041826161933510908e-03
4.513635491547648287e-03
2.087829296054245169e-03
2.109499418192404511e-04
4.176391907329808292e-03
1.252207127840049717e-03
4.921944703661686356e-03
5.861728397120142620e-04
3.780013387597490598e-03
6.478515624903188235e-04
3.293018203055522470e-03
3.681829377646321077e-03
1.199585216710570687e-03
4.634476145138091002e-03
3.922779933814127089e-03
2.343599987435863573e-03
2.429653710400594621e-03
1.122376518859542153e-03
2.697496260846333647e-04
1.157678231866212087e-04
5.706151531828739486e-04
1.718350785001031408e-03
3.209242928280019429e-03
2.479587412788907279e-05
4.030178966251968123e-04
4.009832341428181909e-04
4.379533118897369504e-04
3.835046012693096515e-03
9.588957050217625580e-03
2.245160484739889672e-03
8.130938264543111039e-04
3.949923770572161133e-04
1.159289722926656668e-03
1.920494000062620502e-03
2.318317458888272294e-03
7.830174558535314645e-04
2.238095594505395763e-04
1.764223275750931351e-04
1.058262009788973716e-02
9.521411003680257945e-03
2.411366014951680375e-03
2.316007151421886883e-03
5.304263794506958521e-03
8.210381485461167028e-03
4.903927515370874214e-03
9.343736376714464149e-04
6.528617527681752040e-03
5.646716073712141834e-04
2.630130748547737738e-03
4.452954169325922494e-03
9.811505224763331090e-03
9.335430044051979542e-03
6.977766698601815115e-03
9.337259314327883697e-03
3.281985495593650604e-04
2.362573775100760241e-03
1.971468729866870484e-04
6.216114200675929881e-03
7.827062105477636689e-05
2.506894322274927193e-03
1.219998435713976750e-03
1.144041915652478474e-03
5.667301295276943327e-04
1.099824463166947618e-03
7.988251361511011046e-04
2.638795547250769751e-04
1.953967034865004143e-03
1.806734865331700553e-03
2.009761640110995558e-03
2.424988542091163941e-03
3.659079277510767815e-03
3.110794743689390945e-03
5.783094208516388959e-03
3.191119791362271793e-03
3.045122188282026188e-03
5.988603742456338058e-03
6.338193203478896922e-04
1.862979739717572311e-04
5.693036894868518702e-05
1.957843560208465897e-03
2.461883944071780166e-03
1.129202203074509189e-03
1.170566416754336174e-03
9.085269113747736040e-04
9.005118477735313872e-04
4.680229384598610064e-03
6.800380442192204694e-03
4.115026985843756382e-03
9.248834956882667768e-03
1.365753890065947267e-02
1.168099108309297645e-03
3.077683413237377805e-03
8.224621845963779598e-03
2.909126542514296060e-02
1.259568011480820607e-02
1.647339605298528062e-02
1.437935527262037411e-02
6.019585251431869288e-03
6.050933991468376676e-03
4.832037581625807376e-03
8.143387920541332592e-03
1.250211797556689299e-03
9.236940826364404764e-03
6.931622097502122826e-03
4.874725910316383796e-03
9.567903014785946987e-04
1.264087817548357248e-03
1.772048802139237220e-03
3.608347480156790226e-03
3.356268089238470162e-04
2.031862104575813885e-03
4.691280491469460869e-04
1.251442897219916597e-03
3.793581582414867499e-03
2.212940542006206889e-03
2.494106223795550942e-03
4.332907036078431249e-04
4.003157971256636992e-03
6.745854996842708552e-04
2.516137985581813966e-03
4.448689186076074174e-04
9.772240940221202290e-04
3.363122511994194076e-04
7.403880406500711183e-04
3.692906682803462457e-04
2.077111139887368590e-03
4.929795270012505247e-04
8.784377985481168789e-04
4.932683861220785865e-04
1.407724455936788929e-03
1.115993718401709018e-03
2.262877248960961355e-05
5.504001261864480523e-05
3.127809775341209480e-04
4.441761719782515508e-03
1.394120701653702582e-03
1.332302732554308282e-03
2.284665515834768956e-03
6.325207519303325827e-04
1.736313721316183264e-02
2.701145337908507013e-03
9.378040217754601490e-03
3.621911188431688015e-04
1.674340377390534478e-03
1.327994103693967351e-02
1.095527248874665887e-03
1.733722956531811698e-03
1.708445418613758733e-03
2.708788842345815229e-03
6.955910684230088648e-04
1.711467593804744027e-03
1.870016524239560677e-05
7.977739774067862510e-04
3.792414087245020698e-03
4.089353455898276160e-03
2.459895898408694798e-03
1.543864572771948274e-02
6.148728626553377112e-04
1.941445125877335875e-03
5.785300799085686674e-03
5.640341170386264447e-04
4.912922207340004663e-03
7.970228795697684165e-03
1.576169553274728991e-02
2.003899193079297734e-03
9.826533609556303145e-03
1.440991962584506434e-03
9.813249311409540261e-05
3.265983040388071006e-03
1.008754169549973560e-04
5.215010189740756051e-03
1.494182046354003033e-03
5.858695216649145374e-03
1.186151922508444333e-02
2.731550541409365814e-03
2.016460830748991601e-03
6.575607837356740827e-04
1.410985598669789627e-02
4.434253669747156477e-04
2.632100262092730396e-03
4.344168363711856454e-03
1.188546653070942771e-03
5.475498416384974761e-03
3.649414681077524369e-03
2.058442579643695106e-02
8.540576007886423529e-03
2.517502811766229344e-03
1.973016140107418468e-03
7.232330810019001882e-03
1.267803028748100110e-03
5.729128949958307328e-03
2.050360333482071154e-03
9.162240587232535483e-03
2.562548528141864439e-03
2.014032021672402389e-03
1.354616954675570001e-02
1.017154291362476135e-02
8.856544303947017180e-05
9.812363355875658097e-03
8.382794586297438386e-03
1.881851380576298697e-03
9.998541851869279656e-04
7.154739878034217619e-03
3.134392403055599480e-03
1.086211818931394173e-03
1.989973668463230431e-03
9.493083680610905559e-03
1.551603068083050839e-03
8.551192925116477342e-03
4.111783958886196830e-05
2.774595083273971238e-02
6.139719985308344542e-03
1.897538770378623396e-02
2.883120832713685633e-03
1.989025953627997050e-03
2.155546263072656912e-03
9.006944912493989458e-03
1.552259494491523093e-03
5.244823903115355956e-03
1.060774823746441073e-03
1.102246662126911241e-02
4.036430050219467179e-03
6.153135435639934397e-03
1.713218377949865491e-03
5.823610997585030105e-03
1.822107798070484808e-03
1.112404104451503433e-03
1.543041092141303906e-03
5.950540185670322689e-03
4.566954623144743076e-03
1.638029022454964151e-03
2.464681258697677679e-03
3.412230175871538290e-04
2.281077846423567798e-03
2.149211642768072972e-03
6.686655205966970592e-03
8.053593488252639224e-03
4.722820161224897118e-03
1.149389453073640464e-04
5.660734287776994890e-04
7.049157272268182298e-03
5.259929446104312338e-03
9.141285815444315233e-03
3.576996895610927690e-03
9.750025724834757157e-03
2.795508462552037622e-04
8.321759377892368192e-03
8.839508823872584131e-03
4.367353039899519486e-03
1.677833277952050801e-03
3.960492255773595364e-03
1.659856168058512337e-03
1.503533601576870563e-02
2.616335966320374427e-03
1.307552633136933526e-03
2.121420784204788509e-03
1.141236907152470229e-03
6.788470052220778707e-04
6.900572435384068858e-03
2.157975614725662905e-02
1.835723967436423982e-03
3.726261755234845608e-04
9.774157778491246625e-04
1.287735178021602155e-03
6.786493523001121790e-03
2.691992003810486037e-03
4.196667830512432543e-03
6.236281602227820766e-04
1.849194775177061397e-03
2.404062899328551512e-03
1.519920059203211903e-03
1.735346015890223623e-03
1.359131933701196969e-02
5.264462885045465869e-03
7.900201908124072176e-04
3.411873048606258504e-03
1.003917817709572106e-02
1.250820187409688346e-02
4.792459445948015276e-03
7.314743786683994275e-03
1.774610870720010405e-02
6.346413699445134157e-03
5.864647528354875001e-04
1.573866135314594406e-02
4.686606110791954882e-03
7.523009440802804404e-04
2.353887964832043073e-03
1.025459915428658317e-02
3.359621228503019159e-03
4.210852244693379581e-05
3.872082435406487989e-03
5.906146620112648652e-04
1.726837772100068289e-03
1.458114703205591351e-03
1.525845580521773296e-03
2.346040541721047118e-03
1.811850221203495370e-02
2.319644425922484394e-03
1.390279466210314965e-02
1.780190157852649425e-03
3.672346626201909714e-03
2.196960899921383912e-03
6.037808737599407310e-03
7.178414641798625678e-03
1.456072740967112849e-03
2.328388830300037737e-03
2.300329224997607613e-03
9.298989282777345503e-03
2.123354840543224473e-03
6.421886397062544650e-04
1.038667516003711176e-02
1.487303406593573412e-03
8.423166809188246951e-03
4.934295333261905919e-04
1.589739241933659907e-03
4.579411838043254829e-03
4.831711719185968409e-03
7.576359351388490745e-03
4.047727163258886540e-03
1.549073127785570306e-03
1.065941916916096112e-02
9.213378480085751901e-04
4.716735100554976350e-03
9.343826132825238176e-04
5.476329053482525966e-03
6.461055803042007510e-04
6.798818859440581078e-03
2.712813483709494884e-03
1.710219055764676532e-02
5.953302016682795496e-03
6.347583301346338899e-03
2.956753725163737551e-03
1.437206141383927036e-03
9.975698850327972822e-04
1.048066997059085223e-02
4.305890998401404671e-03
5.689835596767343163e-05
2.581542174354703022e-03
8.903703698074508580e-04
7.664187461892242592e-03
3.242063194573934111e-03
5.993217091121076298e-03
2.303243214698619083e-03
6.742638425893883111e-03
1.209356716744463059e-02
3.312560266249587031e-03
1.060362796755085976e-03
3.212304101709791983e-04
3.022617057936820718e-03
2.274596650790401860e-03
1.107481192905522896e-02
9.598585250599958943e-03
3.350643128280467349e-03
7.301444430624247015e-04
1.038994850678808153e-02
6.504754125593518836e-03
5.235078539737968509e-03
4.523126488761543967e-03
1.218878831844657454e-03
4.977698996464378911e-03
5.831923665781802010e-04
1.289455007319386748e-03
2.974324786339061985e-03
6.851774180892251410e-03
7.478197137834898239e-04
2.418073029524374666e-04
1.374609883876078175e-03
6.971366460909069265e-03
8.806711342963095476e-03
6.322615402093427310e-03
1.528432490831165350e-03
1.968688997273686497e-03
5.731787378653069743e-04
2.789829569855407834e-03
8.221613691389343358e-04
1.890277444496355624e-03
1.558945517024148703e-03
4.327665727395202735e-03
1.840870619460192436e-03
1.090294107445250946e-02
1.864814854045612454e-03
3.288941140647484197e-03
3.441425837021647866e-03
2.902283181253521600e-03
3.399202012132843814e-03
2.497622637824326031e-03
1.029492157253342199e-03
5.914773347756256856e-03
3.159794934975008931e-03
1.615793860752780167e-03
1.732221041875398482e-03
1.008248563349476443e-03
2.343212128349316534e-04
1.104756736250427302e-03
2.216137116600690442e-04
6.812316283919617535e-03
5.755371091701684452e-04
3.347291901139772680e-03
5.394611933472676438e-03
6.721186941703038119e-03
1.270427153952012351e-03
5.045058502092479406e-03
9.633364181754594177e-03
3.120607061340161664e-02
4.710287251783917134e-02
4.925349222184928488e-02
3.668605045954703020e-02
3.362948491862222805e-02
5.209462478420422843e-02
2.223743414761605169e-02
2.177008746493578478e-02
3.097986781031455625e-02
3.164960005197445941e-02
4.144858916295565687e-02
5.473653288871168504e-02
3.523740035475939059e-02
7.153803276746988071e-02
1.787655684503165060e-02
1.633661591018509100e-03
1.961357796602980572e-03
1.706453328783763893e-02
1.306264353895681025e-02
2.137633302294813208e-03
5.993834882516460268e-04
3.200890786982642320e-04
3.113518852963429503e-03
5.763548659838969553e-04
4.816353066212480374e-04
1.490795058785115935e-03
1.398192208150006921e-03
2.783760638124437519e-05
4.508649280189463418e-04
2.162679545025836779e-03
2.678368424139060226e-03
3.704329906416378715e-03
4.037200936315438605e-04
1.184284804661822057e-03
4.274451266603269267e-03
2.062206421033156549e-04
2.467468880001251995e-04
5.231105792710287385e-04
3.525612768670194352e-03
1.748644349222748962e-03
2.679775533421697997e-04
6.973360262107337199e-03
1.174313191865413277e-03
9.810989156026653723e-05
5.769273260892604938e-04
8.636492183979722036e-04
5.968895627406980639e-03
8.613773535230754815e-05
1.210483664932459399e-03
2.949738708837320363e-03
4.059217539010382715e-03
2.168034473392151974e-03
8.532121666321498127e-04
2.960169464761796664e-03
3.255582417935525951e-03
1.133149466898574669e-03
1.811590032626479501e-03
7.590799541397070908e-04
1.618445060480153044e-03
9.347193316396495326e-04
7.875795984290171175e-04
3.415040161658986374e-03
7.597458219699575882e-03
1.322198908659567851e-03
2.446385304786871662e-03
8.097129445074722088e-04
6.418220047362830163e-05
3.593426209415758973e-04
7.983405955396925477e-03
1.537205257723502300e-03
3.208092725798868550e-03
2.192116666875448122e-03
5.002767374644652735e-04
1.292545303486753935e-03
7.954112757016081276e-04
4.493022000826770238e-03
4.621662266872382172e-03
2.908543710580124668e-03
3.401947004101324966e-03
4.016449591692853303e-04
3.102944432130522179e-03
3.947828194170092779e-03
9.919968188019383411e-04
2.241512528234933417e-03
6.489677619592225735e-03
1.137203042920580109e-02
7.424835488653636940e-04
3.118735296854779123e-03
1.104596590477787982e-03
5.540859541669180405e-03
8.281284494465725177e-03
3.184270189765343959e-03
2.511739895765084316e-03
1.225233519632967999e-03
1.134650633346415746e-03
5.706631419115726703e-03
3.146747553062031588e-03
5.025252742860682274e-04
2.589575090298614282e-04
9.230075540171089193e-03
1.017191869032153112e-02
2.175730664016832256e-03
6.847712543218921390e-04
6.474032664760265288e-03
8.863814637287517270e-03
1.618202361586244895e-03
3.470459641973975916e-05
3.017620903286733977e-03
4.168214016182287445e-04
6.931438367953078649e-04
1.511388938502680962e-03
8.163913596492152185e-04
1.073817152469667881e-03
1.068676177917842092e-02
3.819949092951391051e-04
1.918621266674648204e-03
4.987635739415087130e-03
1.683096294823860665e-03
4.340734504609039188e-03
4.774185347573631569e-03
2.354727145742949428e-03
1.305480050141062665e-03
1.041767293951071467e-03
1.113849803985750113e-02
1.702194891772779671e-04
1.590200768132333728e-03
1.701386096822180092e-03
7.737420711318649443e-04
4.832411440800983061e-04
1.732688076154555775e-03
1.326721181417872585e-03
3.572365608148593747e-04
2.171242544254156810e-03
1.332019270773107840e-02
1.222182605451394705e-02
6.482295988257331986e-04
6.753221125634217663e-03
5.632672803734955922e-05
2.254409350321585730e-03
3.069213657493936789e-03
2.262376905380067763e-04
1.058235751780946124e-03
4.200757322259154533e-03
8.065298934142769690e-04
2.750496320528283013e-03
1.750857391675007292e-03
9.293415339000007935e-04
3.218469382387648819e-02
7.971359815452100719e-03
2.240571273704653962e-02
7.133449138771818729e-03
1.451610814534037321e-02
3.488668069322328757e-02
2.516677823884511805e-02
4.822963664985956134e-02
5.983376876151922513e-02
2.461416190214973931e-02
1.768447622903532995e-02
1.550847261624783285e-02
1.179691597664197372e-02
1.510962233136546595e-02
1.163785201781776697e-03
2.391223977102175258e-03
1.561501709496997906e-03
2.988170887454775528e-03
3.721124938120689337e-03
5.231989549094352709e-04
1.011814056532675012e-03
1.440009060406607141e-03
7.660409552126502472e-04
3.607411146529248408e-03
1.326708560897981500e-03
3.185275178820632779e-03
1.839521938195003235e-03
4.227338178968758839e-03
4.017932477055757845e-03
1.494802973323849623e-04
1.335431766684519028e-03
2.024493780127138362e-02
1.687572350792404183e-02
1.463576580491264285e-03
3.238464596427719205e-03
2.412539292822759966e-03
6.728766221351616247e-04
7.828877212396636014e-04
1.971983302231786542e-03
3.562756994958848639e-03
1.614137826291859451e-03
8.137476553867669651e-04
6.761773301547492707e-04
4.105421451130960436e-03
5.633754110102546370e-03
3.279816678276768586e-03
2.505555544817862938e-04
1.200983075004724739e-02
6.904016588301977462e-04
1.381560839350606590e-03
8.810176223912297849e-03
3.605768906896805563e-03
3.328813564603779656e-04
5.212390138964850816e-03
1.526090314852579163e-02
4.247122909171592922e-03
2.114951573513253495e-04
5.370273299307645569e-03
2.037696899471245614e-03
2.277474530863858333e-03
5.788843147555605868e-04
1.085484430920803439e-03
2.144259537384750986e-04
6.024637090075020364e-04
1.174012509981291023e-03
1.048359962815803874e-03
9.998577903518781739e-04
2.652962446894552100e-04
5.323735234223954046e-03
3.066258134449486358e-03
2.385948860496942079e-03
4.911994070096242435e-03
4.972753235416825686e-03
1.028353908208094530e-03
7.762230582116429016e-04
3.599618357990415265e-04
6.604293996814759003e-03
1.356996589452009625e-03
6.948970354076311300e-04
1.514191608814801759e-03
9.470922092206720015e-04
1.048180018056514388e-02
4.145007713849609664e-03
4.803236408783508244e-04
2.384584669197036683e-03
8.223775775675480453e-04
4.000477598834802605e-03
1.255540655831819709e-03
7.367596337613501953e-03
2.787903700955473782e-03
2.919978946112371243e-02
1.433148526272462865e-03
8.221672540734952656e-03
3.036388360735941226e-03
1.227331917232432059e-03
2.790820312986563162e-03
1.808191878972930690e-03
2.270539615694140820e-04
3.868199668495974838e-03
1.084752018429555867e-03
3.673083195237462212e-03
9.329397198491203415e-04
2.424698282167727856e-03
5.153755025339126945e-03
1.234259686600023068e-02
2.170248367950494781e-03
2.540746964022195381e-02
5.166791686401897565e-03
5.471091844752754701e-03
1.838895239774294716e-03
7.997148137988900618e-03
4.384166365526201425e-03
1.349876363879597531e-03
1.822033895048836291e-03
9.507897413472155349e-03
1.847586634547851783e-04
9.888056784771882129e-03
2.407236199677492000e-02
1.909372838518998139e-02
3.930220474673245916e-03
5.333379389931374587e-03
3.031137334492493753e-03
4.123924012993160750e-04
2.762881551822833973e-03
1.947889465938130484e-03
5.354608213992820276e-03
2.000202242987401003e-03
7.932287902713268390e-03
1.149680500363666792e-02
1.005985985873362153e-02
5.038574917643188524e-03
3.798675613613469986e-03
6.091198315913553055e-03
9.419851997648363146e-03
2.472151162155810603e-04
1.939826957392809309e-03
7.735545666480375150e-03
6.265775580700021392e-03
1.021955561831231103e-02
4.366451647187447223e-03
1.471907974556672938e-02
2.043811907937934796e-02
2.522420214031043367e-03
6.210056289265046200e-03
4.716016878545770813e-03
9.650617552256681581e-03
4.008354042670744799e-02
3.594352026278327394e-02
1.015257766913719301e-02
1.099697748982392427e-02
1.025112952392454729e-02
6.523214593711567158e-03
6.150926733091997833e-03
5.163403911327906805e-03
5.670584423654398019e-04
1.043314674710002152e-02
9.525745621662801924e-04
6.224904295813759626e-03
4.642879006836225959e-04
1.374245268537929027e-02
5.179505169891509110e-04
8.306190863509512346e-04
1.140700741538112732e-03
4.122021258138919980e-03
5.505323422721156157e-03
1.683867852932955083e-03
1.441405843817094743e-03
8.107837253150553371e-04
2.865789917196605308e-02
3.082690004910769443e-02
1.161952993484299552e-03
1.373776573262649493e-02
4.203415575055266702e-03
4.192855247142908241e-03
3.706296504649313531e-04
1.672169708792511575e-02
1.699368168456361419e-02
4.839890909695055191e-04
6.266253973606172520e-03
2.614317774793960877e-03
4.737286613802038117e-03
1.288575096796828676e-02
1.211474579670485802e-02
6.418619116851464676e-03
6.757330530603188751e-03
7.678700884223546054e-03
2.977486131112562322e-03
8.157791952269958374e-03
1.259303870138328389e-03
1.003019652971350560e-02
4.358233564510523815e-04
6.696210592232456835e-03
5.292148969300977147e-03
5.383364946343432295e-03
7.633764748010933923e-03
1.930781407317778975e-02
5.580710602444631085e-04
1.284174367812767649e-02
3.114068379291019817e-03
7.643908396701261723e-03
6.264626776955970616e-03
7.223984405378823526e-03
1.903494555496038423e-02
1.126836011250814500e-02
3.904615623563232035e-03
1.634741741040953312e-03
1.377025779462067757e-02
9.479352656531624122e-03
5.612282450885396415e-03
7.075123892025689427e-03
8.693617417633513547e-03
4.405904991991468553e-03
1.115936499826204395e-03
8.969806408218957859e-04
6.470544125596132401e-03
1.678562361305284412e-02
2.611964452903273409e-04
2.411838092084372487e-05
1.760556200471332603e-03
4.474485310519133244e-03
2.870497633028069699e-03
7.252971853924317092e-03
3.327716888735161079e-03
1.066357708367418605e-04
5.715814995107374591e-03
1.666994725829942792e-03
2.615986578270191112e-03
3.491037298735461935e-03
5.985199685466850890e-03
4.727427090114507194e-03
9.569809202550898664e-04
4.460671195266022356e-03
9.464063744012349982e-03
1.710134669101850274e-02
3.304529053486318299e-03
6.301697600472729033e-03
2.320094722370051338e-03
8.222225490230729381e-04
1.297341073980306017e-04
1.122709621247500178e-02
2.031189019381228131e-02
2.930661065094179382e-02
2.906271399545521002e-03
2.683709349314065788e-03
2.987792046447477340e-03
7.487582553269723877e-03
2.431299016473227343e-03
1.807712673343861084e-03
1.088633664848557940e-02
5.794986873463358300e-03
4.900303535061433478e-03
4.938580418978758078e-04
1.118500991241234846e-03
1.526686207419524453e-03
2.499979874685499641e-03
8.384551347814437477e-03
6.075045972741005692e-05
1.039065361644924725e-02
3.641224572162207133e-03
1.211316034983737086e-03
3.210642527347129602e-03
1.463004602002295276e-02
3.172968200100488557e-04
1.888415115192803705e-03
7.271512044684796602e-03
6.695338119900248915e-03
2.078322996002762539e-03
2.007980743029436077e-02
6.249179437199281657e-03
1.859432108454837831e-03
1.126727264979109425e-02
1.113341050078496666e-04
2.121787611183703886e-03
4.609788064519212969e-03
1.644499789474143181e-03
1.550309994247347015e-02
3.826582743906806628e-03
9.689143544147969626e-04
1.963307728954255362e-05
3.266546476365982631e-03
2.764429499967645839e-04
1.388113935862791276e-02
8.248931669500445679e-03
9.154967561423475383e-04
8.354866030677084859e-03
4.794555706562831504e-03
1.340536052067726894e-03
1.037389547952942935e-02
2.440948012450659069e-03
1.477650459964762299e-03
4.332588256571339759e-03
4.419574978615258172e-03
1.829639903704141125e-03
1.538176714086900761e-03
8.704748724401573448e-03
8.829593878612171029e-03
4.181311512049709330e-04
2.963052374522484080e-03
3.712085357837604984e-04
3.427961685113138732e-03
5.926155102315660943e-03
1.464876634097286986e-03
3.764785617778544560e-04
2.476754209300898509e-03
3.384450745287760545e-03
1.870506067415319933e-03
3.117816232125502664e-04
1.272907262935794653e-03
7.268040807459448180e-03
5.023766286246792367e-04
4.095634370780070616e-03
1.209536999520018823e-03
4.388302034304591460e-03
2.663248376947979779e-03
6.369871891180871760e-04
1.690068008323211994e-03
4.710392440185971752e-03
4.461030146141183733e-03
4.046858640838607406e-03
2.864069747819134645e-03
4.887950632486775041e-03
3.891823613807585038e-04
1.525462876897590563e-03
1.317440335093284735e-03
6.662959600348629299e-04
9.682844386454378394e-03
1.649355084078725020e-03
4.668104792060124263e-03
2.168104209392660887e-03
2.633058539378116034e-04
1.143223141976299449e-02
1.169399001194750356e-04
3.038434434840348204e-03
2.176819804233011760e-03
5.099491567855340274e-03
1.144548749581834760e-03
3.385360257259134153e-03
6.315213481608551727e-03
2.397156798591471363e-02
2.547514345993372523e-02
3.071737707860186864e-02
2.108234795852383450e-02
5.758663349607530402e-02
2.289506576686350936e-02
6.080734682889003991e-03
2.195796707565694089e-02
1.708335112710669679e-02
9.621639334804987093e-03
1.797472988666999963e-02
3.338861745195888762e-03
1.064096843551730516e-02
1.590880778724583500e-02
2.324709287113492593e-03
1.042173487405523985e-02
9.451388318112591031e-05
5.901188257642138446e-03
1.508508963279568942e-03
2.028356861179264874e-03
1.506426985717136333e-03
2.683972464403870141e-03
6.306243631691881750e-04
3.648137303093384673e-03
4.943235311033918056e-04
7.255309846002222095e-05
4.983542181516625392e-04
3.889812888082254307e-03
1.399551643854365078e-04
1.268383897437162008e-03
5.592787644072691119e-04
3.186698490326213295e-04
4.135140236413047598e-04
4.352256298532347807e-03
1.605587627885991363e-03
1.340994398390938595e-03
7.142818140294193794e-04
4.229447588639976933e-03
5.195238243443422999e-03
2.755372421545215691e-03
8.557470678460854302e-04
1.300316490589891339e-03
3.827716484808351772e-04
2.687095557978768029e-04
1.611445941670789717e-03
4.895216643038197753e-04
4.054297839322358685e-04
9.758670737396240528e-04
3.004297263525389401e-04
1.179611104391317536e-03
4.752741953725010855e-04
8.174420789955128604e-04
3.044408369869151115e-04
4.074526330748434039e-03
1.560063539704576157e-03
1.493864709959767103e-03
1.106236099869867826e-03
1.023804019622692046e-03
5.518655653020737226e-04
6.232092328255163559e-04
2.595187727231898066e-03
3.637627603775996478e-04
7.851389565485934405e-03
3.049058028994879304e-03
8.034916060793201222e-04
1.554816308972500677e-03
1.420138618966130389e-02
1.031187981280053340e-03
4.216775583444508282e-04
9.138254566686911107e-03
1.051012167838861165e-02
4.686497205849298082e-03
3.127497164141168021e-03
7.598803271918848877e-03
8.586702742045603876e-04
1.811664680383402010e-04
3.453651872912872917e-03
7.394953130826554567e-03
1.058097931475564029e-03
2.739204331912352495e-04
9.862855894916932459e-03
1.203510107297776216e-02
1.664337261579928616e-03
3.052886771487219367e-04
1.370982350979731363e-03
9.029541107726546736e-03
6.191298222178407210e-03
1.197834925452794094e-03
2.510027340954091093e-03
1.569715875900828386e-03
2.030177042237202214e-03
7.042044434276375185e-03
9.046128026723646368e-03
1.522111479966192912e-03
1.317204336704031397e-03
1.365370794165712137e-02
1.113869130230880564e-02
4.184793531380186227e-02
5.924878949912650884e-03
1.559203868240610484e-04
4.719572603882993267e-02
1.175365245381624832e-02
2.320852942054862488e-03
1.593740764287805700e-02
1.981981726107808969e-02
1.650097097062751261e-02
1.574990505461232662e-02
1.715648809780032785e-02
2.175345192299259212e-02
3.674070472972021384e-02
9.198249897674135034e-03
1.242491359485547835e-02
1.204677369190545327e-02
1.514875651695545174e-02
2.442306237962787313e-02
1.290342482092157045e-02
4.995047184504175682e-03
7.827126293964391246e-03
2.879570887848015293e-03
1.700351486712372781e-02
3.603495320718946154e-04
1.546019169141761226e-02
2.744921026313361205e-03
1.625795025668998152e-03
4.201167518744212959e-03
1.932849951289714041e-03
1.563487925229129383e-04
9.429419949054209434e-04
5.222743321054668054e-04
3.371014145496630237e-03
1.623756081759405523e-03
1.824047589115579534e-03
2.378307413541897418e-03
2.651173623894154813e-03
5.913280459297255861e-05
1.178072193005017844e-03
5.896114699228007135e-03
2.966097351125219182e-03
1.752501689760060759e-03
6.653960982904315227e-04
1.479784688626132726e-03
7.092615337132019381e-03
6.478802118611772399e-04
1.475542940543416847e-03
3.967649837109304793e-03
2.256981258700049148e-03
1.848691044994754847e-03
1.230712009184222681e-04
5.802048393226434675e-04
1.083809708049591862e-03
1.274304629586607649e-03
7.777461982230492524e-04
5.038925548270123400e-03
2.276563925269892933e-03
6.552259083428171003e-03
2.992655839596638188e-03
5.166580146890422179e-03
7.004153034633113593e-04
3.019271593192761425e-03
4.626890405998895783e-03
4.668922053059471576e-03
2.383405969482155912e-03
5.970371452707824711e-03
1.042233945902988363e-03
7.399703798335621231e-04
5.688501808249999368e-03
1.822020053543485767e-03
7.471640541490121717e-03
3.165042678098243210e-03
1.678787167559070296e-03
1.350239336882123366e-03
2.944153499962218895e-03
3.653349173319595834e-03
6.198465917782445753e-03
5.009890293676413399e-03
1.860654322955611470e-03
1.464699023118771950e-03
4.784181689090737793e-03
1.331282632159522250e-03
1.685734943516900607e-03
2.901342462434997310e-03
2.112502695424590352e-03
3.596995315257919671e-04
4.639670784990444427e-03
7.349896965357055438e-04
4.730329014992561143e-03
1.069195510697668094e-06
3.347580860779746700e-03
7.328799713235722210e-04
2.656990149250440698e-03
8.716227865985130070e-05
3.605028014772059149e-03
1.823650953693602399e-03
7.463985892818212611e-04
1.631802015519196671e-06
5.942208805489130295e-03
1.908816167960512714e-03
4.326285563101396701e-04
1.076156791923717345e-03
3.105381668754360856e-03
8.249008818184514228e-04
3.303794315232278303e-03
3.106253223919841662e-03
2.047323798437364166e-03
6.522945536788718121e-03
7.537272277539659032e-03
6.758452680755535139e-05
2.125484173911159746e-03
1.423735878831979169e-03
3.366827269820759781e-04
2.782011432242109325e-03
9.512285782346432527e-04
6.838422500302898644e-05
2.797163388715057618e-03
2.902156927201045896e-03
2.595850963462412522e-03
8.992071701016613600e-03
1.734065161528402371e-02
1.571308035675090913e-03
4.484857325967755472e-04
1.606697057444933172e-03
3.162010644493248521e-03
1.204942671202038689e-03
5.658843628237410217e-03
2.512264056506041546e-04
5.558735760239961674e-03
2.836171181421955761e-03
1.395191424986352586e-03
1.520810543930744673e-03
4.587135583818209919e-03
5.134346740422299563e-03
2.872802139943186200e-03
7.582835704782218272e-03
1.814868119552003143e-03
6.657087072584068864e-03
4.748804029483581074e-03
3.969432797126059773e-03
2.549239484881481773e-03
6.814079312253689281e-04
1.196946725845515530e-04
5.483042329265234473e-03
4.626944538803935410e-04
2.006590880893863865e-03
4.662337202373699301e-03
8.368957518315954178e-03
1.518037182677635030e-03
1.835554655026593604e-03
2.888821050536140560e-03
5.263874950014139388e-03
2.642715346467421934e-05
1.426683999827541927e-03
5.914722974978127608e-03
1.956079072274378213e-03
4.700508950437008986e-04
4.785173075724763470e-03
3.612972940207950226e-04
2.737750007390456902e-03
8.324661530581011545e-04
2.668263377517399865e-03
4.195910259314881811e-03
3.629863010043192940e-03
7.094224422529758029e-04
1.682589759752395721e-03
2.922985239470809516e-04
2.432440157389133533e-03
1.346375483761484129e-03
6.932569288037284533e-03
2.411025774145977157e-03
2.928213604274706051e-03
2.357746701661735458e-02
8.000048638595411848e-03
2.568698397372076497e-05
2.543268171956889704e-03
5.159094841982525721e-03
4.975375809998130831e-04
2.409959079430277606e-03
1.495247847761134192e-03
4.597916649780986464e-03
8.649773355453489049e-03
2.810694074811722221e-03
6.155857210536892429e-03
1.032456572914261170e-02
4.246087749194685408e-03
1.854460397716398276e-03
4.979329645821915264e-03
8.691958590193563138e-04
8.254211230383008691e-03
4.434652553775812397e-03
6.470788629038912859e-03
9.782116350047212125e-04
6.296735594731936794e-03
2.124221026683744545e-03
4.514652349036829028e-03
6.143444274422166923e-03
2.212523818437838428e-03
2.529382211344455983e-03
7.273189278687679053e-03
4.783951161133189085e-03
1.134690700043338926e-02
1.000588187022278261e-03
1.301976484875135356e-02
4.070946770365803900e-03
5.594761552331812410e-03
1.109954766177069160e-02
1.497529905627583043e-02
5.189771984972404995e-03
3.885430346352103728e-03
1.016206775937803126e-02
1.668454043664350031e-02
6.978447363832255591e-03
3.993250043292629302e-03
2.084233650530514098e-02
3.325164231782221048e-04
2.000991472172001032e-02
5.416011168761343531e-03
1.058539781238755986e-02
7.973847622740557958e-03
1.071167942651575500e-02
1.119226518359334177e-02
3.224931378085563616e-03
1.042762704574690114e-02
5.871686035271971851e-04
5.628438185634525260e-04
7.542460336414734574e-03
3.774314804453288673e-03
9.465500411767403116e-03
4.063239345150323860e-03
1.196556284993196455e-03
6.204832777229283072e-03
7.018565733663659385e-04
2.943963045764026211e-03
5.759933179901220723e-03
2.198455660485786056e-03
6.604310763413376306e-03
5.505320911980350791e-03
8.380021696018430041e-03
5.520803383008976439e-03
4.558379070222891294e-03
8.994173597141701375e-04
8.643848032077202856e-03
1.304937364039899725e-03
1.753424672076593768e-03
4.104326498707941417e-03
1.321857484726423129e-03
3.234883237148376486e-03
2.417171686994921964e-03
2.203841859676072628e-04
1.005647416898712912e-02
3.932430127644494580e-03
1.082544462501489752e-02
3.255705405501625998e-03
1.320363376614309362e-03
1.782722709152849330e-03
2.579370660796954148e-03
1.728235952081924424e-03
4.345995055654506244e-03
7.692297184993973982e-03
1.685771626848027015e-03
1.244584362408990806e-03
4.275210670778529717e-03
3.836704886853892216e-03
7.483714593115934873e-04
7.288089495114421015e-03
1.204764021723207096e-02
1.663541566913247921e-02
2.115133946395016118e-03
2.380960197164927288e-03
2.589167114620910277e-03
4.699603630469608925e-03
3.549550134541499310e-03
9.588038465379433023e-04
4.897392945492731395e-03
7.311261127335663169e-03
2.080143230538108578e-03
8.195729613557977550e-03
4.992533037621175659e-03
7.380251455914829325e-03
1.641564139285662041e-02
1.028818113397364682e-02
6.540183134244762636e-03
5.465062519739341540e-03
1.468565366264719743e-02
6.253500808454926646e-03
6.516233554056112369e-03
3.962969230662588202e-03
6.294414912446666746e-03
4.036046352785435144e-03
1.598853964772853700e-02
1.500269086648695245e-02
2.824466958763159879e-03
4.219382878070693232e-03
4.274430811497056254e-03
1.561892170740330869e-02
1.702427746690644925e-03
3.730318715243142319e-03
3.508304660244835650e-03
8.441052053766941524e-03
9.088816879927517564e-03
1.852965635439929315e-02
3.662339710149383441e-03
1.054156670644563858e-02
5.423069937178274201e-03
3.181563702832891378e-03
3.070003182334954395e-03
4.345693462096118613e-03
4.228315401315572964e-04
3.738790110898717808e-03
1.992256107722804176e-03
1.746563194249142292e-04
3.519378302142658638e-03
1.271395960098943090e-03
9.301005168230635362e-03
1.437915391814156493e-02
2.660737839924766281e-03
2.628627251816344386e-03
5.362772148621474527e-03
6.885180041945495114e-03
3.967215515391287438e-03
1.154752173482966916e-03
1.247012646961249624e-02
6.484334392656292047e-04
6.777538471040201254e-03
3.674693346949680717e-04
7.255063177516213498e-03
7.001719267758577461e-03
9.934885243783515146e-03
9.998827262171607402e-03
6.272311495652386354e-03
5.137956431960055128e-04
5.248691512111621112e-03
9.611933206231638993e-03
1.278323693133852443e-03
2.659823744921388424e-03
1.360910312867104083e-03
6.686116901572058957e-03
3.152115071763958963e-03
1.388142726763481188e-03
1.086896911396123457e-03
1.243844749074622452e-03
7.410214793369909736e-03
1.526489410560844884e-03
2.954952539643869794e-03
1.376995168380031921e-03
1.472730185815728041e-03
2.695120144707675858e-02
1.178469790994175022e-03
1.206174758729689281e-03
2.561564572109939508e-04
5.783423461860703538e-03
5.145382050184963384e-03
1.854042364164023779e-03
9.886197667141610398e-03
3.946349537534446505e-02
8.068614642274516552e-03
2.386847309149750171e-03
1.102056082076446463e-03
7.301360882876853017e-03
2.521699498335982798e-03
3.772653396074006002e-03
2.987830710866922531e-04
1.277959406508899151e-02
1.784405445137948049e-02
5.974546905198503677e-03
6.624880993134595053e-04
5.250303893524555562e-04
3.447695072113295123e-03
1.292468112872862274e-04
2.831730378984438200e-03
5.620773934761860062e-04
1.016714859399425915e-03
8.825474634302037796e-03
6.036008250374518685e-03
8.615561901365784842e-03
5.241142402920088419e-04
2.227708009130340374e-04
5.303155264779473889e-03
1.563269838673743244e-03
3.538351728703123360e-03
5.163818273322812874e-03
3.855352266505002786e-03
1.006679600476803388e-03
3.727525246336368600e-03
4.645539279512504900e-03
4.333360607643183270e-05
4.798960009054200650e-03
1.265101456808278776e-02
1.136777005181817542e-04
4.964619217397514897e-04
9.052094303050281813e-04
2.257787150990648618e-03
3.008007280383201941e-03
2.034254202597152693e-03
1.240753119577376034e-03
2.740623405551869079e-04
1.037869943890627408e-03
3.210011524287747467e-04
2.177476152931466340e-03
8.206447882800260371e-03
1.028807747229155407e-05
4.399735138389758091e-03
7.828449558711144535e-04
7.685980778992274574e-03
2.628035251222124186e-03
3.605631835308174826e-03
2.075030236186194252e-04
1.214393129206517777e-02
1.005969568140505132e-04
4.880409919372122318e-03
2.567552314549614509e-03
7.849283695872164121e-05
4.047633952256120445e-04
1.294981021949692234e-03
2.713235387294539143e-04
6.638204739887041371e-03
1.392408342707256164e-03
9.796255800954941501e-03
3.103904168878167738e-03
9.700269806778395038e-03
2.750035350795820843e-03
2.234487018172276809e-02
4.305542551361260517e-02
1.356583990872609058e-02
1.881715810805448252e-02
2.996723122286271135e-02
9.490027179976993216e-03
2.555118038876793424e-02
2.415470908548274231e-02
3.226736580620720440e-02
5.967219222287328123e-02
2.311477209924585330e-02
2.130986548987580040e-02
2.341897395634951785e-03
7.187102609680211598e-03
6.273476250942683352e-03
1.402738811307882930e-02
7.399093334739148542e-03
1.418656551356523021e-02
6.077688329665836657e-03
8.010172899036539090e-03
4.240644478701333792e-03
4.295890190356176259e-03
5.839066174620441765e-03
4.924664205328264412e-04
5.261642888684407498e-04
2.095712898015053387e-03
8.190158469213300275e-04
6.936624163336821023e-04
1.146873275646322033e-03
1.226375497036772018e-03
1.141503839296876231e-03
1.215128456021218615e-03
4.131438562977823945e-04
2.054362546305068572e-03
3.413300828425390107e-03
3.059459297209124115e-04
1.535953244593288823e-03
4.943809908972226662e-04
1.473784708451988598e-03
4.676646169999478918e-04
1.036403070070314328e-03
2.238653875727123366e-03
7.279482422708487450e-03
1.030650942005561805e-03
9.898638116034887396e-04
3.481077673284403012e-03
3.451389275755716241e-04
7.796071792782999742e-03
3.410274391552640602e-04
1.262721355700527695e-03
6.650424236801591189e-04
1.013238597229358271e-03
1.257722468463550846e-04
3.946587375076662102e-03
2.165222190019149787e-03
1.755401502789347666e-03
5.146295097060368806e-03
5.860055436479548983e-03
1.343205647619345614e-03
7.782240654000807667e-03
1.086461956770749630e-02
1.341011211797463925e-03
1.644397245640766107e-03
3.094761207766312527e-03
5.052916233316581511e-04
1.888717500351282802e-03
2.201225952745714475e-04
3.753006848267664147e-03
3.999442174672558289e-03
5.827359595694816229e-04
2.458146407498097591e-05
3.581630220424678870e-04
5.112044028315562184e-04
3.139776989663427970e-03
2.197366434791897440e-03
8.067414681250875826e-05
1.188428426765419932e-03
7.947582056641969454e-04
2.710851733389175577e-03
3.979700523679411545e-03
1.351091939175648069e-03
6.274190325599324214e-03
5.196998417374465266e-03
2.311449443606521017e-03
7.730498299515164984e-03
4.095576683033006968e-03
2.253182946552199960e-04
2.685613786447230578e-03
4.033691850806410406e-03
8.876499523972722783e-04
5.725321410666888745e-04
9.561006363851163540e-04
6.588191595669538186e-03
1.376631353299854988e-03
4.150505174671107519e-04
4.710872822901080240e-03
1.654587510354312962e-03
1.632313085404692686e-03
7.930688670241995558e-03
1.661358340587393723e-03
3.534455578619315370e-04
2.910081869362000050e-03
6.623428502392628148e-03
1.912798543688611552e-03
1.546160772484551080e-04
3.400074919041381517e-03
3.442909856427385680e-03
8.494939223136665357e-03
7.461536548802796993e-03
4.550535605074973282e-03
6.715468261255287414e-04
1.747984785507077738e-03
4.013122680934860624e-03
2.066729295930751914e-03
9.432557273235012791e-04
3.620570124579074092e-03
1.235570494143915961e-03
1.763940808956446834e-03
3.685243379823404763e-04
2.545040469895678073e-03
3.604594842274181580e-05
1.610381893437536332e-04
2.895412249404206041e-03
2.576444659632587918e-03
1.741377034236754823e-03
2.042918700015213668e-03
3.104227279768537287e-05
1.804504159337306493e-04
5.268082456171068254e-03
9.981557269270680737e-05
1.083205922205882901e-03
4.729531899533920801e-03
6.586549937703703016e-04
1.714579127217658863e-03
6.884196666657732035e-03
3.094032955457079806e-03
1.011779322108349844e-04
1.167730257015135806e-03
8.183347074373034311e-03
1.647661081370751851e-03
7.821723067615158525e-04
8.241676400562079896e-03
2.195333559818226851e-02
1.642843923400204558e-03
5.148981524507016683e-02
4.913725751712399309e-02
1.516456669109200184e-01
4.779638402870541036e-02
1.232387269063531243e-01
1.058123899880829971e-02
1.083332443855450494e-01
1.588295117451000299e-02
5.375225168673171405e-02
2.238380873011212684e-03
7.950902212969649871e-03
1.871946785796408828e-03
1.317740881252252999e-03
8.288052810870141828e-04
5.541496929652034312e-04
5.132469258686445275e-04
5.526578266476937611e-03
2.283035555521549433e-03
7.510786349198867069e-04
2.430876963884178853e-03
4.449486301174263372e-03
2.530963180243044929e-06
5.085084290485076229e-04
5.181249805520329226e-04
1.484558608597065944e-03
5.311642648229129328e-03
9.720240500771856057e-04
6.419347327532303957e-03
4.778066896928534187e-05
1.890559896179592331e-03
1.389662730113526336e-03
8.762948271266212188e-04
8.142193007707140308e-04
8.330962285239794374e-03
1.189677799774961804e-02
4.158708396854082692e-04
2.411397415260036880e-03
4.627871027390394187e-03
7.959966636680446822e-03
6.620744549455791651e-04
5.666110097119228702e-03
5.485192078308398023e-04
2.746206628957840513e-04
2.538607417075125494e-02
6.073571037234220746e-03
2.403088688770609396e-03
2.644074440184172696e-03
6.168723278251856540e-03
3.015328162286418524e-03
1.623051834558379702e-02
6.899680872954862959e-03
2.652962977768929653e-03
8.465956685635795060e-04
1.405970846782896022e-02
8.174716382176060170e-03
4.687703462325588065e-03
3.188710096538374065e-03
4.870797695998210081e-03
3.983193571121264320e-03
1.027118471127302576e-03
4.094176245912432686e-05
1.289293531865161671e-03
1.242073585412146715e-03
1.168581976043741623e-03
6.707027781224656968e-03
7.311975975952035404e-03
1.070243486288875723e-02
6.504646948239912151e-04
9.201520024977743323e-03
1.336587979778985566e-03
1.202199712580977610e-04
1.218696723781554237e-03
1.411980536325511742e-03
9.556495478623040643e-04
6.825514315363013021e-03
4.261220434328734895e-03
1.434918241262034527e-03
1.030682056104136740e-03
5.046813676056319253e-03
4.437413787370866718e-03
8.493688293638929684e-04
5.722159613170122415e-03
2.895445090607104248e-03
1.658716441074187253e-02
3.020569732732038964e-03
5.252365450672084879e-03
4.580491840059486286e-03
4.409302818302721950e-03
4.265258763239498474e-05
5.592623443152057276e-04
4.825816264673293832e-03
1.036538941172324667e-02
1.557237968011467803e-03
9.032432580189469346e-03
1.842027774817382117e-03
2.166480332680065170e-04
7.973152606508451812e-03
1.486965956535195137e-02
1.073062389242120150e-03
5.937595972567665664e-03
1.440625274891571593e-03
1.310019603194998404e-02
5.147820922838807108e-03
2.601199888268550947e-03
2.341369906208691249e-03
7.011329748806607171e-03
4.606531410029853792e-04
4.018922260351443822e-03
3.883760713355791962e-03
1.683183923158410381e-02
2.096358151289291522e-04
5.752820369946774239e-03
5.158988735487472777e-03
2.973961585949330515e-03
1.767453647713722320e-02
7.693437004841834417e-03
2.563064403340872127e-02
3.047547616961569349e-03
1.508636512250319250e-03
7.418265637466706433e-03
2.948176693945365849e-03
9.469691800967640002e-03
2.158128768624159588e-03
1.485368577557808975e-02
2.604386224130934499e-03
6.362660448377563394e-03
1.328257290802013551e-03
1.529944876143928163e-02
8.833342556098626452e-03
1.975932303166816340e-02
1.119553297377566883e-02
1.197626679799237981e-03
1.274074839053022934e-02
4.505476076340077067e-04
2.371655200163378893e-04
4.369165292500165956e-03
7.860938078241290657e-04
4.651062571113096129e-03
3.464429276894390869e-03
2.301447543350392758e-03
9.293590701909633725e-03
9.375806400483863504e-03
1.577964680148699356e-03
5.191171741848943019e-03
9.736275657029627392e-05
7.643934116516826367e-03
3.151108003197450325e-02
6.341089681911526652e-03
1.851985113231600097e-03
1.004526309474509070e-02
5.738782381194102757e-03
1.610135881233333913e-02
8.007213266585566560e-04
4.042368792482822597e-03
4.327325517260897231e-03
1.658577243033216328e-04
3.123515081438142898e-04
7.237487380773567971e-04
3.992019278145694924e-04
1.151780742246873157e-02
5.560858172258837523e-03
5.171504206733988813e-03
2.680124159454602174e-03
1.509662192380835724e-02
5.045289677636632247e-04
7.094661910492954839e-04
2.573769808807519714e-03
3.621534642234126161e-03
3.335043012632381027e-03
1.434835902067438298e-03
1.855959712660336033e-03
2.349403475303987396e-02
5.826724245807943584e-03
5.656608539670570854e-03
1.817762085123129229e-02
9.423064104810834841e-06
8.581028688268678905e-04
1.324152812892026793e-03
2.588245338238429755e-03
6.054474591715354459e-03
1.837098571028311341e-03
5.456715969616449634e-03
1.815228980840392957e-03
2.079747847999999059e-03
3.592949924743136896e-04
1.252381646815199645e-02
9.782167769987084108e-03
4.112150827116365162e-03
5.397260919399731339e-04
3.918799803587304058e-03
7.640551168673247011e-03
1.485482752827518675e-02
4.058685636803315185e-03
8.504012507156511261e-03
5.395845947242740217e-04
3.941786129718385413e-03
2.817629133219316101e-04
1.596050322734385123e-03
4.317499073334535309e-03
1.429555753106268728e-02
8.688018825794973244e-04
2.793067770863682988e-03
8.170663254185399609e-04
1.978359900686477157e-02
4.423825187507913863e-03
1.942150461831930247e-03
1.523303299419396725e-02
4.045781948968266845e-03
7.667472658691944568e-03
7.923914630356345898e-03
1.079438219827274018e-02
3.368730581309630108e-03
2.660673803601183111e-03
1.186822466047078454e-03
4.810755894244592330e-03
4.005574303468839928e-03
5.646296604917277161e-03
8.151353277175357390e-03
5.672958669195603959e-03
2.176662934103708660e-03
8.103076698975919534e-05
1.065838905786037002e-02
4.600124365220328859e-02
2.989175106174278736e-03
8.761055828997783845e-03
9.829692017967557247e-04
1.944408405617727240e-03
6.642279004853280169e-03
8.856113363694812640e-03
2.909310010162110757e-03
1.631883202626113359e-03
6.287728382172286246e-03
6.332086034123321581e-04
1.495777357290149073e-02
3.071614268178582928e-03
1.923839003657894405e-03
7.183438395258593540e-03
2.237374353974733079e-03
1.138515004694204760e-03
7.316181680907534075e-04
2.322420507469520785e-03
1.286886257012898917e-02
2.351895369095882878e-03
9.192692901010533248e-04
3.340581686388728426e-03
1.284144271682939598e-02
1.045094386203469609e-02
9.476084066771515470e-04
3.821634527065832787e-03
1.627776839847923460e-03
5.058099907674497124e-03
1.168862019445659171e-02
6.198623646214265802e-04
4.943194985466725297e-03
1.969200038318308973e-03
1.074352914130996192e-02
1.688922702761577266e-03
8.736966073309641867e-03
1.791425229180518448e-03
4.420694619470760464e-03
1.483342030845665772e-03
3.194974106697571732e-04
8.093244455519194719e-03
9.086286795643540911e-04
5.560466283813297536e-04
5.260320533022572013e-03
1.554828973229384695e-02
5.169203446837064564e-03
8.703828286503553779e-03
7.924693076182355578e-03
7.677752919456828744e-03
4.439167993742294122e-03
3.307738840632647431e-03
3.570080791211053921e-03
1.156243730019684401e-03
8.553198386505746328e-05
2.571532664387135222e-03
4.276222109638911327e-03
7.121075202366391316e-05
2.323578704989321016e-03
2.400585446706883508e-03
5.093309015999746524e-03
9.886147619619393631e-03
6.857175881820053502e-06
3.093771214011530220e-03
1.659355546974890672e-03
2.621968870939519417e-03
2.794757802074221095e-04
3.148137038565887100e-03
1.467310177882016995e-04
3.691880433630705702e-04
4.475166359508342406e-03
7.610588684954919768e-03
3.303723573707224685e-03
1.260455011142585548e-02
3.230091204151083664e-03
1.338882804441112037e-03
7.203740500604542338e-03
2.110178697227597694e-04
8.952923886830989504e-04
5.971059930328250333e-04
1.846974715024698446e-03
4.869793944613522683e-03
1.363682645274859979e-03
1.750698943406370136e-03
2.495591118957227877e-03
9.916263227891502358e-04
2.301565582345306733e-03
1.073261455062079215e-03
1.590035372534620833e-03
5.120988014920379965e-04
2.601353321848258373e-03
5.068841747405045985e-03
1.628676693309527210e-04
2.266580874335319829e-04
7.451300017845281787e-03
8.939732755341655256e-04
5.981506507067085518e-03
3.515912233069244403e-03
6.723296033480420392e-04
7.377065344191490771e-03
2.912943220865336739e-03
7.994485637745841339e-03
2.053062347344438831e-03
1.992408164494391832e-03
3.080140881052399315e-03
1.061460639972282164e-03
2.683713416813185426e-03
3.199385643693521998e-03
7.044087367578265660e-03
6.040838844712923504e-03
1.114747407898457115e-03
8.378205964940816384e-04
1.182688535039337803e-03
4.388633638744632998e-03
3.016039080544143276e-03
4.284372169724913969e-04
7.534269015520166004e-04
5.474010312895200708e-03
7.325850785177589683e-03
2.052677515880321248e-03
7.614742488518871054e-03
3.677069098477096093e-03
7.291130327747131568e-04
7.672977417674643232e-03
7.431001953529144111e-04
3.852091920494400083e-03
2.301451900462744664e-03
3.037698743075419039e-03
5.293655824716035456e-03
1.270298649436112093e-03
5.550929795260711903e-03
7.921811885260445635e-03
4.843672414170916568e-03
7.219072460777145595e-03
3.911356213745040278e-03
2.526324827941607998e-03
4.764103421740383502e-03
1.488239916918237399e-02
4.730893745217639237e-03
7.238424374288530104e-03
3.103872495601548570e-02
1.396943136369235838e-02
1.780955453868968141e-02
1.120522199959493419e-02
2.337111724405485300e-02
1.931785904527820799e-02
1.882497545484240059e-02
3.310228198732351017e-03
1.843454598229437788e-02
3.312733825847748257e-03
1.612416095813260994e-02
3.373701499958807210e-03
3.675669941741123350e-03
6.699772151695052025e-03
3.254191483708491692e-03
2.228846945965403271e-03
2.599658187176257917e-03
5.666581227969471387e-04
4.947532935739712423e-04
1.717188508412126119e-03
2.850978550889151459e-04
2.057738159543219710e-03
7.047108293443335447e-04
1.200263372470050920e-03
1.528560949193255450e-03
1.342877334886853841e-03
1.351202376671228466e-04
8.082831794879245498e-04
3.453834345254175970e-04
4.612926600074280896e-03
8.547946152983214915e-04
5.711583523730875050e-05
1.618178422059583310e-03
1.338222505882304819e-03
1.107305488095830081e-03
1.202445933289219681e-03
1.479651186686171092e-03
1.903618930092645630e-03
7.809226502680731950e-04
6.057181539148140436e-04
1.424671517830437785e-03
3.585043573129882526e-03
4.315219792533034338e-03
2.309062932438748898e-04
3.658598713110471599e-03
1.193584538251310414e-03
7.813622895832634738e-03
6.926920693883413874e-03
2.007871779212706126e-03
1.447095000759278730e-03
9.370293724640241934e-03
4.010600983114211149e-03
1.982284699909140149e-03
9.525413549388256178e-04
1.718711470193990233e-03
2.737395167365510662e-04
4.442186729364131469e-03
1.024441305363298083e-03
1.763536474658020364e-03
3.271747967693337551e-03
2.322243236815862803e-03
4.696906461947831049e-04
5.088582057829101231e-03
9.394109656494315170e-04
1.566828868836307460e-04
2.556585424451803239e-03
5.787175054645666769e-03
1.333025535177373086e-02
1.077949812103825758e-04
1.624607736412643239e-03
1.615733358687564949e-03
6.038896801094828688e-04
5.842932457804693794e-03
1.032536077410459738e-04
1.196246691531116339e-02
3.576729660798853849e-03
2.206704371306744683e-02
2.284221576601575964e-04
5.613358088313382148e-04
1.758979760602606213e-03
6.148291942859576177e-03
1.184752775038883099e-02
1.095399615623315892e-02
1.242500058531426132e-03
2.547198138008991038e-03
2.138517703849374552e-03
5.780319929895002921e-03
2.172841403225841614e-03
5.052638971518616344e-04
4.088714210626715091e-03
1.779315433753279668e-03
1.011541513444880929e-03
1.167620784000401131e-03
2.447583414206149985e-03
7.588510867791668953e-03
1.026387686497334589e-03
4.985699812770414243e-04
2.178701900311178212e-04
9.022559776957688599e-03
3.181737960173605141e-03
1.186466157964557403e-03
2.489760200970507313e-03
7.337194422445905521e-03
1.318401755809432262e-03
3.556060902723197185e-03
1.004145872535076173e-02
8.180368684327011435e-05
1.415357126732324838e-03
7.881255809729880682e-05
1.083209308695732431e-04
7.241107066904908796e-04
9.124629599133518825e-04
3.869716366534521959e-03
7.842046573277473972e-04
7.618343220454626419e-04
7.159852909415679667e-04
1.173637702873611688e-03
1.206445218529038702e-02
1.832684537416255297e-02
3.053959764955638950e-02
3.203696322626277404e-02
5.046364784933342340e-02
4.420539489553539786e-02
5.947115467425450469e-02
6.538890491132715033e-02
6.412162417720719543e-02
5.194481072250309826e-03
1.472567533999554791e-02
7.685349489183653827e-03
1.105238002909037474e-02
1.119206353489430629e-03
1.224460668537451745e-02
3.803945798613455080e-04
8.959408545254551881e-03
1.873715966164965063e-03
8.154458070336792876e-04
2.621254796715903265e-03
5.105252765619249406e-05
1.951675132592073977e-03
1.002808296397477523e-03
1.025991718834587309e-03
3.263741826039370277e-03
6.314764847076187243e-04
1.607379618512860212e-03
3.666728208698343070e-03
4.270662684660668160e-03
9.209037722893116673e-03
2.254648866631993320e-03
1.255803334592287684e-03
3.068590418645604674e-03
3.978519385437946122e-03
4.883382522107900664e-03
1.679501116486518042e-03
2.562489030091594840e-03
8.864465929119536708e-03
1.028975558159367582e-03
2.515542107098568680e-03
7.387781551617614165e-04
2.592866313021996438e-03
5.158438012870845231e-04
2.086885057214141052e-04
1.084119476018161055e-02
1.598854962203931579e-03
4.474300776183963956e-03
2.817885739835181841e-03
1.356321809663161562e-03
8.514332882157672755e-03
2.194800568641136571e-03
1.576737901664066258e-03
1.165103197259714871e-03
4.827043990078189184e-03
5.105416509858988136e-03
1.507152206272685232e-03
3.055885516221645663e-03
2.281917575041860109e-03
7.046070197146474257e-03
3.348990992561416344e-03
8.769425741462636911e-03
1.516973680523567639e-03
1.136269869807792713e-03
1.732721557560219132e-03
9.652458383873858960e-03
1.775565264779028780e-03
3.867693146554737702e-03
5.127054150332867495e-03
3.010859077090055104e-03
1.119051153016948209e-04
7.727435995094516716e-03
1.018992176351973854e-03
6.020821179624153210e-04
4.086043038736076526e-05
1.677010669613092017e-03
3.597525411436836712e-03
2.719959202664704772e-04
1.507377681586561996e-03
4.338190039445326794e-03
1.521335926511197586e-03
1.102629918252609302e-02
7.039856265028071689e-04
3.311087400155283359e-04
1.365669125624472324e-03
2.030669930821201938e-03
2.598937983042899202e-03
4.424538443922054927e-03
3.403480805001906674e-03
6.782875178350968371e-06
9.695070170091202267e-04
1.241995678229541183e-03
1.821803432015307520e-03
2.809411893173825205e-03
4.151334993269078545e-03
1.107393864156789231e-03
1.244246721173665991e-03
9.252090201263976979e-03
5.693541749627281136e-04
1.076658281359123131e-05
4.683268743804902957e-04
2.560288565761116228e-02
1.413465026016637229e-03
8.184967070008337259e-03
1.696717438407968279e-03
3.389690232826393472e-03
7.899712085981565324e-03
8.518733573952413929e-03
2.140142641988245810e-03
3.426377807113550021e-03
2.665734778803333788e-03
1.646448269650620526e-04
9.039233487581796803e-03
8.177857559756784508e-03
6.645839867869119191e-03
2.174979526673894228e-03
2.131527507217024218e-04
1.657300921767519957e-03
3.581210275769088590e-03
2.377385201807764598e-03
1.189330171779494653e-03
6.495091031424564051e-03
1.189234576214155160e-02
6.107315528913292817e-03
3.847785910290493858e-03
9.936338550373220377e-04
1.350915803923868940e-03
2.880953268407486674e-03
1.773986912763852964e-03
1.171036827580176562e-03
3.843797181516019155e-03
3.320053299592840880e-03
4.887619998510834077e-03
8.963034074364321924e-03
9.604163119265575477e-03
2.481876846988499002e-02
2.002687096196041541e-03
7.811298970883489429e-03
1.244636492799205876e-03
9.051253888560428784e-03
2.542271275321197205e-02
3.174572459087822950e-03
5.610159970806905330e-03
6.035023201749884630e-03
1.197254675730033933e-02
6.575849070941793169e-03
9.145842333277094454e-04
3.539512247063937578e-02
2.535221756459895073e-02
5.396510840992244790e-03
1.203658515756318714e-02
2.055876991553258828e-02
1.903837974135156805e-02
4.420500610359275745e-02
3.202052810441340103e-02
1.321643693515428368e-02
1.930072269786546960e-02
2.509534920461202120e-02
1.474646892064819699e-02
2.400877486010250320e-03
1.398666905040647475e-03
4.038777097781708417e-03
4.720875992735955318e-02
1.395664825148689933e-02
6.278187813371221247e-03
3.946455988255887469e-03
1.439649816768966248e-04
9.697296480921928363e-03
1.434208723443433989e-02
2.717048499630479470e-03
4.284505078335509171e-03
6.983221185214502982e-03
1.109922976004816195e-03
1.965964826712976801e-02
1.265635505068087724e-02
2.631355765132525198e-02
1.625343645895959213e-02
2.530659131039428300e-02
2.926184617510118463e-02
5.001953231733083372e-02
4.028035428639164389e-02
6.165871579105632050e-02
2.549513784824749760e-02
4.939024755342104334e-02
4.323034965961701503e-02
3.818777627880686615e-02
4.657507629114950639e-04
4.851630231457309921e-03
8.073386041722427700e-03
1.472517030389429481e-03
4.100303315432298574e-04
8.516779667488488456e-04
5.459133177856959063e-02
3.036753353960742682e-02
2.207536927729567174e-03
1.454140392986680991e-03
3.808293964775908824e-03
1.701779098485505393e-03
4.767833260032282999e-03
1.274320792578410681e-03
8.727220579638570591e-04
1.574416186576084583e-03
3.527527850804543057e-03
2.050710117904377960e-03
2.110404910646128569e-03
4.352731488119097533e-03
7.335449189077890893e-04
1.570782651953160896e-03
5.306854895441918919e-04
7.937800176761820523e-03
4.776679979998709608e-03
5.755195480118466961e-03
1.586273238140486694e-02
4.498559049689133255e-02
5.700343365592482059e-02
1.283771470120863636e-02
2.241579425303614689e-02
2.335729728702996486e-02
1.730010457729857717e-02
5.638244895175771598e-02
2.374725741929402043e-02
5.645738163950716343e-02
2.767379254084614826e-02
1.681333617150717469e-02
3.929712044832672216e-04
8.127856959022341718e-03
2.162958454855009975e-03
4.006326005786536339e-03
3.598087943093529299e-03
1.262664069756452498e-03
1.370936500252264642e-02
9.240725264405875647e-03
1.066841316109253153e-03
2.205865522640912055e-02
7.796003742719857105e-03
3.795834480625505641e-03
2.063076624247647470e-02
1.060437731509967715e-02
5.038869879399074901e-03
5.905233456417477780e-04
6.086207128082058576e-03
3.827898887364154790e-02
6.848614815849220216e-02
3.194735287522497413e-02
1.959785811209107872e-02
2.189499947323637549e-02
2.822814799579721409e-02
1.682924411380875077e-02
2.669849193192691539e-02
1.528133182461700879e-02
4.354348823517435740e-02
8.456581876257415059e-03
3.496427547129581787e-02
6.262484229044688877e-02
3.389503824268375737e-02
1.526456599285082837e-02
1.125156069502998915e-02
3.107841492632796784e-02
