-5.953200194698204939e-02
-1.060835111959588239e-01
-6.669941968973502888e-02
7.493982725737069472e-02
-2.573980902494144019e-02
-1.989968065920910689e-02
4.015523369733520198e-02
1.343433477793087860e-02
-1.477483271478874371e-02
-2.884571899312837751e-02
-2.278492906868923029e-02
-5.779669808056997482e-02
-4.941748307465410051e-03
-3.608666905129154223e-02
-2.630343959008096810e-02
-8.072761765793856625e-04
-4.994623370300077525e-02
2.217486391824508019e-03
-1.638986131517361500e-02
-4.535351056640379852e-04
5.185273025419512294e-02
-1.031023103117645334e-02
1.410371363682605406e-02
-5.940202207278177937e-02
1.205619967994220332e-02
-6.586199908643752821e-02
2.653824588408060237e-02
-4.696074885337608862e-02
1.856018916779289540e-02
-3.262048016490348701e-02
4.162362316206369428e-03
5.424609551008874320e-03
2.123284950135539972e-02
1.245636054200138787e-02
-4.654384630321040106e-02
4.717705141529471291e-03
-5.741403312790716029e-03
-1.097910509675958934e-02
1.639603800028233138e-02
1.167930216076173977e-02
1.219731474516194680e-02
4.677288356375486345e-02
2.485497440579775841e-02
-1.365397735402096302e-02
1.775397803470912805e-02
2.974913399813727821e-02
4.492602489979091729e-02
-4.387756659995467601e-03
-9.347845962797585173e-03
1.208934906067637982e-02
2.738531268348776138e-02
8.126700079941562294e-02
-2.282439009735881541e-02
5.799673716050168792e-03
-6.545002521090026448e-04
3.486817508819539668e-02
3.546710248749329608e-02
2.812611874085746422e-02
6.573660174196138684e-02
1.899845302331382157e-02
4.180305672287332186e-02
-1.488537341871687403e-02
6.626326676947247307e-02
-4.595307505498480438e-02
8.294900221112166960e-02
7.185698849261257237e-02
-1.323397352297517315e-02
1.896154318159659624e-02
8.017698394189753941e-03
7.215929772700047096e-02
6.344869873319503029e-03
3.965057951374317824e-02
-2.127441568842192154e-02
1.168192738116857754e-04
9.116825075336620898e-03
-7.900563921923620114e-03
1.112061126969710045e-03
-3.194836160252290114e-03
2.178292692611272230e-02
1.466255269801175487e-02
1.308450911717606857e-02
-4.083013380525990499e-02
4.918339520512748919e-02
8.060032027714214564e-03
-1.939309100787633966e-02
-4.408293267372664914e-02
4.116857420962505287e-02
4.751594216066612475e-02
-1.399368342891826877e-02
-9.273499914631111452e-03
2.943334403699315871e-03
-3.242377160097609234e-02
3.909380036677956305e-02
-3.357331722771439431e-02
1.067375648889723472e-02
-5.643986759022556754e-03
-1.270548238282476206e-02
3.293973878543932088e-02
-3.838836711104409716e-03
-4.069154503351990471e-02
6.246223423889896154e-02
1.163784637445068881e-01
-5.136167034141436716e-03
4.046244731193060495e-02
8.719844549843802639e-02
1.681066848478003362e-01
-1.122163517206735683e-01
-1.224581149727483886e-01
-9.930397550555003505e-02
-6.003399111731888560e-02
-6.267396290413396187e-02
-6.551242715673977202e-02
-8.471283947239394152e-02
-3.176352869517273803e-02
-6.994189651814552988e-02
-8.289811164144134104e-02
-3.809689231171886625e-02
-9.435340192401442394e-03
-3.035955380685639859e-02
-4.170252717851252733e-02
-5.394843047997710528e-02
1.542938241649016717e-02
4.464751265362121302e-02
2.160125846032956431e-02
-2.834361830404974469e-02
3.160808463581110672e-02
-4.442837048186421001e-02
-4.276794944887729599e-02
9.336863228504910239e-03
-4.607305256172589125e-02
-1.927459359338890010e-02
-4.729384423942883942e-02
9.849212889410097205e-04
-2.646504508904445885e-02
-1.249172690323163692e-02
-2.656959387677426676e-02
1.574840269725896746e-02
4.000711893472619352e-04
-2.757555123619859216e-03
-8.017321247210773549e-03
1.999517883111545657e-02
1.677923232319855629e-02
-2.323975985509818543e-03
2.817730494977244149e-03
-2.750641970190592644e-03
-1.746429313462627420e-02
6.622024361348533006e-02
3.054571071398237692e-02
-3.535660818047281495e-02
-4.778049183797072885e-02
1.755986577982415753e-02
1.016394135931557585e-01
-4.159000915358834760e-02
-9.636246882269405845e-02
-2.807762467373908777e-03
-3.087715936101842473e-02
1.013237230090009433e-01
6.318967522310980911e-03
-3.713892842020216634e-02
4.133289591384992079e-02
-3.084341000762735874e-02
-4.751969754916984812e-04
4.112010191708304063e-02
-1.855398212414982595e-03
-1.863820379893521562e-02
1.887361830955969211e-02
3.528936540459071125e-02
4.009783549068623998e-02
-8.650150375050191798e-02
-2.006264776188393384e-02
1.514174545453395027e-02
7.339412852192106484e-02
2.285910668190105355e-02
-6.088272877757905377e-02
2.502043780390517114e-02
-5.857678068663352278e-02
-4.112532010443148422e-02
-4.735038149415782271e-03
-1.342993280635695896e-03
-3.562121388844818881e-03
-5.679131425289307700e-02
-4.842611751033398804e-03
6.219932265446992403e-02
2.893394718813269151e-02
-6.529516868370599525e-02
1.064798079378013185e-01
1.848802081043565693e-02
-4.385184284023413426e-02
-2.562264442009842824e-02
4.965131222650409626e-03
5.091334776871292433e-03
1.873783542184748185e-02
-5.184417566643695352e-02
-2.442675329472177026e-02
7.374614286442815470e-02
5.937949072532200390e-02
-1.430522076224938210e-01
-1.994498206742401081e-02
3.279158685995042788e-02
1.525677749429688035e-02
-2.743208350513359761e-02
-3.475246050643709950e-02
-3.073463426599065684e-02
4.353319723034232425e-02
-6.408011129859936261e-02
-1.853183284672565989e-02
4.171077305865411589e-02
-4.081342489221118086e-02
-7.920158674394528475e-02
3.450999558536338441e-04
9.710623359134817889e-02
-9.151248437175008021e-02
-3.701501688519881483e-02
-2.263062705111673623e-02
1.765466869629817026e-02
2.324857999530438590e-02
-1.890580208105596682e-02
-4.365297996701844596e-02
9.162282631466878158e-02
-6.153230585723701296e-03
-4.817143285388780782e-02
-6.342263240855849915e-03
1.663433988841123146e-01
-2.911038726486037120e-02
-1.369409034957893567e-01
4.088254398878676810e-02
2.413890766427018164e-02
8.612358458439217657e-03
-9.443982458547584002e-02
-1.009688195459590432e-02
4.758686927683530854e-02
2.191637544954261330e-02
-9.674514904836506446e-02
-3.726331672699156883e-02
7.817026400929583119e-02
-2.941735622672814188e-02
-7.616473195257222883e-02
-9.687305579559435387e-03
2.362189560373817443e-02
-1.049382191864944858e-02
-7.692264525439318490e-02
4.955638045999277708e-02
4.029720084107424327e-02
-2.233101069997056598e-02
-8.965010853335897423e-03
-2.947506773322317031e-02
1.498832049043263837e-02
5.894126599686666523e-02
-8.973472150837347172e-02
1.343648137123087949e-02
6.103355815759936576e-03
1.475534360064312267e-02
-5.681092816757882247e-02
-3.893847411505468870e-02
9.556789550104971553e-02
-3.514934798495561452e-02
-9.463736305626158085e-02
-1.410002777382679540e-03
8.722483406724412802e-02
1.224182678238250332e-02
-3.709461509792211231e-02
5.443915555204625889e-03
2.242301311903283079e-04
3.404797228011835486e-02
-1.224148548253611857e-01
4.723703817451108122e-02
-2.727735780386053577e-02
4.393674325838947681e-02
-3.111487355146191902e-02
4.777359630684152592e-03
-8.294899728056925881e-02
1.407526601790722864e-01
-3.022227206268768285e-02
-8.918215077345248432e-03
2.863666015156907108e-02
2.684571363279264489e-02
-7.263113293505751855e-02
3.528566289437318204e-03
4.299222658518342399e-02
-2.480429840397269103e-02
-2.087801768639563349e-02
2.890902623275959371e-03
1.776042778378039699e-02
4.150823602770525866e-02
-1.144558827622184083e-01
1.399557306550169855e-02
9.323432178164114958e-03
5.356045077338755789e-02
-9.192852132044704305e-02
2.150058803203336311e-02
6.678039648657341232e-02
-2.803078375252621157e-02
-8.494406394318865239e-02
5.163497315152287825e-02
5.019591007715984432e-03
6.487398821538992166e-02
-3.749193041050524755e-02
1.281888903058980844e-02
4.139120493537928880e-02
-8.178925699178352104e-02
-5.479686858029930718e-02
-1.531912794725975857e-03
5.104521452399790604e-02
-2.310731685657430035e-02
-4.006607431024189481e-02
3.306176880157174480e-02
2.530698597827596430e-02
-4.510469875866407463e-02
-1.200155697672422583e-01
-1.218078251695597913e-02
2.550845708670923528e-02
-3.863425149448707074e-02
-6.059365161174978809e-02
4.566090314042803300e-02
4.271193426358399492e-02
-7.629338827688414426e-02
-3.813352802645297857e-02
7.357112910181928811e-03
4.229673221221830204e-02
2.749627979551672041e-02
-1.919178340228322455e-02
-2.526452365898412822e-02
5.556583997007980003e-02
-3.461609968316992081e-02
-7.157298120144472975e-02
2.165494186438543522e-02
-8.860459128847697485e-03
-5.142950193576956153e-02
-6.695344343098064144e-02
7.547222075923221141e-02
1.579708297178905596e-02
-3.398108523366394351e-02
-1.656552487215945391e-02
1.995457136727551983e-02
6.857358197535390332e-02
2.289998535771653465e-02
-4.767333674337592697e-02
1.855708487784824001e-02
4.963467926635400929e-02
-4.213797332998137080e-02
-1.304724280209348386e-01
6.847019958252387184e-02
1.983380408513424342e-02
-5.394732835070614740e-02
-8.451002611999047787e-03
-3.138569531181101269e-02
9.407711467174939557e-02
-5.936248448037284575e-02
-4.404313258948189258e-03
5.002630309300215572e-02
2.979721238863319854e-02
-5.712254954344730962e-02
-2.375623869038712144e-02
3.594287163852261102e-02
4.220374270582727405e-02
-7.262561858188476549e-02
-7.871153490698423738e-02
3.528773830387965660e-02
-3.356532534846135007e-03
7.226125453167586699e-03
-4.737672134414161462e-02
-1.718080025783885745e-02
6.011766672768104058e-02
3.685517001517979452e-02
-4.401890060693025575e-02
1.708415774329763437e-02
2.394097335259948167e-02
4.291847246639690638e-02
-6.726919175583079280e-02
6.188357659853949144e-02
-3.418013973527189719e-02
3.825604233535306875e-02
-2.381043995826059856e-02
1.874905549304850538e-02
5.237835085755460085e-02
7.440654087119957794e-02
-2.046501761967078892e-02
1.543047441740030834e-02
-5.287767938086052055e-03
7.415068079899889142e-02
-9.248426796146080875e-02
6.671072270619582412e-02
3.900070477490880094e-02
-4.294552418918540226e-02
1.869009676163724265e-02
1.697643800717019147e-02
-2.101000398822527870e-02
3.280277792551578031e-02
2.383440486281340753e-02
6.241561741662993157e-02
-1.132288681603288438e-02
7.103396625247615503e-03
3.783992535057256745e-02
2.364069763880705111e-02
2.396349048489598843e-02
1.317516338045043867e-02
5.388960607320436580e-02
1.960383905520668435e-02
2.535529554551718689e-02
6.564155439602581410e-02
4.577207978777053654e-02
1.598305392684951087e-02
2.309911177164503115e-02
-1.452971816776438274e-02
-2.557364196654088317e-03
3.315545280047516030e-02
-1.423880131550703254e-02
7.306900115468994983e-02
2.307259083032420222e-02
4.901665400709509512e-02
7.583749507483306118e-03
-4.784091575341986591e-02
1.071029935701295344e-02
1.642736802623057102e-02
3.623271699314578598e-02
3.299198047630902408e-02
1.126418470283239159e-01
9.740792575829804179e-02
5.760944330039241557e-02
3.997518894418128355e-02
3.886704906605320531e-02
5.226376565170998134e-03
4.139169129385100732e-02
2.962418547470635488e-02
-6.689854884441182037e-03
3.061899228594411326e-02
-2.229080130389093917e-02
-3.860672319985813949e-02
3.471287452069482526e-03
-8.091401498371730838e-03
3.968340286032834285e-02
3.317986696686991976e-02
-6.596459561796663706e-02
7.482457633239736339e-03
1.960702735890240689e-02
8.652685811864735399e-03
-1.562927194505281392e-02
5.572732348690578874e-02
1.651774895446544988e-03
-2.178699602281297665e-02
8.635717952096610972e-03
8.773786591766308263e-03
4.769399953528763447e-03
9.855337304607303395e-03
3.591666148201744235e-02
4.889703827756486376e-02
-4.314454855340388306e-02
1.967650982701973916e-02
-3.410800639021793756e-02
-4.851573117394325507e-02
4.824458196091008233e-04
6.252082382954604611e-03
-2.243277932827325571e-02
-3.572471165899004930e-02
1.193711916483319868e-02
1.231619223786939443e-02
-8.247395455841477485e-02
2.685156904923147181e-02
9.169812558121215318e-03
7.631683296422941964e-04
1.854573594744390874e-02
3.483206023989815492e-02
7.635045600604239979e-03
2.212817148361212460e-02
5.365530940228468992e-02
5.929403960449031175e-02
-2.020856081860999964e-02
-2.906027692162593823e-02
4.976698257702816264e-02
-5.546737895866238333e-02
-1.916611958752545419e-02
1.095488083899809340e-02
6.417851860550882748e-03
2.100653689817466585e-02
-7.449331796663738459e-03
2.242909462346442950e-02
5.100170525286795709e-02
-8.625198354985341709e-02
-3.629914645410581286e-02
2.770280658736190560e-02
-2.463392238877482043e-02
-1.860560318145410008e-04
-1.756310352833123645e-02
7.305316736175759829e-02
-2.796952956284837200e-02
-7.995349659955852673e-03
-9.615782208730383473e-03
2.101229577244190239e-02
-3.410541680016576649e-02
-2.593267388062470147e-02
-4.089925661565008141e-02
6.231321391339639248e-02
-4.076280922114872141e-03
-5.638218674468609137e-02
-7.252445578068034138e-03
5.365737797891734218e-02
-3.716006141676908570e-02
-5.626637159312330994e-03
-4.160297464312456839e-02
7.993931624916728040e-02
-7.557779488180882410e-02
-1.777820506046756677e-02
-5.432599684851391331e-02
-2.950793417158648069e-02
7.134735266921232721e-02
-8.250048791251440861e-02
-5.632504960403350580e-02
3.863417590209206054e-02
-2.183540518097304428e-02
2.744697847354293785e-02
-3.307418959560814997e-02
4.660057730845368340e-02
-4.720206560300255205e-03
1.607603384897648979e-02
-7.840523761412043768e-02
9.921962205499035292e-02
-7.933934649924978544e-03
2.616813111851667983e-02
-5.482927893207101278e-02
9.404513114205848012e-02
-3.648218374347278470e-02
5.446068108264423557e-03
-1.153391156101335469e-02
2.040479227956915054e-02
4.039233636955685824e-03
9.293289976969099087e-03
-1.105857127554621400e-02
2.773668411821361701e-02
5.146528450946608046e-02
1.624052651217677834e-02
1.437364077568092924e-02
6.528685005665035845e-02
-4.062919259620434431e-02
6.324710002425559807e-02
-2.534633588606549637e-02
-1.243883175768090155e-02
1.143036567270128145e-02
5.994393243031304053e-03
3.046093692086504490e-02
1.959653292585628037e-03
1.662313720015284879e-02
4.061741566308119111e-02
-2.755155005773679555e-02
-2.148943486333187991e-02
-3.190530762045851176e-02
-3.474012243239021913e-02
-5.286632150478309811e-03
3.474644941578164392e-02
9.584772846572242599e-02
8.362024670809065086e-02
2.036951232843087212e-03
8.085888601785340413e-02
7.390241927212048978e-03
2.906553208683626544e-02
1.286276458435309245e-02
1.222341658231740347e-02
3.014183945908599505e-02
4.937053489485121460e-02
2.479638648848569993e-02
4.650144394105026890e-02
2.307380045447993133e-02
2.887189103790310796e-02
1.034309597717530949e-02
-1.490230071251374966e-02
6.858660340901923114e-02
-7.586041126459597272e-02
1.193118912240853646e-02
-1.031427871529333462e-01
-2.774625669535324413e-02
-6.993121406835123288e-02
-8.044347481114644260e-02
-1.693794966209072328e-02
-2.980054232693252203e-02
8.579037509491049818e-02
6.860845881203592178e-02
-1.079532178887712135e-01
-2.486549130529236429e-02
-9.602316557932866203e-04
1.423416954466283357e-02
-4.049969570567490962e-02
-1.972132896612555086e-02
-2.105701490333977688e-02
6.600755885920683852e-03
2.320460941651036890e-02
2.657081430298191549e-03
4.625769559043835244e-02
1.155922442726442512e-03
4.787149961814662902e-02
-2.611711711484998588e-02
-3.799890244712056386e-02
4.024012565387335982e-02
-1.136058344058721303e-02
1.713035399077922349e-02
-1.391350850564152530e-01
1.294571723618971326e-01
-3.806181023784738215e-02
2.310185121445851308e-02
-4.827996212856344727e-02
-1.876665638381513901e-02
2.654377278257813444e-02
-3.201650222186414041e-02
-4.979504318563598986e-02
2.983272274688042458e-02
2.820173619905785856e-02
-1.751735096387241342e-02
5.448705716484214534e-02
4.108735191000345566e-02
2.567176385777969472e-03
1.560459731526320226e-02
-1.091777016175186077e-01
-2.620913114504075381e-02
3.086104269926392973e-02
7.997891360561126817e-02
-3.146379884483829770e-02
-1.724749165596506373e-03
3.802100388750373483e-02
-4.669280043247558964e-02
6.125777017092826071e-02
-1.448458414715059206e-02
-7.305174955320525854e-02
-2.750179300537469729e-02
-2.903151822962302120e-02
-2.842788065433143885e-03
-1.268209316981616652e-02
-9.307892585382671058e-03
-2.368938601522252441e-02
-3.096779889536627195e-02
3.223206666004729826e-02
-3.227396593008080572e-03
-1.568526976738349177e-02
-6.496774530492732680e-02
5.381760378106381637e-02
1.719809061504173897e-02
-5.287281953726807870e-02
-3.700249566794777678e-02
2.038841384204959084e-02
9.580695983617548706e-03
1.435814975971005936e-02
-8.075172165584554307e-02
3.456552953524649752e-02
-7.968964602051542556e-03
-2.143252978728327207e-02
-1.548387148253516088e-02
1.023633738007383442e-01
-6.121431893616247066e-02
-4.011488476424407423e-03
4.339233767177574919e-02
-3.829872814558044070e-03
-1.366058413387527537e-02
-6.567121690106425547e-03
4.737164585957298613e-03
4.642554026196066275e-02
1.525012313458775637e-01
7.276614116117130493e-03
-7.923612070199936852e-02
2.055949845930227227e-02
3.386032032997787766e-02
-4.265944117499698152e-02
1.052782003011909495e-02
1.454177233890163734e-02
5.329756183712452966e-02
-3.286591462323595891e-02
-4.780722086935407233e-02
3.016283003135766805e-02
4.130704174046639920e-02
-6.733499803517650761e-02
-1.099013938384847400e-01
4.549019041342461378e-02
1.400125071155802203e-01
-6.540852980035083419e-02
-4.199698382356675808e-02
3.514727440423470739e-03
6.961198627906295400e-02
-5.979509541772198844e-02
-3.392997823576493488e-02
1.618826976705012299e-03
8.104044505596252890e-02
1.029532147180711732e-02
-7.303382664431667948e-02
1.151593280933238539e-01
-5.359976201339211599e-02
-2.041255341408598767e-02
-5.802221473118462924e-02
4.953127671701640367e-02
2.022048572463042149e-02
-4.262844092768780513e-02
-1.354458255140045253e-02
5.000811370513114085e-02
4.430562731004128452e-02
-7.522968463846657627e-02
-1.695800694884841420e-03
1.548696282457484585e-02
1.561724959359755971e-02
-6.145862193306195209e-02
-5.842972991363293289e-02
7.055472349080593730e-02
6.531086759320459123e-05
-4.404290860408233144e-02
-6.260686289585359887e-02
7.192908105443818201e-02
-1.585226418163276918e-03
-6.247495221477228355e-02
-5.955164930759382358e-02
1.168822388522734457e-01
-3.760946448809354692e-02
-6.993188263102956270e-02
6.820747477875688247e-02
7.996240812688126809e-02
5.552847123501569726e-02
-4.644229528275811703e-02
-1.005198313486790340e-01
9.260269587929803592e-02
7.333641079555608400e-02
-7.002844263117768975e-02
-7.779059144713951213e-02
7.183465183446724467e-02
2.262215440387249643e-02
-7.509453325845294458e-02
2.789963439947618085e-02
7.694560921764859174e-02
1.944684672301333350e-02
-1.160845755223323117e-01
-3.568601638477275628e-04
-2.727201600824136207e-02
1.160374580621059692e-02
7.516781009846873474e-03
-1.858793597973695810e-02
3.940690674143931815e-02
3.775596623929100559e-02
1.064533037844883623e-02
-1.632152087886731273e-01
1.351577589765202703e-01
-2.177876113199150865e-02
-1.171270819628800197e-01
2.596913014182522517e-02
5.920579135023418260e-02
-4.319817742512999104e-03
-1.247076958548878345e-01
1.229678411283989803e-01
-1.976494173916920616e-02
-5.945723897618471199e-02
-6.492773853930433603e-03
-2.602858956800524481e-02
-1.108479654998424380e-01
1.100550322477920062e-01
-6.285523613816135224e-02
-2.573883597531523293e-02
8.331070844008392484e-02
3.609638794211234014e-02
-8.812968637120732751e-02
-4.540001612821864541e-03
9.916761323121248140e-02
-1.310115382027721154e-02
-7.784160012161889242e-02
2.484317628032517433e-02
5.916715290735208299e-02
5.825334921856084591e-02
-1.179872483424801999e-01
2.356440745307075701e-02
1.124004751662197599e-01
4.219658754365473996e-02
-7.591502123372118049e-02
-3.413250403101120156e-02
8.497215413891368030e-02
1.185417991647743641e-01
-1.060668866861660398e-01
4.644048504605891026e-02
1.833607158282690719e-02
1.173435222838299374e-01
-5.233237927082790009e-02
7.326326274784999981e-02
8.376360226181223112e-02
9.282534841172429552e-02
-6.206780393976174537e-02
1.546067694677910609e-02
1.093355089381908840e-02
-7.795841411451043257e-02
-2.497887710832547015e-02
-1.399171132760335112e-02
4.910034289888010051e-03
-3.688235898281133629e-02
-2.934995873471502037e-02
1.557052523558866142e-02
2.822193034509767884e-02
2.012457179741744540e-03
-1.031143429286540680e-02
-3.186710165884809598e-02
2.123006879905942057e-02
-2.425556187154231935e-03
-5.428590108278630311e-02
7.563995334390094527e-02
2.611288474883233235e-02
2.583610785073853222e-02
-1.557503680994276607e-02
-2.976764685538535460e-02
8.450865714050959099e-02
5.331853435876476865e-02
-6.918324661498420625e-02
-4.814886773488957772e-02
2.863787538899398299e-02
1.036267907072563332e-02
-1.810944056221819309e-02
-1.402260192907842651e-01
1.565120410982392407e-01
4.719205102754298053e-02
1.603930150647547848e-02
-4.468853844024600619e-02
7.738738743501327733e-02
-1.475486273609050158e-03
-2.294774759129492026e-02
-3.154903298094646757e-02
7.429588164192679756e-02
-1.368271800155218543e-02
1.220513027154490615e-02
3.232167399708574251e-02
1.520470824687336631e-02
4.768534938760726760e-02
-9.156652326389558283e-02
3.215572782107045668e-04
9.676598189634466607e-02
4.294905020066419610e-02
-1.984926994697389091e-02
4.776070412572686052e-02
1.046387451422670090e-01
-6.202502796350373160e-03
-8.393644799050026251e-03
3.220698741158045664e-03
7.404701852779194127e-02
4.380020631514192075e-02
-1.029791902352665822e-01
4.720782321353844679e-02
4.251227484284658686e-02
7.875698701737032792e-02
-1.052971121078138950e-02
-1.915911946565440616e-02
6.789516703236486705e-02
4.043866123460615469e-02
-1.124061847911761447e-01
-3.774315915723747139e-03
3.050339273348967595e-02
3.808773528352737969e-03
-2.619032638850304906e-02
1.055703537267804748e-02
6.390976974308726355e-02
-7.806963376257280984e-02
-2.386744802367912754e-02
-1.633655472117023777e-02
6.792995784326016917e-02
-3.312623514209400710e-02
-6.871106702732232563e-02
4.897997447145252536e-02
3.489114002311399787e-02
-1.963795278350799478e-02
-5.705020328360932425e-02
4.183736343195931795e-02
-3.860691078200417792e-02
1.843117972915120362e-02
-8.711744093007345313e-02
1.899239693973342469e-02
2.122945702595302464e-02
8.932923646549184582e-03
-5.854879020185377314e-02
-2.948698549791695100e-02
3.247791569800106970e-02
1.729947243430141057e-02
-8.593804220085043966e-03
-2.187201786712833496e-03
3.815704027641420026e-02
2.662407678322153970e-04
1.105346597541601028e-02
6.449527921958653209e-02
2.109789657317850953e-02
2.227672372959776936e-02
-3.164284756654067721e-02
5.852944562291506614e-02
-4.935184148207705235e-02
9.612336128469678442e-03
-3.868971781188790260e-02
5.903341518480775818e-02
-6.675034938915880289e-02
-1.387008571203596219e-02
2.893657338888555586e-02
5.061535722571530727e-02
-3.420605633965845271e-03
2.725774780214829107e-02
-2.784466393673712403e-02
2.528540311030402776e-02
1.091444055547929892e-02
1.138400284982910016e-02
-4.647529980324960341e-02
-3.911989092390211198e-03
1.621117476534217339e-02
2.693895689587222364e-04
5.401789039055859831e-03
-1.972357284651682363e-02
2.807461430339719399e-03
4.481618217759697487e-02
-8.423012972575083523e-03
3.720523634113570566e-03
1.409531498297056373e-02
2.556328346984759747e-02
4.481336863619445054e-02
6.514939172464817574e-03
-3.374139987883006953e-02
-4.381850451326485540e-02
-2.073820037067664046e-02
5.686983202919071445e-02
8.634359238670619163e-04
9.787927378174465787e-03
-4.138770940331615300e-02
-2.826142147491550460e-02
2.346298075789166049e-02
9.677035155310775849e-02
-8.825924463815293386e-02
-2.616778384086804188e-02
4.026117631074699332e-02
-1.370278683693104682e-03
-4.488101502907326790e-02
2.334758221089638930e-02
8.019113458363813507e-03
3.188075890747743557e-02
2.327055745167250222e-02
2.059479229132277212e-02
-3.253077186563357870e-02
2.201504001588450166e-02
6.713950013466085665e-03
1.403910769290739324e-02
-5.881242173494660719e-02
-1.168287147493307643e-02
3.518848981775191120e-02
-1.856151065813449463e-02
1.663550776870659220e-02
-1.177911556901767298e-02
-5.956863013664426276e-02
2.764354258729140312e-02
2.481786181909306777e-04
2.055787701366185161e-02
-5.801378115848487838e-02
6.185182310496051272e-02
-2.365094688975677428e-02
-2.767312292967449849e-02
2.966432160107013161e-02
-1.919084575662566294e-02
9.570263405618284480e-04
3.952078799383551555e-02
-1.129543066455429567e-02
-1.512868159006819369e-02
2.994346070147102523e-02
-1.717351335160666181e-02
-7.733988525287394111e-03
-2.920313888425507542e-03
8.818774254855110684e-03
-1.204048911151556212e-02
3.151693176856218415e-02
-3.472841558788841709e-02
1.786450103706505033e-02
9.164445288747380403e-03
-3.126936613469144532e-02
-2.218571087766907368e-02
-2.191664517429936510e-02
1.668581123520551657e-02
-1.498800260802024553e-02
-8.640098371263915666e-02
8.533891279756566917e-03
-1.165195929376405815e-02
-3.428034129565560306e-02
-1.116630037273766973e-01
3.201944181654337029e-02
-1.665209421452251703e-02
-8.783241364712068844e-02
-9.152476118175822961e-02
6.283939599889887262e-02
1.638635602508742295e-02
-8.710944133194464811e-02
1.109481634956432927e-02
-4.273328441372292730e-03
-5.323792539535521229e-02
8.599390738753287522e-02
-9.853520126861248229e-03
1.017244324925714594e-02
-5.612089890149274396e-02
9.982264209481384043e-02
-3.700320989690375484e-02
8.318667028137216590e-03
-2.774388386930182193e-02
9.379400016737671208e-02
-6.103516126644281670e-02
-2.859762153960332398e-02
2.394648332294524451e-02
3.804278460192644928e-02
-4.308308095903390367e-02
8.384994366525289067e-02
-7.772268438544305269e-02
2.695449244349790163e-02
8.445937619335541768e-03
1.157666756311779288e-01
1.023328750858496505e-01
1.150704845449226355e-01
5.080709982160813709e-02
1.248510683430792412e-02
-3.216921873862754744e-02
7.744106647068149663e-02
-1.526883266787892879e-02
3.244486310737637602e-02
2.321233181387949429e-02
3.576502833731320941e-02
-3.779014705505745475e-02
1.258361577085564953e-02
-5.940953080414912435e-02
-1.065935914895796977e-01
-7.034586614612647892e-03
-3.456094298714407209e-02
2.175842900336100172e-02
-1.020861670680028865e-02
-9.891441239348441883e-02
-3.352308873480258633e-02
2.195777053098479925e-03
-6.519104570609846050e-02
-5.227561028062432946e-02
-1.696966996291848773e-02
1.595044915749399550e-02
-2.646654635203593564e-02
-3.378165371167884956e-02
3.780001878936456450e-02
5.735424025620128319e-02
3.771552510778075629e-02
-1.160367246713356337e-02
-1.236626843801325037e-03
-1.877764961317263115e-02
-3.938360506880922429e-02
-3.988047353118906457e-02
-2.113759745032250947e-03
4.575877734128397378e-02
-3.123494470142373913e-02
-1.308147906816437001e-03
2.880841492148178418e-02
-6.940253416797226294e-02
4.718950625837559087e-02
-2.966033840437010127e-02
-3.805888566739135115e-03
1.151130824726198654e-02
-7.715761484778926871e-03
-2.446483384822650820e-02
-8.161009272944941273e-03
5.508190008156388373e-02
-4.545394557229043286e-02
-3.363348445330949232e-02
4.199463353336874150e-03
-1.006499417246020656e-02
1.206776091156624986e-02
-3.103480988353579662e-02
-8.587176226203308005e-03
6.180762612755863472e-02
-4.410330259596095814e-02
-3.330884430053160372e-02
2.115909872998011920e-02
6.763512623784917466e-02
-2.131644292718881672e-02
-5.042405021038520729e-02
6.608536038533774359e-02
5.668854108651677493e-02
-4.773061046989779399e-02
-4.058976133238978434e-02
2.546869869349777105e-02
2.566302365104933259e-02
-7.251373754589485188e-02
9.760883248305596283e-03
5.947281723430819511e-02
5.278258428632165433e-02
-2.212916337415204993e-02
-1.833472401441627042e-02
5.398893598295906315e-02
-3.202699167254685619e-02
2.619888397975156380e-02
3.791234471766991021e-03
1.903141527385088239e-02
3.339930030405202643e-02
-3.267071120686004804e-02
1.665873735691336677e-02
3.532170213859897601e-02
2.173783778796423150e-02
-4.576144247283497890e-02
4.853908470062950897e-03
4.728368108337077658e-02
1.558546932496973625e-02
-5.831467638108334128e-02
3.184633583912521715e-04
4.572988139318967526e-02
-1.801309882055557310e-02
-1.594141552200190048e-02
7.722715009386149632e-04
-1.791153570956982577e-02
3.582700974550734330e-02
4.448341701538627291e-03
-1.154247217743709086e-03
3.092908259361548673e-02
-3.832316756358888910e-02
1.687304484480733890e-02
3.161342910852393828e-02
5.566011861828989993e-02
2.856808231978646972e-02
5.747147783677641897e-02
1.877649872821507415e-02
2.925994606708748336e-02
-1.550645059207766963e-02
7.987563328294244869e-02
-4.365863245622048083e-03
3.491922422456150699e-02
-2.701434475089925513e-02
1.789212796416794760e-02
-5.201281352214692788e-02
-2.346692662938965057e-03
-7.503614456217722051e-03
5.286871595633080290e-02
-5.312987457834572602e-02
4.951051963611186046e-02
1.748174279309289147e-03
5.867746964983533431e-02
3.516061928163738415e-02
-5.112037576512351578e-03
2.752649953175034803e-02
5.421618782677706250e-02
3.457239477456020005e-02
7.060659009654046692e-02
-1.376018797356648449e-02
-7.177198471743606589e-02
-5.288119475699781802e-02
-3.196432777219659904e-02
-3.797545951266201314e-02
-6.766233792782339052e-02
-7.119140800333445540e-02
-4.984550719128932883e-02
-5.753033912120342208e-02
-3.727804683110824691e-02
-7.973638823768114392e-02
-6.606583740598548360e-02
-3.317807761296354130e-02
-4.950917262474874292e-02
2.545511119264265432e-02
-2.804268357921912980e-03
6.226410290225459221e-02
-1.698103324913269319e-03
-2.476367893021302891e-02
-6.773325540303165582e-02
-7.674614629879883410e-02
-3.690328074460147434e-02
2.229189088339067482e-02
-5.374602966222452594e-02
-7.253794275962821558e-02
2.952889832371408119e-03
-9.408003213246640684e-03
-4.010499007736489929e-02
-2.648244191171933437e-02
2.166646278137562831e-02
-1.831457257502000502e-02
1.671529746237743197e-02
-5.066513885465173672e-02
-1.954375006955277883e-02
3.966569822385501709e-02
2.986728434952734546e-03
-5.163710344592997714e-02
-1.423721382266940338e-02
3.158500826989518728e-02
1.651524904014500805e-02
-4.931294065893654377e-02
-3.602233484509431705e-02
4.894365840754844044e-02
4.852377948518959982e-02
-4.526629146662619618e-02
-1.295918087073215652e-01
8.261862707643174986e-02
4.812026443264283415e-03
4.617572099034816802e-02
6.503058600051847549e-03
-1.406373736414501252e-04
3.466970499842680908e-03
3.863769301224362351e-02
-6.127553832255383526e-02
9.240084392607217367e-02
5.234044781031510496e-02
-7.842725352985047138e-02
1.113569706636674539e-04
6.018212272970879795e-02
3.709988073272496578e-02
-6.930041322413149629e-02
1.284104579814204783e-02
6.869637456589972047e-02
-3.954925727385738554e-02
-7.986441515043374295e-02
-3.028252761148841898e-02
6.155105610986266740e-02
4.065038376735685688e-02
-5.814068404593397688e-02
-3.723235423256143761e-02
3.681296682210488669e-02
4.821402703552735147e-02
-3.526919194188815609e-02
-6.657445818191165543e-02
9.869252471886236222e-02
3.079543756934821630e-02
-7.545899269582445612e-02
-6.348171551661163647e-02
5.373250055297162930e-02
5.320912901166829911e-02
-1.205849888396155478e-01
-3.278797242367925691e-02
6.067114713334786913e-02
9.757472817938639409e-02
-1.265393603550069024e-01
-3.247913458602535997e-02
9.160692118300950426e-03
7.327911783025475856e-02
1.748288652575435975e-02
-1.270909353002087627e-01
7.359346211959572059e-02
6.951111467324366799e-02
-8.062915664765801793e-02
-7.836143824498176258e-02
9.408888180604613183e-02
4.864906723463269245e-02
-9.727091614303251532e-02
-2.268606588445987171e-02
1.879883450112052046e-02
8.677723432439332640e-02
-5.558445409281098648e-02
-8.078339055984518069e-02
5.654636110811583904e-02
2.187080677122832384e-02
-5.163030136711199702e-02
-1.991742647236716124e-02
3.651282124769705817e-02
7.108407834199281794e-02
-4.047160746535638509e-02
-6.267488245642960365e-02
3.783315112988860918e-02
4.043619362563033448e-02
-6.966183482503351954e-02
1.230586972462255346e-02
2.834586712312736623e-02
1.033797392340085608e-02
-3.164614425655143393e-02
-3.988689947184553830e-02
6.348285666450470544e-02
-2.296972002349173536e-02
-4.789479132591401012e-02
-1.896617803019617909e-02
1.473188745135090016e-02
7.222698228860613412e-02
-6.270803134819002977e-02
-1.040404674177106692e-01
5.130184493131517698e-02
3.215657751357303695e-02
-3.666861621709482932e-02
-4.073812516434749398e-02
3.752036446780460111e-02
5.995447532326059203e-02
-3.208102278041025102e-02
-4.076857447345183516e-02
2.576477189597259354e-02
-7.603639117248484069e-04
-4.749724393625598395e-02
-2.489019689045735007e-02
1.152856096230570060e-02
1.048171563059807632e-01
-1.133806195685318485e-01
-2.153196656269562581e-02
4.594881474643486285e-02
4.923087755578858804e-02
-4.921702586268539292e-02
-4.739534964982139442e-02
2.023767193319514490e-02
5.965120005788904223e-02
-8.544459139938709313e-02
-4.201901922120709898e-02
7.967909096062308905e-02
6.874846302977832835e-02
-6.578001864745797178e-02
-1.209752536930763789e-01
1.011633009391661453e-01
8.075706374919411346e-02
-7.359832709761038316e-02
-1.012418394950151956e-01
7.904219118046817982e-02
7.478055490120594229e-02
-6.292024567732656948e-02
-3.630532162299937582e-02
5.304320942582663179e-02
1.155645486910783504e-01
-1.221379733594218919e-01
-3.723872786100201893e-02
6.493248448804411765e-02
5.481735248067298727e-02
-1.214378866476057972e-01
4.025785105842860645e-02
5.988618721142779933e-02
-1.149762131550735589e-02
-8.500386648099711451e-02
-3.150167224020261614e-02
8.084681117625969193e-02
-2.507726331181281409e-02
-8.083619437915201544e-02
8.204669350911242276e-03
5.447421205603086847e-02
-3.567630360856322014e-02
-5.780883885287302348e-02
-1.008433612030090742e-02
-2.133642802810697958e-03
3.401994115421702602e-02
-1.227848253768337727e-02
-5.458712328779968814e-02
1.979215749185581075e-03
4.930775011171295574e-02
-1.058357285546280835e-01
-5.139422841542362619e-02
2.852594642774564093e-02
6.732530661958024965e-02
-7.851072608431852728e-02
-6.186758423698535125e-02
3.499695308271100203e-03
1.054879251858080735e-01
-1.411361641137043321e-02
-8.205377255643808709e-02
1.901412552283998636e-02
4.491161432286538968e-02
-4.112285841038954004e-02
-6.644640181400429668e-03
9.849312946235544430e-02
-5.280852114050871293e-02
2.191957461984639366e-03
-7.124440173407364796e-02
7.238315238017412057e-02
3.985029990186905735e-03
-4.896705796402134325e-02
1.042540593922414160e-02
-3.001574835652487394e-02
5.158803185157978533e-02
-3.144125254665608438e-02
-1.431488571399430754e-02
3.517568377688018444e-02
7.039204102859430989e-02
-3.778402642675793288e-02
-5.387276361376303058e-02
3.250248342119599343e-02
2.341633291095446268e-02
-1.641140356792005761e-01
3.258646381587260166e-02
1.829819890890371781e-02
1.296219319612168519e-02
-7.603918923792063467e-02
-6.880534402738680555e-02
1.560556223055664660e-02
9.160790370312232866e-02
-1.917604931239238475e-01
8.602775639985527079e-02
-2.541501374557064707e-02
2.710856964433183691e-02
-8.100937530457708036e-02
-3.729665291536843341e-03
3.335623044083302347e-02
1.139346745097480351e-02
-5.913660960733579941e-02
1.719365939557304657e-02
-7.768651657947156508e-03
-9.812943286842124024e-03
6.468524681395138032e-03
-5.534607488702691924e-02
-3.180344215625297011e-03
-3.168486374435897091e-03
-2.197246466379221275e-02
-3.001275519171908712e-02
-3.909780334012458169e-02
7.769152026545889100e-02
-7.464410069072568987e-02
2.268917015611471300e-02
-5.435433828330449302e-03
2.113483537562022008e-02
-6.826019518295645128e-03
4.654086382465294491e-02
-6.824092076813048635e-02
5.994351258423868956e-02
1.735841162421492001e-02
-5.911193980037277029e-02
6.243696680833865642e-02
6.569880524555316015e-03
4.701548254395770954e-02
-4.352003757804290274e-02
-2.970646777097574187e-03
1.295938327019729996e-02
2.618770385301782966e-02
2.040427115052878548e-02
-4.077295870765329511e-02
3.295848595909101064e-02
3.297377593833772380e-02
-5.011945965396336078e-03
-1.053867201425884303e-02
-9.012863452839692258e-03
-2.423812671842773270e-02
7.586246953504316437e-02
-3.063667173601292149e-03
4.607005194021285277e-02
-7.995959549371711717e-04
8.743484026630898853e-02
-5.017434752289329225e-02
5.958139457492395152e-02
-2.818705284207467798e-03
9.976230963195886758e-02
-2.843132777730961180e-03
5.906524140814140011e-02
9.329948540526267209e-03
-6.218014135702443212e-03
-5.149888350373110768e-04
5.514488291736618919e-03
1.142971469484699298e-02
3.776132713571866972e-02
2.836328898845685842e-02
1.391324447343089687e-02
4.162576604980516848e-02
4.401384410399811209e-02
5.170131079090811710e-03
1.054882044691995979e-02
-1.337849100441923511e-02
3.639007580713315981e-02
-4.023529617816401505e-02
-2.086417872760759629e-02
4.812568100313874275e-02
6.746031876845304254e-03
6.265816021344239317e-03
4.760722670656614142e-02
-1.818503030686091648e-02
8.336171652481461081e-02
3.941243698098517712e-02
1.849672001831748069e-02
3.077341168690628237e-03
3.804740364291014920e-02
-9.209166337257768120e-03
-4.436533677638765383e-02
6.972953217390553959e-02
-2.548490154511684480e-02
-1.121676593268183808e-02
-3.275440369017168507e-02
4.063057950664239470e-02
5.543456876578956027e-02
1.527798583138473276e-02
-8.500050780823276142e-03
-1.141341152028774175e-02
-2.832119592994253310e-02
1.548101507881094463e-02
-1.237845593702235902e-02
-2.860700322964326858e-02
-2.765392020139589846e-02
-3.425836330278464459e-02
2.030036361812159740e-02
-4.433494544690042005e-02
3.425041444743648356e-02
1.605012718689513562e-02
-3.896642205528566549e-02
5.328825102608902853e-03
-2.957002806346586965e-02
7.432830695829117928e-03
1.319105443701573677e-02
-3.782027773340912447e-02
6.571242087404050025e-02
-3.166523956583677801e-02
3.127780488998599395e-02
-5.814634192628798104e-02
-7.607735507987989365e-03
7.675180203858378292e-02
-1.157767887305327648e-02
1.957461210051247846e-02
-2.392736225752800650e-02
-1.999383623203065952e-03
6.401392466502286993e-03
6.213180760899916777e-02
2.559499186383495939e-02
2.230285709249058002e-02
-6.012181797433413522e-02
6.955433828448454037e-02
1.599572822546946327e-02
2.316581722334243310e-02
9.651616666831230873e-02
1.216713685177062132e-03
-4.039768715035840785e-02
4.262070989671951082e-02
1.341950647147704956e-03
4.262058760889964049e-02
1.304083421474233617e-02
3.694200845205708461e-02
1.878963639577957423e-02
6.940170996946104509e-03
4.947516408487562245e-03
7.432884111905124769e-03
-1.772555276355225473e-02
-1.498345209262774702e-02
2.964639007180513985e-02
-1.910100183773355553e-03
9.878627182402510698e-04
1.922496903944015401e-02
5.150967029141328979e-02
-6.214332319113369252e-02
-4.410671210231420503e-03
-7.468363482699436062e-02
6.599037627674908535e-02
-4.429283737826805734e-02
8.694192948671064514e-02
-5.437873792868863632e-03
1.119452045114055494e-02
1.497368054336867260e-02
5.696154469495784411e-03
-2.954551107248937214e-02
1.838908253420301619e-02
-3.082425441029634783e-02
1.464279539937773933e-03
3.085286166735867752e-02
3.273516440505552794e-03
3.240094888322397892e-02
-2.992343768485383748e-02
3.777704265471593104e-02
7.406898524187299770e-02
2.203152988208945118e-03
1.872775051146291503e-02
2.212891657575699611e-02
7.527630581713395941e-02
-3.989649457303601210e-02
1.211060764353888430e-02
3.865869898015761308e-02
4.640857974046497247e-02
-8.951087775097832377e-02
7.777128088951101859e-02
1.052101817894213198e-02
2.449705261544865564e-02
-3.812122771320103354e-02
4.652888908248575817e-02
-5.000796049396960541e-04
-3.050710487070684707e-02
5.325460086005628924e-02
3.395549527799701650e-02
2.962926227544571134e-03
1.478278293365864471e-02
-4.331801507507471172e-02
5.998245222054165993e-03
5.025544387778246858e-03
1.395511823527595396e-02
4.947341061823484765e-02
-3.664322246674389660e-02
-4.323608918121113476e-02
-1.500708257744065577e-03
-8.383392701307723627e-03
3.729220236094343832e-02
3.440911477968544574e-03
-2.595247859359872677e-02
5.972514539595241700e-02
2.191929199889219859e-02
4.021794909457243605e-02
8.235055456715589806e-02
1.423054252219535520e-02
-5.795944047727763504e-03
3.404367259687468561e-02
8.404018964596771113e-02
-2.365809026063647735e-03
2.787288835631063222e-02
7.740418543773275317e-02
1.467511542253219226e-01
2.520516743549583438e-02
-8.282253966873365236e-02
2.064147098823303494e-01
-2.125394597262060259e-01
-4.298165375255758036e-02
2.432836472768418190e-02
-4.010134959967492918e-02
-1.112828250027879662e-01
4.264243588237537352e-02
6.799956879069757321e-03
2.983639578540220327e-02
-3.949818609603261699e-02
4.019897548393225328e-02
-3.409275118528865001e-02
-3.566401274849750891e-03
1.988476928548665867e-02
1.538502268810715279e-02
1.530335163658169684e-02
-9.662630218395529269e-03
-5.971958977860625239e-03
1.895700575936487553e-02
6.416333449946876044e-02
2.936307973486762535e-04
-1.717410883480763317e-02
6.949259366018534223e-03
-1.405531644357171928e-02
-2.435301305772963332e-02
2.673333599334171140e-02
-7.717391204740886579e-02
-4.628362803251295787e-03
-4.129009413158568620e-02
3.693624721408061973e-02
-1.878358462689799779e-03
-6.100323929976614323e-03
-7.661011009413520867e-02
1.087470355429833724e-01
-1.216198453375216815e-02
4.885428301045990906e-02
-5.533754507827781666e-02
8.919672573416237427e-02
-1.321077424922734167e-02
7.216711137280196198e-02
-9.256243519693896360e-03
1.657046211527601898e-02
-1.549731305447665797e-01
-6.251398244178130170e-02
-2.608855893346806454e-04
2.399172050203857154e-02
-4.314863200856722258e-02
-2.337550145100397714e-03
-1.177963466913944934e-01
5.854732524321493159e-02
5.033321857054851023e-02
-2.734664186424273780e-02
-1.134749383878626006e-01
-8.111323507557788304e-02
6.840425720505249885e-02
-4.583968597274479251e-02
-6.099330662796997871e-02
4.915239657363912329e-02
-1.176393668396924497e-02
-4.711912911168347762e-04
-2.203887242855362416e-03
-3.518685018984335500e-02
9.021157501685195257e-03
7.441722674388495662e-02
-8.185029900465323749e-02
-7.009495985772895565e-02
1.828752120763210698e-02
9.528732630427638739e-02
-1.506411431265330947e-02
-5.206551771305800713e-03
1.484020676135600070e-02
3.060847527609888985e-02
-1.419506358929645273e-02
-6.094568551223922270e-02
6.525829900321289401e-02
-2.318352714383742352e-02
2.002345417280171347e-03
-5.240826347594129686e-02
6.623573510325631020e-02
-1.481985821025766370e-02
-7.552479383079591102e-02
-2.446208610804001538e-02
1.091587141981635867e-01
-5.326055818588049107e-02
-7.229570334430945877e-02
-5.946117662170058438e-02
6.616218179599631100e-02
-1.562087936362033247e-04
-1.739109655888881889e-02
3.184974558150255319e-03
9.076444649647408269e-02
2.713218637358671970e-02
-8.629873815225774791e-02
-3.668358302259067116e-02
5.212867868743309430e-03
8.276774800658870390e-02
-7.554447108418704815e-02
-1.008748841560036524e-02
6.431422422224697399e-02
3.792658649374347490e-02
-1.004634203668741677e-01
-9.684850226750807423e-03
3.951607168802784287e-02
4.749183603627926686e-02
-8.364057682446279784e-02
-2.109803791618602986e-02
5.366445118756724142e-02
6.033155829622360855e-02
-1.043519398529872966e-01
2.882517535391926344e-04
5.100781241299667812e-02
6.313819216202221085e-02
-5.094628110316712366e-02
-7.537328025497425088e-02
-8.103288881309600455e-02
1.590662697432798645e-01
-4.988572389707135457e-02
-3.507949359236661735e-02
8.563987889433288814e-02
1.312233953578623158e-02
-9.730349953216554937e-02
3.978595881240476473e-02
7.313100583861720239e-02
-3.947832553518271226e-02
-7.682075811953659183e-02
1.426739824535872003e-02
1.161152099460398546e-01
-8.094972708887215873e-02
-1.323838324809636369e-01
2.862547867386178169e-02
2.146015323235550554e-02
8.350138804896989342e-03
9.778923801928129933e-03
7.835392611720948253e-03
6.150823958976037176e-02
-1.119897227788024807e-02
-5.726386060225996388e-02
2.256398694784156334e-02
-2.365616000670600627e-02
9.069421923208054181e-02
-8.176465035492963551e-02
5.247707251109012816e-03
3.189852209334453903e-02
8.902603059524505369e-03
-8.590771613187042632e-02
2.944053386524991822e-02
7.956014493544971700e-02
2.145993929946543588e-02
-8.575963883280879330e-02
-7.103444162385308402e-02
1.095468894185271935e-01
-2.721857743716737943e-02
5.140785509556211608e-02
1.501526917542239659e-03
-1.087038791452821229e-02
-9.843092736230296680e-03
-9.789189151249821919e-03
-1.992981387068670784e-02
1.063533856535605615e-01
-4.631239875330273037e-02
-7.174573697171204856e-02
-4.564088662785215078e-02
1.214780226112757155e-01
-2.201798708276614391e-02
-2.218676742862912832e-02
-4.884670067943108762e-02
4.209096479241880573e-02
5.085049639943139965e-02
-2.597159868313347886e-02
-3.860875779092598492e-02
1.531952084166881001e-01
4.104574236564362266e-02
-6.079764107707275045e-02
1.257602202594680918e-01
2.680702887098540543e-03
2.645226334260630807e-02
-6.627457197644570641e-03
-5.074507274190986905e-02
-6.302866596022438372e-02
-4.261111987948940083e-02
7.151001937811329867e-02
-3.420823238631598429e-02
-8.213770435811618142e-03
1.339076662746885305e-02
-1.044462211709502597e-01
9.025726228593189404e-02
3.397142578812584190e-02
-1.311506015345553777e-02
-6.092404118688454773e-02
-5.939437450463547208e-03
1.183966599066224035e-01
-1.036452831594214530e-02
-7.677897647374143375e-02
-2.297649127420964277e-02
5.846546270088515129e-02
-1.219955504503689170e-02
-3.325122872340724456e-02
-5.657403479414968572e-02
1.146178980532028824e-01
1.014658381670585641e-05
-2.988437261747733942e-02
1.967513471317383633e-02
1.324291908057317890e-01
-3.962238923542349411e-02
-4.398779955092191329e-02
1.233655356828391447e-01
6.140844410678836240e-02
-6.210709957917792678e-02
-7.136450121881443565e-02
1.038650029718648504e-01
-3.447328754241096860e-02
2.169337557455053300e-02
-3.445016003754819423e-02
4.370163420895512019e-02
3.108545054448752509e-02
-3.194153151389800271e-02
-6.229185018779093141e-02
6.716034982630825212e-02
4.501417126207174491e-02
-4.372377886123768320e-03
-1.020583198432412075e-01
2.110336431526764756e-01
-5.465617424241386857e-02
-7.127165986160477473e-04
2.492624163553314176e-02
3.883894749347671649e-02
7.353429834322655623e-02
-6.674742430375735225e-02
-4.184177554348922357e-02
4.002815843382423466e-02
6.491747549072846013e-02
-2.496744819508833757e-02
-9.947281486720260801e-02
2.362765365643726412e-02
2.133138114975796640e-02
-9.198224088188045044e-03
-4.718759507675107656e-02
1.785241405748427823e-02
-2.338048484236665558e-02
2.049282971548693766e-02
-9.082205054977388059e-02
-2.294836045930548352e-02
-2.882081436970951316e-02
-1.967474776387501123e-02
-1.131266481849491079e-01
5.548535562761713891e-02
2.279392201769914195e-02
1.090234256579325489e-02
-2.364219594810679226e-02
7.044281342874736396e-02
1.080041559215008107e-01
2.203194928963858601e-02
6.412134091570598216e-02
4.434290584208389063e-02
9.677554473763327891e-02
4.038355840776519656e-02
-9.242541962753714202e-02
2.273993154895403990e-03
6.136283265429742784e-02
1.879569621481480546e-02
-7.541671894519597075e-03
8.618400027703376765e-02
-2.147090523863992573e-02
2.352441322660947520e-02
7.133496141136363988e-02
1.196047204610348746e-01
1.152514529452464132e-02
5.939358357437352076e-02
8.032972306109420479e-02
-8.761799431118455495e-02
-6.630014526879923764e-02
-5.694489052775786320e-02
-4.061392807434893726e-02
2.203566576486348794e-04
-1.171751933304987503e-03
3.471378700604610401e-02
-6.493032438229340286e-02
8.420951859033021236e-03
-4.804708618320896463e-02
8.491585097034182184e-03
-4.127977127921478306e-02
-1.700299921798498204e-02
-2.523108517634931047e-03
-5.486538681856489852e-02
6.650863896322745106e-03
-1.677493604472579669e-02
6.630806468783667640e-04
-3.057107343407272637e-02
9.471068065256771362e-03
4.051648201090607415e-03
-3.432757873068470467e-02
-2.809729602365251822e-02
-8.863099980306321513e-03
-1.005350573135805892e-01
-1.841008864059157091e-02
-3.534605340070395840e-02
4.537369288693504643e-02
-1.431753770336374743e-02
2.727445295584862706e-02
-1.249484846900683621e-02
-4.195673821576351159e-02
-3.260571366147058114e-02
3.687681611985205166e-02
-4.152357070353840385e-02
-3.297741935434217453e-02
-1.319952677244451422e-02
-1.331732435439336726e-02
2.727830348885795786e-02
-8.047488605860131372e-03
2.224115288284034264e-02
-4.928017583429955550e-02
2.551363615957713549e-02
-7.713902722223497932e-03
1.463941710476346358e-02
-1.208103283247208282e-02
-1.472418461619762198e-02
5.746129005680522539e-02
5.806303976537208200e-02
-2.565139275552841269e-02
7.634740726037092529e-02
-5.024863655603040158e-02
8.817431756043836444e-02
4.526194702502328582e-02
-3.724611223211304889e-02
2.102014369957849738e-02
-3.146733063219198101e-02
5.040610249766164230e-02
-4.652043164848906898e-02
5.951491075851933488e-02
-5.006621580691028583e-02
2.243595092997718865e-02
-7.585309353363989260e-03
3.414804298262463789e-02
-6.574292977648799052e-02
5.307101929975255317e-02
4.126194387113368833e-03
-7.979475373073086075e-03
-6.719042441041089830e-02
8.554558617236018847e-02
4.013726694749397694e-02
5.463466121218862881e-02
-4.983902082335900374e-02
2.388738990870686862e-02
-1.879080430072699315e-02
-2.401922161661795840e-02
-5.104088254533944990e-02
1.021709570403928069e-03
4.299899904653381455e-02
6.008948206139397286e-03
-1.477770367964614806e-02
5.689947066649159169e-03
8.124839938096362069e-02
-6.674489522584936552e-02
6.368221526544215472e-02
-2.656642904552430906e-02
4.989403411164383684e-03
4.349801673856457107e-02
5.829521289311534460e-02
1.937810932074257586e-02
2.593204886439370860e-02
-1.244391405620715041e-02
-7.364524587071019646e-02
-2.583332106838320819e-02
-1.393903985592093164e-02
3.759673222580817153e-02
-3.853905717798089547e-02
-4.747443901895365137e-02
4.183459029538982854e-02
2.374628009191370737e-02
-2.717866429179505161e-02
-6.599161892853366851e-02
3.771062845231054617e-02
-2.622670827090889389e-03
5.501110368884898350e-02
3.452839159821508019e-02
1.371077141605780980e-02
-4.506842656633436306e-02
1.598001268361892713e-02
-1.958981846540597260e-02
4.037876126510742125e-02
-3.147325466121841941e-04
-3.970382456866827781e-02
1.844276214874929209e-02
3.367390065170194902e-02
-3.832737746650183297e-02
-3.578768044133306958e-02
-7.379382918366594879e-04
-2.778917433458927277e-02
1.749366431228072116e-02
-5.100759112803299189e-02
2.173426960149749121e-02
3.037388038217514463e-03
-1.505836806103522107e-02
2.149474795981243247e-02
-1.416915497949000624e-02
2.401533294208713087e-02
3.080207480718355484e-02
4.337925931383335154e-02
1.392239855959687134e-02
2.373892014661338479e-02
8.948167488300740047e-03
3.299504307962752847e-02
3.792525650053946151e-02
-1.149113968573223232e-02
3.213065038715967603e-02
1.278004867042570325e-02
7.802578979494834144e-02
-5.565542177987525818e-02
4.478232089232481172e-02
3.188237366898505343e-02
8.584776218897482991e-02
-1.721799140543200934e-02
1.054721662944935190e-02
-1.741176607407357579e-02
4.145734435241399396e-02
-7.279317483809499834e-03
6.554694509669989344e-02
1.232524732598294648e-02
4.167380984795743259e-02
-8.702625002778408003e-03
-4.400404988167849751e-02
-2.153653891673190657e-02
5.969929619051717040e-02
2.097120706044242056e-02
1.935038667125077438e-03
4.630386177084000465e-02
-4.498311575868729761e-02
1.154015294349877152e-01
8.704471759897192129e-03
3.323844393861108415e-02
-3.786151047116925739e-02
2.062139877943991451e-02
7.471641906015014101e-02
-7.917899771800129827e-03
1.093571008445106685e-01
-5.980282694786431819e-02
1.120160778366487975e-01
3.376267029792323626e-03
-2.336794106585049491e-02
4.175072850726291307e-02
7.495335006542225287e-02
-6.949657311270485138e-02
7.358398226029549960e-02
1.345268069003147104e-03
-5.046811376851079167e-02
4.616038868430094588e-02
3.978255844232814198e-02
4.449439219670692225e-02
-1.923821717803320119e-02
5.448802128594731897e-02
4.711286665739944368e-03
2.324155728208832095e-02
-5.057178516038707272e-03
-7.514569841329032940e-03
8.626996894546778982e-02
1.685830409686639442e-02
1.304927695003144095e-02
5.182172511346561095e-03
9.056429729633119763e-02
8.370820282395774470e-03
1.877894968388371666e-02
5.265897428032406680e-03
8.555487923087512492e-02
3.186113522560352074e-02
-5.094860849103644007e-02
-9.475667818717159463e-02
-2.266622298214393538e-03
-1.881418046181737580e-02
-8.805045046443638057e-03
3.496510901608740340e-03
-2.659551663056403115e-02
-1.829842221350119758e-02
-1.236175633511615857e-02
1.085476894536485659e-02
-2.550600951340120659e-02
2.607185211619533760e-02
-2.132468971033363303e-02
4.956736406056627686e-02
1.912627609094119663e-02
1.047977089368337111e-01
8.731021829743212948e-02
1.306070138851702644e-01
2.021282107788557880e-02
5.810708358679628205e-02
1.406342574040531090e-01
-3.606465884632470420e-02
3.879758596358540146e-02
3.635519309588941539e-03
4.718385313703699069e-02
-3.304257755589645740e-02
1.450609353747522867e-02
1.299326033496073229e-02
-1.846230597775777582e-02
7.717565895631239847e-02
1.338557649451033171e-02
1.417081404728248728e-02
-4.406410197117383021e-02
6.481424806416669071e-03
3.996893020849201505e-02
-2.867934591800169741e-02
-2.978584019150876117e-02
3.804251653083579043e-02
1.259346601756128337e-02
3.540236851473865798e-02
5.392966265157861372e-02
-6.133824242609309252e-02
7.451098514876930423e-02
-4.296248195909369016e-02
3.368305004794924784e-02
4.497765633342210023e-02
-5.244402866499564553e-02
6.972188339408669222e-02
2.383760718797756084e-02
-4.403618688614940879e-03
7.158830727600706822e-02
2.965019394931101004e-02
3.984355849697207574e-02
-8.380269748033075672e-03
2.166082513019729205e-02
2.086570193991388322e-02
-4.087380918632366189e-03
1.037307832557035070e-01
-3.402639021252218399e-02
-2.020554338026414598e-02
5.293130565519144071e-02
4.682769165022637736e-03
6.010133044969911964e-02
-3.024369256605830003e-02
2.590473416840399778e-02
2.568073265551973350e-03
3.037092217381820447e-02
7.077050111074756344e-02
-3.195246271352791823e-02
5.421404456271439187e-02
-1.998734078368169520e-02
2.970426236646073193e-02
4.428069058050354556e-02
-2.390352464129241739e-02
-2.429538669539743623e-02
2.381176928174300045e-02
-4.040413011711452285e-02
6.459197024715601643e-02
4.257435598684633504e-03
4.113254778830155445e-02
-4.275887636723707530e-02
1.119889863287326648e-02
-1.018100311386138657e-02
-5.869622919412220696e-02
2.619442478875422253e-02
-2.424574147151581371e-02
6.186052734037161827e-03
2.761277275874851611e-02
-4.839182178767620357e-02
1.478940979110809906e-02
2.956017611702321801e-02
-2.811892182437025767e-02
3.825398293977677611e-02
-6.696945535203502331e-02
1.907074057803681555e-02
-1.554733127579588370e-03
3.537647129505483434e-02
-3.968221112342806833e-02
1.338084396628280714e-02
-3.790100839546894917e-03
2.574422045580071483e-02
-2.455997213755001241e-03
-2.144391316144744764e-02
-1.306759391141421034e-02
2.581222302506080979e-02
1.985986374511394814e-02
-5.710908371775591519e-02
7.615890744096187603e-03
-2.773910984834238036e-02
2.121667259644066661e-02
-2.288794151409234701e-02
7.907293766638012755e-04
5.822880180593514865e-03
3.255875798284346700e-02
2.718636401935636826e-02
-4.048382072627632056e-02
-5.756930428766349195e-03
2.521117196120981063e-02
-5.507667602293508935e-02
6.720135959832740369e-02
-2.137934359869486656e-02
3.132336759212561716e-02
2.637010227546143781e-02
-1.077798059657508745e-02
1.502249912915143426e-02
-1.702548753460630948e-02
2.180555157108399200e-02
-2.871744116815211356e-02
-1.049499226422057063e-03
2.714673613298268506e-02
-4.787134798721837114e-03
4.778517368466328463e-02
-3.056606859249644259e-02
2.302538091145667210e-02
4.240088619591064756e-02
-6.450380114465792403e-02
6.060853992712456062e-02
1.612514842500889500e-02
-3.163470263769596613e-02
2.761963763799712979e-02
3.054962647208725457e-05
3.001044502401128966e-02
3.732385199364207651e-02
-2.809686746217110453e-02
4.065706493492005080e-02
7.269850859105142504e-02
-5.362321799647840059e-02
2.933376629601358587e-04
-3.901308605949083130e-02
-4.016192989747802145e-02
1.857934664243843237e-02
-8.940638133965417289e-02
4.081722112079577691e-02
-2.181562400070102825e-02
3.104361081910300690e-02
5.660457720948341986e-02
9.673701269356316246e-02
1.889178852303441403e-02
2.993130763272811024e-02
1.851511968852368462e-01
-8.532227893730581769e-02
9.984841038186864637e-03
8.182024769222362437e-03
2.420541721938729296e-02
-5.321263352871685726e-02
3.243756789529594897e-03
-8.744115231502647134e-04
6.361468989355856252e-03
1.628341942448319202e-03
1.803488421137533493e-02
2.496713628922409001e-02
3.720137833040793041e-02
2.002377545990041696e-02
-2.990630521029169486e-02
2.158657443716740509e-01
-7.745900015544915362e-02
6.936068464331057726e-02
5.930432365506144166e-02
-8.438618660401964178e-03
7.122335424426839978e-02
9.525260019187342664e-02
5.125646073654532842e-02
6.156891379594231495e-02
7.376420331110233874e-02
-2.946462378173819729e-02
5.508646346598577992e-02
-3.294595720593229693e-02
8.315498768157403298e-02
-5.457701220950705867e-02
3.902800820876706211e-02
9.848655774775449956e-03
2.491742894151682819e-02
7.532546287726482603e-02
-8.959764463583930194e-02
1.352968007541721640e-02
2.771406678217358532e-02
1.212353783450756950e-01
4.009591028616688035e-02
-7.846964293792613176e-03
2.844508010146240551e-02
-8.914059948591246396e-02
3.803522046972029891e-02
9.965529753424240411e-03
-2.697900500122774048e-02
2.202816780146061859e-01
-1.738783081726182900e-01
1.846168515074753103e-02
-2.388379907732751661e-02
4.024802483299350087e-02
3.275680959002480463e-02
3.742668732132892195e-02
-1.566317082867563215e-02
7.617177490397697426e-04
3.567825710291128161e-02
-2.087197950318753215e-03
4.125316114887356278e-02
1.029471156810402022e-02
4.636540619891604820e-02
2.609325220663483158e-02
6.597704228835432616e-03
2.535019656935366683e-03
6.532018073375223111e-02
6.081360446484662674e-02
7.579693402310128114e-02
6.081086315332395742e-02
5.681573263381523020e-02
1.000479713221733569e-01
4.958311965746320382e-02
-6.944837467055742231e-02
2.382499693667894380e-02
-3.214964657243024604e-03
1.772491362076467070e-04
-1.667147359477472168e-02
-4.337874285354925696e-02
5.998003484992864287e-02
1.286464928727832913e-01
-1.973103207154247585e-02
3.758127122666143904e-02
4.564055770156016933e-02
4.868100458227297977e-02
-7.917678426072161102e-03
-1.903583724871538152e-04
7.910516869531880602e-02
8.023513897776490822e-02
3.199505876936181714e-02
1.281405693076709262e-01
8.452409799467197615e-02
1.714225274022518342e-02
4.183538404358100316e-02
-1.071387063003781392e-02
3.377804134727679930e-02
-1.966958147021236059e-02
4.543543234747726700e-02
1.438179115142690367e-01
-3.602985159677229987e-02
-2.602699972073718726e-02
-2.903004209353077236e-03
-2.129140288892994448e-03
-2.196173375755317014e-02
-1.636414900745764012e-02
6.430282738285564292e-02
3.281638929201091681e-02
-7.366862506298921254e-03
9.869408313570970925e-03
-3.317087246274663670e-03
1.447246323049267147e-02
2.038421298253600966e-03
7.745294676327363348e-02
1.018739240435952986e-01
1.695601898311789313e-01
