6.057970136826756197e-02
1.201795623758911656e-02
-2.647787072081254911e-02
5.434370125679271676e-03
-1.500710863133940774e-02
7.447408638893672495e-02
-7.445007356519302288e-02
2.988370667995953953e-02
5.969800617449174188e-03
2.665030689384152371e-02
-2.996137803517424925e-02
9.382693172626150463e-03
-3.189679114894120038e-02
5.666910806012571966e-02
-3.736252616974936741e-02
1.450166359401457855e-02
-4.100933608600653563e-02
3.531699140558440531e-02
-6.821522667067127232e-02
-2.420675826334341141e-02
-3.303494744635093738e-02
-2.327124187863821234e-02
-5.562466597388184691e-02
-1.237857630388354731e-02
-3.246895849866349160e-02
-1.722420452375648600e-02
-5.673183796784840582e-02
1.175959414971452892e-02
4.566369551904814889e-02
7.634185789636014491e-03
-1.588786851762244781e-02
-9.292009169481297431e-03
-1.094446230911622422e-02
-3.953719599375633831e-02
-3.229416819772800568e-02
-1.593465508090923573e-03
-1.923679247237107884e-02
-1.674641709193718311e-02
-1.300473951230991625e-02
6.081644443512562725e-02
-9.716060190851578959e-02
-7.580095505422080292e-03
-1.397583892800176308e-02
1.444165085691725275e-02
-2.905315795003569901e-02
3.217892208299546336e-02
1.731963468412769935e-02
-2.763629945101545027e-02
-1.168021126976513495e-02
-5.501814870042091160e-03
-9.915979400501667707e-02
5.401005077527736009e-02
-4.347888259414297435e-02
4.777416599177052720e-02
-7.282743592854926118e-02
8.363367653929915102e-02
-6.038221722090470617e-02
-1.197059239330422638e-02
-4.698208934371172346e-02
1.427341550197962043e-02
2.970917698577281787e-02
-6.504905708395225528e-02
7.362529933250563929e-02
-8.499261695607984723e-02
9.860513717912827714e-03
6.460520504650092699e-02
-1.237176197445445311e-02
4.475526399512361198e-02
-1.152663808083233266e-02
3.176712061585114377e-02
6.165488410938660055e-03
-3.057328681217080443e-02
-2.770194348471247472e-02
-3.382348694191278371e-02
2.199121711214292382e-02
-3.220878067984794813e-02
2.824160859797090334e-02
1.592710195340700866e-02
-3.846389384080396712e-02
-3.989667171218332087e-02
4.287840087122573446e-02
-2.752977870480866063e-02
3.521466901174864078e-02
-5.518904445088365640e-02
7.353232098660163196e-02
-3.532442268807736707e-02
3.674602952467954931e-02
6.108059416083449350e-02
-2.092835742334089519e-02
-1.001499741912567805e-02
-6.947456479653915835e-03
-3.010884579946900355e-02
3.055419311574380722e-02
1.426384731327751555e-03
-3.250595851794037261e-02
2.960865287105699656e-02
2.718607300058728526e-02
-5.996001161895846837e-02
8.237501911925533549e-02
-4.959057519961607846e-02
-7.312526410733562188e-02
-1.065795839398747322e-02
3.378933110475400292e-02
-3.795357388661332876e-02
-2.492093394356864958e-02
-2.883414529035491919e-02
1.780595773972334841e-03
3.843704112319804717e-02
-6.721663277354418542e-02
4.914778898340744356e-02
-4.607502973802204971e-02
-2.324133106469318880e-02
3.109859722022437212e-02
1.553351352359238179e-02
-6.591715966127049964e-02
-7.715256559911070830e-03
-5.850942408284053042e-02
-2.945784542243795254e-02
1.850365667096501993e-02
-5.740037374848796017e-03
2.641806822808713887e-02
-9.877295539243069813e-03
-6.201751238202614890e-03
-1.585459579108383643e-03
2.116795216014654910e-02
-5.286313051712194372e-02
-1.546157942554459916e-02
2.578776306184440981e-02
-1.860413095686105911e-02
-4.336394584099883404e-02
-1.740906492302106423e-02
-1.671616830013557958e-02
-2.106890715396026945e-02
-1.663807327958871304e-02
-1.342642953932646731e-02
-5.868962589193293250e-03
-1.101265094177204459e-02
-4.557357878125024853e-02
2.203123729483771887e-02
-2.853349537941574435e-02
9.667533792741088775e-03
-3.355863254932950346e-02
-3.332555857026979484e-02
-3.832644954503991973e-03
-6.890136527709071583e-03
2.789165258991750489e-03
7.526025216086576139e-03
-2.147277948080790130e-02
-9.067137945726368164e-03
1.300044444002543698e-03
-1.800477341498340350e-02
-8.386040077176626362e-02
3.116755486901313585e-02
9.608060165814776704e-03
-1.882306002673250767e-02
2.685035208679406940e-02
-5.489484668468367495e-02
-3.248996611765923165e-02
-1.882612419832907502e-02
-1.927018126729631957e-04
-4.192222443343396332e-02
-2.636977922276734568e-02
4.539252376046941546e-03
3.906105824956985530e-03
-2.122242532219498906e-02
-5.861911479329992569e-02
-5.332929912571092446e-02
2.919005802273366007e-02
-8.919717246987925174e-02
1.457268085967407950e-02
-4.137840826406250644e-02
-1.996503687934032822e-02
-6.441689121968942333e-03
-3.473061392972707356e-02
8.569834588717915869e-02
-1.110425877631520536e-01
-1.768070245740652885e-02
-9.901572109155130919e-02
3.793663574478730455e-02
-9.243580709077497612e-03
6.381979772548204526e-03
-8.799120886983573947e-03
-3.669134027350187677e-02
-2.563218185149971490e-02
-3.994040764959122525e-02
2.288164606433260029e-02
-4.888500412112352367e-02
9.668335444346046192e-03
-1.020233628573855890e-03
-1.186810998375047027e-01
2.043290672333568370e-02
-4.775975068817348707e-02
-4.069827776674932868e-02
-2.432859175023786499e-02
6.083159459058030613e-03
-1.111263975295351605e-02
1.097687071837278802e-02
-9.023731876677497377e-02
3.797650119445649536e-02
-4.171626637891908546e-02
-8.049727700106618089e-02
7.750452728494625423e-03
-6.917016124380584441e-02
1.245877491514259423e-02
-7.110541416229607115e-02
-4.710753336232841038e-02
1.656029687299887670e-02
-1.089974031586236347e-01
-6.243918297724651567e-02
9.404591913525009450e-03
-1.956381234775526196e-02
-2.873985109153310430e-03
-2.262166893853645791e-02
2.208413241357222792e-02
-8.272274506602260435e-02
5.093030464524566508e-02
-2.699597130320251920e-02
-9.186457884425125453e-03
3.314123381413165703e-02
-3.890682229946266363e-02
-7.893482109892854814e-02
9.452706345542617912e-04
-8.707725329890369723e-03
-7.274823254621516633e-02
1.491900310151926881e-02
-3.481003346333640808e-02
-3.750118785323786758e-02
-4.562207300042389613e-02
-9.384265808178223270e-03
-3.808296823104100753e-02
-5.459225014179891478e-02
-2.409247415482948865e-02
-4.077796901365664944e-02
-5.145750942985267973e-02
6.522672792415968104e-03
-2.911764981209239919e-02
-4.748115855563403778e-03
-4.157239358851883004e-02
-2.354591583560933926e-02
-3.785394026625202302e-02
-5.783323675630199293e-03
-4.594692349710902124e-02
3.763592277211957882e-03
-4.433967996970070158e-02
-1.615090084133771753e-02
-3.758055652256196005e-02
-4.386982894477878259e-02
-5.667964686422790471e-02
1.128381171101390133e-03
-6.739644745522914426e-02
-8.814079253875211489e-03
-1.866422417366067621e-02
-6.181970327497844642e-02
-6.118598434033343386e-02
2.839571260728741484e-03
-4.838925740123962982e-02
-2.817437201770595090e-02
-1.666021423700718429e-02
-2.671306234474243521e-02
-9.321827342802872784e-02
5.469316749500369168e-02
-4.059799331715610582e-02
-6.293204252701370405e-02
2.237390783191001847e-02
-7.066776765573605686e-03
-1.962137076812313016e-02
-2.373812091082826842e-02
-1.381967351463684983e-02
-1.315680626250177211e-02
2.561296234685061374e-02
4.476190962434704532e-03
-4.205288099252212780e-02
-3.037002204156775964e-02
-1.711991867263674971e-02
1.254422070965991245e-02
-2.381266128696440249e-02
3.887431094657659014e-02
-5.176428521433994179e-02
-4.845963561316448537e-02
2.893949016389168495e-03
-3.759392441158029147e-02
-4.894594550472273348e-02
-3.470572379507929489e-02
3.523117619174077550e-03
-2.216236084295362604e-02
-7.119400831259375950e-02
2.651591603606372194e-02
-2.330560365143513266e-02
3.985379712062368796e-02
-1.097539365506935566e-01
1.824385077345427181e-02
8.080234494680897661e-02
-1.026187834074034494e-01
6.066500842402187954e-02
2.369110505972113478e-02
-1.073779633173184700e-01
5.727967584480368746e-02
-2.424823762877839975e-02
-2.531118564645829655e-02
-5.970859732918344653e-02
1.889244352370613583e-02
6.305693113075567374e-03
-3.558747686483998418e-02
-7.527720086529660071e-03
1.102485652814777853e-02
-1.910586681930470654e-02
-2.975570602787164579e-02
-1.765238487035716494e-02
-6.094887386555357389e-02
-4.659692010419898972e-02
-1.151178234643040060e-01
1.695832448425766900e-02
-8.694886749131037779e-04
1.058502830992118747e-02
-6.491147363188334851e-02
3.684743609847532936e-02
-1.380862492371369649e-03
-4.768922016480110077e-02
-2.261229022380312551e-02
9.242804704300532082e-02
-4.189308165297786490e-02
-1.972937908522655239e-03
8.543484411208691898e-02
-1.700085437024906332e-02
-5.744976215029864303e-02
-4.949042955590265622e-03
3.887456116742257772e-02
-4.398202097086864604e-02
1.868015342336467113e-02
-4.336246354922894397e-02
-6.162937069970209070e-02
1.985847361022585050e-02
-1.019068327192579754e-01
-2.287253657898229500e-02
-3.794595581138356620e-03
2.024779701347512173e-02
-5.660019449821006299e-02
1.737067014080161814e-02
-6.584236837756331229e-02
-3.061379896960312805e-02
8.895846444759533678e-03
3.556871920398798487e-02
-7.716348564482329586e-02
-6.814652521210049115e-03
-3.695655146568619515e-02
-3.536667191998930058e-03
-4.037532000652584857e-02
-2.796402036043632577e-02
6.123755439656829863e-03
8.883196114112645869e-03
1.580032807929968898e-03
-6.634155406341224470e-02
5.174653918726631469e-02
-6.856622396995304403e-02
2.284923010341814720e-02
3.831654931609156794e-02
-7.679883749140499483e-02
4.546796445461893932e-02
-3.238975896942743876e-02
-1.640163165987039082e-02
-2.789378663101116027e-02
-4.449063669234962215e-02
8.637521679437164257e-02
-9.077599734374804108e-02
-3.758961981235860172e-02
2.093504232774675428e-02
-9.907965634638728203e-02
6.828439680296406744e-02
-2.664459382792755751e-02
-2.633532677097893265e-02
-7.113148355119870703e-03
5.928047082555985142e-02
-4.031788135833428398e-03
-3.062560898068762347e-02
-1.519319412704160308e-02
-3.626900683055380575e-02
1.813843343869734476e-02
1.925555038525800407e-03
-3.669672184417877014e-02
-3.838024228628639928e-02
1.591764814901400898e-02
-4.327002285775310292e-02
2.716158664653323465e-03
1.115217240674559393e-02
1.496191902484250193e-02
-5.001629856800796081e-02
1.951258828432794398e-02
-2.853515734783409682e-02
-3.147803459334215515e-02
-2.078356153059636793e-02
4.138433101563321337e-02
-1.041752505676704910e-01
2.080756841893612735e-02
-5.224996225642643266e-02
5.354602656408734285e-02
-5.223694335575120029e-02
2.225112063262655454e-02
-4.597077476094871273e-02
1.966217549135442291e-02
-4.007442681099557258e-02
3.262991950460461532e-02
3.688273102583647378e-02
-3.462155509558240835e-02
2.823359441011388457e-02
-1.509241866635707349e-02
-2.339377234627021060e-03
4.343989958273872937e-03
-3.838277418550587600e-02
-6.572112411288175138e-03
-3.073531407174003027e-02
-7.305544933049432088e-02
-6.657652530417325354e-02
-3.399583270983636690e-02
-6.910282253152368048e-02
-9.121707296909498108e-02
-1.735442302055947295e-01
-1.855119586869990456e-01
-1.994121065063883813e-01
-1.826669168244920705e-01
-1.789733756386665264e-01
-2.249088199273235333e-01
-1.490305979844913642e-01
-1.416220864016990988e-01
-1.735000733293065589e-01
-1.777775179644478509e-01
-2.012736109735922541e-01
-2.328940812170677277e-01
-1.837033512991228246e-01
-2.674434200553361674e-01
-1.334581809662629681e-01
-7.673925230505793116e-03
2.933350004114399640e-02
-1.127528510184810234e-01
1.140467288734033913e-01
-4.187120466910482230e-02
2.290228190580145470e-02
8.707177336304185861e-03
2.825645050105926245e-03
-2.395050115715054509e-02
2.638581233007532625e-03
3.763269103102982044e-02
-3.634849208690985739e-02
-2.256198232541681281e-03
-1.880790404673955002e-02
-2.954103879371883928e-02
1.695429361021617148e-02
4.292875302800389092e-02
-4.068790318846559478e-03
4.574790131434930233e-03
-4.382550735885370335e-02
-1.435227815137573790e-02
-1.441035578592263049e-02
-4.458810478146030265e-03
4.742739446303385897e-02
-4.007679547153590593e-02
-1.078373599927295520e-02
1.309225273220281961e-02
2.129099413977110847e-02
-3.744920454320625498e-03
-2.400718434531403864e-02
-2.279703701285890755e-02
-6.896102672416563883e-02
5.276723796921854552e-03
2.684823442471244784e-02
8.417035213329027848e-03
-2.331167961326503432e-02
-4.194816495429439657e-02
-2.951689663661249616e-03
-2.198674395947639720e-02
-1.337730501228343721e-02
2.767326014142981044e-02
-4.112882952905214801e-02
2.679349047130161893e-02
-3.430991792508077814e-02
-2.965175858904264133e-02
-1.686758171169465761e-02
-2.852834069760397731e-02
-1.257193514998353190e-02
-2.137960561597278611e-03
4.097486805311384428e-02
-1.424369377132529008e-02
-8.009218665179127297e-03
-7.133022879165242490e-03
-5.144551189182550166e-02
-2.747563782255933729e-02
5.607287320633669997e-02
-4.582197507080758986e-02
-7.665517845252557347e-03
-1.137391086538507359e-02
-1.108637456983902966e-02
-5.310624077369789642e-02
-2.717950769708097833e-02
-5.377664590158191815e-02
1.493305132880313330e-02
-1.868279937018129874e-02
-1.496095653887539664e-02
-5.066515597204889615e-02
-3.098931707991294318e-02
2.259878379644505997e-02
9.969119179137442971e-03
-7.523315326376418810e-02
2.064991461709537318e-02
-1.293914074697525944e-02
-1.529308377676349452e-02
-2.122297831983580713e-02
-3.840512971808310305e-02
3.429136461050973604e-03
-3.192397763643016473e-02
2.735778865726730402e-02
-1.952726314718184614e-02
-6.791707739375636710e-02
3.122713159386982656e-02
-2.191449119450795263e-02
-7.201699219097773552e-04
-5.552201594722945555e-02
1.809379146520715548e-02
-4.596502306088350032e-02
-1.296479892372541379e-05
-5.888788361411385897e-02
-4.396355963811257594e-03
-1.694852887107713146e-02
-2.246094071913489615e-03
-5.370837725522394079e-02
-6.825347213614426332e-04
-2.601592643788403630e-02
-3.774948608798067706e-02
2.634576552299969579e-02
-1.744974230744122598e-02
-8.965537501755335703e-02
1.087383133501813350e-02
-4.137656000112056864e-02
-2.693070643513720275e-02
5.689024855315258714e-03
-1.845369456588156348e-02
-6.427867923910991765e-02
-4.690418542355317966e-02
-3.427574639201012158e-02
3.171489466479389396e-02
-1.010476588633333062e-01
1.289880801276366978e-02
3.624737339114695450e-02
-7.184124280291005749e-03
3.828075305932271931e-03
4.630910637737960765e-03
-2.673461093411437159e-02
-1.094737753073357633e-02
-1.814629662824865375e-02
-3.104717051923869264e-02
6.429156753177060757e-02
-7.231514637330137274e-02
2.537873969488540701e-02
-1.466498133602661159e-02
1.308071976087976564e-03
-3.754469596135621284e-02
-5.388657480988607446e-02
8.765031522654936208e-03
-1.223541032428551896e-02
-4.199175641069843867e-02
-1.384446136647868135e-02
-2.425102125531298711e-02
3.490640520394285712e-02
-9.785470954197912630e-03
-1.791025242409593488e-01
-8.803000198185793879e-02
-1.330473245498023926e-01
-3.713013791434363609e-02
-1.198905954254364942e-01
-1.557184836541506134e-01
-1.561951455015189727e-01
-2.081808395332913342e-01
-2.310034980727081466e-01
-1.559720095510544469e-01
-1.296009409921703992e-01
-9.026895455981748251e-02
-8.420092253698378826e-02
-5.878541552821543725e-02
2.335578180939799908e-02
-4.889071417221666632e-02
-3.686312692747036740e-02
3.671437777223676008e-02
-5.772516021572002970e-02
-8.933144926058334684e-03
-3.111662061129322546e-02
-3.002590818333070177e-02
2.754960750147658274e-02
-3.830974739138316015e-02
-3.640566445217533614e-02
2.989305442958982428e-02
-3.402084848742331635e-02
5.275814242164875156e-02
-4.897616526858999259e-02
-4.518566279456411906e-03
-3.227975741598925613e-02
-2.977189795117999790e-02
1.079648238946829750e-02
-3.856835737928253523e-03
-5.200739434823418300e-02
9.032416602838877484e-03
-1.790779803066172918e-02
-8.849624156229904393e-03
-3.077217716881850557e-02
3.291216597399045790e-02
-2.690996989592561034e-02
4.290656213857795519e-03
-1.921769354952012829e-02
-3.371323260451576653e-02
6.281388081567705617e-02
-5.721211658102742098e-02
-2.655578488816845960e-03
-9.490006299435298220e-03
-1.866307437763801980e-03
2.071610201907721563e-02
-4.912789026997257252e-02
-5.114487529702617385e-02
1.816333110352151559e-02
6.137420795701788168e-02
-1.143708246726358041e-01
-2.223979547696707318e-02
-1.300761098526205528e-03
-5.806477979241924520e-03
-3.579592547987506257e-02
-3.787671422057257292e-02
-2.389148113388099570e-02
-3.040804077465211405e-02
1.130438363456643357e-02
6.424694485287332779e-03
-1.466314910097563443e-02
-3.074710008776650010e-03
-3.145539224971321407e-02
-4.389596452279024945e-03
3.321034935404997696e-02
-1.303547688862636590e-02
-4.571842669748987786e-02
4.600498912374315075e-02
-6.002973054879000292e-02
2.475210070303963603e-02
-2.616167660302255032e-02
-1.240182935202623592e-02
-9.135285788173529847e-03
-1.273659127867466864e-02
-2.512752750628045179e-02
3.247827390321131324e-02
-2.659590068286852432e-02
-1.881458130136965355e-03
-1.994529696523445611e-02
2.154603446302509259e-02
2.239843076145353606e-02
-2.842023314105387999e-02
-6.175650605366302115e-02
3.481972958739273927e-02
-8.570388328015862700e-02
2.515100221344158254e-02
-7.709191850716157202e-02
3.715103515755096425e-02
-4.408298670499924410e-02
5.112431304025403384e-02
-8.989472975860095944e-03
3.116075081931652530e-02
4.119899130302043938e-02
-3.948521091873422040e-03
-3.205572602069499399e-02
-2.140951752777408429e-03
3.724987017408595835e-02
-4.810759227871243965e-03
-2.680348083400912670e-02
2.489484012685969083e-02
-1.625670625798775193e-02
1.004444842193269634e-02
-7.618377446301509426e-02
-2.980798409417373743e-02
6.088797249437549741e-02
-4.273806185116293954e-02
-5.613661464919711408e-02
2.843787842845742209e-02
1.409371990640211590e-02
4.265458116390698218e-02
-5.422493594835934433e-02
8.874965873001006839e-03
-6.748419778333134000e-02
1.039744735493722677e-01
-1.273608805610957906e-01
5.927518990092171813e-02
-4.434864132777548151e-02
-2.403726193381522380e-02
-1.877327451281050105e-03
-3.075219627762325325e-02
4.200516336650089722e-02
-5.342093950547383702e-02
-6.100297669058868388e-03
-4.767370818291916112e-02
1.072097442569466125e-01
-9.909598297208549456e-02
6.924360210715835295e-02
-4.638254380952670959e-03
-5.174132756446690046e-02
-6.664745299547672475e-02
1.572294026911491213e-02
2.217184819990856981e-04
-6.177318499818643116e-02
3.304516423569541644e-02
-1.010793879854615523e-01
2.152514791933766297e-02
-1.057009025993254636e-01
8.232047934906262798e-02
3.328585878342143339e-02
-3.632613495742359477e-02
7.984814515755198766e-03
-5.706689792521364712e-02
1.923541767391846458e-01
-1.838114073490880462e-01
-6.952781800856124364e-03
4.921095615521163535e-02
-6.980616287656836449e-02
-4.023967962550674404e-02
9.977505469616293129e-03
-1.785135050571469081e-03
7.436166518629883093e-03
-6.923841290638546586e-02
1.319791508314269862e-02
-1.744355233141092754e-02
-9.279442505627597676e-03
-1.633474858022661985e-02
-2.275572824175507367e-02
9.319668942466685993e-03
3.171835154611542251e-02
-6.376142455583097557e-02
-7.183183179297571164e-02
1.144393088079701318e-02
3.986584647867454610e-03
2.640948061679232808e-02
4.492988751416911869e-02
-1.120681945850496297e-01
2.622286325022413558e-02
4.360321488982266472e-03
5.940555407310171149e-02
-2.622078407934140543e-02
-1.876083220799123347e-02
3.420069710532094159e-02
-4.327345297967847421e-02
9.661064590238100172e-03
-5.225983837455904640e-02
5.071648314380323985e-02
-6.371655309966450798e-02
2.446384091907945896e-02
1.623475790493707910e-03
4.967734299323425112e-02
-7.806947452903091611e-02
-2.716664762967406846e-02
-4.092110590691665217e-02
-1.977246399371087107e-02
3.519506010072866869e-02
-1.399932197422994185e-02
-1.625371111557259718e-02
-2.523679620590612432e-02
-6.837371981694184697e-02
4.338908806579656885e-02
-6.511767849694374832e-02
-7.339498144796885448e-02
1.670257953169647890e-03
-1.441793537701195616e-02
3.651734353648553033e-02
4.336839803111159491e-02
-7.141147628728154728e-02
-1.928062854659727023e-03
-7.058886176826117964e-02
4.263292297293004574e-03
-4.180785778116370699e-02
-3.603512480830892151e-02
8.692368175507378392e-04
-8.210161226422929559e-02
1.564534379375827344e-02
7.666996031733311866e-03
-8.779072267358731252e-03
-2.352642569721896670e-02
-2.961256436334984768e-02
2.788257709886522717e-02
-1.982497905034537669e-02
-1.271285936029342700e-01
8.088786028530078193e-03
-9.972057444513834912e-05
2.000619394923403710e-02
-6.010877833386450708e-02
-5.126457233719956125e-02
8.035231484855163975e-02
-5.765125241341133994e-02
-5.568605396875925262e-04
-6.855875456112089927e-02
-3.487519038825661472e-02
-5.108916964928231219e-02
-2.332548482594526754e-02
1.624183313543578130e-02
-6.360459370366819409e-02
1.701400750499706960e-02
-6.494681996552988112e-02
9.261722812039570318e-02
-9.979796370330559774e-02
2.148634327473009434e-02
-3.892783051086978752e-02
-1.334637860305336364e-03
-1.447287886885553938e-03
-4.727471827010240255e-03
-1.043989673081036212e-01
2.546671764623156461e-02
-6.935842877549104613e-02
-2.606111508280681277e-02
-4.925901091676972848e-02
-3.147580941806155108e-02
3.871401321553828018e-02
-4.928612336885117989e-02
3.579264664466821899e-02
-9.945348242496454549e-02
-1.658640541263123672e-02
-6.865192468643128987e-02
-1.857129066469247886e-02
-8.591296832687490143e-03
-3.599309731805510476e-02
1.503620059946405609e-02
3.509489662422149436e-04
-7.787622271543464050e-03
-3.204681519411162194e-02
-4.238636171014249776e-02
-2.858885302973689091e-02
3.048864819505624907e-02
-6.066942421907962207e-02
1.669807710699991454e-02
-4.263756374583548003e-02
-8.521231803151173290e-02
-3.481920686984535385e-02
1.264377011629696027e-02
-9.734009353181830027e-02
6.340820818031828177e-02
7.220706069430534585e-03
-7.116607088870971487e-02
6.777070350781309871e-04
-4.188932742936422871e-02
1.853595600122331585e-04
-3.035534059585651839e-03
5.355324045438734915e-02
-6.174412752055956355e-02
-6.201401951275707126e-03
-2.264138136082246774e-03
-5.079973700748521837e-02
-1.284491939004636478e-02
-9.897818289912924117e-02
4.641189452800002085e-02
1.859681910917355963e-02
-8.993321416762160847e-02
-1.341925981474862556e-02
-1.559450535856853580e-02
-7.518433844555824641e-02
-6.473802068840083662e-03
1.613253879128188559e-02
-6.282466925534944957e-02
-3.412988842516350568e-02
-8.903646711673509490e-03
-6.905298976675114733e-03
-9.146059445571791402e-02
-3.521569769871574912e-02
7.577599203479647161e-03
-5.012347283365048423e-02
-1.707077651744884350e-02
-2.917211768625922741e-05
-7.111028609534134071e-02
-2.024997842000881079e-02
-8.786740878886784012e-03
4.901939145203403070e-02
-5.813490254255149897e-02
-2.036041121292554712e-02
-1.765533174613534081e-02
3.392238424501018562e-02
-5.575302472374946139e-02
-7.566729069561147110e-03
5.999484936771860843e-02
-1.443146553197871378e-02
-3.102589288608500334e-02
-1.508787988008647614e-02
-2.333645609923245753e-02
1.389869576470022759e-02
-3.500640415415557510e-02
2.328304654981959085e-03
-6.208445347411365584e-02
4.501937880878383730e-02
-4.822899797217441303e-02
-1.942889133423828657e-02
2.797280932713177778e-02
-2.328336370337103292e-02
-5.190794696796472395e-03
-9.779427065945779651e-02
-3.898409372030864350e-02
5.008144666698628733e-02
-4.639828176488522415e-02
7.096947691400470881e-04
-1.069212740712676413e-01
-9.368061448187185725e-03
-5.147246942792323837e-02
-4.657185807491651119e-02
-5.559677493236257761e-02
-3.276586031291817830e-02
-5.806477384048900486e-02
-7.820828330259779748e-02
-1.527026081118293410e-01
-1.531891166219397915e-01
-1.751426065986827485e-01
-1.412227527445231445e-01
-2.359376446400537619e-01
-1.498832639498125507e-01
-5.335313381480639994e-02
-1.481796934605491556e-01
-1.303362866002644727e-01
-8.893085429226260663e-02
-1.310573231181195175e-01
-5.280483196782936872e-02
-3.572768528473739547e-02
-9.010612367174888893e-02
-4.049637484974547702e-02
-9.381243284410753502e-02
-9.624771140663148511e-03
-6.234486945693477195e-02
-3.103867536131339755e-02
-4.431761140360740425e-02
-2.213694191166508743e-02
-4.628664624157036167e-02
-1.436937346047002448e-02
-5.089092438656903777e-02
-3.108302463145420740e-03
-5.241752920226302841e-03
-1.735677600646534299e-02
-2.075841847909020918e-02
1.861633284412255156e-03
-5.491273238797366937e-03
-1.465431972133911763e-02
6.475317004589345796e-03
-1.657608096182659752e-02
-2.835197704175186281e-02
-2.900727807138404890e-02
3.661874937466340352e-02
-1.707792454370767737e-02
-2.939130457015138101e-02
3.700797511396828471e-02
-4.686155282065587041e-02
9.483951453123796310e-03
-2.050230510304086248e-02
-3.805665201543342521e-03
-1.636440210888707308e-02
-7.039407504690746789e-03
-1.902458699699066322e-02
1.328731640620360761e-02
-8.902597090685641229e-03
2.345243167504525335e-03
-3.346336094719178783e-02
-2.160430425090264714e-02
-2.719689871359265085e-02
1.262804256179041879e-02
-5.550864205368592763e-02
-1.881490607097162718e-02
3.427425145289782898e-02
-3.197262958249483256e-02
6.784597346733544504e-03
7.723975540778841090e-03
-1.195281963092293710e-02
-4.813285188574418366e-02
1.179502175494297200e-02
-1.965348770509189186e-02
-5.455484147736270467e-02
2.584034540589164736e-02
-1.948523824914311087e-02
4.162643136567393404e-02
-2.437893975760069970e-03
-1.201604413337086993e-02
3.773223661019843578e-02
4.618809120336900970e-02
-2.716077164483494608e-02
-5.346947260222648796e-02
-3.278490926530396032e-03
-2.712149192751019122e-02
1.276342947919950101e-02
-2.488724919535032290e-02
3.198516801508815633e-05
-3.100009794476631109e-02
1.305533728142930713e-02
-8.193473379102030052e-02
-4.550319986757483254e-02
1.717846672161437577e-02
-1.536517022436473603e-02
-2.452058846819189786e-02
1.523898422890071838e-02
-4.965890968756488111e-02
1.949387000393739550e-02
-4.400674127242321099e-02
-1.106627379167243741e-02
-1.319186026739719436e-02
3.351325351303740055e-03
-5.482072927866294548e-02
2.820579403384360431e-02
-3.529689043576394319e-02
1.586772683665671480e-02
2.582003057652521374e-02
-1.691352089317850471e-01
5.782315762417162414e-02
2.061411166619439572e-04
-2.148508026621643030e-01
-7.587182400403814919e-02
-4.569152756272409216e-02
-1.220030266051693735e-01
-1.388560582504070884e-01
-1.233767957059134085e-01
-1.196737642099113541e-01
-1.303769178648268301e-01
-1.349961465102743063e-01
-1.593063431978551658e-01
-9.564917401021112708e-02
-1.059738402375551142e-01
-1.075794797310860446e-01
-1.226561888446281723e-01
-1.209917410424346529e-01
-1.085339916459360787e-01
-7.064152990725258707e-02
-5.981014841738626492e-02
-1.211740308961863771e-02
-1.292886119055864369e-01
-1.029236142710183641e-02
-1.214895617557868457e-01
-4.004648422542952252e-02
-1.403401600372053415e-02
-3.019368548849499581e-02
-2.259179313675816619e-02
4.658709885622780433e-03
-3.068245017847516867e-02
-1.302590523189788019e-02
-4.266082274500451743e-02
5.770954226775155960e-03
-4.265653067064714699e-02
1.686539978099225318e-02
-4.093350526638484671e-02
7.577701079276242743e-03
-1.865870903135486217e-02
-3.285426837248776877e-02
-2.718911271476048830e-02
-2.954261355226224517e-02
-2.551296357752261962e-02
3.670523765163019592e-02
-8.386347453952776310e-02
-7.025106165734986211e-03
-3.753586109562858514e-02
-3.055542702228063526e-02
-1.381738363842114486e-02
-2.678581282178578438e-02
1.026818915205611471e-02
-2.188380066695420900e-02
-3.062970542840504767e-02
1.763930852044366324e-02
2.653312274654413827e-02
-3.491049843164738264e-02
-1.820611505508509809e-02
-7.377519891393796714e-02
-5.044748140920012058e-02
2.433248539875507155e-02
1.568517020612824817e-02
2.183315720580313382e-02
-1.611258975890990722e-02
-3.814880551920035029e-02
-1.025645131870858359e-02
-6.574832870642005611e-02
1.983883395673277303e-02
-9.021064068015741122e-03
-2.074270173760106931e-02
4.155412388387502709e-02
-6.272658568505617982e-02
-1.946898749692941438e-02
-3.448314509900681640e-02
-3.184457932203392516e-02
5.417406334231059106e-03
-5.126032557179294874e-02
7.424341314889801313e-02
-7.067897024473757117e-02
3.870994130233016556e-02
1.868651284532569720e-02
-6.096561586934628324e-02
-3.246180989767670499e-02
2.093113235228789837e-02
-4.928294705817775484e-02
-4.288715219037654569e-03
-1.833409676231810212e-02
-4.902983059522568465e-02
-2.218294034739607887e-02
3.646542929353886048e-02
9.837563723096450462e-04
3.544515211625634543e-02
-2.020911285050562556e-02
-4.901899040581433192e-02
-9.304078427694454853e-03
-5.730798289328341288e-02
-2.323954230162298545e-02
-2.695572008661934610e-02
5.472799793982082751e-04
-7.060878596468318780e-02
-2.097977587710605704e-02
1.216260309207120756e-02
8.760587418891999448e-03
2.707926171862707482e-03
-2.960667895653796081e-03
9.074968259971875721e-04
-5.247567359671697490e-02
3.451346627895401226e-02
7.926219481457835725e-02
-3.401698818514884565e-02
-6.965900152032173873e-03
-3.010202573691605349e-02
2.634314059696643562e-02
-4.068720179112261109e-03
8.756635298588093946e-03
-3.075258707459181673e-02
3.475628733836427092e-03
1.436057743919335553e-03
8.909172491892748680e-03
-1.202328610757451809e-02
9.481041919380894800e-02
-1.178881086911511833e-01
1.830406750989627129e-02
-2.055122391521004357e-02
-2.913741376604109604e-02
-1.492030904589041959e-02
3.113228349158037988e-03
2.595290086245705466e-02
-7.866615065116664210e-03
2.018707432888892234e-02
-6.304793612357339691e-03
-1.932545407119671751e-02
-8.869893952743337570e-03
-2.990586892106968965e-03
8.132045678983063422e-03
1.970349087817460654e-02
-6.536892063803370623e-02
-2.062075032605999864e-02
-1.729726751235156207e-02
-1.959870295018194264e-02
-5.355976067006112951e-02
9.903600905444016889e-03
5.783186439634086136e-03
-1.057500598398457108e-02
-4.007772222872309914e-02
2.144320169606936388e-02
-3.732761828372106738e-02
8.633847049918257077e-03
-4.978942203520061310e-02
1.249740184849479178e-02
-3.658724170895637923e-02
-4.305183891798363208e-04
-1.456643475611087060e-03
4.208039341849333786e-03
3.658105350269566514e-02
-6.562250182576545576e-02
-3.542258238280757143e-02
-7.844014195331060636e-04
-6.670644277068811523e-02
9.049647770219215737e-03
-1.306880684030932611e-02
2.122517340982063572e-02
-3.308920914635864879e-02
-6.470695258293908403e-02
3.103985434497912380e-02
-2.251053497410861540e-02
-2.617206549630823886e-02
4.420981009806569662e-03
-8.209999740172112780e-04
-6.983328437742844161e-03
-6.735790666078109168e-02
7.514559110065596910e-03
2.965090995455536838e-02
-8.236158165420531807e-02
3.426676376025185322e-02
1.591032835313606515e-03
-2.027488502996772218e-02
-7.153184654981875612e-02
2.230510708624704880e-02
-4.896875733550421633e-02
-1.541598667862248070e-03
-2.903833764288553387e-02
-1.057626574945712619e-02
8.436326085886153292e-03
-2.241230532865593102e-03
-1.016098092152903087e-01
-2.498399193365529944e-02
2.186456602208196320e-02
-1.329595324850895571e-02
-2.653871515031153150e-02
-5.945602872614865614e-02
-5.357712947575720558e-02
9.615811027577515074e-03
-7.821774508649721389e-03
-5.008196368446903024e-02
2.172020548361259379e-02
-3.367956661995084866e-02
6.897242980150279645e-02
-2.928018599996324092e-02
-1.431047897038717140e-02
-7.764839585241881115e-02
-1.875613710010898966e-02
-4.008356976430781093e-02
7.226978063800571818e-03
-8.559033397576425173e-02
6.404573790174721004e-03
-5.203441108205910520e-02
-9.093039234266138415e-02
2.084609130809955344e-02
-6.414608989888981316e-02
1.429833038769767403e-02
-2.532272062983930913e-02
-2.592934086299168370e-02
-7.696462291452552118e-02
6.252464924496840826e-02
-1.243885340187140393e-01
5.183155593441002990e-03
-6.211126215299574149e-02
1.161981625206849264e-04
-7.585250654573472140e-02
-3.837690348410074254e-02
-6.761038694382442982e-02
-4.836886916272929021e-02
-2.929504455169425897e-02
-3.108047487478332246e-02
-8.515340170136668357e-03
1.447230596563427001e-02
-3.488830667152968776e-03
2.616645309661736959e-02
-5.421756377247985426e-02
-2.942360261050451509e-02
2.679970328508862049e-02
-5.949071152684657499e-02
1.746862032572159967e-02
-4.013448554918511157e-02
-2.658922688177766877e-02
-2.367497940138270363e-02
-5.173171051189114772e-02
6.382768668503785436e-02
-8.212755896219589569e-02
-2.584631795476337660e-02
-6.638482236583531648e-02
-9.794344120571691487e-03
-9.239574842619267814e-02
1.742007226544816864e-02
-1.274597672206731654e-02
8.617041744235193201e-03
-2.818243152690743172e-02
3.067527018618627574e-02
-4.535918625727125564e-02
-1.831851000583051628e-03
-6.956821974485551119e-02
3.645985174284358671e-04
1.012800335299584437e-03
-2.497651120843175782e-02
-1.692093080264434751e-02
-2.093168158262157658e-02
-3.032780603490650706e-02
-1.790134638190743477e-02
-2.741269677297443128e-02
-8.162784550848302401e-02
4.867747143252033025e-03
-2.409898113110783835e-02
-6.538067388380358613e-02
-3.975822814605407124e-02
-1.135119192269519982e-02
-8.458830756820248653e-02
3.257305575409939757e-02
-6.148374399293144582e-02
-4.063875443881091037e-02
-1.642152917857339633e-02
1.286420653238519451e-02
-4.772093875544954761e-02
-3.610029038820428138e-02
2.343588021095663679e-02
-3.659408800812544160e-02
-3.237734999571249914e-03
-1.773542371148592242e-02
-4.297641303374130639e-02
-1.631508101924039611e-02
-5.525613633484439263e-02
4.219750450858950758e-02
7.359869364693405469e-03
-4.298812493393963652e-03
-6.953327848770771147e-03
-6.660137835144838703e-02
2.415123567282824370e-03
-3.039904871412650589e-02
-2.002976427084325432e-03
-7.054316787823779189e-02
-3.496375675743858269e-02
-5.131641777789949788e-02
-9.219887750949104510e-03
-3.791759625895860936e-02
1.776326625540435369e-03
-3.562988462662644573e-02
-2.952560573411752709e-02
-9.040640179103671958e-03
-1.199847059091132227e-02
-5.810429729658578984e-02
-3.486251191534765759e-02
8.998033966371968284e-02
-1.095146085096846966e-01
5.507695139474760859e-02
-6.330147221622567377e-02
-7.318301263285416358e-02
1.463297385043356436e-02
-4.239344929543446827e-02
-3.168330179414192982e-02
1.792031543093903709e-02
-6.110840923546228404e-02
2.889463118965900079e-02
-4.888270245876204928e-03
-2.322981431921519735e-02
-3.560166660589246523e-02
-8.288396073518389251e-02
-5.637333127865203769e-02
-4.401264080696480098e-03
-4.260161537098951234e-02
-2.881102631287157934e-02
-2.685602226053965258e-02
1.181598646202716360e-02
-3.380095126223864321e-02
-3.663910628830698013e-02
2.119526529813496596e-02
6.687068139067360931e-03
2.435644739417704846e-03
-7.237409810443516667e-02
-7.287406797975279349e-02
9.945216941144739697e-02
1.726066947957975717e-02
-5.902178911728134941e-02
2.256082812489061326e-02
-1.315016097489095717e-02
6.612573219057868434e-02
-3.553087712273880067e-02
1.618798873453902373e-02
-3.538673796593144738e-02
-7.606031654003178599e-02
-2.215378165109398514e-02
-1.998975650329121861e-02
-2.969816422594846392e-02
2.552649584951015727e-03
-4.954972606582810218e-02
-9.942673561115392827e-03
-7.257952897303760614e-03
-1.790485241030798091e-02
-3.040403819921095457e-02
-4.217195770039867779e-03
-1.079778528083424546e-02
-2.951864962053454486e-02
-9.388184316331387239e-03
1.210438722281625447e-03
-2.027823176359096896e-02
-4.013114490806669876e-02
3.865474933641501604e-02
-5.187878807580240115e-02
-2.584259605925218889e-02
-4.172438598064931448e-02
-1.916198147151950554e-02
-2.718164814059350134e-02
-5.007783037581688135e-02
5.157533603237161868e-02
1.299892189876798720e-02
-9.634550051371652823e-02
1.324704968208714195e-01
-7.690380326496198959e-02
2.379483648531083295e-02
-2.198155085062556552e-02
1.960885174386566704e-02
1.091477081561609969e-02
-5.311959217726969912e-02
8.904391617319432767e-03
1.076797962485836688e-02
-8.542152192673097000e-02
-1.895500364257098058e-04
-5.517082683301555157e-02
3.052179208185902895e-03
1.390060646198125471e-02
-6.968840648504531776e-02
3.894451561143866952e-02
-3.704456401630655538e-02
-2.251654960335954664e-02
-1.619035409026686051e-02
-2.655871130836591834e-02
-1.527428621486038966e-02
-2.733430912400973412e-02
4.126450890300213149e-04
-5.087734672929602325e-02
1.037160590134841298e-01
-1.023977334924467721e-02
-1.812501881366973544e-02
1.481261615014927910e-02
-4.291215293837338102e-02
3.668205444910632718e-02
-3.078948531368384811e-02
-1.238883448697560875e-02
-1.577791932401526390e-02
-3.044349415008902604e-02
-1.548449046011012020e-02
3.987467073359861336e-02
-4.951094423301688474e-02
9.497478200498402339e-04
-4.772091211005766165e-02
-2.796793882609089482e-02
-6.413227471196295167e-03
-1.051523189825388262e-02
-7.462523421430394474e-03
-1.412649723531634455e-02
-4.681252897422169545e-02
-9.618396582707657710e-03
-3.730559176276528749e-02
-4.980466217916497407e-02
6.311032971465626099e-03
-2.011214015776040948e-02
-3.556081327571111728e-02
1.186107755323489304e-02
-7.219616965488043214e-02
-2.424731285038691023e-02
-9.799325195735411609e-02
-3.702971468489941326e-02
-8.810817972224455064e-02
-5.218529577784186690e-02
-1.491093309250008381e-01
-2.070662731882169094e-01
-1.106417746218723297e-01
-1.311422092596807865e-01
-1.718485300166549545e-01
-8.469914998369891534e-02
-1.597049512153099204e-01
-1.552914956946110647e-01
-1.732077301147867954e-01
-2.436011019999947125e-01
-1.271439983533721729e-01
-1.405579072876929070e-01
-4.471877395679497991e-02
-8.472090993970551875e-02
-6.946849161293305874e-02
-1.180786998931286774e-01
-7.369403115216899280e-02
-9.656271462823268203e-02
-7.367637425186948641e-02
-8.879390216139826375e-02
-5.628315482986540053e-02
-5.143001263183383243e-02
-5.259348591195862899e-02
-1.609501691421396860e-02
2.130524408665308844e-02
-4.433336142775118338e-02
4.114086535202735734e-03
-2.130728956163383675e-02
-3.152216845747636553e-02
2.019937779378245396e-02
-1.941042340578134212e-02
-6.441506022324053685e-03
1.019359244735327120e-03
-9.422057021979460961e-03
-4.733085609414036665e-02
6.952650358345515910e-03
-4.191801140635804425e-03
2.158667676885508632e-02
-2.448260910887214634e-02
2.030806846667324722e-02
-2.936663332610671764e-02
-2.843027379212028152e-02
5.441838076956584391e-02
-5.288056849517304772e-03
-3.400401868523324385e-03
1.000402888218579131e-02
-1.694878426365945337e-02
-4.364897108309708645e-02
1.438696601329550115e-02
2.965730798327788353e-02
-9.618927127137584521e-03
-3.176855461547826998e-02
-9.208388639504896597e-03
9.285787974909571682e-03
-3.886024422863772892e-02
3.546807111052545369e-02
3.913645487932448236e-02
-3.197263614854172625e-02
3.297487416437347441e-02
-8.512100543564730948e-02
3.936050227527661954e-02
-3.659960135856354935e-02
3.524786311612850345e-03
-3.575243062598665311e-02
-2.243860048648930322e-02
-8.497235563604974007e-03
7.075255349326769680e-03
4.887018375037899265e-02
-6.038536030187245662e-02
-2.312076958283676431e-02
3.217848081052132603e-04
1.740446080237639109e-02
-1.403599594108238639e-02
-5.399326951622171467e-02
-3.631057684067097446e-02
8.776426613403529725e-03
-3.445943345464824725e-02
2.061937853323335401e-02
7.589835298547059975e-03
-1.085854071418974713e-02
-3.649161436071147319e-02
-2.639213925826171259e-02
2.902186514039952620e-02
-1.869743299463381275e-02
-1.309958765164000519e-02
-6.376524297488277149e-02
-1.000005032608415612e-02
4.961252540873496708e-02
-6.325540036286272927e-02
-3.835717385663372971e-03
-1.530927119809948403e-02
-2.442534837917888398e-03
-8.115446679695738352e-02
-2.060903394714765774e-02
2.010807319413897981e-02
-6.050662223565109188e-02
2.755313752506204431e-02
-1.432508756233153921e-02
-4.944162310726859383e-02
-4.070017761015226609e-02
-1.648307811766978187e-03
-4.919748896585258990e-02
-3.093390187024509450e-02
-1.791837784154357016e-02
2.819443163589694344e-03
-4.365294849380672165e-02
3.590478495827944400e-02
-2.197139020148882946e-02
-3.759207918707842266e-02
-6.663215276091072337e-02
8.452291954344029815e-03
1.716848226097319324e-02
-4.299052409176466749e-02
-4.545854393092101098e-02
3.545741069395212924e-03
-2.800924154301872790e-02
9.088170034161891647e-03
-4.189465213039219454e-02
-1.224719015605911163e-02
-2.585710811075511359e-02
-2.588487567020199449e-04
-1.165255735665884571e-02
-5.196794131427253521e-02
-1.135016746273442151e-02
1.996625356669273418e-02
-1.317419038611372141e-02
-5.365645117115382112e-03
1.049614894851397598e-02
-6.226856429404416943e-02
-9.379536283499901456e-03
2.024042432990678930e-02
3.409455831897906242e-02
-1.334914349453442464e-02
9.853714926059058826e-03
-1.012831817922455607e-02
5.377289851757174194e-02
-8.221007529886107876e-03
-2.959495418469036687e-03
-3.347526846259513134e-02
-4.052238923142301164e-02
2.296606504858655397e-03
4.743699481715889926e-02
-2.043120974680760066e-02
-3.174182505699420231e-02
-2.112587090935926504e-01
-8.080980795248428328e-02
-3.263014633283345400e-01
-2.143570886847473989e-01
-3.502097336968661434e-01
-9.472655783407814278e-02
-3.097569648045769286e-01
-1.185941559965224823e-01
-2.317455765989385741e-01
3.671743944705357920e-02
-7.994245122644680346e-02
1.599966111636813570e-02
-1.246696426040647641e-02
-2.856722007885548892e-02
1.259943028188853509e-02
1.662973249198773651e-02
-7.274878483633984150e-02
-4.679390059381776518e-02
2.674723052741417167e-02
-4.551383192529042526e-02
-1.823603046398928479e-02
1.563567758394699553e-03
-1.461363797206876279e-02
2.167562628428153573e-02
-3.587487544602947082e-02
6.869187290530939793e-02
-1.604221919636700938e-02
-2.152985431513890213e-02
-5.134094538549630743e-03
1.362673925722458421e-02
-5.037496585988713964e-03
2.954262338744247096e-02
-2.787481567149940193e-02
-4.961706678759110478e-02
-8.417853548424936855e-03
1.636939131080265147e-02
-4.965525832570550843e-03
-3.956800642059143253e-02
1.977562890292455626e-03
-2.208053211952852590e-02
2.140135820981524731e-02
-2.151374360112541170e-02
-2.011173338780465267e-04
-3.700544527371601999e-02
4.653571785739293865e-02
-4.902061431153108967e-02
-4.548045500581798795e-02
-6.562711965370036926e-02
5.486222763983941014e-02
-4.852359273327346706e-02
-5.892275943826859319e-02
-1.093298157404102439e-02
9.937647976881954642e-03
-3.439690139677914482e-02
-3.994195135130607782e-02
2.925928664648479866e-03
-3.297625337206333551e-02
3.392070521944736544e-02
-3.958832507430661007e-02
2.981154583081637582e-02
-6.381202177199839752e-03
-3.583903476498691981e-02
1.989763586375889112e-03
-3.297272650803282495e-02
3.419216496470895567e-02
2.474882883695503355e-02
-7.608634217408616340e-02
1.777726815077044359e-02
1.103836359068225553e-02
-3.331156615583091146e-02
-9.649445057142415350e-03
-3.159849659496093838e-02
-2.179682953087339753e-02
2.746178649611372494e-02
-5.577757374434860749e-02
1.604632523663335718e-03
2.995734151143902846e-02
3.204173323860670664e-02
-4.796027101145943633e-02
7.088101487854601632e-03
-2.509463352973602401e-02
-4.262057013449463416e-03
4.792756444729838472e-02
-6.834866147442472673e-02
-1.356033459987170467e-02
-5.069194080293954602e-03
3.232429913892046619e-02
5.645220836801394942e-03
-6.529026454624433859e-03
-1.602535817991632833e-02
6.939504450418076953e-02
4.612162902491563632e-02
-2.865453595158055922e-02
-3.981156080232878258e-02
2.227874573314394396e-02
-1.376495702321769293e-02
3.350600687080280277e-02
-9.572195387664408917e-02
3.116576594128962763e-02
-4.244144831716049893e-02
1.483007695248570899e-03
5.483882931043219944e-02
-7.109166335741633203e-02
-3.224406870441749035e-02
-9.267977994787065382e-03
3.947614124726928769e-03
-3.940296573884009140e-03
3.374979909701177755e-02
1.561613866822283633e-02
-7.708768955224060138e-02
1.447593610290922629e-02
-5.613397761416267367e-02
-3.424262586308225720e-02
-1.945348369075336134e-02
-1.095144059050786739e-01
3.357242820300990194e-02
-1.812638583300184986e-02
-2.364238076477775952e-02
1.667530034372480610e-02
9.169339149071913109e-03
-5.268757822345707109e-02
-1.311784952459483546e-03
-2.398345784080751011e-02
-9.749636793547863944e-02
3.233957385416627583e-02
-2.147630252900197684e-02
3.353652692379383016e-02
-4.262284341320236175e-02
-4.775441592497749882e-02
4.726355815340527178e-02
-1.018632168374234703e-01
2.714937389780949437e-02
-1.125656411720254158e-01
1.883932740068209460e-02
-1.325790868261380977e-02
2.420540755841141603e-02
-2.570363452400066182e-02
-3.703934178732169735e-02
5.436263210986041344e-02
-4.173528048411219438e-02
-3.268255344664713902e-02
-5.186856806217007149e-02
-3.937545236254889197e-02
6.460383912825423680e-02
4.255163373460669682e-03
1.624187259901996305e-02
-1.750552341339829121e-01
3.357531796090992143e-03
3.730222672301023584e-02
-5.187048719658689244e-02
2.632281300282154554e-02
-6.403778440154152263e-02
-7.737594519970631204e-03
3.741124465928005738e-02
-6.576527149017780127e-02
-6.905967773672319621e-03
1.467872724488688933e-02
2.505834220052095829e-02
-1.415784903985476545e-03
1.437931787303384223e-02
-5.844672697400532524e-02
4.904429948515892645e-03
2.443427157248910520e-02
-1.843127630585423421e-02
4.442658279319541825e-03
1.473816617212660857e-02
1.370290631733232442e-02
-4.301029324565791567e-02
2.737279723674208853e-02
2.757375498385553070e-02
-1.911343858393742962e-02
5.026218380389838383e-03
-6.435814850864769732e-02
4.427477136173610384e-02
-4.860028653744093152e-02
1.495625667041183132e-03
-1.258493674518368181e-02
-3.578029658884084724e-02
3.630830573946667791e-03
-4.562742441766580448e-02
-4.625044177528979394e-03
1.852115272217984970e-02
-2.539735848162550866e-02
-4.485846434317369846e-02
-1.341575050464863597e-02
-4.018461585309653777e-02
-4.044495487246314164e-02
-5.438835405707938969e-02
-1.917606031256722729e-02
1.438961462465550983e-02
-8.720822353107118841e-02
2.893196245039003633e-02
-6.285906608908016502e-02
-5.107838367451705830e-02
-3.415471190105720013e-03
-2.288177879645270085e-02
1.152969080353183177e-02
-2.214511483641577738e-02
-3.341971963444451826e-02
3.403373292673431139e-02
-2.947544367140780136e-02
-4.358889817514837589e-02
2.073536591037162743e-02
-4.739312639406532968e-02
-5.342182567813000271e-02
2.687741151942292517e-03
-3.738662846541437879e-03
-1.657663842133610607e-02
-6.172666231503224493e-02
-5.320735471855539411e-02
2.538376632268352431e-03
-4.669392923419363184e-02
4.679819718517667232e-02
9.454858219875607317e-05
-5.386021780230076245e-02
-5.512956618653061525e-02
6.801496283512870056e-02
-6.535349016967011149e-02
-3.409466351796863054e-02
-1.226325077997603499e-02
7.868486424382712188e-03
-1.557203932165112867e-02
-3.828896851460081296e-02
1.370300462370804481e-03
-9.359779839316649530e-02
-1.901714173380873035e-02
-2.087928550541626876e-02
3.514236719435143846e-02
-6.633923961358763333e-02
3.403785876829471674e-02
5.443320220488521294e-03
-4.553514860064646064e-02
3.136101726333547640e-03
-7.115428782088065174e-02
-5.013330480698464237e-02
-3.832507249701747054e-02
-8.425456111619163135e-02
-3.271883990503102885e-03
2.863226007520787084e-02
-1.360040795809509644e-02
4.361724931402227029e-02
-6.797218331099352806e-02
-4.272315673409055742e-02
-9.414348047942507069e-03
-5.434598409097606692e-02
-6.618473182551053852e-03
-8.586221038915520243e-02
2.068926112088592326e-02
-6.085041868092548600e-02
3.269286482704209656e-02
9.793362237617257368e-03
4.870574723863066620e-03
-1.159549805399580011e-02
2.883831868605614412e-02
1.704916361113122808e-03
3.712173328448310772e-02
7.621739505401259676e-03
-1.394660818920907645e-02
-4.226410042000192796e-02
2.559877708234221949e-02
-3.361642209763052863e-02
1.620557298293307316e-02
-2.579849902159887104e-02
2.115724244313749516e-02
1.627455291260208100e-03
-1.310129052657914815e-02
3.525621329257513231e-02
-7.096741838884348952e-02
7.194602502360683549e-02
-3.836441931152178436e-02
-9.165109612329437648e-04
6.592323647881087080e-03
-8.063391557795028530e-03
-4.382453237152297149e-02
-3.400287006949728741e-02
-9.173820429453232589e-03
-3.696600676413398789e-02
-7.763703062911803641e-03
5.461884395629563148e-04
3.880233793550482563e-03
-4.825430995513986521e-02
5.821760471829342393e-02
-9.796451213175409733e-02
7.007847672845877313e-04
-9.141145620805689667e-03
4.018857494870253788e-02
-4.837944182847585262e-02
1.670437380637650529e-02
-4.704834224129921666e-02
7.551813523351530617e-03
1.878223070398374675e-02
-5.741762532530395036e-02
8.259013646383059348e-02
-5.679057168620790103e-02
-4.997251607014521757e-02
5.376950660361916323e-02
9.462521515732274374e-03
-7.172843574487486329e-02
-2.454787941048537214e-03
-1.230433275892272790e-02
-2.099963701518153814e-02
9.306279241382567347e-03
-6.169814730800037006e-02
-1.945013659972548610e-03
5.147039871092638080e-03
-3.752440448141829837e-02
2.859018740359479949e-02
-4.608920106039144510e-02
1.814264627423019943e-02
-3.905474746651387691e-02
-4.174915560123435010e-03
1.314601048184492124e-02
-6.646725597857763845e-02
1.016677796172541642e-02
3.513624092911890769e-03
-8.547133240769101692e-02
-2.602252222445577620e-02
-5.176588308987670195e-02
-1.202479298258663301e-02
3.786245244258029316e-03
-3.934639435590701895e-02
-1.969816603456529813e-02
-1.482482244402312174e-02
-2.102022561350050910e-03
-2.459949772022246989e-02
-5.136433042395734117e-02
-8.442022438763970016e-03
-1.195567847545316725e-02
-3.217506927625453372e-02
5.917822880911310923e-02
-5.944924624828148291e-02
-2.472600885234236059e-02
-2.793355828582979455e-02
4.074272388556993314e-03
8.154803685460600138e-03
1.412465897037641985e-02
-2.028328713133661573e-02
-2.626318477113041838e-02
-3.097510581812530986e-02
-2.793469456587358013e-03
-2.101612042851697809e-02
-6.804260637827039271e-02
-3.454187461395057807e-02
1.258990214910832642e-02
-8.555631532158466945e-02
1.289097313179679918e-02
-3.531175766635332586e-02
-4.796256884296846990e-02
3.447875902743025023e-02
-7.250895369657439637e-02
-3.243328727392098126e-02
-7.428697259708086365e-02
-3.633881510577741114e-02
-1.971779337201066268e-02
-5.624631472072665062e-02
-5.661785108527311872e-02
-5.001430476915848244e-02
-5.359128624647797878e-02
-1.071637407098535999e-01
-6.599532274616883021e-02
-8.103056963876797969e-02
-1.757380834053257068e-01
-9.244354560668366361e-02
-1.309282019324618518e-01
-1.049329555835057104e-01
-1.481809804596923574e-01
-1.335387588571592399e-01
-1.287289908865833221e-01
-3.949804113559590019e-02
-1.336811885198914696e-01
-5.073513608104005673e-02
-1.084862534578635296e-01
-4.417703024978697490e-02
-6.057055010047250609e-02
-6.060982282295303281e-02
-4.540904818809575472e-02
-4.517589725884827573e-02
-2.384313557423153179e-02
-1.764361973712665760e-02
-1.053528860859589272e-02
-9.313653800071519315e-03
-1.688190743112336079e-02
-2.193956412884342025e-02
-1.909385643784392711e-02
8.144432906553901452e-03
-7.718360300837403230e-03
-7.881577476360954876e-03
-1.160067604687606280e-02
6.003746271265083222e-03
6.273367792075754991e-03
-4.484587213322638322e-02
1.955546318008713480e-02
-6.920267996443628042e-03
-3.730179584682187521e-02
2.960064722310044513e-02
-3.010881158835439220e-02
-2.501419031209933461e-02
-2.304090654160203394e-02
-4.675338648252989719e-03
-2.422992919130817838e-02
-6.494753589438725071e-03
-3.666881258551680373e-02
4.996369387168452664e-02
-5.363669184337642448e-02
9.942836716293023194e-03
-5.124665861115812460e-02
-3.209758393139366256e-02
4.154033007460544019e-02
-6.188210339336891463e-02
-1.554192623053784810e-03
-2.075112647521785286e-02
4.472645136589159520e-02
-6.094375895099251456e-02
4.325553052825276829e-02
2.548277373286837039e-02
8.333028120104894049e-06
-1.485769341810687719e-02
-1.207413424864664173e-02
2.953861174321921815e-02
5.179772911461120143e-03
-5.653328475999208624e-02
1.964400241362776814e-02
-2.422423927159560869e-03
-3.904582041891300342e-02
2.235216857661648585e-02
1.236683113171525156e-02
-2.031102679725337729e-02
6.134895558431460033e-02
3.569643657200913429e-03
-5.659253713303093181e-03
-2.279942062756093804e-02
1.349960679164788693e-02
1.336591158465433131e-02
-1.613657896311131851e-02
6.368710304667141858e-03
-1.868531561062629180e-03
5.929163875682671656e-04
-9.756762792628138892e-02
-1.473169978664020004e-02
-3.908342253983951471e-03
-3.982013274140391336e-03
2.302796684099231786e-02
-8.377203636046637314e-02
7.442710333574507897e-02
-3.522343413629549363e-02
4.094272311929894170e-04
-2.781406184582871713e-03
-6.478941251221335962e-02
1.389569956034843699e-02
-1.162561383165164157e-02
-3.346296082191273918e-02
-4.191800581738712450e-02
-2.171109229284165498e-02
-3.379416709222640008e-02
4.889902508543435278e-02
-1.208318360117450335e-02
-2.724307745969446054e-02
1.811867413356781781e-02
1.382082769206540232e-02
-2.864730060894791347e-02
5.578232092673660741e-02
-2.887589317639752129e-02
4.961885251845259137e-02
-4.190114823758101653e-03
1.741464377887870507e-02
3.098871077586621420e-02
-3.259801626301147420e-02
8.755918581194517547e-03
-3.257888488396271098e-02
1.133022430226848960e-03
-9.802823184394609396e-03
-4.097462854484821074e-03
2.403394899740360705e-02
6.096641162841829470e-02
2.581431092379748299e-02
-1.054882935437623931e-02
6.020283894702029015e-03
2.681222317585027493e-02
9.801800143533670462e-02
1.340187708384748821e-01
1.398464795808141703e-01
1.562494448217897625e-01
1.827715945472172254e-01
2.092769379544931752e-01
2.368432424860197894e-01
2.135671101919433823e-01
2.506411070824285381e-01
6.073901872477453084e-02
1.212949229743155999e-01
7.388527249950546660e-02
9.980264574425340429e-02
3.014597160105227103e-02
1.098898624589295520e-01
6.287912041766725163e-03
5.480261134210220181e-02
4.116481881503400442e-02
-2.479180986275549350e-02
2.606932515793030508e-02
3.007267885466662766e-03
-1.881913256717132610e-02
-1.342771068027148393e-02
-1.178114777602286625e-02
4.262052043371192256e-02
-2.174582944778487639e-02
1.881626748479892086e-02
-2.753760510620467672e-02
-2.254512587541931609e-02
6.047438147722552365e-02
-2.022063328747500388e-02
1.101160633421091259e-02
-3.233575187618466240e-02
3.504487470120361964e-02
4.716089279188750809e-03
3.333571058246994484e-02
-5.042913019809955322e-02
6.115210699947737361e-02
-1.224097859354424458e-02
3.046363329277932547e-02
2.585631903639733220e-02
4.608334805220872660e-02
8.970300097642139661e-03
-1.385575053713851076e-02
9.006628966481973475e-03
2.100142212587295318e-02
6.376548277000831932e-02
-4.020276292977971455e-03
-3.652935097439146545e-02
7.001544801209046154e-02
3.577875946159797538e-02
3.009456178993787437e-02
-3.403686526345327257e-02
6.248720730189553235e-02
9.846455321214118289e-03
2.204976945034331504e-02
-1.080383674319748341e-02
4.338690797278407785e-02
-7.850940704406662862e-02
3.725870950898757528e-02
9.054306848779625216e-02
3.044187684497578344e-02
-2.385936951138552253e-02
1.001138487121028958e-02
7.402928990247287233e-02
4.192182613987708445e-02
-4.664554275595714922e-02
-5.743459447183554833e-02
5.371632662888150417e-02
-2.872680089609624260e-03
6.543843422244753627e-02
1.824402056396210586e-02
-3.771755355114306783e-03
1.610335977078112060e-03
3.024145251450081895e-02
3.543666174326559615e-02
7.298580567284733769e-03
2.517088932710030702e-02
-5.956102983394663541e-02
7.613718917484731639e-03
8.087886765019575153e-02
-1.844701819557912140e-02
1.812985231372652231e-02
-1.068524236199785635e-02
2.135397038437778644e-02
4.919238760004328304e-02
6.640913777145522612e-02
5.235184732294590609e-02
8.665753656656987464e-04
2.257577474492118361e-02
-3.272970619476917031e-02
3.399312540087816303e-02
4.914262615285566738e-02
2.983098305767721559e-02
-3.239432160627506163e-02
-2.178964217226296574e-02
9.381867087738676725e-02
6.745095122399402676e-03
-3.184545472508142419e-03
2.084276710955005468e-02
1.566614596390120129e-01
2.596857018443030421e-02
-8.090752331774256345e-02
4.078694877588065482e-02
5.247939634912640594e-02
6.975866859571082379e-02
-6.326698066202229853e-02
4.102519115466972399e-02
4.944921081071086688e-02
-4.438865265791514664e-02
6.962755289747944547e-03
9.388055180651870557e-02
8.881435882764537881e-02
-7.855162498987475206e-02
3.674626646922944662e-02
-1.456198139318416740e-02
3.033736374660350038e-02
5.965143431794373008e-02
9.693419300449566262e-03
1.597014785712070825e-02
7.723291309608158739e-02
-1.004714417729883347e-01
4.412000868997784098e-02
-1.320571081739418604e-02
-2.708529939485172441e-02
-1.871259984471481536e-02
4.602291695615586681e-02
-4.211871293717527054e-02
-1.644414841337101668e-02
4.950482051146857382e-02
-5.030526153799452782e-02
-5.687374675004741587e-02
6.064619462918630077e-02
-8.202873649500966313e-02
-1.575394630652919292e-01
-2.192410117452489593e-02
-7.872939957724528481e-02
2.999073808927212037e-02
-3.252311277090136343e-02
-1.541319798522942375e-01
-5.194854192898834544e-02
-6.816490444590218856e-02
-5.320662590961312138e-02
-5.113215360637315271e-02
-7.886031573194934863e-02
-4.324471843208298194e-03
3.337898684207828148e-02
-1.344333525638021498e-01
-7.277921262582046080e-02
-1.094058482360016210e-01
-1.413253964889820413e-01
-1.273059125661100133e-01
-2.102248418847856848e-01
-1.789406703600430193e-01
-1.147866222495101951e-01
-1.389174978193313537e-01
-1.573851713348316250e-01
-1.188406960016790970e-01
-3.188941730932231405e-02
-3.158663200425359391e-02
-5.607486073500841245e-02
2.471316115398076996e-02
-8.920062525792644970e-02
-3.830513332678065624e-02
-2.072325225613989505e-02
8.529636380363022491e-03
-6.800389908760660906e-02
-7.258808022755150469e-02
9.477538308731159322e-03
-2.222102455611202343e-02
3.926911630139977294e-02
-1.554859869587751908e-02
1.289384729626513737e-01
1.075682060576718668e-01
1.392795953289731603e-01
1.152162583893562714e-01
1.542186949939944596e-01
1.707771944802091157e-01
2.222580798357515208e-01
1.860280326421731578e-01
2.315836303946506858e-01
1.590977234447569222e-01
2.205043719653065337e-01
1.689151642012740318e-01
1.912592331290976500e-01
2.010412679733787622e-02
6.358071759172506665e-02
-1.128448337384441343e-02
5.083211013640834795e-03
1.762721045080151150e-02
1.112705063763877456e-02
7.789296572630260984e-02
1.157011178145701813e-02
4.320535972682365555e-02
2.972716829132115990e-02
4.678023580336729270e-02
2.507529708634305410e-02
5.802651407920141752e-02
3.207780965356168967e-02
2.953204774536731872e-02
1.736312635082303685e-02
5.935630931519182696e-02
-1.867851206947295992e-02
4.477079209010796645e-02
4.693592010527347647e-02
7.258588581035264886e-03
3.908008381339487386e-02
2.289670641998851203e-02
6.058938987703840762e-02
-3.283878030609383575e-02
-3.165481450916727939e-03
-1.102940220680729971e-01
-2.043466736263993000e-01
-2.167806197293531134e-01
-1.018785009029987698e-01
-1.326375418524258776e-01
-1.509624682098077153e-01
-1.314905646027548780e-01
-2.374498210875329862e-01
-1.531969953604598311e-01
-2.336143538140428855e-01
-1.551650345930019603e-01
-1.623009682781012541e-02
-1.912479509701858760e-03
-8.194818492200087179e-02
-8.938565183829377814e-03
4.045350168585228057e-02
-5.945921552993144871e-02
-3.553347482932785878e-02
-8.632344576190062457e-02
-5.294381680257502498e-02
-6.569439127835533659e-03
-7.509094302187917236e-02
-2.552803558652615157e-02
-5.917750967737445827e-02
1.374065751134295743e-01
1.024187008862272735e-01
6.243327479910639605e-02
-1.426993028814178485e-02
-6.341788876555158605e-02
-1.326476430296272824e-01
-2.592064774507125691e-01
-1.768331082143887456e-01
-1.399622473335276063e-01
-1.479542707557527370e-01
-1.665707964985446154e-01
-1.286913312584436475e-01
-1.502119779594742743e-01
-1.191822823176842822e-01
-2.085406856514757934e-01
-9.142853305066986347e-02
-1.869579428735147764e-01
-2.498307228874962205e-01
-1.840947665776911379e-01
-9.625802320085494190e-02
-2.955104558200548001e-02
-4.824683358255267562e-02
