-2.947901043186157422e-01
-2.526110570773045794e-01
-1.749207826406838640e-01
-5.207035156571363649e-02
-5.533461341009872358e-02
-5.406016633916205238e-02
-1.040317654611525588e-01
1.533815227870527487e-02
-5.863631423460343578e-02
6.358564631777881282e-02
-2.418026990689624636e-02
-8.404289880857580830e-02
-1.089905174610434624e-01
1.426760101259218032e-02
4.851350530652655951e-02
-5.571542501537710829e-02
-3.920889098173666737e-02
-1.038625365386364602e-01
3.350130396679178169e-02
1.217218524754903539e-02
3.840530407386104350e-02
-3.897929742077749227e-02
-1.982059848041999722e-02
2.344788777958897383e-02
-4.905222423171189811e-02
-1.984480881574321454e-01
-2.453344312763063306e-01
-1.174999405078185344e-01
-4.328914005116960007e-02
-1.812204713141777820e-02
1.247853267576234243e-02
-1.538961465065483841e-02
-1.039908654484815800e-02
-4.617236217654403091e-02
-8.283546013842417455e-02
-7.640356955769989078e-02
-3.287467622823775359e-02
5.507607445272469371e-03
-1.647063696028337049e-02
-3.960568979979088577e-02
4.595160718207797618e-02
2.214782246398116702e-02
-5.531026979216554368e-02
-2.467498832669912448e-02
-5.800391397158938256e-02
1.548552724966869611e-02
-4.860444823206056669e-02
-2.292433364781193694e-01
-8.013431381175153967e-02
-6.863838633924065902e-02
-2.286965606366886047e-02
1.845369492625360472e-02
-2.443671095418768410e-02
5.376211980436828436e-02
1.213214243482711452e-01
7.035975978794007518e-03
1.154804292423318446e-01
-3.691363797240469757e-02
1.483112881820089213e-01
1.519233946339898222e-01
-1.139257678736119578e-01
3.115226876956007224e-02
-1.197399098085376442e-03
-1.183287517905411562e-01
-6.162638762896140154e-02
-6.835040126025303253e-02
-1.144661390722926352e-02
-3.147740926885768398e-02
-4.558297794828315708e-02
-2.630821797997116070e-03
-8.940159233982388626e-03
-7.676296166884896514e-03
-5.378898565458564013e-02
-2.690114276088293246e-03
5.448670234176238719e-02
-7.368271653419226908e-02
1.024204201369741940e-01
2.351833632240807673e-03
-2.023907575365686828e-02
-5.556229716112598416e-02
-7.265253266050569758e-02
2.619296905303209258e-02
-2.018876265547806317e-02
5.848879169546256085e-02
7.740104343441235775e-03
-3.802349802349344610e-02
3.956899409374093485e-02
-3.165717740746917114e-02
-1.497503697990483669e-02
-1.079331109352800744e-01
-1.290948806191584072e-02
1.315042599092139664e-01
-2.625620142886184519e-02
-2.971685092084893915e-03
7.392393726969000156e-02
-5.423628129112739726e-02
-9.642385399862350714e-02
7.826560708214622131e-02
-7.113457204957505942e-02
-1.002484669301002135e-01
-3.857702524195560922e-02
1.554570487306970727e-01
-5.979125193869972571e-02
-6.421412886241750599e-03
-2.688348884205980782e-02
-2.176090570917549229e-03
-8.420353930139500009e-02
5.394048257069211649e-03
3.313694767937240548e-02
-1.294954684388253778e-02
1.948894745927253272e-02
-4.473236025750159522e-02
-5.257863622184244003e-03
-6.379047553106066692e-02
9.456264103730316339e-02
-6.893183809778594129e-02
1.270628638140527782e-02
1.396479880531810783e-02
1.844120932406075400e-02
2.872761548251478309e-02
-1.565166898803443604e-02
1.363198780214879280e-01
-3.097567989030788199e-02
-3.229188636688271052e-02
-5.940638140075537449e-02
1.036506754333977320e-01
1.227223861078530470e-03
1.716463265236881086e-02
3.911524238330067911e-03
1.967351170305608674e-02
8.045239977346507754e-02
2.070146897548923864e-02
-2.347368636570829753e-03
-2.523492547119647773e-03
3.840379364734670519e-03
1.168542484514365626e-01
3.509421327278899189e-02
-3.113712785239620279e-02
4.008186067242385658e-02
3.360115708197196349e-02
3.933767470911076619e-02
5.789128733045061440e-03
7.540517081376178765e-02
-1.588571236247153864e-02
-6.597393540568312342e-03
2.442514244569487028e-02
-3.899623048894797217e-02
2.029423299195438901e-02
5.854177098657296213e-02
-1.726202775343509046e-03
-2.145000606338137369e-02
3.921657886539432064e-02
1.536181327514004984e-02
-4.093015776788414689e-02
8.671220112098532162e-03
-3.668617369829974689e-02
6.280565387190044369e-02
1.320839710061053329e-01
-1.153748915199229001e-02
2.274612915043917882e-02
1.528840080751366071e-02
7.946375111032152883e-02
-2.588061235791030978e-02
-1.349122855765914723e-02
-7.505120897905000199e-02
-9.575003268685787494e-02
-4.856020643958345456e-02
-1.398340638994481112e-02
-3.026956835023771400e-02
-4.741484958525014892e-02
1.261771004888054271e-02
5.814540630643281333e-02
2.182315521886349884e-03
-5.573647020241438016e-02
6.009883550262851842e-02
2.999679396752675392e-02
1.451185265913428925e-02
4.995455954461077569e-02
-9.209973335041095333e-02
2.110476813249918468e-02
9.460676049881082406e-02
-1.012134836222033062e-02
1.121587125153774081e-02
1.884257572270178413e-02
1.035857448835675321e-02
-1.082481144532828343e-01
-4.070323850118289649e-02
4.655165797650077930e-02
1.490777330054977260e-03
-4.018786096753851345e-02
1.989531150599457843e-02
-9.855254125488894373e-03
-2.457946552613476596e-02
1.355730201458197060e-01
-3.517986397641961055e-02
-8.851961768322073876e-02
5.381460912327538926e-02
1.632291752121709794e-01
1.011214307928116375e-02
6.989271815008415989e-02
9.915178794105634907e-02
-1.762218323799732145e-01
-4.672367792554314031e-02
-4.217616049657860883e-02
-3.355410735718095117e-02
-3.193472710706612289e-02
-8.925349345171944282e-02
1.714587439622137777e-01
2.041488520909249746e-02
3.489975692170491778e-02
1.074681457572840108e-02
6.530010894848220504e-02
-4.303405772502143234e-02
-3.256054078850090239e-02
-9.267733083967946706e-02
1.607551361187561575e-02
2.903748714024264113e-02
4.149519662864784714e-02
-7.853475820713458344e-02
2.717676715871845602e-02
6.921758302633526649e-02
-3.371575796364487728e-03
-7.654872737909598768e-02
-8.916210823924179685e-03
1.499576076460073550e-02
1.600592966402937870e-02
7.513307994168248738e-02
4.766960277553907582e-02
-1.665162661795724364e-02
-2.896586196684877712e-02
6.004667309424325389e-02
-3.107802876018359028e-02
-1.776073820287264043e-02
6.881121133803466683e-02
-3.388364416083106817e-02
2.998148288580852056e-02
3.296723473475395710e-02
2.877804062327144960e-02
-3.900140539218319852e-02
5.608081406324064849e-02
3.548923307868478982e-02
-6.283953506259748467e-02
-6.436034984514106549e-02
-2.268582960805382194e-03
-3.108815673534518972e-02
-1.339924721092634052e-01
-1.663514762714710937e-01
3.642337147662005198e-02
-4.394547501950528401e-02
6.232049518290583290e-02
8.284450197651897774e-02
3.439636994196840908e-02
-2.426305176300217262e-02
-1.534252929050587688e-01
6.752422056968439279e-02
-1.246935104810834305e-01
2.934672062794787400e-02
1.027517497249741223e-02
-1.114034630561417868e-02
5.378014439888711799e-03
4.063280339178346884e-02
1.445331451540008208e-02
8.921116531231783331e-02
-2.063976813076052325e-02
4.101619595180799188e-02
-1.221936161763222638e-02
-8.618032977393520755e-02
-3.330669074663461515e-02
-2.778805085500810068e-02
1.287607431226559240e-01
-3.840640878456098167e-02
4.528635868844274603e-02
-4.058669171892272803e-02
3.087956311728356357e-02
3.661206111250803891e-02
2.823968003241069790e-04
-3.570443441748341606e-02
1.400660352994375496e-02
-4.057949281834712790e-02
3.093671945349952060e-02
-1.433886114068538310e-02
-1.422809694163324271e-02
2.119773988164548248e-02
1.729529693657838596e-02
-1.417052292538225830e-02
-9.455772531754729968e-03
-1.768438583505876644e-03
-3.977414489765106892e-02
-1.107128336509252166e-02
5.254605675364266981e-02
-1.503905271194786071e-02
-5.955093141514039567e-02
-5.715831474779519555e-02
1.164694108248067600e-02
1.060651627623389673e-02
-4.829623393283109106e-02
-6.776414334743587065e-02
1.220382361462402920e-01
-3.015372652440576409e-02
1.267057443172930203e-02
2.013020728109638988e-02
3.337705838819401971e-02
4.670381029704789161e-02
6.015713423939193089e-02
-1.000049707911629948e-01
2.685575625865384980e-02
2.712875233260510568e-02
2.581340600378262407e-02
-1.101184415686885243e-01
1.080336528146429165e-01
1.265541394701955313e-01
-6.037759089415266345e-02
-9.550123368616088293e-02
9.742353384229274216e-02
7.401740094475857401e-02
-1.535161217485944696e-01
4.269546632095908012e-02
-5.142336254936599738e-02
8.613484105466412757e-03
-6.583339062178393541e-02
2.709458682150374040e-02
3.388338614464795305e-03
-4.265240174174921017e-02
-2.301284571248450941e-02
2.600813991553280885e-02
6.327469118393604097e-02
-5.332383270389254998e-02
4.347115747129169649e-02
-8.769655784198875439e-03
1.727633537157731436e-02
-2.084461643071026677e-03
-2.298159513117178226e-02
1.129353813084216576e-02
7.260253190134860479e-02
-9.685526766007273962e-04
-1.353107880998286570e-02
1.258809504564207399e-02
-9.277265052880678819e-03
-3.240725191960922165e-04
3.153823134741050305e-02
-5.890698598262228414e-02
-4.750744224369603946e-02
3.528870303541161574e-02
-5.046888990700230948e-02
-6.021950950786573477e-03
4.792685608709131712e-02
3.285975431144556869e-02
9.624286540747327423e-02
-8.015535157573973335e-02
1.360053833838920645e-01
-3.159052742150025156e-02
-1.211477729441592793e-01
-3.986480376600830960e-02
5.004283488258232798e-02
3.540086782819795025e-02
2.068137151356421594e-02
-3.870072408347040999e-02
-7.181688006863772011e-02
9.287158933935588112e-02
-3.632186962566635868e-02
-3.201191716625848005e-02
5.474799673819051582e-02
-9.168620852272960087e-02
6.441715030600092540e-02
1.152834750001002911e-01
1.453442155689925464e-01
4.543043001544377207e-02
-7.241902210431076792e-02
5.152482811992389888e-03
2.770930500136162267e-02
-9.959179744583674526e-03
-1.239051636924184824e-01
-1.314470840905151983e-01
-1.031511612450738274e-01
-8.047122519599191059e-02
6.052699402869247958e-02
-4.317262672379210131e-02
-4.608641027178805860e-02
-8.740296383349350356e-03
2.120146990960233499e-02
-3.892383846826069031e-03
-2.996022102975001017e-02
-9.793978963993511810e-02
4.062141500822637891e-02
1.040986462911083765e-02
-8.175412045812265396e-03
6.777517686605863401e-02
2.627680934863863699e-02
6.383646660301103837e-02
2.260613080604849043e-02
-7.122912039031802089e-02
1.093414502085119783e-01
1.378258221895308595e-03
5.038426435469132991e-02
-5.949445339446864794e-02
4.919051778568288291e-02
-6.008734089647747509e-03
2.982448766773768828e-02
-7.725352799281734462e-02
5.706613240298050171e-02
-3.832725645184228980e-02
-3.431088837239607003e-02
1.568487858524974035e-02
-2.396202499118391463e-02
-1.154532397463806093e-02
-8.199341824733041850e-02
3.712622054069038974e-02
2.351128201737167495e-02
1.757803289358825516e-01
1.035932058756922763e-01
2.372373753323344520e-02
1.653515142884799671e-01
-3.553294570802453811e-02
8.700340099274413153e-02
-4.365858288294948569e-02
1.083044820038421008e-01
2.285974920137617272e-01
1.889885532108094846e-01
1.032611280375141521e-01
-1.773207202251315673e-01
-1.928720619451058660e-01
-1.555366440302915210e-01
-1.654536524967383437e-03
1.312067699907370488e-01
2.307515151845166423e-01
2.842232997267659100e-01
-7.213125142079598873e-03
-3.204208964515283670e-02
-8.933129022705716960e-01
-5.742685809026112365e-01
-1.072441419910575011e-01
5.394204784693280852e-02
-3.859172944254348203e-01
1.642184168121651744e-01
6.920222854332096218e-02
-3.772375423487928873e-03
9.735287759092355053e-02
-1.210395972236963423e-03
3.281869844629308960e-03
-3.723118377202195434e-02
-3.793019451333737302e-02
1.889401025399377321e-02
2.033588880661874043e-02
-6.036193546056297862e-03
6.022252956714467531e-02
8.869708531325390388e-03
-3.895126169472747785e-02
7.642844205046735173e-02
7.643878308996174265e-02
1.135559902371196944e-01
3.850424084551891390e-02
1.949306122685843731e-02
-7.441464001163514011e-04
6.041801427482070691e-02
4.859273328216211587e-04
2.964271940280395479e-02
-5.115632968571997424e-02
-3.377416127760177189e-02
-3.209070952120858522e-02
8.000096539151993827e-03
4.515225262711038351e-05
4.191520942350643320e-02
-1.682420349400754259e-02
1.135879756183167961e-03
-3.787977336050209892e-02
1.872904278990789040e-02
4.905601671073936410e-02
1.839767227525270638e-02
6.517193523793264609e-02
-8.224704906040679331e-02
5.332436034193250088e-03
-2.873388544051861185e-02
1.786041646232474842e-02
-5.886160441349125305e-02
1.484500975313272388e-02
-1.888051832451804676e-02
3.859420029662530283e-02
-2.823201764585096807e-02
-2.443792448760619823e-02
-8.607348453483408546e-02
-1.191956674624511207e-02
-2.819656606106958271e-02
1.573949561577204018e-02
8.791087727502998328e-02
-1.453281403140409440e-02
-3.045257676728531024e-02
3.837226146319733938e-02
9.090058074163059887e-02
-4.572883140655092243e-02
5.354851744470003755e-02
-5.705619080746664185e-02
2.246212649057822280e-03
-9.950090917211208003e-03
-2.819055888769649021e-03
-6.220181620818998613e-02
6.000075522610048839e-02
1.166862525533551159e-02
-6.562907846608333207e-02
6.613117948408089863e-03
-7.779988963023762305e-02
6.204093753145466239e-02
-5.822163235454897584e-02
7.884457846854518032e-03
3.473906113409595126e-02
4.727680640191236905e-02
-4.339244024823040585e-02
9.787073198606553726e-02
-2.914599343418418365e-02
-2.656824721069634548e-02
2.804541169438612772e-02
4.802035587610484907e-02
-4.544260705335165934e-02
7.646804861912749607e-02
-1.511560808323690608e-02
8.904544808375462403e-03
1.669864115994002668e-02
2.102037829800074142e-02
-7.678463264859051313e-03
5.325223298148678425e-02
3.306193828216615060e-02
1.361560139007266489e-02
7.405695567844853069e-03
6.676058774273116447e-02
-4.789255051766140581e-02
8.053945751199591968e-03
7.166096911752692497e-04
-6.982291170497724464e-02
3.106020947022690784e-02
1.481687198851539267e-01
-2.010671215693124805e-02
9.973584706843466319e-02
8.482435852784052377e-02
2.768216614373097267e-02
3.474165392824205695e-02
6.906367838426834271e-02
-9.897666554590904553e-02
-6.869182521853486878e-02
3.306137595577872659e-06
5.198576275992206064e-02
1.060235124008591379e-01
1.464298173640060097e-01
3.884249450780699608e-02
2.066892716069961694e-02
2.384225178308017890e-02
1.076512901265513737e-02
1.085193105016424575e-01
6.915377345388773467e-02
-5.566280419734401241e-02
7.221027559266901541e-02
5.177014393311455548e-02
-5.448679688185484316e-02
5.825606602928180833e-02
-8.119423525102115180e-02
5.676361054024595121e-03
2.228028711848327112e-02
1.319594350456211075e-02
-1.266784521769937985e-02
-2.256847603779712358e-02
-4.027845343810356610e-02
5.754363817878144910e-02
-1.790848984033809876e-01
-1.606337197167033784e-02
4.082360251505087190e-01
-9.180928606644141177e-02
-4.049561542978075135e-01
1.064445486906984567e-01
6.241609653176570793e-01
7.778504970613832337e-02
1.405466778060628641e-01
-6.652100713708714030e-02
-3.060419868306671343e-01
-2.168594422234887131e-01
-6.728750159919869578e-01
-3.873871395439915100e-01
-7.517129521650960100e-02
-3.201882382967902729e-01
-4.689590194150576596e-02
-1.759016703681457600e-02
-4.429653624570768777e-02
-2.811233684215977066e-02
4.545844924775276075e-02
-3.732793821077594332e-02
8.703167109829405834e-02
-1.009971877535866119e-01
-3.952980104707848330e-02
9.433139780070822281e-03
4.855239195162387722e-02
-3.980002741655951082e-02
5.944416010277502049e-03
4.685502225339958221e-02
6.336558624327044698e-02
1.489087155357332326e-01
1.327850826040976283e-02
6.331166222726376802e-02
1.442110191744636893e-01
1.236842723822339368e-01
1.424014988783766644e-01
1.037284334597948637e-01
-4.645907126225342493e-02
5.510511664105353924e-02
5.907652481804689937e-02
-5.066966454462807886e-04
-9.359440326042793579e-02
-6.862054073831701240e-02
-2.929158138399408709e-02
2.842264791969177640e-02
-5.079293305277608750e-02
1.411659168111715490e-01
5.541780834232190589e-02
1.716885004767885331e-02
3.976953402659323678e-02
-4.228064552321377650e-02
1.534991065700774260e-01
3.254999519257020801e-02
-2.156373619955355425e-02
-1.863871729343564154e-01
9.787722177399077461e-02
1.585392432910915153e-02
5.308900431358371669e-02
1.100120013463422308e-01
-2.193116297734590270e-02
4.464766191282954974e-03
-7.908392253675966543e-02
1.803993880951015177e-02
-1.183703143784104253e-02
-3.504585333223316640e-02
-1.987932089903523061e-02
5.285833159575569103e-03
-1.690774618500332296e-02
-1.403141508286476170e-03
6.452319310543622047e-04
-2.113323666299051287e-02
-2.486203737358519059e-02
6.185459459718446046e-02
-1.127018604742540189e-02
7.073014800491427131e-04
-8.923291672309581479e-02
2.446856813134033748e-02
-1.377733302063789515e-02
-7.084045275668890418e-02
6.552155701853321079e-02
-1.967863814684639445e-02
2.570518993451761242e-02
9.832143355536147877e-02
8.812202190595213105e-03
5.285549008028126577e-02
-5.819990583910909093e-02
-1.403420836104877500e-01
-6.581609215465504537e-02
-1.097772010909321971e-01
1.867270035022148417e-02
-1.130125748639451977e-01
3.697550248630072228e-02
2.951464611940701407e-02
5.521550910811631047e-02
6.114152548752033872e-02
6.173022080246661630e-02
-3.654879916469427458e-03
-8.647069323596920376e-03
-2.772207392742887661e-02
-2.999975417406131398e-02
-1.071562932293266971e-03
5.581661013026687629e-02
7.959988929878339392e-02
-4.206067656885894429e-02
3.505723757576921420e-03
4.890804410756518367e-02
-2.088262057989415804e-03
1.064858962996881840e-02
1.210719189464438128e-01
1.971762188908145544e-02
-1.824409830362436480e-01
-3.457217667767970015e-02
-1.194305352811388665e-01
-7.482665995539158378e-03
5.878972538122713420e-02
-3.725905944647726203e-02
-2.981700559020413269e-02
1.203637323957202666e-02
-4.268940822383592709e-02
-1.618934623612252590e-03
2.314671672296871735e-02
-1.897996450181527184e-02
-2.606523770235825554e-03
-7.544969199024625928e-02
8.388698499017667454e-02
4.688982036361247913e-02
7.249949367944608092e-02
-2.467789005364549315e-01
-8.883466061888320442e-02
-3.466016449179815800e-02
1.668667373030457632e-02
1.678408864097861303e-02
9.435089780240102364e-02
-3.490653121865908148e-02
3.131092665591207747e-02
-1.935804403622803233e-02
3.716991562640251101e-02
7.037804723690237185e-02
-1.321325494987976405e-02
-9.426900487791634031e-02
-3.800811816082989847e-02
3.769451192873563700e-02
4.981427704955586344e-02
1.073765226036619419e-01
-1.587826652510282432e-01
-4.994230582264896912e-02
1.383663191354948252e-01
-2.118534783203933000e-02
2.177406379723810168e-02
-1.237328951176699943e-01
-4.075327718698673607e-02
4.770389587127158576e-02
-5.395656780742739966e-02
-2.080071946986807377e-02
-4.924660768470239675e-02
4.445749987326672037e-02
2.797299338302688954e-02
2.106626000262265368e-03
-4.037193188746055622e-02
-5.325379399757116522e-02
9.060724461663138829e-02
9.648716371121486557e-02
-1.496721833136169799e-01
-5.632253706838517143e-02
-4.604505933856032382e-04
7.076836951495693584e-02
9.181874940429120280e-02
4.018950315184498245e-02
-3.825587251117020058e-03
-5.926121183981855611e-02
3.671589990243717683e-02
-4.459276932491580692e-02
-1.501176116989068679e-02
1.109276663920159486e-02
-2.792409360294359141e-02
-1.340697957187371621e-02
-5.868216163657967444e-02
1.338545853977756231e-02
1.008362794496246440e-01
6.342643753633891990e-02
-1.980483438932421989e-03
7.816743315522277358e-02
-1.138936595835163962e-01
-1.006342588350859629e-01
-5.073504223923868545e-02
8.765522668101058401e-02
1.476592629001911017e-01
3.993631667350267672e-02
-8.656433535750235331e-02
-2.191065898039679799e-02
8.607443352099506881e-03
-5.542946655908805031e-02
4.797899230238518442e-02
-1.679906524740075457e-02
2.546906450708899192e-02
7.061710964571962790e-02
4.578734395234867333e-02
1.577691590568833235e-02
-5.373741026734139142e-02
1.999181763670185852e-01
6.037183423246193954e-03
-5.052552429941008227e-02
-5.229488796424424518e-02
2.505792508302914223e-01
2.962688479066667990e-01
6.736903372320568462e-02
6.461116477941791780e-02
5.156238603499336409e-02
3.966947641040207695e-01
2.901087263900701818e-01
-2.007256158147392722e-02
1.412817818272492885e-02
1.797022447652275590e-01
2.366996490663482444e-01
1.359143047696930173e-01
1.532798826391890967e-01
9.289821887707865045e-02
1.022145051494727230e-01
1.272893559211352721e-01
1.035899864930430181e-01
2.558869047015815273e-02
1.701705849204773399e-02
1.589414389384293524e-01
-6.129030612462731814e-02
2.026708298823514387e-01
-1.566298797559527792e-02
3.022545896035786286e-02
2.154911792607744347e-02
5.027725003614484656e-02
8.004956020713882570e-02
7.689958028383252209e-02
-8.804027879910096555e-02
-1.234071402427768388e-01
4.357249976126181291e-03
6.611560880014355490e-02
-2.034231033936246061e-02
-1.187628033866958838e-01
-5.732894627517353715e-03
5.097284092032045022e-02
-1.785896437958029714e-01
-1.626222398227310795e-01
-3.240859051136679020e-02
1.991619492149826129e-02
1.309735992980995932e-02
-1.069590957022645422e-01
-1.009509832149327740e-01
-1.237754716271045885e-01
-8.798165988305082022e-03
-2.365662881196997636e-01
-3.344628458101662205e-01
4.841954100185423548e-02
-1.741837572507868859e-01
-2.590090309876074692e-01
3.267168330326838347e-03
2.013902438593193067e-02
9.141837190407381365e-04
-3.643441436742581585e-01
-1.050410699280136112e-01
-6.223681440990827193e-03
-7.774563343602858279e-02
-2.438092432360162432e-01
-1.077773931265279123e-01
-1.110097901330765746e-01
-2.593698006086592178e-02
-4.039633487052158300e-01
-1.587506634029751951e-01
2.176066820089644221e-02
-1.068561655076576133e-01
-2.619636191549065685e-01
-2.443968717860114104e-01
-7.016217235333857549e-02
-5.161146419409733815e-02
-2.400582913891510517e-01
1.326576362245865393e-02
-3.753373586086072855e-02
-9.352625775588248314e-02
-2.306236569101486333e-01
-7.601383848106670060e-02
-1.180880017362345435e-01
-5.734446439450674449e-02
-2.070685897502916040e-01
-2.968203418002912305e-02
-3.567759991417075033e-02
-1.588840397120378500e-01
-2.701835068164364362e-01
-2.396696965087108042e-02
9.020334152457698540e-02
-5.181717387584557771e-02
-1.262825357597414933e-01
-6.341156341409218133e-02
-1.581676040113290686e-03
-3.557265535334631218e-02
-1.401370438600206825e-01
-7.138013546322716230e-02
-9.106820869760708093e-02
-1.147021032092208036e-02
-1.518540951098698057e-02
4.408339331293111701e-02
-5.080431416666131988e-02
-6.540047116366387234e-03
5.973973596618616100e-02
1.804788667518958389e-02
8.881683664880982154e-02
-8.457915534677933587e-05
6.574492229923263598e-02
-1.014812984210247682e-02
-4.806557075698638694e-03
3.589771734639318063e-02
7.792598385282287210e-02
6.723418135524020234e-02
3.506702823008928799e-02
-1.110920504930375391e-01
4.665798242359613796e-02
2.295843678243053923e-02
1.639702662671370034e-02
1.664836521935304271e-03
7.154726769735185454e-02
4.727060505110806422e-03
3.362361925187705436e-02
2.347483012922127119e-02
7.283531258524970908e-02
7.833341528098869064e-03
6.444726535577998197e-03
1.272924594321126531e-03
4.315666030888847676e-02
7.472471189753622511e-02
2.029607296726675669e-01
1.927685330979895806e-01
1.873008224458369286e-01
2.013329748650583284e-01
1.843331528597175195e-01
1.965540361490265842e-01
1.447877711155339808e-01
7.534633182495717452e-02
-8.335699798511991832e-02
-1.554796808449193657e-02
-1.786071186288916424e-02
5.454058979498149079e-02
1.582936789402759892e-01
1.619870287338203707e-01
1.254669668817013917e-01
3.314369639054203787e-01
1.821384550761123711e-01
1.678991469649263324e-01
-2.438271364340984237e-01
1.278254728697703624e-01
1.575249071346235263e-02
3.906730252128240780e-03
-3.734202728939550187e-01
-4.001587646424887290e-01
4.114020781982121594e-02
1.768773076877799277e-01
-5.192101285160935498e-02
-1.270995065535533153e-01
1.018102881742964233e-01
6.393293115490025769e-02
-7.620787089623923261e-02
4.358197519555938315e-02
-7.333087803598566101e-02
2.590632188474794803e-02
-3.711113406950217186e-02
-3.034788975339628436e-01
3.694922173325780601e-02
3.118525256835874213e-02
8.010147673882885011e-02
6.023665167891018718e-02
4.661105782808507708e-02
3.555223320243794394e-02
6.419715290491664894e-02
3.110202867273553773e-02
2.188030802665801855e-01
4.470401108935322804e-02
-2.431241602294229032e-02
-1.329923335289773245e-01
6.709736859589057051e-03
6.491710863063537840e-02
-1.117951444356181379e-02
-1.381525051367051699e-02
2.121930813568641272e-02
4.651320358573683353e-03
1.285156461622766720e-02
5.866065005545668259e-02
9.755302595140287079e-04
-3.061518224568583746e-02
-5.228376798450456303e-02
3.096093920278729025e-02
3.216338606277496098e-02
-2.241908104536585733e-02
-7.499760885233877628e-02
-2.483253173428287205e-02
8.812626762614861331e-02
-5.143117995403804349e-02
6.444751221509675831e-02
-7.235746677552962192e-02
-3.485432044447712985e-02
-2.946601794930603369e-02
4.030656497681705391e-02
-3.376052207048061554e-02
4.856199268554525078e-02
-9.057164081885333076e-03
2.691177921931824178e-03
-3.049866746320169589e-02
8.770937755045147416e-03
-2.505108884140111805e-02
7.062942842648166353e-02
-6.168276763140068814e-02
-7.206302208340985282e-02
1.058277425621596268e-01
-1.656654217755619118e-03
-6.522586768245763368e-03
1.531358985331520046e-02
2.929588716107740104e-02
1.788857156594194503e-02
-2.866905182041881456e-03
2.762661935445311079e-02
-2.390059267191238512e-02
7.422669767087715365e-02
4.189890285447903095e-02
2.929071723802238736e-02
2.877365367199514329e-02
8.168029939290810670e-02
-3.800104562403850555e-02
4.019273981896972874e-03
3.738182730692242439e-02
1.213634485626139542e-01
8.937169920337587406e-03
-9.728944271112251185e-02
5.612251505578703947e-02
2.992616947625316090e-02
-9.098093450622583844e-02
5.890373644158137384e-02
-4.335589535401471184e-02
-1.519868265554236708e-01
6.566358563945622062e-02
6.955088484482752076e-02
2.461486875566398225e-01
3.215565635831079128e-01
4.610027759636715072e-01
-7.741379390237318470e-02
1.509125767501791615e-01
-1.307090512718091513e-01
1.755882541370265559e-01
-1.327033274403819074e-01
3.684345757140413541e-02
-1.502726100557343902e-01
1.329858578884791226e-02
-4.249532150486224485e-02
9.073600321867562879e-02
3.235109885905716742e-02
2.123598358944127351e-02
6.878265298389009408e-02
6.799370434128090834e-02
-2.592910112680557599e-02
-3.547393314444820533e-01
-2.714915175471590558e-01
2.031837433688847908e-02
-2.656163396104923025e-01
-3.893586933433415553e-01
-5.324373557975090737e-02
1.842309903052103889e-02
5.224993931632171407e-02
-1.591550155700925950e-01
-1.058197415060528057e-01
2.069365086357462594e-02
-4.556267324219610143e-02
-1.454520043301641037e-02
1.069284898449057164e-01
1.731617454522022259e-01
1.952986710025417516e-01
1.043762191487036112e-01
1.171687926557707926e-01
1.445175840889957319e-01
9.882632819326771234e-02
6.825707423643584404e-02
1.268703386796990740e-01
1.809420493460359436e-01
7.039738790532305834e-02
4.368426404937190283e-02
8.344468544527743059e-02
-7.005799953588163348e-03
1.282637777181418193e-01
2.097695271695055319e-01
6.754359662324807556e-02
8.036932404713421907e-02
1.758469515807481801e-02
1.808381606706271211e-02
-6.729150740861246371e-02
-1.167267438677462715e-01
-1.987814733367738729e-01
-6.073686839453123348e-02
1.056675942620506764e-01
-2.221591162627265317e-02
-1.633922662991340591e-01
-2.095780247819443443e-01
-1.210489743355952358e-01
7.623372623697746708e-02
-3.692643896189487518e-02
-4.597544689298729836e-02
-6.724735754122680882e-03
6.573083579048598531e-03
-1.605708330492905955e-01
-5.853236376734083368e-02
-4.599637710036638683e-02
-5.453628153720314897e-02
-5.675287386466348200e-02
-7.579774460255372937e-02
2.528019178528961852e-02
-2.191392277773502456e-02
-1.082548098993437735e-01
-6.169269496119218071e-02
4.551562362246379390e-02
-4.632294702511811219e-02
-1.628200449268483313e-02
-1.077339153806842684e-02
-1.707633536168416677e-02
-1.226774136077273328e-02
-1.037244926540477515e-02
-2.700185351593141145e-02
-2.442319466118641341e-02
-2.705917788063732371e-02
-1.209201845403831341e-02
-4.282591271846947212e-02
5.802416991033194221e-02
2.294438132881230098e-03
-2.952533635059678349e-02
-2.080959376108489425e-02
4.351929097034955979e-02
-3.216761157832383200e-02
9.041453609573087136e-02
-1.869521643742939887e-02
3.666594257315046457e-03
-9.156370533545571400e-02
-5.222868852184509719e-02
2.597316136911857753e-02
-2.201208967921223711e-02
-9.574553453246516244e-03
5.217770036180885418e-02
-5.435332710377301091e-02
-9.215202118211929250e-02
-2.907627416011828239e-02
3.738373941326832844e-02
-2.472106592312443493e-02
1.250096878967518581e-02
-2.463701873558775662e-03
-1.373688908597872150e-03
2.063127579329636016e-03
-3.515632990116078493e-02
4.250953702152501963e-03
5.270711888071213935e-02
-7.402196709651213957e-02
4.748084082765949981e-02
-6.782146275352828046e-02
-5.807724763386391820e-02
-1.370321128476348627e-01
-4.163420486022401806e-02
-2.663382853864808969e-02
3.247606246394381391e-02
1.466971035300923282e-03
-2.095053820663699690e-02
-2.972647981711785264e-02
-1.570246468578606960e-02
-6.849362998910858702e-02
-1.398668085710958256e-02
3.767756933083551973e-02
-1.736416367504759958e-02
6.592208579843460148e-02
7.609666804944387360e-03
7.372732734875903082e-02
8.055601442997041561e-02
6.901582155259246287e-02
-9.542639637171378142e-02
5.715000983172553034e-02
5.021153499290643279e-02
-1.307319390863560457e-02
-4.437185620820623816e-02
-4.919162401698054521e-02
1.913963368806324145e-02
6.466955703439695308e-03
1.265855477876327850e-02
8.421616474410449638e-02
-7.039837783500978163e-02
4.013880034961606752e-02
1.215727061380375042e-02
-1.662561113341563118e-02
-2.929827510210227318e-02
4.310819536122284523e-02
-1.668100585953645118e-02
-6.134920971976026011e-03
3.227596498914943324e-02
3.571755358528688057e-02
6.312218970642168026e-02
-5.681349236798213104e-02
1.060717547929502201e-02
4.465825950164408614e-02
4.609171449984940383e-02
1.359090759921383930e-02
3.932894271330972941e-02
5.538615816540690823e-02
5.584634493476465372e-02
1.593849016593924459e-02
7.236388637034442406e-02
-2.413225457485872541e-02
-1.524693745333843310e-02
-1.989094474942233390e-02
5.689549333077761201e-02
8.379935981306697867e-02
-3.583591706326709481e-02
-5.039556054917790524e-03
4.463939155302674988e-02
-8.453868328794469922e-02
6.853591956160766385e-02
-1.549552836499791530e-02
-3.143856600326468131e-02
-5.168942793539306468e-02
2.785983835609541145e-02
5.697762284352271556e-02
1.368573916992515786e-02
2.392315611408761533e-02
-4.592404585915433463e-02
2.007643415432604911e-02
9.403925485010723728e-02
-3.405701761781972092e-02
-3.034208456823065097e-03
-2.385045307620611843e-02
5.134034537484871014e-02
-9.388405654728405880e-02
1.003146137204489335e-01
-3.268751107274723428e-02
-6.199319470264714332e-02
9.753468024926031238e-03
1.032588254253999360e-02
-2.289657837940660499e-03
-9.726632176783368833e-02
2.248111272894416646e-02
1.513682237967989112e-02
-6.056424962657942779e-02
1.329082503709277940e-02
5.284682321540808830e-02
1.305035774812360154e-02
4.476677788179083545e-02
-1.161567795271338105e-01
-6.470618266620544248e-03
1.140528598279284406e-01
5.155265728170070269e-03
4.396609082693064309e-03
-8.456247665213875372e-03
5.553205433267072166e-02
-6.093489778753198582e-02
-3.347550026918332498e-04
1.801680813931313963e-02
2.220555981147320085e-02
-6.488309975253213346e-02
7.882295597429772593e-02
-2.010343466668664675e-02
-6.749886185111337797e-03
1.332003328554851387e-02
1.370320376647419028e-02
-9.465308016025621163e-02
1.438566492328229897e-02
3.427899422988354289e-02
1.386373582785006831e-02
3.439856306064159597e-02
-8.951376350783621372e-03
5.859707220685812790e-02
-2.104308280325112301e-02
-5.732648160624690542e-02
5.104655822645672719e-02
7.275609907542031352e-02
-1.847993470984027678e-02
3.720221895314586302e-02
-9.341794722818350105e-02
8.634747776152262855e-02
-6.033734740781362960e-02
-2.420780586082520169e-03
-9.290227091093651579e-03
-2.465417814469252761e-02
3.910384467418197979e-02
-6.295844817095291868e-02
6.729703548541941804e-02
2.515109043736491953e-02
4.618522041843239195e-02
-1.131247815103664581e-02
-7.809489668084715341e-02
-2.966029295219873522e-04
2.434472826156297912e-02
1.134796989053277333e-01
7.133621642788288975e-02
-5.119913365983316811e-02
-5.322643900739736783e-02
-2.231205243672280264e-02
-6.783917874525755617e-04
1.035632049709432796e-02
-7.084840945881676344e-02
2.712693192662055455e-02
-9.060652332735957826e-02
-1.141456950151898964e-01
-4.260894871376025989e-02
8.338268309532867462e-02
7.416296628757698683e-02
-1.050261886090776559e-01
-8.399867990292018971e-02
4.483948228647485768e-02
-6.296344737817273496e-02
4.357442824956029442e-02
-2.823457749483066284e-02
8.979364669977440983e-02
-5.619763115597176811e-02
-7.855206185824820803e-03
9.641347381899803559e-02
-1.939850146376681950e-03
5.202455949161737848e-03
-2.532572912025030445e-02
-1.098365236243193689e-02
5.318841516413795600e-02
-5.604061790330835957e-02
7.591666168516422730e-02
-5.716673985034040339e-02
8.894450481612088677e-02
-4.402482008897863619e-02
9.566054434435612708e-02
-6.547382166568746498e-02
7.557107891951571343e-02
-5.187473011345358764e-02
2.277808247616210785e-02
-1.480402565921303849e-02
5.549145342508058493e-02
1.402313818490475046e-02
5.182489016255793779e-02
-6.513410259776601652e-02
-3.581307967600579761e-02
-3.527692987551695608e-02
4.188242477003149833e-02
-4.332148205083923877e-03
1.111125434699665460e-02
-1.410917125875892630e-01
-5.194840440497312806e-02
9.821273139231939675e-02
-7.255894637125149225e-03
-3.945030730477293301e-02
1.064092706169786351e-01
-4.408906498820689551e-02
1.019709455915105908e-02
-2.004984009679221593e-02
-2.004616050373748612e-02
5.880226312497054825e-02
-9.255635946717790871e-03
5.431255557740809550e-03
-5.003759180935611617e-02
1.956180409102116144e-02
-6.308852562325471119e-03
5.026993975154796929e-02
-1.878565231221653031e-02
6.591795059194317796e-02
-1.033737140485191525e-01
1.983990280408491624e-02
4.400422600512706589e-02
-4.861323888784170599e-02
-4.560547847609188604e-02
2.857741925337305491e-02
2.622230967676782848e-02
1.583635963331935306e-02
-1.649072228186168609e-02
-7.036106474344563932e-02
-1.145300631575850783e-02
-4.838188935500233739e-02
5.585064979770276022e-03
-9.618441020297109623e-03
7.365919797306652410e-03
-6.411301258864286236e-03
-2.581404562610602887e-02
5.664725402269438215e-02
4.850362048304836943e-02
-2.548783880662184448e-02
6.133226030187319960e-02
-3.410529754249934375e-02
7.418997407368035923e-02
-8.901846255542575359e-02
2.166146268995301077e-02
-6.163070974852741940e-02
-2.916312121793893791e-02
-4.588183551172441560e-02
2.599893929697195960e-02
8.063717724231346529e-02
5.103289331419292446e-02
-2.005968904399369271e-02
-2.635177501626940338e-03
1.037676217364859599e-01
3.610370805278988182e-02
-3.507142667049301110e-02
-2.011632092194445831e-02
4.931587457112778655e-02
-1.401671788944466868e-01
9.958959473635817239e-02
-8.474463592158740233e-02
1.172122583958557090e-01
-4.641104609158068495e-02
5.830780616923746107e-02
-5.207858737825357687e-02
1.544114915624076462e-02
-1.088120354381662790e-02
-2.167341313873681272e-02
-7.805800235485621519e-02
3.210959116261957041e-02
-2.115925168346719301e-02
1.515184311686460991e-02
-8.883719857065133785e-02
8.979517277293734556e-02
2.615549049370238105e-02
5.148509935891087963e-02
6.989804785931001685e-02
5.254242300423942608e-02
5.146594734673066301e-02
2.195877404809603098e-02
-2.556225480500661298e-02
2.333801616939125759e-02
-1.021639065477836505e-01
-9.270277332507392831e-02
-7.667314907984987271e-04
-2.959984165528638592e-02
-1.806543459494226733e-02
2.322644615063016241e-02
-5.214699397229517058e-02
4.831295493364142282e-03
-5.086665327491455418e-02
4.009597463184515209e-02
-1.155151608647916710e-02
1.674611188759049865e-02
-1.216156455377423408e-03
1.173864229217266714e-01
-2.721141464364497387e-02
2.126050623014603957e-02
4.637425201236338584e-02
-1.135067739247785923e-02
8.913954163943874076e-02
-2.830904349267761300e-02
-1.443554572002166310e-02
7.779819744909639845e-02
-2.063884255255818076e-02
5.073475454659927275e-02
4.489783008311613172e-02
2.060265360150343936e-02
-8.814039472667127562e-02
-4.900373174125484399e-03
-3.677139001118379796e-02
8.618535058230024359e-02
9.427012903646907541e-03
6.081011500856251667e-02
2.480190421626156036e-02
3.517322815275415737e-02
7.250863084805497794e-02
-3.384714003345178773e-02
-6.369779517641574462e-02
2.953415462987847920e-02
3.952895178743105753e-02
-1.985160674886358306e-02
5.170635542340097646e-02
7.642483421194615212e-02
6.698530826928847381e-02
3.612443954850150241e-01
5.179217550980826923e-01
5.734712834697246187e-02
1.124499059960091113e-01
-4.279978482934046480e-02
1.568505734865183535e-02
2.452890084761146783e-01
-1.836462141575527784e-01
-2.378115463012725750e-01
-5.659464749512803650e-01
-3.435320295502288790e-01
-1.459220268440746537e-01
3.827666393211305584e-02
7.094603316885868260e-02
2.097381065524255017e-01
4.143283693897222703e-02
6.168863143077385480e-02
1.488683612549881186e-01
1.445789216362199092e-01
-6.579690013507366597e-02
-2.765198343216113686e-01
-2.672398812464597539e-01
-1.376711140574113090e-01
-1.895878501343929434e-01
-2.433044654261080075e-01
-1.612215450821136431e-01
2.377423648622872809e-02
9.775523529024141012e-02
5.850797779257959491e-02
-6.146818638566337728e-02
-5.311950121548473722e-03
-3.512072429039747590e-02
-8.862873688971105446e-02
8.452945912170486964e-02
8.399577535457261601e-02
6.418047164177419217e-02
-2.553795157699670360e-02
-7.572908846247829173e-02
-5.582412344295997753e-02
2.526799146584916486e-02
8.167583632553748058e-03
-6.981568121918119152e-02
-4.361435647676330241e-02
-5.857510878219687744e-02
-3.353859112436251982e-02
-2.868896073487522957e-02
2.984451835385304799e-02
5.912621848104003541e-02
-4.646271873846061912e-02
-5.603132077412445629e-03
1.282424770444430713e-02
-1.609058560469314725e-02
-1.123123216022654976e-02
-5.386981992567215806e-03
-7.832760745141766068e-02
-7.392548400728798930e-02
9.250339441071585289e-02
-1.141753626146735368e-02
-5.528771707269015089e-03
1.995505985175428931e-02
-2.308646737729538878e-02
-1.700126080629995109e-02
1.191936941442055080e-02
5.301793255198824356e-02
-4.836479117504431657e-02
-6.151809478906705708e-02
-3.455739544143870967e-02
4.420378926393497832e-02
1.881966702890116860e-01
-2.333538881147303318e-02
2.932804811918493862e-02
2.404976039229208065e-03
-4.199804237974803789e-02
1.749935091480033303e-02
4.994149129525916192e-02
7.766761595964488674e-02
-3.653210306020376885e-02
-8.154769395518784991e-02
-5.850444122096703191e-03
-9.890931929855492633e-02
-9.287680254248491252e-02
-2.926403015368812463e-02
-9.205143174828406272e-02
-9.544394012185794529e-02
-3.858787696467502835e-04
6.987489111418246357e-02
6.073752008129915808e-02
7.960079369794927084e-02
7.217253025947967249e-02
1.937347781773409577e-02
8.192282319372477806e-02
-1.866288438196939473e-02
1.149706751182849422e-02
4.195547670622803982e-02
1.686302816664791114e-03
1.369206212423309393e-03
-8.111338578120555476e-02
-8.938735048326371113e-02
1.666641651229320772e-02
-1.846092153427964996e-02
-4.144250771191886756e-02
2.716342299050831730e-02
6.916825667864431870e-02
7.497522350895220733e-02
8.828916502123237975e-02
3.319511915556738746e-02
1.499417360463653134e-02
-1.891166426339548762e-02
4.738143926454035232e-02
5.960018139769815600e-03
1.426225989125250448e-01
2.047418155050260286e-02
1.102602350355526423e-01
1.924025822800055213e-02
1.803141978724381866e-02
-8.117727409724271800e-03
5.066293541957198748e-02
-2.570409861455871109e-03
-2.311419128082940755e-02
1.003806747425522866e-01
-9.173647368820347925e-02
7.874633136945458078e-02
1.575709050018928026e-01
5.402711631747018212e-02
-5.851404538397944610e-02
-1.061087731034850157e-02
6.000914861327401317e-02
-8.184316441769041994e-02
8.648382433620944998e-02
6.512638112381405331e-02
6.512622590304724401e-02
7.245525307494032896e-02
9.148072315601572801e-02
-2.061815202860310114e-01
4.452188460794870989e-02
-2.273379198959915928e-02
-1.155218015531312287e-01
-1.040318440954807466e-01
-6.905010638085137820e-02
-1.480784950256808230e-01
3.433077213403964989e-02
8.386555791974387164e-02
5.576956922254681093e-01
5.640358855175522379e-01
1.902752367832531433e-01
4.712611118440843683e-01
-2.807879227900660912e-01
-1.105611521918473117e-01
2.084556755721538590e-01
-2.451218356626173878e-01
-3.928750628082527951e-01
-8.353185029696676978e-01
-6.338939705044079886e-01
-4.049992108816928282e-01
-2.461866839926893091e-01
-1.174853497299589572e-01
-8.580069340330320760e-02
-1.613629452365691885e-01
-1.029860446550464326e-01
-9.172750087889498805e-02
1.399601883843938910e-01
9.807025096944105985e-03
5.538713797201408329e-02
2.771205739260458947e-02
1.966344071920308675e-02
-4.082627640575029609e-02
-3.555890290779661206e-02
1.724683493985008642e-01
5.217350775775100868e-02
9.066946731404783300e-02
1.571542164939859071e-02
1.251952359000190751e-01
8.265402892289813730e-02
1.700016220749481499e-01
3.682276562478044302e-02
5.703206478653306127e-02
9.400409136017730261e-02
1.085010798590932135e-01
3.168483162962909550e-02
4.608883980675033964e-02
4.309924311474636754e-02
7.729060891463164495e-02
1.419757940488464987e-01
5.149454388629595009e-02
5.002978041938142828e-02
1.469886635858622809e-02
4.385267870030654797e-02
3.264022161369673630e-02
-4.628605497592331447e-02
4.180543678364027210e-02
5.720572021600235646e-02
-1.480650974974421878e-02
-8.943425012133766894e-02
-5.541468032377407787e-02
1.377913441741898670e-01
4.056485130734683447e-02
1.273568664839876824e-02
-1.141634913496128272e-02
5.500737191913035451e-02
1.221197356896514680e-02
-2.955219403792483379e-02
4.855760634852494123e-02
-5.705130310210346917e-02
4.546967806430605302e-02
-5.263556927866560459e-02
-5.892451533345643283e-02
4.002228354534927146e-02
-8.036031920177402754e-02
-4.319729140010815371e-02
-7.015197645240162441e-03
8.758316822812496627e-02
-1.069014753417055208e-01
-2.138014015959414232e-02
4.343354141008760189e-02
4.213297185859907895e-02
3.720919694650995629e-03
3.275142390807147391e-02
-3.035841248100465059e-02
-4.551119257315756547e-03
2.171838582661777053e-03
-1.136775252400204633e-01
-4.660726610041031337e-02
8.830062517582372428e-02
-6.242063252561223102e-02
-2.290792649517171126e-02
1.981569878059984482e-02
-9.352501228768755892e-02
-1.246404570623338426e-01
-3.134840399192715624e-03
-1.293033299287958161e-02
5.640623786660384220e-02
-1.408893470018224986e-02
1.202651486914434603e-01
7.142901254033258082e-03
4.387256683030673482e-02
-6.596221447238768965e-02
4.872117636516024031e-02
4.189266586191905950e-02
-8.194723487553486410e-03
3.491443181576405624e-02
-8.111126126334310127e-02
1.034807523389934258e-01
-3.931392682611908190e-02
1.071849980164643196e-01
-2.334260184673196334e-02
-1.721258728921037373e-01
-3.345625722365134364e-02
-5.391803706042457012e-02
5.048568817108486234e-02
8.805335577101321143e-02
-4.869169283074431531e-02
9.677947740678460517e-03
-2.828350019572386034e-02
6.925193462342313366e-02
7.415920487391058913e-02
4.143712469865066389e-02
-7.073962197440251953e-02
-7.692555037541377871e-02
-4.453243025038917252e-02
5.884340562972315697e-02
6.257438732808333348e-02
-1.451763853408153671e-01
-5.836965389014144717e-02
8.733107863987717157e-02
1.051459695133543371e-01
-1.472713774372997886e-01
4.141152825488603195e-02
-1.354403746686790866e-01
-2.639701680262141956e-02
-2.217541021873559517e-02
-8.543645624610948786e-02
1.872327292360273232e-01
-2.004343296109837580e-01
1.479256520335760494e-01
-4.355159005580684639e-02
4.181066996966478766e-02
-3.148293432951276838e-02
3.929971019949816957e-02
-1.195183571978530035e-01
1.304535860989990137e-01
1.057689572750303633e-02
-5.032497343009600943e-02
4.621424735823764091e-02
-7.187433069968844623e-02
3.919825165264297778e-02
3.787263633461718237e-02
6.966736057426861639e-02
-1.007089289602346033e-01
1.627968304668916261e-02
-7.804464341551191342e-02
1.196223763151161856e-01
-9.734719443904875369e-02
-6.300958505751767802e-02
1.604873726869524841e-01
-1.776855185513507573e-01
1.413031676036909101e-01
-1.210488306274319359e-01
8.290012064856898399e-02
-1.226885132186762879e-02
-5.190943252931851104e-02
2.123614488069351935e-01
-1.171023820406319194e-01
-1.370552103111325783e-02
-2.218092892510713510e-01
-5.074078244640369689e-02
-3.856409272293451207e-02
5.184744655965661114e-02
5.760020584870895188e-02
3.841649987055787557e-02
1.081456444764024027e-01
-3.664952582426401345e-02
1.001173563224374841e-01
-1.167865870290154817e-01
3.027315972429989524e-02
1.524075225774661202e-02
4.398285910932425713e-02
7.182664444735867987e-03
-1.206448054209214304e-01
-1.641594920090303222e-01
-3.321256193941481138e-02
-3.426928570566640381e-02
1.297411899383491864e-02
-1.262649064471037946e-02
8.154622441600323235e-02
-1.071922909726570200e-01
6.784722367247827957e-02
3.491748723157284823e-02
1.010993918412135539e-01
-2.191922550196010941e-02
6.441038925708400531e-02
9.407278419085687848e-02
8.014989973083493091e-02
-2.074286812059084398e-02
6.665190111076613189e-02
2.685479347059268121e-02
8.350470421205198612e-02
1.045854311251242924e-01
2.255027276485091492e-01
6.121693466783442034e-02
-1.195435291704631531e-01
1.484739718379806672e-01
2.777559012494320578e-01
1.815184902574387693e-01
-2.098242675546413416e-02
1.649129974418412636e-01
2.749038988691223651e-01
-4.531080415933044087e-02
-5.668373768312885697e-02
3.476182428228668519e-01
4.163883020657686562e-01
1.230504976386406074e-01
-1.448860857026839331e-02
1.066699843518180424e-01
3.027714701931292218e-01
-9.425646320886746365e-02
1.075109976735849210e-01
1.691842846952243962e-01
1.443579403541312700e-01
-9.795097286318892038e-02
5.931569015831361646e-02
1.475315514761878222e-01
2.211277455562128680e-02
-1.235511901838945159e-01
1.359826471030484984e-01
-1.556429344496792211e-01
-6.181122708171014717e-03
-5.479214265001617484e-02
8.153714600705558313e-02
-2.134879690361861926e-01
2.674493106809622267e-02
-7.709702820990808891e-02
-3.035549745503100111e-02
1.179955475526041492e-01
6.852870120202016364e-03
2.931649401693969901e-03
7.631480347268401743e-02
-8.023077179464038755e-02
-2.324308489060700200e-01
5.974285733954184073e-03
3.665902497592071763e-02
-1.856005430913825471e-01
-2.518538649221880310e-01
-6.225197962558069037e-02
-8.467775348694850379e-02
-2.682937266864555276e-02
-1.780902454659529788e-01
-1.180153876775289767e-01
-3.102753612664045993e-02
-1.214052733630812259e-01
-6.551520763627799449e-02
-1.747132337178427253e-01
-5.927325316241091038e-04
-1.541148196417578831e-01
-1.004176775359061531e-02
-1.828967991617146960e-01
-3.562293870867287021e-02
-7.070652377412124656e-02
-1.871571273933750612e-01
-5.822267841815809142e-02
-3.518786208725412090e-02
-7.335516806782466093e-02
-1.200526358367920432e-01
-1.021030129594181907e-01
-1.356923805726272247e-01
-9.442673270186985324e-02
-1.385351470771784554e-01
-7.159839719518867884e-02
-5.970142884005622680e-02
-1.732997757870560762e-01
-6.531605814176556779e-02
-4.731592852611143929e-02
-1.351004924712909672e-01
-1.301779558607434883e-01
-4.063200569784534977e-02
-5.675962088773848363e-02
2.326645315256668442e-02
2.925264097001595461e-03
5.120688501944638954e-02
5.710357900278371923e-02
-8.885860609344649330e-02
-6.181641201865466229e-02
1.578431932723842537e-03
-6.183599742278370059e-02
-2.202790941091331001e-01
-2.142630524388398072e-01
-8.744437688647262175e-02
-2.722414640450535397e-02
-2.402925054623142667e-02
-6.572406975210479119e-02
-1.209452018422836894e-01
-4.863472809822737969e-02
-1.094630725905565982e-01
-1.352082522595753622e-01
-7.382755429125507918e-02
-1.281017500191785896e-01
-4.186696326547225538e-02
-9.887162031464349909e-02
-9.136452884906591521e-02
-3.880513544115071767e-02
-1.102946358095089896e-01
-4.760612073161427787e-02
3.510656477419380611e-02
5.826306499514542075e-02
5.057629694990871394e-02
-1.988536524501319583e-02
-7.483019399746831946e-02
-4.542263609637981620e-02
-3.425118382464324013e-02
-2.203000737155559954e-02
-4.614945933302921216e-02
-1.903528141268596291e-02
2.234159581070815914e-03
-1.386889614898526857e-01
-5.586067198970481873e-02
-3.066731665300963250e-02
-3.359598627157762973e-02
3.860036320992596415e-02
2.724966749304523136e-02
-2.101933738318145783e-02
1.637289393487628697e-02
3.276520394397645919e-02
-5.631724145872230719e-02
3.622786728965107783e-02
7.601933923380359281e-02
3.950991596012646406e-02
3.953872763047844990e-02
2.226004965617598558e-02
4.273910190904980921e-02
3.888696663249298358e-02
-5.424369251147415083e-02
9.844854607138157562e-03
3.908823713539533173e-02
1.240044130949577300e-01
-1.064937566410452535e-01
8.215854735191989444e-02
1.926736899831899604e-03
1.244478131055735820e-01
2.906474818152466472e-02
5.937602771849235378e-02
1.708345213794905670e-01
8.836179223333398211e-03
1.473175080376465731e-02
1.208125619989591608e-02
2.265233476811046726e-02
3.405394201141961896e-02
2.105027064436788553e-01
1.610683546170709468e-01
1.593727715867506167e-01
1.391010647845226655e-01
1.862429644737668144e-01
8.571105920154087343e-02
1.064499462422263815e-01
1.958521551881395040e-01
7.215815340162183567e-02
1.073674681953027399e-01
1.608845592020441140e-01
1.318654058995131495e-01
2.228726040592284366e-02
7.367538975892858055e-02
-1.105706599166244863e-01
-1.860776406070082170e-02
7.732978517661562301e-02
8.786381817372065917e-02
3.331518635843106618e-02
1.903573689477119080e-01
7.285582924055314380e-02
1.302104317101009101e-02
8.168067206400168867e-03
2.927968235003679601e-02
1.483886700419803639e-01
-7.521311259288018802e-02
-1.384927451961394385e-01
1.592460852355813694e-01
1.421496342277899783e-01
1.588140837329421462e-02
-3.008467906109215176e-02
-2.264836787399226170e-01
-2.274756447467292664e-01
-2.657203171606481451e-01
-2.154265210506378647e-01
-6.157438649327275082e-02
-8.314698268026204930e-02
-2.760058037850368975e-02
4.618986200027387287e-03
-1.009938754130077117e-02
1.177970840345898308e-02
-9.694384812986298061e-02
3.362551492365664640e-02
3.274476826754860875e-03
5.522043579542439823e-02
2.048501928718514734e-02
-9.603830548670778781e-04
1.489152879497601493e-02
2.157194837844268048e-02
4.760222444373554684e-02
1.086373322977542653e-02
6.946706727706523921e-03
-7.642900233501308781e-03
-7.192047285183298007e-03
5.607824303181975500e-02
-1.241448257801917171e-02
-1.872667416057273437e-02
-2.968862028489152594e-02
-4.943280161196764904e-04
1.097998498779571234e-03
3.027744997571980498e-02
6.447540407592981587e-04
3.953912062727513860e-02
5.084289844006247006e-02
1.059837502345986060e-01
3.853040565911285565e-03
4.475124116120560158e-02
-8.639347488206251813e-02
9.934794896861158520e-03
-2.585610047087794766e-02
9.558484870464983851e-02
-8.998441232436961423e-03
-8.660086866976146602e-02
-2.084904843301409877e-02
8.564685403917143836e-02
-6.646275446286070698e-02
-4.363830448424331487e-02
4.534530131820628356e-03
1.961646796242218910e-02
4.095020601509498370e-02
-4.110529092786802813e-02
-5.555324504380739631e-02
-1.262021295506375596e-02
-1.892461090320686143e-02
3.944760232667717664e-02
6.319505321182400381e-02
1.972834979289195614e-02
1.222393630711354588e-02
8.741844259592375724e-04
8.514898936026454868e-02
1.588328587695376701e-02
-8.284600003063133378e-02
-2.346024362996322610e-02
2.487240061439872918e-02
-7.117161048788075463e-03
9.168257038010513282e-02
3.509659368357630205e-02
8.698563591166331987e-02
-6.364378470364376317e-02
4.850688518665972199e-02
-2.987092151604372331e-02
2.883737474798544597e-04
-3.640064575077694986e-02
1.168376833677824550e-01
-1.846003271643769511e-02
-5.964997150474436391e-03
5.864409564679623488e-02
6.443534250770699412e-02
-3.365386364214902060e-02
1.782634092725559477e-02
-2.974881407209013090e-02
-5.927401448465163813e-02
3.135772164997867317e-02
-9.687184212685847826e-03
2.705910044946841994e-02
3.842413236082990215e-03
-6.208560322585626040e-02
4.993418867606744943e-02
9.865832029597744468e-02
4.063841809354754725e-02
-2.563285359868225713e-02
-4.993035583391527282e-02
-2.408781370307463109e-03
-1.393206219377912669e-02
-1.968307243312993060e-01
-1.821266749615803662e-02
-7.230186197121707403e-02
1.685509703629266970e-02
-1.337830534470565158e-01
5.265592980654500155e-02
-1.443288662940235278e-01
-1.020450115416520892e-01
-5.104219160629712704e-01
-4.909066327581654843e-01
-6.448318854846216697e-01
-1.740883982416213394e-01
-4.327190647581661831e-01
-3.933967315831021216e-01
-6.549055006979067617e-01
-3.428599814584873395e-01
-9.293838412858500004e-04
-2.013424964904164671e-02
7.246421058631433328e-03
-5.566253318187176086e-02
6.030030405912331082e-01
2.611110726888485334e-01
2.495253127404110371e-01
5.541952868629204110e-01
2.273688965665882356e-01
5.118742953700669007e-01
1.473159281392843190e-01
3.091600454069332593e-01
2.645931077875861570e-01
5.379188796666278805e-01
4.510552938035330972e-01
2.525527726970606124e-01
2.857316986848789098e-01
1.968081802095443811e-01
2.380497068191545773e-01
1.898294800733155985e-01
9.694901978324406422e-02
-6.530561314781058689e-03
-5.689316441144476669e-03
2.301321078839872834e-03
-9.065703976902210470e-02
-8.331973021121108491e-02
1.567821909912342215e-01
8.113590617270339069e-05
-1.704551376676777946e-02
1.343429602683579756e-02
-7.346907811551414702e-02
-5.977546409452576259e-02
-1.991007433350199668e-02
-2.243456818069622730e-02
-1.222305765373075531e-01
-6.848026614806594636e-02
-7.527904721827159695e-02
-1.139507228527174981e-01
-5.674608833764947097e-02
-1.092833614606245340e-01
-1.432380065993493073e-02
5.792719146839454131e-02
-2.068076653809007848e-01
-5.985513740606700217e-02
3.833221737537667595e-02
8.088512448260769608e-03
-8.649802110515919518e-02
-6.312215089506541255e-02
4.527039969383300083e-02
-1.217214773818222143e-02
-1.262972063006010531e-02
9.349022282603959566e-02
1.681340722455843678e-02
5.688297089409231032e-03
3.431090149008506757e-02
-4.364771288388186871e-02
-2.334284550826817156e-02
-3.985151194051319429e-02
5.777972662405880810e-02
1.221233590312623823e-02
-4.081228706997400146e-02
4.150672690700422246e-02
9.040843580021944159e-02
-5.091858062230414372e-02
5.071664199532369827e-02
4.789963024437770417e-02
7.247996090254570090e-02
2.002243845061806027e-02
3.051382231677661830e-02
3.309111780974251932e-02
2.134857470486605652e-02
1.697965650547839404e-03
-4.665425437902610134e-02
7.494064215111712057e-02
-8.984766816057554797e-03
1.017854108139469305e-01
-5.656645259425359396e-02
-8.513290863380811035e-02
-6.141130926125320383e-02
1.440861760900630228e-01
-7.864324066806854807e-02
1.020657518464003211e-01
1.012277645519594760e-01
-1.139172368599461471e-01
8.427349811624314235e-02
-6.841728852195569366e-02
4.117491409322622531e-02
-8.405661662078628069e-03
7.121407174823594921e-02
-7.222841626937522019e-02
-2.970193233014912712e-02
9.876534732192710289e-03
8.851300562979041997e-02
6.463762416882154471e-02
-3.687068022830002761e-02
-1.133322160366395243e-01
-8.169533791442083748e-02
1.053065392784920951e-01
-2.878146762184533632e-03
-5.034458133424729587e-02
-2.628406770760002061e-03
2.481746947064126033e-02
6.568914116084116628e-02
-1.093201048248123308e-01
-4.172525790796410144e-02
-2.124785384299132107e-01
-8.689353985899862798e-02
-7.483733990719433626e-02
-6.615476511046046448e-02
-1.150782696747301888e-02
-1.098802727553583290e-02
2.972799821537079265e-02
2.594417012675714548e-02
4.322142740441226039e-02
-4.820954748338297270e-03
6.572745595448771516e-02
6.072600655850751011e-02
3.646330450372643056e-02
-2.539445391650136524e-02
-2.147462195732048260e-02
-3.166723843442805636e-02
7.886160221836619952e-03
-3.674353871814267907e-03
1.962256297975868355e-02
-4.143497502714110076e-02
3.351593096177041264e-01
2.105078177025550001e-01
6.108737623975278586e-02
3.189224068127645695e-01
4.401583719697990671e-01
2.745968557559754220e-01
2.387924598426107714e-01
-4.301127515060992890e-02
-4.386013338371700515e-02
-1.241478328700486716e-01
-1.234906302054023797e-01
-3.394317107148198676e-01
-2.578968840649946692e-01
-4.245552074461010350e-01
-2.931533958711800975e-02
-5.605084181283574718e-02
2.095065433828504492e-02
-9.439048190228416235e-02
-1.993127425538092079e-01
2.217879192023099744e-01
2.880054046260437373e-01
3.690755392356163678e-01
3.877910463591993651e-01
-2.210069464467528944e-01
7.451432245318642678e-02
-1.275471190343583638e-01
-2.172627493611639649e-01
-3.990161912697706703e-02
-3.075846879199345962e-01
-3.511244380895957029e-01
-3.752289121836476227e-01
-1.825588380883386430e-01
-6.568157129500401537e-02
-5.666190318533843862e-02
-1.130074267909240288e-01
-4.070156195492413698e-02
1.939455708046032914e-02
-4.390326919275244766e-02
6.064851691691388463e-02
-1.132861728802930269e-02
-1.507327008181833991e-04
2.889639175321301670e-02
2.562922608997507401e-02
-4.317355532613033064e-01
-1.381534986846691751e-02
-1.605687765125438371e-01
1.717165598779128999e-01
-4.249976914752922608e-01
-2.489598990257753941e-01
-1.401428637584339332e-01
-6.111394399274916976e-03
3.009644068985596332e-01
3.008796201259825165e-02
-5.971285904830070379e-02
-5.119988007487871230e-03
8.171983909876955332e-01
5.958694949234905058e-01
1.268449285070848975e-01
6.741475264697682768e-01
-3.870905435155573039e-03
-4.310032536142843068e-02
-1.309294655599356309e-02
-4.429724889903609020e-01
9.307157957643265311e-02
-2.618954630202796063e-01
-1.325227043961702822e-01
-1.327739989548899491e-01
-4.024075944850980663e-02
1.149080669927060872e-01
1.036132972671348212e-01
2.377621781092228645e-02
6.756750250017524995e-02
-2.988952958754107977e-02
2.467306657378610588e-02
-1.363336846021722185e-02
-2.336738626998221754e-02
-1.346414682907185745e-01
-9.535343293132637899e-02
-7.869707604525337519e-02
-9.000062334419819954e-02
8.434216656277873647e-02
3.959964103599674656e-01
3.507257068999701244e-01
8.794407083912810785e-01
4.906269287530125589e-01
8.443972806245693130e-01
1.373311812057708969e-01
5.850758666640744343e-02
3.221611493864482423e-01
-2.494685374481647455e-01
-2.501238086777902159e-01
-6.287569985548797646e-01
-1.162043576830507963e+00
-1.060414981406215151e+00
1.795888181337088399e-03
-4.250138379322707799e-02
-3.360377612855642293e-01
-8.621256968766165263e-02
-2.111527389319626039e-02
1.290409904235449989e-01
6.752736482908200388e-02
-1.567710740307782513e-01
-9.312915006490320169e-03
1.391548362588268251e-01
-5.086969431817385534e-02
5.466555816501068865e-02
-4.563052860460106719e-01
-5.810587147550636544e-01
-1.551035017816473349e-01
5.601792814948645116e-01
9.047252317618764694e-01
9.536888219070008832e-01
7.406986405956144104e-01
5.479883684745108230e-01
2.026700566435613304e-01
1.638124587207418492e-01
-1.030207057757948630e-01
1.305506408675876362e-01
5.701790964921302912e-02
6.012571720232272321e-02
9.804248306930284096e-02
4.642792761279068009e-02
-1.519738885830744513e-01
-1.739103712008217562e-01
-5.654954058113109694e-01
-7.209798057879711619e-01
-5.681627423228932106e-01
-4.527817796578300080e-01
4.520139328175388355e-02
