3.842062304703830478e+00
-4.864585756732967781e+00
-4.362837944727353090e+00
-4.051322550794935751e+00
-3.895386349566706485e+00
-3.646646076376754309e+00
2.199759721045816008e+01
-8.832428264545413299e-01
-8.161513258408952254e-01
-7.074843650901421199e-01
-7.400551594583753001e-01
-7.567526661846777358e-01
-5.574708702367168200e-01
-6.393471234715129015e-01
-4.946786208651161587e-01
-2.177363964249963146e-01
-8.518461929798171184e-01
-4.228028947031639007e-01
-4.884775266701026908e-01
5.883653131876798170e-02
-4.867835814676624295e-02
-1.014280795463946561e-01
-2.738322249742708436e-02
3.197433299427956399e-01
2.095125127061088222e-01
1.519925374090540515e-01
8.205254694212023026e-01
2.451795049495828493e-01
3.327101380448311829e-01
3.618466524311081400e-01
3.559210227358207135e-01
3.860403433820742691e-01
1.936245838274714970e-01
-5.739822747814926629e-02
6.688468859292484581e-02
3.849512548400682022e-01
-1.647735875181517429e-01
-7.080706912505974060e-02
-2.060481585639166724e-01
-1.181460433438310531e-01
-1.786809264320048385e-01
1.949828600634191389e-01
-2.199749587771471226e-01
2.972793730794549560e-01
-5.469780651903697333e-01
-3.160172501337008555e-01
-4.951411377935528435e-01
-1.342099331254402728e-01
-3.761710891418701408e-01
-4.073966275184517372e-01
-3.191564140089511170e-01
-9.660938683960296203e-02
-3.304887106547376163e-01
-3.821720966929476049e-01
-3.733117134743793031e-01
-7.418562721628632062e-01
-1.815067992313927903e-01
-2.709149527998420126e-01
-3.486665747981803065e-01
-3.371840807874377788e-01
3.003850800142302546e-01
1.412835325178534163e-01
-2.881076132857884886e-01
-2.477313912404284224e-01
-3.628751800983991416e-01
-1.230738559178590208e-01
-9.720910211468947182e-02
-3.541702172716227892e-01
1.805386521196084004e-02
-9.313883593645044812e-02
-1.158725914605440721e-02
-4.904046140686091348e-02
5.998006240524489385e-02
1.218793685620909173e-01
4.803427456563227338e-01
3.102008783794829583e-01
2.882181902052352029e-01
2.206656150841936892e-01
3.314586538606789645e-01
2.675569241972226564e-01
3.609560203201809259e-01
2.561757995894637929e-01
4.462129823153517805e-01
3.004615717736740521e-01
2.978013071091183406e-01
4.315908755137058961e-01
2.242624035408589123e-01
1.157764877963955996e-01
-7.753028390588667662e-02
-1.763085756554367833e-01
4.246290434431472249e-01
-3.129488402472873076e-01
-6.305854285184722130e-01
-2.074922452026868314e-01
-9.051683797353859973e-02
5.579305817130375544e-02
-2.887407627879170491e-01
-3.746386599024233988e-01
-1.575201541957369500e-01
-4.450470210991213094e-01
4.461422054183685759e-01
1.415192634094353252e-01
4.308848691346724991e-01
3.975099658360150556e-01
2.675310247480808812e-01
3.879065791657367868e-01
4.638944437417364952e-01
2.417494025977831029e-01
3.952191964821345493e-01
4.954808050409802433e-01
-1.856694813765713548e-01
-3.123997864270151581e-01
-2.369955284922866667e-01
-6.983567255985789757e-02
-9.565374857049135926e-02
-1.430506236216118054e-01
-9.284426459949202126e-03
-2.786405071432156433e-01
1.346408594582371165e-02
-2.420257213054028966e-01
2.638987252140623241e-02
-1.563400692041305717e-01
3.246230386749786589e-01
2.888168900586229881e-01
4.783432409116379347e-01
1.998013138734684446e-01
2.857866491633771489e-01
3.508828334219451506e-01
3.238575553542801799e-01
3.413760775766050415e-01
2.467864456021615638e-01
4.150814676164138461e-01
8.244280249593174403e-01
-3.264880541611816511e-01
-7.614511904855199020e-01
-1.331550677173147790e-01
-3.433195347637152395e-02
-8.832439595956742551e-02
-1.476846938676743548e-01
1.207394671567385558e-03
-1.761278713299070375e-01
-1.108911787900517254e-01
-5.681318636229448771e-02
-2.184165665119941480e-01
-1.127260316527838313e-01
-1.177914495557281782e-01
-1.113170135838075225e-01
-3.335908289573552565e-02
-2.629724341228296680e-01
-1.487646497250203481e-01
4.235793459992009957e-02
-7.049438577362820979e-02
-1.419689500270600035e-01
3.809571286493813602e-01
4.600729811959745064e-01
2.925334054459014510e-01
5.169127295808095823e-02
1.040793215134314664e-01
1.233626047928240155e-01
2.320363385361261521e-01
4.964120483747542778e-01
-3.793943481573194276e-01
-4.109341515561233393e-01
-2.222052820400328699e-01
-7.957480448127185468e-02
9.049799544935055451e-02
-4.693955988011140334e-01
9.521395485030836880e-03
-6.091060067581715032e-01
-1.824490048226898864e-01
-3.811633621689658469e-01
-3.827331679585803670e-01
2.559244008423178229e-02
-1.927133282358077793e-01
-3.104014470697258332e-01
-2.047915381342626517e-01
-1.134117121306061904e-01
-2.829591964113262748e-01
-2.314547511329010376e-01
-5.559626978936904607e-02
-2.537861742285301148e-01
7.916838182424612569e-02
-3.239446135788455194e-01
-5.890335212710056112e-01
-1.915305391367994048e-01
-2.805928371619046402e-01
-7.796440814266958341e-02
-1.039786503529072093e-01
-4.068199838465318408e-01
8.673168563315272195e-01
-5.273448431994154362e-01
-4.842986295890696624e-01
-9.154525506531641099e-01
7.508620245033768015e-01
-5.942559251955188415e-01
-1.353349820735729736e-01
4.414376952160665724e-01
4.825554628509181043e-01
5.555248719016887549e-01
4.872707210778415288e-01
3.846098021710702142e-01
8.498786118472168027e-02
1.711008924738450787e-01
1.912620143148870966e-01
-2.717023664367701485e-02
2.588551101982261571e-02
2.706627665101990488e-02
3.292104170154246390e-01
-1.562379844445871413e-01
-4.222876048608128485e-01
-1.791102654855905030e-01
2.602113380488901839e-02
-7.645026846336122617e-02
-1.911310737022873241e-01
-1.455637218703955682e-01
-1.149157994537617355e-01
7.732358191846415707e-01
3.977087083715531435e-01
3.400602433427479809e-01
5.178666045652633443e-01
4.739196968341978788e-01
5.838061236182348068e-01
2.884267328400085262e-01
4.536424997835659667e-01
1.138048146906392333e+00
-1.920669061618021090e-01
-3.752435562181162254e-01
-4.441175777664447821e-01
-2.143618563206217686e-02
-1.122514814197472788e-02
-6.971767123667405031e-02
-3.123702512215160709e-01
-4.906571573698670363e-03
-4.121246741141604275e-02
-2.190428809369002749e-01
-5.092635904551201520e-02
-1.040920276790124888e-01
4.222734681655282429e-01
7.503713712552517734e-01
-4.981093940260095110e-02
7.426238483667155776e-01
1.091961539502836587e+00
-4.744024884171871292e-01
3.637177876743180605e-02
-6.841219103350297814e-01
-2.339867988192310122e-01
-3.385443508416585701e-02
-4.732655313749241088e-01
4.034575249767442529e-01
-3.465243105646287347e-01
-2.214805824787049460e-01
-1.372098514478068410e-01
-1.771555358815994907e-01
-2.106161157920176663e-01
-3.339471247697574086e-01
-3.479455726089675238e-01
-5.105099627078857338e-02
-3.308499901493249240e-01
-3.251360252012887031e-01
-1.007984342711338854e-01
-1.549408581383957539e-01
2.630998183956734238e-02
3.900580270386342363e-01
3.471062226189971511e-01
2.372982324656938147e-01
4.985365338937306490e-01
2.340056885620001026e-01
6.247614831543693015e-01
2.300925461613978484e-01
5.126741966004679796e-01
2.810781811639593286e-01
2.513543966069597957e-01
1.578517430605899108e-01
1.033761312760496764e+00
-5.725723086957756891e-02
-3.100883654035158088e-03
2.087438216070331976e-01
3.261030356818857001e-01
5.117891389203599317e-01
3.704033407753826168e-01
4.051691671552113405e-01
6.717065211581498829e-01
8.832790424806660212e-01
-2.117997664269395841e+01
4.319189597322385055e+00
4.797762663270880523e+00
3.181561587486619658e+00
1.082387604789897040e+00
1.626744804804184241e+01
2.077036273627967944e-01
2.761751435567916246e-02
-6.319462414331056266e-02
-2.502097511440570798e-01
-2.808907198620271828e-01
-3.901702631708836577e-01
-7.075965025968642408e-01
-4.957425455138206871e-01
-6.839471323085781762e-01
-2.015619645404036575e+01
-1.849852577894850469e+00
-3.511505202708427475e+00
-1.943057693625235061e+00
-2.289800750048250677e+00
2.327053736608908352e+01
-3.464556421408211406e-01
-6.248190017989365685e-01
-5.655720468014351354e-01
-5.859497088417562338e-01
-5.131159457148299907e-01
-4.952735113381585563e-01
-5.788161139685286116e-01
-3.657365740002873622e-01
-4.549650767032673571e-01
-3.132047145050904646e-01
-4.395641702146342311e-01
-3.840024542776845351e-01
-4.470570803053313114e-01
-4.828669767452531403e-01
-4.201535551756130360e-01
-3.039524538574589485e-01
-4.323364371144791107e-01
-1.566815134494632389e-01
1.582164523556173208e-02
4.852613245781469686e-01
1.546723900820410336e-01
1.085887102264919690e-01
5.295010836677143118e-01
4.993513644779206118e-01
1.034358654121049881e+00
1.464258088182887718e+00
1.226109903919390121e+00
1.320052622703677514e+00
1.500576603507855822e+00
5.306085037852845687e-01
-2.273512210037182868e+01
5.781434696371761106e-01
-4.066685701600221137e-01
-2.345607714881523975e+00
2.384172236390734767e+01
-2.603950130053412337e+01
2.488745674090114335e+01
-3.484426895825372128e-01
2.979333885204482613e-02
6.020712628323465765e-02
2.909166539055370038e-01
3.210656021042552766e-01
1.881345586948235393e-01
4.875912568972324834e-01
2.865310145498689565e-01
-2.396143341646905967e+01
1.633400445707529514e+00
-5.790083762871063300e-01
-1.506723958732862911e-01
5.590282992067585610e-02
-4.773410250109577646e-04
2.384295933510206211e+01
-2.378733358538272924e+01
2.406091640899638051e+01
-2.458777899077638907e+01
2.378021453424656784e+01
-5.280842974128674427e-02
1.124962668361035867e-01
3.837550644347622608e-01
-2.316152029170264370e+01
2.376976480597512165e+01
-2.310159035969358854e+01
3.340554847991654697e-01
5.366426271928048664e-02
1.933583455333121037e-01
-2.135188753325039102e-01
-6.403822450428791058e-01
-9.139184397747044386e-01
-1.189838275706499360e+00
2.397454974325222921e+01
-2.805075310196549765e-01
-2.840822787543508809e-01
-3.466031176874011521e-01
-2.071930521165796790e-01
-1.669451661076237770e-02
1.155662844881248930e-01
4.292061908359556810e-02
1.056392528824616761e-01
3.267020909538942419e-02
-1.120817980958825899e-01
-1.857655894524476992e-01
2.602867073246493135e-01
-9.655345450175225608e-01
1.956988813296369756e-01
-9.550979644203678731e-01
1.981766618674321023e-01
-6.589092528063602572e-01
-3.525220940992852547e-01
-3.505777368550724304e-01
-4.007288967923479106e-01
-4.243669363070985412e-01
-3.417817891632637384e-01
-3.986527336537797339e-01
-3.141123232645739449e-01
-3.638788855101431352e-01
-4.493724171823778590e-01
-6.141500288648771289e-01
-2.002078798711046659e-01
-2.364023897426505982e-01
-4.126584490434126451e-01
-2.620444796845333713e-02
1.173619782393799937e-01
2.777676874700318876e-03
-1.257020027640436410e-01
-3.912564422856306123e-01
-2.922925004268037696e-01
-1.096210011584375366e-01
-2.108953506544040124e-01
1.074046943564468393e-01
-2.645197536461694199e-01
-2.539948146219472846e-02
3.211290595137228365e-02
-2.297338174393601662e-01
2.550869495885876859e-02
-9.649307956044594903e-02
-1.050820556317404453e-01
-9.808988755227687761e-02
-1.416625392150763219e-01
-7.822561840467301408e-02
4.141434334444227261e-02
-1.892816498104750167e-01
-2.665320160644739644e-01
-1.582410875941349104e-01
2.241348278020609541e-01
-9.591679670611341635e-02
-2.422487721367190261e-01
8.153338796574871594e-03
1.979194216095265801e-01
-4.745577830716669610e-01
-5.136364988475605742e-02
-7.954820391835681903e-02
8.839264143004754715e-02
2.862277101404231416e-02
-1.596366378588314205e-01
3.146522840551781997e-01
2.759177301636839275e-01
9.595031865681136196e-02
3.248172981056711706e-01
1.201866551776475944e-01
3.960165679470648570e-01
1.922172360518743517e-01
3.879132405317733401e-01
9.350822091018571314e-01
1.436908867791981237e+00
1.453336465742772532e+00
1.512502348621833193e+00
1.404032133292595574e+00
1.075751599141629100e+00
6.262826791805942150e-01
1.375155870944613667e+00
-2.137644532907894401e+01
2.234930814864789284e+00
7.868037682818567191e-01
-3.331983940400107258e-02
-9.281421721997418217e-01
-1.877928284477803800e+00
-1.801127019415453390e+00
2.284009776251562229e+01
-1.219177709181913372e+00
-1.078557309437591982e+00
-6.111806875923058158e-01
-8.543635568981393646e-01
-3.737630377114449232e-01
-7.684032439265706671e-01
-6.068015351118098977e-01
-3.602917287833591331e-01
-6.771891828679947878e-01
-4.734796093380566617e-01
-1.842999151232191934e-01
-3.024385719251156956e-01
-3.904740352220485988e-01
-4.067868743508356033e-01
-5.865096792081558874e-01
-1.891599905988243790e-01
-5.726336522387569516e-01
-3.294310275652705400e-01
-5.664753506345689971e-01
-7.846237991036701942e-01
-5.009643720446206316e-01
-3.556694081089091242e-01
-2.577849875562350235e-01
-4.501827132088251915e-01
-5.065603875126711841e-01
-4.615684395033525789e-02
1.502559045010869454e-01
2.795743376960331261e-01
3.387852274428837518e-03
5.255267288632126110e-03
-9.190057817117747163e-02
-1.885538138709392797e-01
-2.613253846943877079e-01
-4.000432995926814783e-01
3.960848600228388250e-01
1.763226612215404998e-01
-2.494680005019915825e-01
2.686334505281422480e-01
1.630870753351132407e-01
1.574082869454827005e-01
1.835879304833980541e-01
8.935540003665209952e-02
2.916584021094763557e-01
2.604102728596799921e-01
2.553455180518966472e-01
7.757952611241591967e-02
2.868752936484639804e-01
7.806527310965805100e-02
1.677946322805468071e-02
-4.917566649830007464e-02
-1.562530904972874168e-01
2.384475836209389854e-01
-1.278974246774637891e-01
6.260506831633705360e-02
2.607590464089710736e-01
2.422072623260618229e-02
-6.714193248858890684e-02
9.416126288423498636e-02
-5.682544681015784249e-01
-8.510163715824532460e-01
4.612460283362906921e-02
2.837451302146334342e-01
1.569464921779442079e-01
-4.011947000077711323e-01
-1.125400043237618775e-01
-1.100014254364083399e-01
6.063389597309765122e-02
2.106967285231213793e+00
2.315388040724641883e-01
4.408769670148231512e-01
1.052307065380588824e-01
3.954725242449939060e-01
2.406713821447112878e-01
1.424356914640441119e-01
1.195870436856338870e-01
-7.017331259328116744e-01
3.002541576704800264e-01
4.979603966359533729e-01
2.319518894568943779e-01
3.178451623987896824e-01
4.854810086224929933e-01
4.423670036739686395e-01
1.007428589426684340e+00
1.162866608204943475e+00
4.334196785580282096e-01
2.731429757601091524e-01
2.385081843078999952e-01
4.659040568651207082e-01
3.553810400775354594e-01
5.811449778297195223e-01
5.642280261729908375e-01
9.621027665661117112e-01
9.916229362570341266e-01
-2.145200311991637321e+01
3.549536814101145410e+00
1.464097160589659552e+00
1.640141847584672519e+00
-4.536043267154994396e-01
-3.983617766510008096e-01
-7.456671069913127781e-01
-1.422189754079553836e+00
-1.641276006246002339e+00
-1.578761696068447407e+00
-1.811883983745289584e+00
2.292612033900477186e+01
-5.366906384729901447e-01
-5.153461389701341488e-01
-3.878575582928966980e-01
-3.540083977518087011e-01
-4.925306299194467385e-01
-2.192302858640822194e-01
-4.194001010986525557e-01
-3.472372710716378208e-01
-2.747102929962110807e-01
-4.077009098953432442e-01
-5.002168871128205296e-01
-3.765124707316722663e-01
-4.364076880901635036e-01
-1.723640991427011215e-01
-5.117245387366722298e-01
-4.137852944898092744e-01
-3.595079241067367093e-01
-3.195566223164867381e-01
-4.116573328998640591e-01
-1.817846434602792272e-01
-3.751905668988477771e-01
-4.055093068394342026e-01
-6.332678995764808860e-01
-2.158883978237469137e-02
-2.033336103240031889e+00
2.471755912872481531e+00
-1.878889946343193174e+00
1.196441243075916816e+00
-1.615292056815107458e-01
5.348779033377297765e-01
1.140129594162786475e-01
3.133683290961783996e-01
2.850219415174848336e-01
1.614468749046693574e-02
2.521392139622946615e-02
4.756158368151375271e-02
3.338387213833726719e-01
-2.656392631443864616e-01
-2.380624958485242360e-01
4.212095740609669292e-01
-6.086229583848918878e-01
2.006782157851105808e-01
2.008468894901298540e-01
3.642549061068223182e-02
3.131845883617430104e-01
2.050378844228895048e-01
3.888868093702555484e-01
6.797302158373597081e-01
6.374828892192319074e-01
7.799144761426504147e-01
8.753610907471234270e-01
1.028851598806006962e+00
4.932448258741253255e-01
3.672151283753670725e-01
2.623891771550432850e-01
2.672498859233805035e-01
-1.366761216748848540e-01
4.543394898069408328e-02
1.047614678151163048e-01
3.602573468803598189e-01
2.334910178673439418e-01
2.992442643598955954e-01
5.058125017020103087e-01
8.637533969368860198e-02
3.379927474957149514e-01
5.019210595193328572e-01
-2.136851104057162942e+01
4.681697501600893929e+00
5.012944673040912846e+00
1.712031303386886805e+00
7.494625594396424617e-01
3.024312017419106269e-01
4.559526285163144621e-01
4.328577880952089174e-01
-3.156019317367260157e-01
-2.606192528569835076e-01
-2.050167687779520520e-01
-6.167576399776066864e-01
-1.062537149837837092e+00
-1.568904519265032604e+00
-1.866632219328344888e+00
-2.040337663631071052e+00
-1.645437922383038654e+00
-1.487365686587345692e+00
-1.147074033092870593e+00
-1.810812324644679450e+00
-1.619134602563512715e+00
-1.410935876654377807e+00
2.391665496007041369e+01
-4.264846824637267275e-01
-2.965986710556833827e-01
-3.183637046493572598e-01
-3.791690483386780386e-01
-4.020903777793307654e-01
-3.777659939733588601e-01
-2.351091243673977260e-01
-3.251048284366397922e-01
-2.139106780208450687e-01
-2.602500328439631971e-01
-2.397322987583656584e-01
-1.638108462766503237e-01
-4.815486588812945001e-01
2.200001036133194532e-01
-4.719917648870861626e-01
-1.331998148914337321e-01
-3.144251620233333711e-01
-2.080904598496147173e-02
1.936744043140770088e-01
3.750962972963058917e-01
3.102540607366535141e-01
1.809330835389211245e-01
1.511889999351723191e-02
1.704975505713228756e-01
-1.244120850545904489e-01
-5.341211547573720964e-02
-3.213019303597164367e-02
-6.112475683201878951e-02
-5.236206343265337182e-02
-2.736546975756226630e-02
-1.694834048239748370e-01
1.145315169652292298e-01
-3.299298882964372126e-01
-2.336521594136087288e-02
-1.132658995801421042e-01
1.046768449790747013e-02
-2.256520139808841918e-01
-6.142826020820280064e-02
-1.194045409734840746e-01
-2.123983248651484246e-03
-9.252384033089811055e-02
-2.108208937157840523e-02
7.272774931246672736e-02
3.320024380541610753e-01
1.526633732860034343e-01
4.758105385154465239e-02
-1.602910342069456817e-01
1.121804850679097854e-02
9.146934331956657616e-02
-2.080052482387877433e-01
1.350563072812320797e-01
-9.068196347307377891e-02
-2.109830515232502535e-02
-9.214733231804217439e-03
4.992108084962865178e-03
9.478992496259408540e-02
-8.413181666967872729e-02
-4.535938572663411605e-02
1.116630797093485228e-01
4.707606170982465699e-01
3.060400208685578605e-01
4.600390947526555863e-01
3.522620672396925556e-01
4.600073585980872792e-01
3.087682112433327575e-01
4.849076598089858692e-01
2.958314386891629511e-01
3.468561560226604001e-01
3.102050882403588616e-01
4.365251496880269144e-01
3.717274381875412814e-01
7.282030401137156161e-01
-2.182009269684273889e+01
1.978669844207686879e+00
1.604731750066953566e+00
1.148970409062322062e+00
3.970662621943432669e-02
4.941922288830795651e-01
-4.796962750694220290e-01
-9.331085317451695005e-01
-1.109731498400002181e+00
-1.326997154281031044e+00
-9.474156171873602261e-01
-1.230156763514017371e+00
-1.017398339054949474e+00
-1.232784104940591874e+00
2.393366121598376495e+01
-3.633003836609240977e-01
-3.347993497466816848e-01
-5.243569399049086144e-01
-4.014094385677040577e-01
-5.541551975810286024e-01
-1.275908163551058294e-01
-4.679396203393366704e-01
-2.319836972120121743e-01
-4.542222841966001567e-01
-4.433075809238573584e-01
-4.112624764897780949e-01
-4.441596835506338437e-01
-1.100642874365572510e+00
1.033285061860272691e+00
-1.106641360278185715e+00
-4.319337900092286020e-01
-4.298699722987997518e-01
-5.304761476839630063e-01
-3.682167666504199133e-01
-4.212484674371452797e-01
-1.728498473446222761e-01
-1.644124255571810522e-01
-5.527504242721548167e-01
-5.337540442064039325e-01
-7.792949971020348698e-01
-2.390361568374999024e-01
-5.512713615599622585e-01
-2.062216287632239187e-01
-5.980444386646155408e-01
-4.217593424793264489e-01
-4.508006895110270307e-01
6.411843020562173479e-01
1.786726518007739628e-01
2.349330794155193303e-01
2.383009292578606164e-01
6.636743838726744116e-02
1.396482283475108943e-01
-2.282940620336262327e-01
5.529094756005292766e-02
4.957244450119944190e-01
2.933820183186881536e-01
2.814557473036458646e-01
4.389546518100573280e-01
3.856177178428197294e-01
-7.005957332432899420e-02
7.315851110126914136e-02
-7.543978342113177860e-02
-2.325335873574800871e-01
-2.681323666581150178e-01
-3.052898956901870520e-01
-2.808337721892755212e-01
-2.622287189749741287e-01
-1.120823812399152075e-01
2.216481888944059619e-01
3.084969502852672463e-01
3.586055157298559948e-01
2.158489459061101456e-01
2.093166842329736710e-01
6.453865783824142000e-01
-2.414877746467425368e-03
4.055937526106561108e-01
1.946331870119166751e-01
1.886927780652172260e-01
3.654809205134625927e-01
1.593910443592960746e-02
1.603273194960763703e-01
8.780975504548393928e-02
4.133212326118780311e-01
-5.277029921880682650e-02
1.710585224366667489e-01
1.640790137389274150e-01
2.025237629452156796e-01
-1.539860297534580980e-01
2.237513272485962545e-01
-1.320194390608477875e-01
1.736829389057774620e-01
3.415308809820771785e-03
1.310941801020746311e-01
1.022912378572797820e-01
-1.580026889824566183e-01
1.370844393487224977e-01
7.022272891569159015e-02
3.655516844466077941e-01
1.591678823121753794e-01
4.723779585179244123e-02
1.214781552280399524e-01
1.331879791330550233e-01
-1.870712319290710468e-01
-1.425279615991712490e-01
-2.341376005930335680e-01
2.799526430414900346e-02
-1.390699215822976953e-01
-2.319093666611244942e-01
-1.100867224627215535e-01
-9.512734534417077725e-02
-5.725236259733534894e-02
5.925340778161114486e-02
5.776851394617921187e-02
-1.573666884945978950e-02
-2.988813537797341269e-03
7.997881251977645434e-02
1.246650773874726781e-01
-2.174048484307533613e-01
-1.299184679612572779e-01
-1.111329740095001739e-02
-1.559976599424324206e-01
1.656888968684100405e-02
-2.680072120764691590e-01
7.857132465003502375e-02
-2.754795443470854366e-01
-3.868537716530937587e-01
-7.624632954355803349e-02
-5.299781238479681633e-01
-1.621105774351789819e-01
-2.947682983974715398e-01
1.430073409438108456e-01
3.812549102925189004e-01
1.969049466423129502e-01
2.254671832539543175e-01
1.777240551227237120e-01
9.869968107722115747e-02
-5.897468504223013497e-02
6.459078341161017534e-02
1.303310219852704677e-02
7.177026423007504263e-02
-2.973358910838896918e-02
1.750168100246440872e-02
1.295816987515792107e-01
-1.014981628589808338e-01
9.156412513502232287e-02
4.336627108553159360e-02
2.198412328053578335e-01
3.531284488312600445e-01
1.076180283890053602e-01
2.628503916773432536e-01
2.610872021726571290e-01
3.140353200869405725e-01
2.725497470421807122e-01
1.684590805158059368e-01
4.408646928360155925e-01
9.699129825519356984e-01
1.171589851624606382e+00
9.743665146802307220e-01
5.947847171874762751e-01
1.275553824562969396e-01
2.895337805438913392e-01
-3.228002728187107095e-02
-2.777814581693540674e-01
-6.367781746480858374e-01
-7.750540232113216632e-01
-7.412165195886721847e-01
-4.559740520314079504e-01
-5.957079954220425577e-01
-1.781485580630466359e-01
-2.365369171197215792e-01
-3.218079517388012789e-01
-1.291926266690310854e-01
-1.157281032108450347e-01
2.674607943634477181e-01
2.932382243248987663e-01
4.726465685320562216e-01
-1.789553068181639617e-01
3.618494979712139070e-01
1.493179196892135963e-01
2.854169345831749638e-01
1.902272512577312114e-01
5.486946106713226357e-01
5.993132622809014265e-01
7.138433433033668507e-01
7.298236159974251791e-01
1.193303477482313468e+00
5.773762162265043685e-01
-2.289544745692603556e+01
3.769876641446217036e-01
1.266585581987953901e+00
-5.548998051362374895e-01
-9.220151764513744297e-01
2.307399645336839811e+01
-2.501639888472497475e+01
2.388462865751812458e+01
-3.859137792129203604e-01
-4.632620929681650068e-01
-9.186470279922431814e-02
-3.726099651135044155e-01
1.716961820966673713e-01
1.674377002607130294e-02
4.700113959764706806e-02
1.862554090295738263e-01
3.445452231835730572e-01
2.819680200502929779e-01
3.193989180926912752e-01
2.004794624465837671e-01
-2.340212437730562556e+01
2.442582927729620579e+01
-2.265667413294734089e+01
1.363663591911816297e+00
7.876197146309706909e-01
1.107928065109490490e+00
4.944730561734616003e-01
2.116823176032664477e+01
-2.178833713027827912e-02
-2.099262232249614613e-01
-2.593704534689962315e-01
-1.598390749607396799e-01
-3.561110767910271591e-01
-2.321772506241487832e+01
-1.450099875297340191e+00
2.284471690435610114e+01
-2.539510146488722953e+01
2.428533311971459696e+01
-5.800083220792799921e-01
-3.101202290773912296e-01
-4.116948404667439831e-01
-9.735809020245156375e-02
5.695210077412582450e-02
-2.773037333719337028e-01
1.951912586846589193e-01
2.008819454256425274e-01
2.321254990043541966e-01
1.914191981287380884e-01
2.975231376422868834e-01
1.066472177292745016e+00
1.537122637342580589e+00
-1.809870426955923151e+01
6.604419950011440221e+00
2.670459491133740926e+00
2.313628127089337738e-01
8.809550469076654622e-02
1.328288923869358484e-01
1.903524921532092407e+00
5.460178067857480499e+00
-2.499379673609329444e+00
-7.903254279209903643e-03
-4.077501354430026481e+00
8.508425868102321488e+00
-1.270678108966780684e+00
1.106978178451828221e+01
-5.981662097903193143e-01
-5.524994887575243041e-01
-6.030404666647832812e-01
-8.564757651388283932e-01
-9.499918089203287508e-01
-1.802372944319658288e+01
-3.339732600179402766e+00
-2.613540099575260456e+00
-2.181704170786808561e+00
-2.589661519972580095e+00
-2.192002249256518098e+00
2.262491829910198859e+01
-5.565087591791595401e-01
-7.341358972919813652e-01
-4.972124341857551144e-01
-8.210404064429930315e-01
-2.297712413717682978e-01
-8.136947419948548088e-01
-4.469370490876727331e-01
-7.029115341441176668e-01
-3.068277327180908287e-01
-4.727425477769173767e-01
-1.248099849905877079e-01
3.998058103149979559e-01
3.180321740083194015e-01
-9.197555905845788971e-02
-2.120993304733396201e-01
-1.319530776690349683e-01
-3.734921564330626609e-01
-3.710098393254952498e-01
-3.119807712421795998e-01
-4.939907372033793820e-01
-2.794864123933855637e-01
-5.623005537574385926e-01
1.213300147021953990e-01
-6.098552620052046791e-01
-1.183511488731383565e-01
-5.742449152922830535e-01
-2.320902960168567120e-01
-6.215564729365041785e-01
-5.895240004210222651e-01
3.122805385856963767e-02
-3.358626660865127178e-02
-4.097973289286258591e-01
-3.106842812774388563e-01
-3.537023857937526827e-01
-5.008128865862673251e-01
-8.707572909760585844e-02
-4.073510623775788986e-01
-2.723074460717782586e-01
-2.555515291542889145e-01
1.271608302776883193e-01
-1.819845123853838231e-01
-1.196587088468561433e-01
-2.380002211580318772e-01
-3.767290004961409977e-01
2.037053024800314915e-01
-2.831022319674758592e-01
-9.450029998250641938e-02
-2.069632975258031138e-01
-1.174515947302054997e-01
-2.150775997696214858e-01
4.909435777597792594e-02
-1.920048760646437813e-01
-1.515373505024513179e-01
-8.035234899681853449e-02
-1.207457931717428323e-01
-2.427383763093899915e-01
-3.766101012344904575e-01
3.293589793217179817e-01
-3.726702452574102153e-01
-2.240112214977330041e-01
-1.694214546638690422e-01
-2.103430528163130475e-01
-2.295599782105028908e-02
-8.584604527902683913e-02
-2.199969693715004837e-01
-1.316739332843326338e-01
-2.001876786689038568e-01
-1.416582779502562062e-02
-2.148488414790250545e-01
-8.375679797017454575e-02
-9.586858203969939041e-02
-1.634614209859961420e-01
-2.404849155490396129e-01
-1.433261994152275065e-01
9.464436132184061989e-03
5.242003097585268279e-02
4.480290349957130047e-01
2.542148759303657357e-01
3.197625107825388113e-01
9.690424187748192253e-02
2.798271976883413004e-01
1.389521202034416092e-02
1.802208179010875710e-01
1.266923213269492976e-01
2.159081636846948982e-01
8.760438254904556743e-02
6.400431568892628320e-02
-7.311284128164174945e-04
7.846384385180016352e-02
3.739196662493569079e-01
5.574661842480423957e-01
1.327779294303184088e-01
3.296737705718371103e-01
2.437015444959769184e-01
3.621852490056838292e-01
2.701362898065866602e-01
3.347457265653730474e-01
3.401992876082644557e-01
5.970689186029929374e-01
5.433857140914639672e-01
1.210769692101024475e+00
1.206006277060204468e+00
1.301537533321187823e+00
1.255958520923186938e+00
1.102369551811566595e+00
1.244746781622325216e+00
1.111777327332667653e+00
1.737640564073014815e+00
3.033794915797543013e-01
1.706261089872072034e-01
2.630884217144391357e-01
6.718594311411791864e-01
-1.036723240734751528e-01
-7.800060683477596513e-01
-2.516621629080080425e+01
2.496889391273371217e+01
-3.304430811128398204e-01
4.981349563148995685e-03
-3.123986723851039926e-01
4.284731963687811174e-01
-2.395124223990237056e-01
-2.992593194785797550e-02
2.547309310002177085e-02
1.730926893872926087e-01
-5.154492111314468161e-02
1.698479704025537274e-01
1.375597154121841470e-01
2.149238487308409162e-01
2.869931774538478919e-01
3.736658149059124412e-01
2.503246751991170527e-01
2.219952751143345893e-01
-2.302121633847099247e+01
2.354295913394820516e+01
-2.393940878587437382e+01
-4.357728436673085071e-01
-4.594454651507291487e-01
2.398539727540205746e+01
-2.533001944158010588e+01
2.453009947649327671e+01
-1.349257613612948603e-01
-3.363435947163644357e-01
-2.253368933307413613e-01
-2.976875664932663312e-01
-2.555300138317093683e-01
-3.311381938965176630e-01
-1.665375474899732922e-01
-3.001533775687974526e-01
-2.476097673681501021e-01
-1.260890462477952667e-01
1.131774672313916597e-01
3.992475833920607897e-01
1.605994725138408796e-01
1.603288062871897068e-01
6.582891083684927480e-02
6.661162070331911877e-01
-1.383358679445581885e+00
4.684177430628118088e-01
-8.269821255031004625e-01
6.430674951037218534e-02
-6.477468747748744704e-01
-1.321028360867195772e-01
-1.752700664054387403e-01
-3.291768065541766930e-01
-2.440054601768046894e-01
-2.996822617647332265e-01
-2.972914889981552733e-01
-3.732005271054106288e-01
-2.377330251066034350e-01
-4.144685132945475914e-01
-2.812838396475534353e-01
-3.213729539020704351e-01
-3.210683239000893252e-01
-2.787144299390362789e-01
-2.795345755140985489e-01
-3.951266045071903932e-01
-2.112596945642124524e-01
-2.892005538666424513e-01
-3.214036803899276151e-01
-2.560452539305799746e-01
-2.217031382179825982e-01
-2.049180579909375410e-01
-5.178328588716425429e-01
5.157437082935700801e-02
-3.838936216724135875e-01
-1.036959137712031520e+00
1.011405407923739119e+00
-6.367185187201300778e-01
-4.729327768556856881e-02
1.061024038036322281e-01
4.414506757370944001e-01
-4.644056981401689654e-02
1.402936298259405135e-01
3.495465251743468116e-02
-7.980117584103396666e-02
1.021673582149063009e-01
1.301076725126932843e-01
1.304023319564322492e-01
7.113086272332225235e-02
3.258898011430630959e-01
3.879012198639486542e-01
4.522639439337865497e-01
2.441203632780784005e-01
2.751922336690881821e-01
5.405913257927466020e-01
3.796376530232734581e-01
4.436896070420459637e-02
3.894813694765986156e-01
4.749178499005637377e-01
3.181996159876803176e-01
8.366320078010716088e-01
9.140607734311885224e-01
8.352341743750564262e-01
7.635399161706857285e-01
3.573962027123300800e-01
2.210467126887394329e-01
7.211171155125519761e-01
9.029971562864034240e-01
1.343418319754345447e+00
-2.304904356362942863e+01
1.659640466957881699e+00
4.421284650991410103e+00
5.623034891036887473e+00
5.827411222557341119e+00
4.956696731895277708e+00
-1.008948306351691215e+01
1.057675909629439559e+01
-1.706759565070491647e+00
-2.512312771619477303e+00
-2.995924867589522478e+00
-3.218342137572022921e+00
-3.621243604521716009e+00
-3.563579210726551594e+00
-3.409396570486478595e+00
2.128189065634424182e+01
-7.251854882735102592e-01
-7.641265987400700510e-01
-8.676400837219766515e-01
-6.547118163610079478e-01
-9.319749271634556465e-01
-5.494889929535133888e-01
-6.815273750881090109e-01
-3.299919144876355404e-01
-4.063688157185119110e-01
-3.696700262701533291e-01
-3.321020103354079822e-01
-4.351121365804893060e-01
-4.125076547142612071e-01
-5.722011442371162104e-01
-2.645281190668100635e-01
-3.551920156365611092e-01
-1.182731245546122523e-01
-4.389296955361174923e-01
-5.184030558357193286e-01
-6.501658316238376756e-01
-2.587233758808551443e-01
-3.874505392521285785e-01
-4.330671174886049357e-01
-3.592901890800490605e-01
-2.409713789951481999e-01
-1.710649940710879946e-01
1.211024884885745223e-01
-3.097393210683705433e-01
-2.764167975300324542e-01
2.152035563386789363e-02
-9.271762702731223271e-02
-2.529562423677518268e-01
4.446535630132686379e-01
4.091830728478385026e-02
3.383135543362314479e-01
1.349727666019404637e-01
3.117557552411724942e-01
1.372358029112348277e-01
4.234469360408397165e-01
8.777613708020481909e-02
1.770065333425634435e-01
3.138592708286296329e-01
4.370386201260743064e-01
6.949656542971638373e-04
5.989075964124808138e-01
2.559187432245479954e-01
2.202428906475404347e-01
9.825460047944289954e-02
3.170100955337389337e-01
2.872770620563969146e-01
4.433158972743242998e-01
7.132085192775683424e-01
-6.939521529519865339e-01
8.634715546342874859e-04
-4.954886378732794583e-01
-2.132343922554724713e-02
-7.462387823452587554e-02
-6.998771991711691953e-01
-5.159964409786539363e-01
-5.423497185368759688e-01
-2.813421866799430404e-01
-2.618725491197650967e-01
-1.936644703708338966e-01
-3.521161501274363559e-01
-1.932114513905247577e-01
-4.311853718284481829e-01
-1.912332553194815432e-01
-2.391664948195355578e-01
-1.055169903097095130e-01
-3.839210616985866409e-01
-1.061075422347599329e-01
-5.243945786606758475e-01
-3.141369026758198402e-01
-7.269487392887441501e-02
-4.461737434530945734e-01
-5.843343898655461999e-02
-7.961804011567608086e-02
-1.607370013651632235e-01
8.796001163570821291e-02
-2.833401997782871717e-01
-5.251472521275246663e-02
7.813864722190544398e-02
-1.054472454977286588e-01
3.127092399748931939e-02
3.600754802076266969e-01
2.506367615932347803e-01
2.498553812972374999e-01
1.032947299291748777e-01
3.953974878363410994e-01
8.558087515824297498e-02
4.401027642491399661e-01
3.648864887253466804e-02
2.701160778679252417e-01
2.007778212112469873e-01
6.096018557870976906e-01
1.916630217273720405e-01
-1.649436348267059316e-01
-2.568079301214396537e-01
3.222384030612133188e-01
1.043019884339457803e-02
-3.316215121265457810e-01
2.742142070871409487e-01
3.071436264124116633e-02
2.065916496663930957e-01
2.529097750623705565e-01
4.981027109496594107e-01
2.687636442183318763e-01
2.052537143549670873e-01
3.163002554209981554e-01
4.410988642334245924e-01
3.592649773554086323e-01
1.626609193403112386e-01
5.382355574697328393e-01
-4.896217737554167115e-01
-6.995278216726319442e-02
-6.901469307163381472e-01
6.442988701270735419e-02
-3.801248448634595434e-01
-4.404720080352575451e-02
-1.256611507507372494e-01
-2.231403959444762108e-01
-3.079233583879101843e-01
3.067370718955615416e-01
1.966898731377426657e-01
2.936684295190588045e-01
4.249229709065076577e-01
4.265450767498464302e-01
2.498806146160887920e-01
3.128438674774400852e-01
3.930168429049132328e-01
1.241693306972564415e-01
1.595618265704459304e-01
4.010051848826137189e-01
-8.516898718171717064e-02
-2.092827757672282019e-01
-7.397736572934903165e-01
-2.396865233975020715e-01
-1.976571291250692752e-01
-2.206233146167804193e-01
-6.188634169678692842e-01
-5.887396998624438993e-02
-4.475001185188887121e-02
-2.858741836240170642e-01
-2.326915370683124706e-01
2.832225377414445688e-01
4.150367353269288628e-01
2.860887751755782915e-01
4.208608068554511306e-01
3.435210868926716898e-01
3.871887552287063272e-01
5.739600473913561984e-01
3.617629923260672342e-01
2.573787642827802813e-01
2.963587155327864764e-01
1.214486900191253937e-01
-1.272131375236398299e-01
8.105905449425065967e-02
-1.137049005403056867e-01
4.098717212423217404e-01
-5.132112398395172193e-01
-6.832378628740052307e-01
-5.218264264927050533e-01
2.668062189262876416e-01
-3.891501945163966525e-02
-5.302131561862140074e-01
-2.975559721505476318e-01
-8.378938449424637724e-01
-6.346512794564702631e-01
-4.046364636525652259e-01
-3.320879351981886884e-01
-2.682497311239373516e-01
-4.605086437686551903e-01
-4.899590740379835552e-01
-1.989569190926445685e-01
-2.349997580418445864e-01
-4.910517793033335465e-01
-3.120275707928499287e-03
3.408250357446149792e-01
5.779843486680604769e-01
-1.489699959770121040e-01
2.416003205388008723e-01
1.685665106927629608e-01
9.883627347842605104e-02
-3.128930171591264298e-01
4.338575870260399370e-01
1.325090786072635751e-01
-1.377852490843451960e-01
-1.138227908874853256e+00
-1.426653584310599854e-03
2.277921061318792795e-01
-5.429317093274406147e-01
-2.535648677222113179e-01
5.128523179520669828e-01
2.324633102259667794e-01
6.659542639126385666e-01
5.408869693640383502e-02
8.098451355721962841e-01
-2.129253653946534541e-01
6.897091178483307772e-01
5.032788492430739780e-02
3.465955339926907186e-01
-9.102333355680514160e-02
3.924035296346772839e-02
-8.156119105858294915e-02
-2.134801520968778732e-01
-3.380460522055770411e-01
1.237816159177143049e-01
5.681876572779032131e-02
-6.622520041424451165e-02
1.394844317504961850e-01
-2.717318704516955563e-01
9.798577170802715841e-01
-1.901564306671446047e-01
5.981890143192458709e-02
-3.020536665464845782e-02
1.710433682915990516e-01
-1.647516113961700057e-01
1.620478917014338549e-01
5.188725846205315406e-01
-3.889467779957058724e-01
-3.828966829671571759e-01
-8.355817869739183834e-01
3.580860029437360481e-03
4.794779698832272175e-01
-3.747774878188181447e-02
4.919164857445821326e-01
4.912856738264963496e-01
3.045711032010700592e-02
4.295111724993745383e-01
3.151222816813046279e-01
4.079448645540466600e-01
1.658227602515509602e-01
3.115463018144026819e-01
6.747287075335037798e-01
-1.471848118354692758e-01
-4.683829016528626710e-01
-3.669303316377039437e-01
-4.074347624994842931e-01
1.402938114936713276e+00
-2.408676828451206120e-01
3.793458576065553700e-01
2.134563305043961634e-01
1.355871464123232784e-01
2.405830286482633085e-01
1.651037647123878571e-01
9.634797041815446050e-02
4.364927916281047260e-02
4.827338704278538728e-01
-5.913842166197014194e-02
-3.116316594471868484e-03
4.472628626040524580e-01
8.844736208666503785e-02
3.015718655429253658e-01
1.346731934236942152e-01
1.936510188914617459e-01
1.258773634939913677e-01
1.489285812672562770e-01
1.659285980395708293e-02
1.584181858212510008e-01
2.301377347857567202e-01
4.775458883874605931e-01
2.331997891460844130e-01
1.839379174964470565e-01
-8.128826706549574510e-03
1.342071588407698357e-01
7.198897420080641041e-02
6.014168484973687612e-01
-7.046331961120344545e-02
-2.613574105666884861e-01
2.732440022879849550e-01
3.330865839902159564e-01
4.882779676909478894e-01
2.783542772811138377e-01
4.024779373572719976e-01
4.053784363961234760e-01
-2.224762648809030452e+01
4.236373200830165331e+00
2.535063099695307187e+00
1.409341220326275845e+00
1.956855298236158802e+01
3.313510952313940550e-01
1.998265819518501019e-01
2.005299525653825299e-01
-2.317985363541197330e-02
-1.015389537572524148e-01
-2.738936042185855513e-01
-3.676878284018592069e-01
-6.097349551344670715e-01
-5.241926838344213024e-01
-2.148669926097992189e+01
2.030350071331469408e+01
-2.395657299755341896e+01
-2.325827838658092617e+00
2.301169050520410053e+01
-5.469146181514474847e-01
-5.106844181883758438e-01
-5.339717829610037825e-01
-6.802270286843778990e-01
-5.622746919964995982e-01
-5.576023174344939548e-01
-7.191205472930271014e-01
-6.404649488761506859e-01
-6.663723154527474435e-01
-6.012962224886564400e-01
-7.786065240520052555e-01
-4.754727168125789660e-01
-3.905095326832999092e-01
-5.588751683674004767e-01
1.260319219940697621e-02
-1.432782016667317748e-01
-5.486819198008419107e-02
-5.549209607658980303e-01
-3.816229774247617001e-01
2.122023776963715136e-01
7.112805835241431396e-02
3.441841575246584739e-01
3.108623051176664376e-01
3.008224010232893875e-01
3.530204130677248031e-01
3.745240780384193613e-01
7.620160157620183838e-01
1.139414985841064265e+00
1.340544029336609100e+00
1.209382938516355921e+00
3.586388662832220575e-01
4.964723119213516611e-01
2.056942760909876711e-01
1.189632616733327097e-01
5.499617231267315276e-01
-7.915929351070154496e-01
-2.181120084929695224e-01
-6.433411437894100970e-01
1.124509023931068441e-01
-2.334595208086405194e-01
-3.940509738359807557e-01
-3.305956898964623747e-02
1.874126636487467579e-01
3.358408474923315623e-01
3.456675429782727349e-01
-6.730986843996689117e-02
-8.399469903853074015e-02
-2.644004496600516063e-02
-8.683159019685859903e-02
-2.076437752265967163e-01
1.651103163946139318e-01
3.530622915322361166e-01
-7.438703919305638124e-01
4.229085171364026507e-01
-6.078851362735377961e-01
2.601557478227540798e-01
1.611520725643131868e-01
5.090556163358073150e-02
2.428226878041215286e-01
6.214780853714074738e-02
4.475228476481518669e-02
3.655748031714196600e-01
-6.975828097648317794e-02
1.225730724959426254e-01
-9.603360359403723123e-02
2.526111661082275361e-01
2.034691805331156900e-01
-2.513199090613227327e-02
8.599747573917682075e-02
4.701962941404786989e-01
1.844802489637373810e-01
3.320605594569059349e-01
1.723045437325865237e-01
2.078528452037815555e-01
6.716661322587214045e-02
-2.493928708822085838e+01
2.494285482045657076e+01
-7.460774635891098683e-02
-9.467120951490670677e-02
-2.937607613589392486e-01
-1.135719700999899828e-01
-4.559668938529028992e-01
-1.571333955610576538e-01
-3.764747726201846945e-01
-2.513351648805333127e-01
-3.468602794681849844e-01
-3.485814873729431440e-01
-4.776478124673673165e-01
3.145658415389149809e-01
-9.357208742644118615e-02
-1.180781140904230142e-02
2.819270321409206304e-02
-1.040852929886533218e-01
-1.973158862940991298e-01
-2.532033214193489812e-01
-3.299462059616473653e-01
1.873280667114087805e-01
-1.110590679851085838e+00
-1.953290778674201533e-01
-6.829891223665036648e-01
-2.169560799689485009e-01
-5.450664854937414816e-01
-3.606460448601538360e-01
-4.545682648892821476e-01
-4.059724021670341187e-01
-3.014306357099414413e-01
-1.818447721357259184e-01
-3.637401321420909994e-01
-2.704556577757628588e-01
-7.111797904896945965e-01
-5.468348617047098514e-01
-3.430624045262433697e-01
-3.360089513346053991e-01
-4.977034392152575037e-01
-2.945770089824577553e-01
-4.489505546393601776e-01
-2.729102025951561927e-01
-3.630892494479311949e-01
-5.589426154794381318e-01
-8.644428994790587240e-02
6.471585438625737652e-02
3.093076576632043384e-01
-8.947030873657269012e-02
-7.972523799743669315e-03
-5.406182356800570687e-03
-2.524515093143406830e-01
1.746381509077323813e-01
-2.894243836104450907e-01
-1.028424492853545757e-01
-4.107521065056829457e-02
-2.236653267372474829e-01
-2.552056527147215093e-01
-2.507395985802318705e-01
-3.103209243825801877e-01
-2.887140316112066785e-01
-1.715382316891904679e-01
-3.221955087934134099e-01
-3.970525279915904093e-02
-2.087962323762155847e-01
8.784878265469586722e-02
2.434774827627705918e-01
1.704921660192937338e-01
3.567618051230709852e-01
-4.155145092757095426e-02
1.016766974329001982e-01
1.342957036079539535e-01
-2.470268226356893138e-01
-5.954614502291377676e-02
2.492514305184556633e-02
3.190419436590872238e-01
2.248877259479513668e-01
4.427657410647825031e-01
6.570730764692029879e-01
1.179527551766447857e+00
1.129924207215346144e+00
1.080641629559565331e+00
1.290890664317295489e+00
1.417663703469330017e+00
1.404829865433466551e+00
1.296818248929625383e+00
6.072579550391985492e-01
2.994910153250813778e-01
1.543918538550421715e-01
1.584133054109884142e-01
-7.766823275013479133e-02
4.140694350885603114e-01
-2.932021140168572515e-01
7.622680568451052352e-01
-5.696206691368352892e-01
-1.022608236322980702e+00
-6.088709246876327086e-01
-8.240908840127971757e-01
-3.494078435275227434e-01
-7.929397317242212750e-01
-5.072976043029662208e-01
-5.168016163278075226e-01
-4.419756866427135833e-01
-2.944136927363132372e-01
-4.894953451151025092e-01
-4.122574857561289718e-03
-1.015000080980101416e+00
-4.576043788608856744e-01
-7.140659162148494943e-01
-3.686966899888730609e-01
-7.125368566864409559e-01
-5.759859615723996740e-01
-6.900654201064639892e-01
-8.439608880811846348e-01
-1.539480680465956652e-01
-3.488447548179323121e-01
-6.583050914995496328e-01
-4.259194936019028432e-01
-5.881117741776265007e-01
-3.572402703717116879e-01
1.881672103369425031e-02
2.375081857484886427e-01
1.768202336978248468e-01
1.967762695165689024e-01
9.303650410283381689e-02
-2.467728398747226493e-01
-3.261288027779229992e-01
-6.806648687890515248e-02
-1.241083775733002881e-01
1.151092035607987896e-01
1.470875850279611541e-01
-2.465885036859916113e-01
-2.592800063596314430e-01
-2.048408245077624201e-01
1.537599495310431053e-01
7.996565728679172480e-02
-1.354926564556890867e-01
1.524800115637390263e-01
4.875960985542562298e-01
3.672912038531421786e-01
1.735191191713809644e-01
-1.807310383649252117e-02
3.210255485917912210e-03
2.382351408153553507e-01
-2.048559489812973311e-01
3.802148360939838767e-03
-1.413430066932406248e-01
2.003501630355017937e-01
7.471054639444005829e-01
-6.546660266728565603e-02
1.665531836542086808e-01
-3.550173230547457592e-01
1.297365132760859296e-01
4.531572566096642163e-01
1.778142561979976222e-01
-3.089713872790440519e-01
-9.747275472487118009e-01
4.399994418324979506e-01
2.142407628733309366e-01
1.043867182327858245e+00
3.470533619016862303e-01
8.099238829404598050e-01
5.365490389047593567e-01
6.586007697601274913e-01
1.222373822694542866e+00
2.985537445368535714e-01
2.239745804983925836e-01
2.075136806326440819e-01
6.238894776253118835e-01
1.264164488037948786e-01
3.449125953703102709e-01
2.858332298326544674e-01
5.852007449962570718e-01
1.214940213487828657e+00
1.337427146570398406e+00
2.301056645204660356e+00
1.560549505347101018e+00
1.492753018341115734e+00
-2.243402119642735926e+01
1.455843846029175381e+00
9.645325600116052556e-01
1.389614638871577768e+00
-4.940540933473442919e-01
-8.281380316271835795e-01
-1.123688423354174404e+00
-1.746804041460109147e+00
2.309374388624867436e+01
-5.562256776925167401e-01
-5.439511080513454999e-01
-4.372919147606424417e-01
-5.155801671282809195e-01
-7.037866794935396797e-01
-6.436900857140628318e-01
-5.706489424091252260e-01
-7.047716423601144697e-01
-5.866901659421586146e-01
-6.590400393509447952e-01
-4.978390217887991298e-01
-4.877232871339636233e-01
-5.462082581508553858e-01
-5.137030712830537027e-01
-3.102389340980167276e-01
-7.269298666475592086e-01
-5.757184432635895632e-01
-7.958393044516398618e-01
-4.453217472594630522e-01
-5.664692420330226241e-01
-3.415452836971866191e-01
-4.993299735720171384e-01
-4.601359668518796298e-01
-4.124641556404640141e-01
-4.900417867725224141e-01
-4.461444680359960557e-01
-2.707544635010421530e-01
-6.090258655507412300e-01
2.263410948589736904e-01
1.448150609344338591e-01
-5.148943956627860530e-01
1.546761211394262148e+00
8.084430300171874251e-02
-3.051581562498029143e-02
5.300213622439287064e-02
1.307480159631708716e-01
2.252970412236905418e-01
9.874569872176408580e-02
-2.909623898702307088e-03
1.303434981988829122e-01
3.702268696583814744e-01
2.528708264301116060e-01
5.214017243454733830e-01
7.884521620356821359e-01
1.443358231999759766e+00
9.501360215944174570e-01
1.114223425473163331e+00
1.258679223789545887e+00
7.772246620317986299e-01
1.828672846550354336e-01
4.295132686042748560e-01
2.382689574862411064e-01
1.417264384417791234e-01
6.428000736416130678e-01
-7.493819639778287467e-01
5.453394346707369778e-01
-4.071012897992964952e-01
2.813124289919599619e-01
-1.777866562508378934e-01
-1.773529283376689136e-01
-1.192593315660772646e-02
-1.641074273640299452e-01
-1.373825083665280999e-02
-2.104589218891490532e-01
-5.272689905444849501e-02
-3.703387478707256264e-01
-4.448437061703458539e-02
-9.327663562290311461e-02
2.267602543150530892e-01
1.264037341733974529e-01
4.109670544331862629e-01
2.962383744245684625e-01
2.862801943105139912e-01
2.363239094348408287e-01
1.834471205548489081e-01
2.882767613479693125e-01
2.672034345582652293e-01
-2.253784600317487730e-02
-2.670543721114704283e-01
7.564615014449138641e-01
-6.234941307971730851e-01
-7.974050322474681707e-01
-2.463950565544621440e-01
-6.109528603230032218e-01
-4.283970535801984170e-01
-2.510455956547303913e-01
-4.473543640605939231e-01
-3.386692722252107046e-01
-4.925200241300728976e-01
-1.743170681591941218e-01
-4.830004640370297864e-01
-2.631177440613576834e-01
-3.871302536239298320e-01
-3.445236306838879159e-01
-4.254000916399647281e-01
-2.838883488028756119e-01
-3.332879302241806840e-01
-3.271101157410498672e-01
-2.664787923374660750e-01
-4.694982785035008988e-01
-1.104649035397073931e-01
-4.749990631087754878e-01
-6.076180519514196021e-02
-6.389622860604191601e-01
2.862238642005081601e-01
-2.187696713380873348e-01
-2.295257684376252882e-01
-5.426482528149989548e-02
-1.735238211212930537e-01
-2.053813668286608163e-02
-1.108480178734794208e-01
-5.227604015632181245e-02
9.070628747635112177e-02
6.766776423151057429e-01
1.873919589758230586e-01
2.649479922617814509e-02
6.013213847325502570e-01
5.433303102052846612e-01
7.194570884409756673e-02
4.197327689107126503e-01
4.978832069814842498e-02
2.849423809524580520e-01
9.642314717781630407e-02
2.266823202473204901e-01
6.790378522206381717e-01
3.212896655337829088e-01
3.784635704223333619e-01
8.685075954003700360e-01
8.305437284278127663e-01
5.974765650593525379e-01
4.314595410175066093e-01
3.432538769497526232e-01
3.977383554627316187e-01
7.554090521983205520e-01
1.216243938103072963e+00
8.445680048383934491e-01
1.855135175784887736e-01
4.104530444044840465e-01
1.631668499647815906e-01
-2.369338027387824752e+01
2.450528759804523560e+01
-2.390123350534010882e+01
1.021495613638073507e+00
1.341391387462913087e+00
1.116134451861611865e+00
1.034181227083678323e+00
8.425586151368520405e-01
6.086731982217514769e-01
5.124338890656758849e-01
1.889986394194380637e-01
-1.355000722001484803e+00
-1.053939363240957050e+00
-1.559513813043437835e+00
-2.225338921985695606e+00
2.312293341480471298e+01
-3.485548492142100940e-01
-4.686494657228728045e-01
-4.096649542822703438e-01
-3.229580408218737375e-01
-5.054524337470596151e-01
-2.981860132241003214e-01
-5.410406725808059036e-01
-2.655077357506030467e-01
-4.389850077741002110e-01
-2.504474096169353459e-01
-2.706944261132626650e-01
-2.143312733819158211e-01
-2.453297753523777658e-01
-3.784736897731200145e-01
-1.749071696063566606e-01
-3.794701242297513488e-01
-2.662691171164439652e-01
-4.198909013787677225e-01
-2.900840881440238661e-01
-3.649449233498138767e-01
-2.041898514735116521e-01
-1.516460855474264235e-01
-4.152797821586879934e-01
-3.444056707908842441e-01
-4.874653347728639119e-01
-2.864038178879511065e-01
-3.106459357431958779e-01
9.068003675184144186e-02
5.533494044053668404e-01
5.009481191567033420e-02
3.082821216549405108e-01
1.743981129116463080e-01
3.253604976894877154e-01
2.992393273069140491e-01
2.609419007830879877e-01
8.341727139751853315e-02
-3.337982427896335480e-02
-7.033371488826034579e-02
-1.920563429273691725e-01
1.078050933898282437e-01
-2.603139666708216282e-01
-1.032620833468698152e-01
-3.166215730529984285e-01
-4.418805359867619131e-01
-1.179156045827340904e-01
-3.508798067858833747e-01
5.354943881092566471e-02
-6.378107075065244658e-01
4.430414434565435045e-01
-4.215759014935187565e-01
2.735181197362379635e-02
-5.648716484162079610e-01
1.389683292956434002e-01
-5.393051402632167424e-01
1.544063918485960585e-02
-2.796720312668199426e-01
-1.823836358503356792e-01
-1.527703578030426002e-01
-1.139174665974920231e-01
-2.729425384311170433e-01
-3.186613082659945917e-01
-8.077193965057460900e-02
-1.063775532589588124e-01
-4.017648963049893496e-01
-8.291928557898131658e-02
-2.285084466953719584e-01
-1.296013495891017442e-01
-7.780917174891754939e-02
-2.365546198191239569e-01
-2.357579658740149853e-01
-4.382692981422309231e-02
-2.810074842954861651e-01
-1.546385842358546370e-01
-2.334505086449425448e-01
-2.752990993533543929e-01
-1.679819180596737738e-01
-1.860336290770590040e-01
-1.933286014569830513e-01
-4.587354356903716734e-02
-1.563964439465124201e-01
-1.178558926726793743e-01
-1.161725435878011581e-01
-3.203143317622405561e-01
-1.450896183669385664e-01
-3.222249623235740046e-02
4.732004311280491038e-02
-6.597122007206479566e-02
-1.102730452683928775e-01
5.377937876829008701e-02
2.250851564804037253e-01
-4.837541107355320946e-01
1.094185250548918020e-01
5.307006297720562316e-02
-1.895512729466588553e-01
3.055137917241523837e-02
2.265671696941424784e-01
-1.160138370322982837e-01
2.644134180055317529e-01
2.718359813776487499e-01
3.531948684193650934e-01
5.382171877998231935e-01
7.083908161374026236e-01
9.162808877276802377e-01
1.145334601137115271e+00
1.142408880721013986e+00
9.995864885337581995e-01
1.206769405546786800e+00
1.060226688880760548e+00
4.611016900442628241e-01
7.142835021228925996e-01
1.111543936540257960e-01
3.547635191772329222e-01
2.228361848072211160e-01
7.521458666863232168e-01
-3.818358353110191672e-01
-2.682030712831497965e-01
-4.376165833109659786e-01
-1.113585417594897820e-01
-2.373601446973232498e-01
-3.637896554575164032e-01
-1.222870390796231277e-01
-4.232568451992619885e-01
-6.916250145770419522e-02
2.650727561149182065e-01
3.180244020144833428e-01
2.257676668681796173e-01
2.870990641646997688e-01
3.102053179129313776e-01
7.164771589104823590e-01
1.220091546429493690e-01
4.438444636217404593e-01
6.986531286241159933e-03
1.096595774773280851e+00
-5.776724941742692465e-01
-5.873170186149714311e-01
-3.875885136370733619e-01
-3.651302668915263894e-01
-2.132400075253784166e-01
-5.498103930973528009e-01
-2.188983944852331831e-01
-1.944201868212473983e-01
9.067469998245059060e-02
3.233810849256677500e-01
2.986740850782858558e-01
1.062575840957364903e-01
9.210605179752917593e-01
5.113181944966882497e-02
3.811551128941239597e-01
1.371043808304044376e-01
9.467505386802379519e-01
3.123177180100960015e-01
4.528335009852071380e-01
3.147004418022696370e-01
3.116930123449357382e-01
3.912243208303749498e-01
-1.519439742681960581e-01
9.906501830569709455e-01
-1.093938399865134414e+00
-3.659037211890137087e-01
-3.897601582501373230e-01
-6.017797287776573967e-01
-2.537510472050605870e-01
-7.280731041316101937e-01
-3.789636593432845757e-01
-4.365603762787841902e-01
-5.925017762359914286e-01
-3.552742616239825679e-01
-5.305433403715795748e-01
-5.148676364494981783e-01
-1.396910643447810685e-01
-5.676714549160699619e-01
-2.878577590759086036e-01
-5.348148651955924038e-01
-7.871753925055884338e-01
-4.705394650377741073e-01
-3.989158722052650319e-01
-3.614386250489260988e-01
-2.703239563184638428e-01
-5.339212379494995275e-01
-4.264992821664890243e-01
-2.236907815020074963e-01
-2.842733051736772154e-01
-3.161626644376909212e-01
-3.507061392276682454e-01
-2.230900077829431893e-01
-3.901914232246781467e-01
-2.601268129910181415e-01
-5.584020731925747327e-01
5.838148365671713691e-02
-4.620761051964876742e-01
-2.764157677136580560e-01
-5.187080344314836111e-01
-9.820256332503163321e-03
-4.310288905254822112e-02
-1.230350394990011864e-01
4.222762182076778004e-01
3.296239131131386557e-01
2.241794443611340171e-01
1.958894880518116111e-01
6.448418375713274031e-01
2.793963167096933375e-01
2.050199465972326607e-01
5.360916134067892358e-01
3.105900155010701269e-01
5.842391597956790861e-01
1.043564140324200196e+00
1.025613205404496853e+00
7.166482150443158616e-01
1.910316528243356515e+00
8.166792725362945760e-01
1.320391321297286424e+00
1.094268248178909886e+00
7.341556936779305431e-01
4.501115615961808203e-01
2.969768985448411058e-01
7.553301065571211836e-01
7.744425319150316511e-01
7.162037261033269431e-01
-2.273805575401885193e+01
3.250867928793795159e+00
3.050742193478434672e+00
1.551211527403438595e+00
1.318523771648095533e+00
7.838258732631047110e-01
1.855462041359226433e+01
-1.802946221756585032e-02
-1.200530459340143352e-02
-7.468337422569710782e-01
-1.241777527125123015e-01
-5.185993235919603705e-01
-5.096343722118135133e-01
-2.279420736263818270e+01
-3.292820470497154872e+00
2.222702406294174438e+01
-5.610615431802017383e-01
-7.350643277875619219e-01
-7.032684163628921681e-01
-7.243991901156014990e-01
-5.238770595804140839e-01
-7.211133903116966337e-01
-6.234595118036807548e-01
-7.300511609024766813e-01
-6.844865429081110619e-01
-5.356265444974752654e-01
-5.086258060692756544e-01
-3.374468949258577766e-01
-6.474536846497258580e-01
-6.104176036390356330e-01
-5.150387893133725470e-01
-7.451607414668259821e-01
-5.284744804409839958e-01
-7.235886774397144450e-01
-5.304760506083354699e-01
-5.371256931497754294e-01
-3.715755859274381123e-01
-6.159695182167652661e-01
-4.988447609438679820e-01
-2.821969651283495750e-01
-5.435873307504621721e-01
-2.511902475014693437e-02
-1.731979786272006550e-01
1.405797655357901021e-01
-1.348380898802261640e-01
-8.819035818504517010e-02
1.733537709051233833e-01
-4.484537378279185305e-02
-2.022008125304637360e-01
1.648073554401108254e-01
1.917248220844030016e-01
4.894903649287201119e-01
5.755392415790794303e-02
3.401745110392795368e-01
2.877709024822650008e-01
6.184023160237188677e-01
2.878150165181097009e-01
2.836642959112225526e-01
2.784642154008736270e-01
6.720936813716846814e-01
-1.680242746232281092e-01
3.533847824052358533e-01
2.835496258227934163e-01
2.247895097598018310e-01
2.683120524853634947e-01
5.001642191095783119e-01
-6.041171491282000261e-01
-5.756905262100673326e-01
-5.200871292980266958e-01
-1.810184145518434207e-02
-5.366730915465112162e-01
-1.880710763846593636e-01
-3.793103248249565240e-01
-4.895995604550194003e-01
-1.108537535111224770e-01
-2.499622860210948261e-01
-5.354029982510084551e-01
-2.135278769369577390e-01
-4.067772508968801048e-01
-4.188208477188624101e-01
1.518160728673336735e-01
-4.891794864411735944e-01
-1.588228557577764377e-01
-2.652376767374562405e-01
-5.275970112448149507e-01
-5.224545444306016861e-02
-1.992121621588793801e-01
-1.480317518085030315e-01
-3.296847943159804117e-01
6.805071835207243680e-01
1.836205731841147326e-01
4.681357021164913590e-01
3.676758479474102614e-01
2.169791101329039407e-01
4.027076885759655056e-01
4.396954211076646857e-01
1.293822765839323097e-01
2.932238352506360002e-01
3.704812051386170424e-01
2.919685289430162811e-01
2.451006702839890750e-01
4.116408755362925831e-01
2.937832019547386153e-01
4.254999205924221428e-01
6.599356336465689310e-03
6.937660070183042649e-01
5.104214975937466647e-01
-1.594590842358485361e-01
-3.033065664406251472e-01
-5.182981485455044890e-01
4.595181643896211199e-01
-1.620595079369024916e-01
-5.916003795744870786e-01
2.286577161040241890e-01
-4.140523930896264915e-01
2.169724086902178328e-01
-4.165976193277884931e-01
-9.440685284140215572e-03
-1.277214259735401924e-01
4.198758022133404211e-01
-9.992171318584297524e-02
2.425057139148378837e-02
1.629704474089521682e-01
7.024464771966876242e-02
-3.602650345287941036e-01
-4.791977774397793155e-01
-4.956493962437775735e-01
1.904873256523700320e-01
-5.116612125698409841e-01
-1.991043147369069288e-01
-1.712272046045768548e-01
-2.538426548429981722e-01
-1.806151092227779031e-01
3.792294564077494101e-01
1.728667474089320422e-01
7.003108118432095353e-01
1.489209807314324507e-01
3.367616330679013004e-01
4.185956908320633829e-01
2.548215606480681572e-01
2.057664554619975661e-01
1.290143817888846911e+00
-9.531099142040488914e-02
5.392188313611256945e-02
-5.947683771411433895e-01
2.424940502692720656e-01
2.948852110541295701e-01
-3.038386219197306559e-01
-1.234110224157163316e-01
-8.439402515440264096e-02
-1.580693101355024055e-01
-4.645364846678745607e-02
-2.837994717218847995e-01
5.092993628992559252e-02
-2.603810721836907760e-02
-1.548569105532848766e-01
-6.507023107944576168e-02
8.910216857368880028e-02
1.283661623833864951e-01
3.543277253518510861e-01
4.305030014736601629e-01
4.630936854286531457e-01
1.312845586454969293e-01
2.724447031610282011e-01
4.007637704866340300e-01
-1.384497101348856063e-01
-6.237082569442051749e-01
-4.963510552209697835e-01
-2.217905992543620641e-01
2.302690175947788020e-01
-6.020597660564490639e-01
-2.572118124258864214e-01
-2.078808903419684384e-01
-7.024630528209172553e-01
2.150549920616384725e-01
-1.631818914340499305e-02
-3.763682550513820502e-01
-2.103414438340465153e-01
-1.963318712179429326e-01
-4.224589224227770501e-02
-9.879501552506297912e-02
3.633023496186922330e-01
3.275651915567792116e-01
7.376123073545883813e-01
2.258991169593826953e-01
4.910363744969075128e-01
4.999750026384006674e-01
2.285055211421820331e-01
1.706261026009130433e-01
1.281376566046077414e-02
7.813511382727114096e-01
-6.539469854363275658e-01
-5.789344104703317839e-01
-1.142398917605866870e+00
7.235392345446456375e-02
1.524621738978666485e-01
-8.023149675589849039e-01
-8.338692806972147764e-02
-3.139151825372863414e-01
-2.928452509263053116e-01
-7.562518484036218069e-03
4.144071849569854749e-01
5.652039476315025013e-01
7.342406567922026284e-01
3.670848367335395324e-01
-7.827871916610007474e-02
7.462953044207552011e-01
1.589945437707385167e-01
-3.184226092163342514e-01
-4.831362303665613922e-01
-3.376814767068054834e-01
-1.727207382638766830e-01
-1.395523358803743008e-01
-4.319979873592245667e-01
-4.656272659863631702e-01
3.528445692401405154e-01
-2.017025879721145998e-01
1.380125740449855698e-01
-2.486079595258843256e-01
4.353214057123722114e-01
6.087657217910376062e-01
8.867556018363842441e-02
6.593739137556156038e-01
8.194943196531667695e-01
-8.999198682483466882e-02
-4.148659196592276999e-01
-8.933279179180928509e-01
3.247816238321732385e-01
-2.377519148148579120e-01
-5.669734637057644022e-01
1.023211052624688477e-01
5.343263208119708452e-02
7.763456731184703585e-02
1.434590825295316563e-01
9.719371302879409313e-02
3.928743527286329140e-01
3.269761142980769364e-01
6.382712580948748382e-01
2.614987386335840824e-01
-1.559334893642230213e-01
-6.436881971160701710e-01
-5.990882495962779331e-02
2.194878842815128905e-01
-1.040197309593153818e-01
-1.181573712103940466e-01
-2.004874954676694188e-02
7.235969945096343281e-02
3.347442272823712983e-01
2.516710511616793156e-02
-1.803679251680492257e-01
3.741967739910521118e-01
2.155829281313472734e-01
1.623959649770441160e-01
-1.143754152356066811e-01
4.530753053690830257e-01
1.653050114395853143e-01
1.581495995007600186e-01
1.672708772012470035e-01
4.542735530211672312e-01
4.209750271612122674e-01
2.589498960074294587e-01
8.822314142773812762e-01
1.108562880548074503e+00
1.101116347755194624e+00
6.292785035848531550e-01
1.032162268549043915e-01
1.145747837002936365e+00
4.811206819364848286e-01
1.882875395449445932e-01
-6.270844758308413702e-02
3.342416634899052497e-01
1.176778335555503929e+00
1.368521309558861532e+00
-1.965277498745458828e+01
4.354657175863231089e+00
2.399226442343419308e+00
3.553029177082855483e+00
4.108189153637390234e+00
3.292198605982719073e+00
-1.064306023333502793e+01
1.245215326635278075e+01
-7.058107955539938416e-01
-9.104536093734516555e-01
-1.224626920542743136e+00
1.268041705226556637e+01
-2.090563288362670136e-01
-5.114942879781008145e-01
-4.042474190011162705e-01
-5.355195064155306994e-01
-6.401386840940865852e-01
-8.858759974634367040e-01
-1.881112536301772309e+01
-2.037130145508157852e+00
-3.436647530422398233e+00
-3.449976657023100302e+00
-2.658778435420707353e+00
2.276945159292435150e+01
-7.144019960723504425e-01
-6.252883061815524002e-01
-6.225350154952451476e-01
-6.344547576630219510e-01
-5.517041533936897224e-01
-7.561049299728352935e-01
-6.431310897499251666e-01
-2.219734633431009740e-01
-1.049857327239021032e+00
-1.204666741227669036e-01
-6.407346245564937703e-01
-5.077610359226625292e-01
-3.736730109701156266e-01
-6.034258686730566978e-01
-1.375176978173371367e-01
-6.685682374329360300e-02
2.214708402759768546e-01
2.655113294531759038e-01
-1.351495043121317963e-01
4.236363194711714186e-01
2.537012086587004944e-01
2.100849051728523875e-01
3.761238370912991513e-01
2.996859685291362041e-01
3.189131921603980402e-01
4.899208306906466248e-01
8.890205227152030432e-01
1.388443304276307799e+00
4.903965429714851609e-01
3.860234744892032666e-01
4.761103255886354191e-01
2.540816356320441116e-01
4.933544336745896430e-01
2.912944361851685926e-01
-7.941249234639577992e-01
-2.661084461979413618e+01
2.624778516630168212e+01
-9.040713122656640621e-02
-3.954594624201810404e-01
-1.196058929675842819e-01
-1.600716477235231139e-01
-7.924368385566538109e-02
1.059296652626038338e-01
3.379824692773318873e-01
2.571890805845029604e-01
2.622433926588918496e-01
1.289951641923394732e-01
-1.472770204572881880e-02
1.292519032728023376e-02
6.311528558279952961e-01
-3.544569546924840608e-01
4.526055623520868210e-01
2.407877438540104720e-01
6.904105021633597516e-01
-2.079243086938860685e+01
4.154483679134742147e+00
1.421714802807763078e+00
1.223241659487442234e+00
9.472722184590054439e-03
-1.470820539580223851e+00
-1.717981500115172366e+00
-1.204887191480281672e+00
3.371464681338594005e-01
-1.817078873762056901e-01
-6.945693536758454911e-01
-6.683231694237363740e-01
-7.585180313493111726e-01
-9.108271022904901315e-01
-1.245248370198488885e+00
2.272277135738491083e+01
-2.564305697895181524e+01
2.425216008374811594e+01
-5.796096399734693705e-01
-2.518448717772443501e-01
-6.243979937308807848e-01
-2.320203807271887797e-01
-5.915778168053265063e-02
2.825400839744318660e-01
2.266729255866906101e-02
1.576848135270800810e-01
2.241770849058610793e-02
1.942307606830659950e-01
9.987584894932766133e-02
-6.712554134523429639e-03
-1.557539916116965628e-01
2.356329674789421347e-01
-1.029224899133918569e+00
-2.466469718700992075e-02
-1.205191264588822975e+00
-2.305100111230622417e-01
-7.990886973650965786e-01
-6.381994897286453750e-01
-3.820549164120876640e-01
-4.766059607364709905e-01
-4.120252248731084421e-01
-4.854107757852759164e-01
-6.257042581133873682e-01
-6.781401390122141493e-01
-4.472667177983282727e-01
-6.010072049777264169e-01
-4.875611867016189649e-01
-3.237356655326237842e-01
-4.125527081665794071e-01
-3.546597984260344560e-01
-3.079201857505822204e-01
-1.400920052684000439e-01
-2.556216386014611430e-01
-3.504302527271363488e-02
2.269432879192478936e-01
1.716035284674219952e-01
1.506033938166027042e-01
-6.873707741455348241e-03
1.458829833263166620e-01
1.396705694593052272e-01
-4.539098766887406100e-02
1.105240882864677587e-03
1.830022612456829734e-01
6.916473819041613069e-02
-8.991751046423246407e-02
5.937337372013473669e-02
1.906769795995586492e-01
-8.512970410949094457e-02
2.850783883561547327e-02
1.265137990914624311e-01
2.972179997055235390e-02
3.054706880424618021e-02
1.342852799766234284e-01
6.315105052675562547e-02
3.087299378182137843e-01
-1.470782408153326060e-02
1.300565153568413734e-01
3.978514016116960761e-01
2.512777315268408529e-01
2.992709437869720546e-01
1.869459091275516016e-01
3.545858596628477244e-01
1.751426138018814527e-01
3.710758417288673172e-01
1.521676505888862607e-01
2.151404095280042839e-01
1.958449412700460357e-01
2.762366863667793382e-01
1.457484809634976841e-01
4.980046068346766219e-01
1.502117997505898472e-01
1.266852545923846662e-01
4.264939980031883238e-01
2.495849443666386946e-02
3.092094613981934970e-01
9.381095281710472022e-02
3.803302563284987059e-01
3.527145574183414567e-01
3.892586482678730420e-01
7.198780897037195814e-01
1.146740065799100705e+00
1.041648122997216319e+00
1.012857272376773921e+00
1.461422602728017495e+00
-2.253857197458721018e+01
6.460117695212019839e-01
2.445866714586653146e+01
-2.097326760383065292e+01
2.139589940779798027e+01
4.296014386564728227e-01
1.605978777809795588e-01
4.155469680482575257e-01
-2.363647382764000326e-02
1.843302387618663829e-01
9.715772884089091121e-03
2.501815956049213696e-01
-2.049601618827170668e+01
-2.674409848050650851e+00
-1.859352879710264972e+00
-1.823869781816675584e+00
2.284179215728700285e+01
-6.160822576415796448e-01
-2.536290888394078280e+01
-2.529389494054683496e-01
2.505284928733133754e+01
1.861752538485141883e-01
-3.136849395211172009e-02
-4.454810451581074915e-01
8.304683879736529661e-02
-3.507022063646836330e-01
-3.768288602272882315e-01
-3.008911223551216096e-01
-2.215108898896751555e-01
-3.908945340250369327e-01
-4.459283227749359924e-01
-2.761327544089304808e-01
-5.348081146254735074e-01
-4.921814498886440958e-01
-4.121671351017184293e-01
-3.398108740508334336e-01
-4.861242436259658461e-01
-2.706264650987080245e-01
-1.233449181015089380e-04
-3.604419048308216134e-03
-2.918574742363020391e-01
3.063246716489445021e-01
-3.524897517245584311e-01
-3.634517328966069272e-02
-1.203296054221034694e-01
1.089419559017024142e-01
-1.713139131468182086e-01
-1.392309882529794152e-01
1.119331137071419846e-01
1.899800851977673233e-01
-2.679812862097499249e-01
5.009869705450498145e-01
-2.487568969763529481e-01
-2.791922778091660007e-02
-1.600517347939351964e-01
-9.274900329522139941e-02
-2.969586010268798759e-02
1.330390352742654159e-01
-9.073782766132403310e-01
7.612575500764862113e-02
-9.839234862733192699e-01
1.112118914896527144e-01
-3.329632275500316041e-01
-2.815922451111276814e-01
-1.746173405138122803e-01
-7.241877106853422674e-02
-3.720978241750287907e-01
-4.602736239720002231e-01
-1.382094005104335110e-01
-9.547499219273447579e-02
-1.874964884676870724e-01
-3.872818977285419351e-02
-1.512029646674122318e-01
1.294149983805610304e-01
3.241289332323376016e-01
3.837911546663619333e-01
7.237440870093792000e-02
2.246281421097862108e-01
1.331897463774254220e-01
4.882505703775379402e-01
5.762667777936769653e-03
2.292539937455941867e-01
2.394983962651835441e-01
2.352671393182532711e-01
4.286727666703313844e-01
1.165182434816927071e-01
1.621959491224131966e-01
3.833635868964186955e-01
1.847733939667861591e-01
3.332062386909271368e-01
2.517647428864933090e-01
3.300284650618507953e-01
3.172244189767994271e-01
2.581517263084904812e-01
7.515616675888203702e-01
1.137598215141068181e+00
1.007160640967086351e+00
9.434612430931998972e-01
8.380712282699924742e-01
2.890229757348770079e-01
3.101259320509655026e-01
3.645233967364269745e-01
3.018567469225814648e-01
-2.209101000421328820e+01
3.552415572223495133e-01
-1.356953877820828325e+00
-1.018139801875676653e+00
-1.142450852266293282e+00
2.407790511976311265e+01
-3.113623848484508017e-01
-4.566909377442911477e-01
-3.713787972581599206e-01
-2.674438424627894051e-01
-2.061178928105213970e-01
-1.552423841302257301e-01
1.603011705208601256e-02
3.378280491553802278e-01
2.323764957850897872e-01
2.541572056858143469e-02
5.602780083441238901e-01
1.304806045052799846e-01
3.028654488602633421e-01
3.111551513433710170e-01
-2.396199795765080864e+01
1.011811359076531858e+00
1.821027411082965841e+00
2.226139563840462188e+00
2.930503183428037062e+00
3.504261345634581915e+00
4.192890386648613799e+00
3.507882640799305562e+00
1.510526595236379954e+01
4.857148348557487338e-01
4.090890499302126671e-01
1.799024294674858027e-01
9.306728536031094734e-02
-1.072292257356863843e-01
-7.126943985185008046e-02
-2.695832829699398303e-01
-1.818774926144346438e-01
-3.293093293754854045e-01
-3.782592100343276087e-01
-4.639659794663941739e-01
-6.479625344786441588e-01
-6.970497575740299823e-01
-7.069841593935137780e-01
-1.907646605935215689e+01
-2.696087320072315663e+00
-2.599185753069406246e+00
-2.536890202829816587e+00
-2.319280995556162850e+00
-2.030011051080208517e+00
2.384830298079177524e+01
-2.386338519274476155e+01
1.041776658134487832e+00
9.405665587035159092e-01
1.041693392677323970e+00
4.848755732106937444e-01
-1.669048379136484073e-01
-5.691323929686973315e-01
2.990689404939459450e-01
1.248009752881500845e+00
1.047078852124613491e+00
1.098926172310456195e+00
5.801209734202430468e-01
3.961930732991447712e-01
4.290809138771010112e-01
1.819107503837358308e-01
-1.313308881532861960e-01
-5.552856521220235209e-01
-7.215262542168829896e-01
-8.990227835459521089e-01
-1.225922112209104853e+00
-1.884584934821319280e+00
2.177154390881498003e+01
-2.467158383431146618e+01
2.326193711755803406e+01
-2.497503338774862414e-01
-5.618707481968492345e-01
-5.390960386687488892e-01
-6.558640456873412461e-01
-3.281750526322007033e-01
-5.780287747408650034e-01
-2.299005081090363944e-01
-3.591221846802881146e-01
-3.613395620834367605e-01
-3.751611029492458727e-01
-4.662329257978505836e-01
-5.303056377361166085e-01
-4.373846606094460299e-01
-5.453073535530741367e-01
-8.265492877948794614e-01
-3.112254181073907944e-01
-4.130819108619050439e-01
-5.050459738513808361e-01
-1.576951773914387900e-01
3.430019711736420618e-01
4.161964303062291037e-01
1.928134548404614179e-02
-1.466169498160994067e-01
-1.640463011940056504e-01
-3.139452456138087655e-01
-6.343632408764818820e-01
-5.399579810684755898e-01
2.758830590402538974e-02
-2.916223933018216030e-01
-3.520487727388896815e-01
-7.226012626743738565e-02
-2.276385197105881275e-01
-1.583334767362813977e-01
-5.161713882412044541e-02
-4.313454756600094697e-01
1.021320257505706763e-01
-2.860452028176041495e-01
-1.218268361066066063e-01
-4.150036815688977754e-01
5.487580317520013296e-02
-1.721857318317482566e+00
2.651105206572346162e+00
-1.484192900206807053e+00
1.272741724697894483e-01
9.536940595271659049e-02
9.075209290232990611e-01
4.602041903477527285e-02
1.027896781176238505e-01
1.732094132942165743e-01
7.016833999148985868e-02
1.792127747993674802e-01
8.978854507532929574e-02
1.665921526444122946e-01
6.633789658273769874e-02
1.774012217169271821e-01
2.195512906834338196e-01
4.143131752985098615e-01
2.079512625010906390e-01
3.277305211731587065e-01
1.953483162698148590e-01
3.467879422121953326e-01
3.576904040741908375e-01
1.769996988306417052e-01
2.745714449053764383e-01
3.611038953246179517e-01
7.923187296837141957e-02
3.492528431280277346e-01
8.054449292174226116e-02
1.045240788467580728e-01
2.568549864200022625e-01
3.481148273741041521e-02
2.720564008127013267e-02
2.567584634243758046e-01
-8.759650300661903088e-02
4.102615527199660050e-02
5.251566538666452288e-02
3.521404706719053479e-01
-2.133866885333937091e-01
2.534824645934250498e-01
-1.836556027635189992e-01
5.232803622321355874e-01
3.741630468861352199e-01
3.562053994988723105e-01
1.800019981760137000e-01
2.518800322556380422e-01
3.067239315455445592e-01
1.652193593029913643e-01
3.705020690517812909e-01
6.463580422414594295e-01
1.036370907343791004e+00
1.143718616755837303e+00
-2.224794473189443167e+01
2.514622247983176351e+00
1.759859506609366520e+00
4.023157409229938253e-01
2.049366224882852805e+00
3.569482559703864410e+00
3.633528433419755288e+00
2.298213284420569380e+00
1.615331944209184911e+01
4.697022031144140186e-01
2.627546947884873418e-01
8.382207257625573504e-02
3.132399310035971496e-02
9.496674996993270668e-02
-2.317639283247974191e-01
-2.063355721401336496e-01
-1.462265644708509171e-01
-1.555491209973360611e+01
-3.133165368475498980e+00
-3.319262605994026671e+00
-2.599790825936125316e+00
-2.812983224407730631e+00
-2.665259067337309773e+00
-2.550785358593891772e+00
2.295603032029245227e+01
-5.882760631543142438e-01
-7.409531998226697169e-01
-4.923129249695463727e-01
-1.226150397147215187e+00
7.533849029842052403e-01
-1.005600554681432612e+00
8.223119982957882712e-02
2.905910052893290185e-01
1.560078701051850203e-01
4.429874470939267894e-01
5.165340768002018024e-01
1.070531325798889100e-01
3.542099445045501227e-01
1.235816123096924457e-01
7.320938446507057051e-01
-3.933128031596595520e-01
-1.038339585597654491e+00
2.013922596408761478e-01
-8.989492825318485814e-01
-2.387439860658346902e-02
-6.102011939560938458e-01
-3.149727930634398376e-01
-3.034636594354829242e-01
-4.276223504689937727e-01
-4.325763632233048384e-01
-2.658148788993486278e-02
-5.886971277532495606e-01
-3.258068876780981782e-01
-1.514376225940843312e-01
-4.896539744732777422e-01
-1.762608971257435542e-01
-1.939167332423608059e-02
-1.744619853903870421e-01
-1.098652281756677951e-01
-1.373696863939706247e-01
-3.024909662607626615e-01
-1.144359203924985025e-01
-1.266838514488881628e-01
-1.435343278653888888e-01
5.995720506290069807e-02
-3.409306606520488003e-01
-3.596554128058713218e-01
-3.271950024555749792e-01
-6.873513048460537789e-01
-3.465571452325448831e-01
-3.250676620062122879e-01
-2.277140407493050134e-01
-3.657653698750493731e-01
-3.996300539314177058e-01
-9.975267050768366062e-02
-5.602981031503873055e-01
-1.076007657959721087e-01
1.188266490018463628e-02
8.939993118057998345e-02
9.699007747379155830e-01
-4.018120849558215468e-03
3.231646519068505086e-01
2.945906275617602432e-01
3.419793851076065039e-01
3.449754569281751060e-01
2.630361150852920105e-01
2.729151976205343999e-01
3.930874477098029729e-01
2.850410116745507594e-01
5.758696261377522774e-01
9.989803089797533175e-02
4.816694866149049403e-01
1.403391732801999581e-01
3.599709278371925336e-01
4.270848841793899453e-01
7.501999344042218354e-01
1.015882008959561489e+00
9.302277260272511228e-01
9.354758262832056914e-01
4.138485208599682608e-01
4.552625089137620762e-01
2.803742377887594728e-01
1.131815321948153041e-01
7.699386755767108070e-01
1.053548812728095641e-01
4.475227284043015175e-01
4.911643949780355456e-01
-2.067929627559973227e+01
5.473805133481320695e+00
5.962619325488319078e+00
3.510848461717433366e+00
1.106225900557550545e+00
5.415460682659620772e-01
-2.938613754291701241e-01
-1.382269472873655758e+00
-2.170505543828792128e+00
-2.197181490964489115e+00
-2.218640577817524218e+00
-2.655097811231193816e+00
-3.129894073957650846e+00
-3.059551173632286236e+00
2.146527830711425011e+01
-2.599726783669008867e+01
2.399933445182578495e+01
-7.478099521135774808e-01
-7.959178948668892417e-01
-5.100409803755425742e-01
-5.430369454361745341e-01
2.190343978122832880e-01
2.497681277858347926e-01
2.947898000509638905e-01
3.734714810016441788e-01
2.495465919685919687e-01
1.424982929098490558e-01
3.729479655496028556e-01
4.366026740078581270e-01
2.494726965909848104e-01
2.157645212776202470e-01
2.895904523907404382e-01
3.769022283736802592e-01
2.514250471379426699e-01
3.409887519424437130e-01
-2.374854637861171369e+01
2.749288238482066049e-01
1.320049697576024528e-01
1.727300957571031859e-02
9.060830918716078486e-02
-7.901631949675191890e-02
2.405733662812068374e+01
-2.376367864605338909e+01
-1.814918931525255630e-01
-1.610926242123866814e-02
-7.868289429641350807e-02
2.385097113112307099e+01
-2.287366939960557843e+01
1.166089950754965798e+00
8.885205174427781571e-01
1.375116639806996943e+00
2.398158466481049800e+00
3.854055041496643241e+00
4.001352280317213683e+00
3.195629311529373240e+00
3.084760765128550020e+00
2.970866171176687942e+00
-8.046029654458934033e+00
-2.969820531629281390e-01
-2.939077475242804383e+00
9.602704326527824463e+00
-1.435100619393601562e+00
-1.514906472099838197e+00
-1.498952480499490036e+00
-1.116808396616246313e+00
-1.787614941165792004e+00
-2.032552418384824477e+00
-1.580214131402847499e+00
-1.085642997312859848e+00
-1.062005254483018746e+00
-6.272708592677318507e-01
-6.311955613029383017e-01
5.684694178989957436e-02
2.716392431562582033e-01
1.075682427341888570e-01
1.092821259257057420e+00
2.513634759791926854e+00
3.270768254164792666e+00
3.906051975566743550e+00
3.846519728260187065e+00
-5.421292417285862086e+00
2.072450721936096585e+00
