1.282568310320751463e-02
7.543989956356840151e-04
6.404424650686631020e-03
3.845429378736378231e-03
4.982495235996154672e-04
3.256155082087269651e-04
4.252671341987593161e-04
1.605483061054356446e-03
3.130668259978085146e-03
9.623546814274064809e-04
1.055076866143963687e-03
1.234683196946818971e-03
1.122457844030903129e-04
3.818455458507987767e-03
5.185545023360608324e-04
2.094685447557746282e-03
1.086345295774195725e-04
2.131595018920285928e-03
5.422097269697149070e-05
1.053587084448868506e-04
1.525620355993669106e-03
1.557037328446694057e-05
7.192876465257657444e-04
2.366753288529769878e-05
4.011642070671948487e-04
6.952706031202995820e-04
1.201155976588123928e-03
5.171349720770831472e-04
6.990672866328401236e-04
1.462670975318796111e-03
1.917137164314856174e-03
3.654179019685955144e-03
5.370358734510019202e-03
1.071147287224758133e-04
1.714587877889013276e-03
1.960099846474685787e-03
2.472722694335258240e-03
4.279611741432451030e-03
3.948557886544625146e-03
7.719651903532742665e-04
1.776361399306272681e-03
2.370443612046928402e-04
4.447227739048842301e-04
3.953793944802079172e-03
1.241311089080344380e-03
3.541233331289261183e-03
1.888610301610614724e-03
8.077715428364427765e-04
1.094061858952842135e-03
1.774213793140333537e-03
7.514463326200018691e-04
7.338030552094148336e-04
1.677944666929870494e-03
1.971900196860700873e-03
2.909470458694190208e-03
1.113468708127741610e-03
6.805666880893386159e-04
9.446894829204663868e-04
9.109383832460473903e-05
8.642333333222110368e-04
2.637819967414534780e-03
2.865854326620399383e-04
2.217101574782050482e-03
6.304063143339415365e-03
1.212605791017622560e-03
3.284341694927456375e-03
8.742859501130275691e-04
6.527321461666288739e-04
3.776163133266773400e-03
1.588634591675552963e-03
5.805781209683599786e-03
3.455660964454322116e-04
2.076821293323703830e-04
5.239386616857848828e-04
1.244534229800516121e-03
4.018811342778640279e-03
2.682437488210345441e-05
7.479107532399698142e-04
8.779888344542816168e-04
2.344627663287015759e-03
2.076952169955942080e-03
2.811315593297430276e-03
8.792849560276131196e-04
2.210393931553460405e-03
4.754945761064039052e-03
9.220690020533119178e-04
7.312331716227357409e-04
1.417683084037415792e-03
3.702016606813435685e-03
5.086994816266670856e-04
2.596547488649909863e-03
1.073348601483802185e-02
3.315094393519735227e-02
3.569077911964579734e-03
1.393000147490323914e-02
2.878860208781362979e-04
4.299733180189282793e-03
7.219882062753182374e-03
4.967192754222971235e-04
6.708553500509647095e-04
3.114095520458813951e-03
2.209964825007436524e-03
1.674922988065078453e-04
1.547885210010768037e-03
1.455759772889606311e-03
3.329538009096813305e-04
6.255128804947458505e-04
4.073430517627866089e-04
1.799772215571590790e-03
2.052663788473678419e-03
3.002598604330483645e-03
6.001090171331758399e-03
9.993166890899372878e-03
1.152784654083408109e-03
5.675887775132563073e-04
1.629145348992437625e-03
8.403143532117244002e-04
9.888818017547678762e-04
5.569115206792876575e-04
8.868292482423669864e-05
8.444854765510736300e-04
1.768863252800039875e-03
1.264360423366464462e-03
1.670069609200840969e-03
1.495098344729414979e-03
1.210212072624068224e-03
3.536596298834714818e-04
8.001991283361070684e-04
4.085043293957820441e-04
7.849892279334364908e-04
1.711145440172108251e-03
8.523361009867461797e-04
1.383181784140186284e-02
1.240556293087244008e-02
3.886282932766629145e-02
1.572329555262350423e-02
5.477599091976918799e-03
5.596205144242150705e-04
2.468533554774060210e-03
7.723885612517157216e-04
2.280954218612105328e-04
2.013615331090091391e-04
2.255321110883286295e-03
6.820154626780067014e-04
1.722348348947467394e-04
7.804992084868291827e-04
7.992761611255560627e-04
1.428069634377903633e-03
6.320799001243897555e-04
3.265820380980329459e-05
1.915546950962176477e-04
1.895846927568129153e-03
3.028208511059833456e-03
1.705233653649638331e-03
6.285011201238891940e-04
2.637841931621652796e-04
1.305288386904986716e-03
3.102251867130071620e-03
3.827062446097827079e-03
6.160557210894981699e-03
6.434120920526243542e-03
5.790055773621261351e-03
9.708589514045511126e-03
6.276975411714648227e-04
1.031664766379264062e-02
4.623412216785144227e-04
5.803656374422157694e-04
4.049180580928832479e-04
3.022679395102423772e-03
2.439313740030407858e-03
1.255696886831041918e-03
1.334249020468162130e-03
1.165882303369872221e-03
5.417255122558785113e-04
5.711136466893631977e-05
4.720700188267572088e-04
1.034737428205824948e-03
3.653180054700795772e-04
3.729579289333442415e-04
1.250310305064767658e-05
6.284567533263202711e-04
1.476599415547986092e-04
2.171455732762337873e-03
4.843318772898785548e-04
1.060298631515696390e-03
1.087159661748474896e-03
1.780794862914961531e-04
1.965157039855360422e-04
1.428773884162089398e-03
5.349493381211534865e-03
2.513044418556758131e-03
8.702964443984825132e-03
6.280672908184592798e-03
3.834079102203243050e-03
1.251276396486189664e-02
1.512999067532932052e-03
4.987892384544619084e-03
2.187148375681378671e-03
3.274387497441960584e-03
1.182544191507543709e-04
6.900222486714996557e-03
3.979133083902069469e-03
5.710125459020505339e-04
2.228358627343830149e-04
4.630048096078527510e-04
3.572616497197676180e-04
2.894733895971407880e-04
1.137344196159039734e-03
2.555243046709325221e-03
1.723926413657150174e-03
2.201926230764276928e-03
4.257787708783261106e-03
1.515255370878385369e-03
1.851448060798568495e-04
1.089551380174730974e-05
2.424780610054412880e-03
2.830914949965631679e-03
2.407044999474488960e-04
6.526127837813771974e-03
1.099661873442104275e-03
1.655533403773543945e-03
2.124868088947110987e-04
2.799922134186929625e-03
7.003378642732309856e-04
8.313794760656073937e-03
1.251571138255562661e-02
2.465155215541072961e-03
4.822175111098675449e-04
2.143275562513148255e-02
2.317357922349928562e-03
1.056819522885005767e-03
2.025313963123583864e-03
2.607675256301729676e-03
2.685460992566541735e-03
9.453787114449777734e-03
8.407361351077770936e-05
4.311263824833509728e-03
3.220426407939311862e-03
5.525349019363971293e-04
3.888637021469784519e-04
5.024101774881700039e-04
8.436743203175438299e-03
1.648361253862118403e-02
2.476478740759292287e-03
6.241308646233257110e-03
3.221780359434149154e-03
3.030704403976342779e-03
9.372282384161103111e-03
3.756390985363618467e-03
2.170599809012757446e-03
1.891575412592081534e-03
4.230317194470967690e-04
6.043435472049862086e-04
1.355550459020614775e-03
1.117273169994107774e-03
2.002781790538268880e-03
5.785146582888400432e-03
1.549651935400407502e-03
3.194756963792855405e-03
6.010909624199967718e-05
1.333047432859591451e-03
9.995878623839399985e-04
5.284342299884524363e-03
1.856296683197907003e-03
3.541655456045456063e-03
2.706974377824756736e-03
6.029351156039458766e-04
1.888703376005372873e-04
4.958718516761748390e-04
3.220330084243731763e-03
4.347738627672313077e-04
1.480035934542805760e-03
5.920225532498090207e-04
4.545491283971511698e-03
8.647955270224174772e-04
9.758866718678569502e-03
1.911567309309601323e-02
1.236928949444601397e-02
3.225472281556195195e-04
8.464942340435680987e-04
6.005175120715346322e-03
3.607847715436108757e-03
9.926475540182454899e-04
5.723445722654274493e-04
2.293681455529670080e-04
2.160947244877167717e-02
5.545238698062853605e-02
5.896654937725537976e-02
6.888485831027855999e-02
2.577157423731477048e-02
3.061762109296094214e-02
3.357620774430291472e-02
3.650298374160344111e-02
2.275802233595191487e-02
5.468164151680814100e-02
3.869496392077637764e-02
9.145941172612265246e-02
9.707429072805444370e-02
3.166766016194311195e-02
1.847041863001367204e-02
1.762761602179123074e-02
4.386249107511962925e-03
2.438119926153419891e-03
7.226711352755886162e-04
2.202766250319070258e-04
9.581592561016984274e-04
2.838947652361626609e-04
2.077376533230484643e-03
3.303580456451916166e-03
3.568487457359659221e-03
2.015210503024395655e-04
5.642951685085914430e-03
5.730748441715603683e-04
1.826278923395831559e-03
8.088661118490192946e-04
1.079207852513321434e-03
1.227649965518891545e-03
3.694511770208800967e-03
9.608616684957137829e-04
3.035482107480102446e-04
4.315993517301018600e-03
7.678290305221987383e-04
5.215950629927886342e-04
1.318125061284909291e-03
1.714023426174185851e-03
5.748518637943706691e-05
3.831382055880139421e-04
3.443397506226558128e-04
3.494224291392364866e-03
3.889718640604022427e-03
5.285866738538495292e-03
6.315736015139897057e-05
4.834072920354114122e-03
6.673573845300050794e-03
6.635577958205418798e-03
7.121001945612642076e-03
6.014991828875654659e-03
3.309414182701667095e-02
5.713453651609161354e-02
6.926028302280846059e-03
5.186959613186146491e-03
6.082006715703272733e-04
3.851580409831864907e-03
2.348815183318161623e-03
4.665668216575695839e-04
3.259594264768623031e-04
3.567769348286772835e-03
1.594350569413492506e-03
5.941432119012671426e-04
1.419418755556573234e-03
1.125396811352366230e-02
4.734762927470476807e-02
2.254039435489468141e-02
5.765352618452478312e-04
1.024273448905916803e-02
2.871319009419279807e-04
4.588819445964928889e-04
5.208947585762465672e-03
7.763968411414219964e-03
2.963268487767970610e-02
6.325548002257751993e-04
3.863527244097048410e-03
1.271578018875201520e-03
3.242325455543861208e-03
8.137515550639233541e-03
7.333545610434620728e-03
1.170222182700923243e-02
6.833229085192044083e-03
3.939724043096493045e-02
7.040883897259578306e-02
9.829057491259585166e-02
1.273397666940265932e-02
6.153141715765092501e-02
4.247919109427389373e-02
6.775822559788080394e-03
6.484637020378429539e-03
6.998448961392704157e-03
6.214856459777773519e-03
9.491797634483723975e-03
1.199955819390196438e-02
5.467186279061408277e-03
2.303978075237624219e-03
6.091898108236739121e-03
9.283330582199421713e-03
1.394285482945066199e-03
1.443717759238974212e-02
4.930602777395438896e-03
1.044921024457573337e-02
3.741343759025255247e-03
9.843977893583828742e-03
6.437504098991894685e-03
4.388963750751134719e-04
4.560885775513002539e-03
2.472057254451814272e-04
2.685815592304232821e-03
3.503204523641145307e-04
8.560286479270671394e-04
1.734715393565669809e-03
4.759204629621394469e-04
1.120836576696082978e-04
9.258690205262317373e-05
8.221636867409300414e-05
2.146866630420496067e-03
2.922980264729897878e-04
1.666630887226071365e-03
4.013401642028451878e-03
1.273618578321480347e-03
1.732514108195822196e-03
3.711649468062259115e-03
1.451553999676345567e-03
1.735166668641918968e-03
1.904930078707399313e-03
1.104062180097117180e-03
2.912650570762777887e-03
2.059016594690038851e-03
2.134678965170765455e-03
2.247451330868246728e-04
5.392904488865798984e-03
2.825862586419434011e-04
2.290377208837883743e-03
6.762525303518174648e-05
1.655853565837152623e-03
1.442126509730105924e-07
7.155610756348866099e-03
2.939017550271625073e-03
3.947711865446565990e-04
9.390951328184754358e-04
9.467020420213665549e-03
4.388820928750138221e-05
1.428415775920436996e-03
3.012135026083714710e-04
3.424315628658040705e-04
1.377708543071717428e-03
3.392131497180169916e-03
8.175531107295704210e-04
1.663605505154930114e-03
2.899695710571028543e-03
7.802006333854704192e-05
1.125627767470992711e-03
3.760222765376437272e-03
3.503663610067295903e-03
1.425843485556062794e-03
7.118735722957435837e-04
1.006341590227056255e-03
3.288053426309185852e-04
2.801976647031954350e-03
6.204593249794031597e-04
4.178071572378353263e-03
4.442163710366588310e-03
1.948151880162788188e-02
2.651129378880416609e-02
3.332629666376273319e-03
5.388062329428268404e-03
4.793630945776165830e-03
1.063205188765033778e-03
2.476702288969132699e-04
3.827783536409536981e-03
6.615880949053183462e-03
5.609458445077177479e-04
7.623841671468582683e-04
1.307896374257985252e-02
1.366399746309121185e-02
1.234083419367914235e-02
2.464355991049883756e-03
9.397287595707314034e-03
2.473994202835110706e-02
1.569077223623305522e-03
2.658737864935130021e-03
3.348512448734690568e-03
4.978898522411625725e-04
9.147120168112796157e-03
3.662040329124733630e-03
7.128369725212468921e-03
2.628814130076691322e-03
6.103295911104169658e-04
2.036460867131537934e-03
2.537872099162755742e-03
1.215958479234131384e-03
6.804557964965414138e-03
1.732784013305898457e-02
2.057335975360719254e-03
2.012360686358177688e-03
1.398739579142965761e-03
6.211494330403299902e-03
2.504632714957970123e-03
6.529211105888233554e-04
1.873159187404295533e-03
5.846267257775559188e-03
1.311366686443313223e-02
9.688542705014195969e-03
1.226680749245929493e-02
1.276891017083576010e-02
1.824492990213157822e-03
1.045726984884776112e-02
1.116521732481327335e-02
1.570576124139080269e-03
1.459612057574452386e-02
6.402818974729220739e-04
1.859878077058886321e-03
1.889153812594382377e-03
2.021313628362781875e-02
2.683963292516757925e-03
4.238123702743047672e-03
3.324799929329124749e-03
4.329412112478887679e-03
6.344371336244834618e-03
7.525704355042132714e-05
1.186912207104624719e-03
7.367368536555759032e-03
9.759221106477309390e-04
9.890396190902669624e-03
6.184732880960074064e-03
3.222620875213360377e-03
2.682304397056224209e-03
4.283596539196728691e-03
5.723377416510487536e-03
4.580101266313251233e-04
3.818550590167351169e-03
5.118604978388006585e-03
3.009229151003986209e-03
3.874162619842550013e-04
3.213906692738161420e-03
1.597147407381052653e-02
1.205050847851709024e-03
1.063660655307710999e-03
3.307873880349365692e-03
1.034734516301151139e-02
1.138959817997577464e-02
2.228045300094222587e-03
6.565383777157177310e-03
5.925538587246658578e-03
1.392293709518908386e-02
6.308761442363169068e-03
3.043921430842495899e-04
4.768910856260816233e-02
3.978980813949441718e-03
7.281682613689719960e-03
2.738604598764872704e-03
5.751010319773975721e-04
1.176552227853054329e-03
1.891996899954763933e-04
5.478253846117441504e-03
1.133444872805097672e-03
1.284290171087701946e-03
2.239370538481504688e-03
9.372515964091554085e-04
9.266044295092682251e-03
1.207570441204783903e-03
2.874940547968559725e-03
2.818810677425555300e-02
1.758502403032964623e-02
1.384387430840994596e-02
6.386858877381798756e-03
9.418282973890889850e-03
1.193671827406018147e-02
9.655675408502841645e-03
5.028880316150321529e-03
6.326911392889125046e-03
1.767075706423846398e-02
2.148065112954718192e-02
3.800517777911319867e-02
2.196876890581799663e-02
1.911351193378401508e-02
1.695100704942173117e-02
1.523649216299034076e-02
1.289312054825567100e-02
1.064263288123997261e-05
4.130439803942060999e-03
7.683023717287638498e-05
5.128770258458374221e-04
5.088513535070497478e-04
7.928736190078340684e-04
1.404777677524293245e-03
1.661300421471454845e-04
7.464447080163872424e-04
7.535574210249707146e-03
8.588445260688707490e-04
3.005260349640814614e-03
3.109330653651697866e-03
8.240424039692793856e-03
8.995609037864705625e-04
7.935853846298443308e-04
6.756610354413138727e-04
6.862030539032419802e-05
2.085931013924345145e-04
3.901511116742650354e-04
1.097129457081075373e-04
5.968706305317539752e-04
7.734724915656513398e-05
8.923513217976581768e-04
5.235555364479651565e-03
1.001619191061600819e-04
4.500581569609736141e-03
8.829797552957600621e-04
1.460201012866246210e-03
6.226867609825766840e-05
7.431864677785940268e-04
9.331490451348734656e-04
1.390552692393767298e-03
2.825833102924787434e-03
1.343555927210608389e-03
1.060053725647554452e-03
4.573954061309630417e-04
1.970461967155278347e-03
5.424391795092967788e-03
3.569667340726677667e-03
8.222661411961635844e-04
2.277173739300425307e-04
1.053891110990385445e-03
2.035605162049472158e-03
1.093778622998898241e-03
2.260627556134827722e-03
9.225989761947315550e-04
1.830919532962601431e-03
2.531380726055769068e-03
4.612905587527534263e-04
1.066119859863687118e-03
1.304937454034420024e-03
5.264892863510995096e-04
2.506972172993664205e-03
3.418450936565828324e-03
2.507035902087050038e-04
8.324457655241844240e-04
1.811958717276259453e-03
8.786061326208129477e-03
1.546201359010818989e-03
1.399913255936358720e-03
1.065284994585393943e-04
1.932650169374103884e-03
2.152076302179297372e-03
2.210050000215305066e-03
1.520472214148248973e-03
1.159333998987947074e-03
5.527480234937705555e-04
5.184516958974361850e-03
1.608129277608017979e-02
1.147523953311232504e-02
2.980166030927126550e-02
2.132637847566385553e-02
4.226710507056970906e-02
4.689364330148299009e-02
6.250824787937811489e-02
8.822923207543161006e-02
5.398060445382187045e-02
7.210261887442037665e-02
4.431436772585584799e-02
2.302390998727365384e-02
1.175961954087153920e-02
6.046001387481810809e-04
1.843817411007899355e-03
1.842131599498908522e-03
4.859765765713067870e-03
2.722589616547524058e-04
8.453430271459166185e-04
1.596721510302274343e-03
9.437927848345789919e-04
4.686623039012893614e-03
8.292538211599160408e-03
1.125282617705079813e-02
3.914358884801140068e-04
3.861624365323843575e-04
3.702316521760414697e-04
6.832938770597600693e-04
1.034842429523215182e-03
1.541561493434250702e-04
1.370561010425275618e-03
1.496932665478536506e-03
4.018471991738951400e-04
7.389040585567588056e-04
2.239411321529159813e-03
1.719889814896061924e-03
1.699537535053947425e-03
5.383169573579319172e-04
9.538633987557973686e-04
3.527773156124674493e-04
1.387540547155723331e-03
1.224888684937971506e-03
6.664066300313956582e-06
3.604531600919303694e-03
1.037740038498372909e-02
6.446937812589102583e-03
5.057343117041201768e-04
1.732519183197017741e-03
4.010298535365779300e-03
2.206261394628146293e-03
4.128922136262147546e-03
3.190062091435815102e-03
6.120102503377178576e-04
1.761663635914020127e-03
1.938580169270354755e-03
1.133803333872917228e-03
3.084182229043319883e-03
3.416541153361777640e-03
3.898308483898524292e-04
2.382026363023600525e-03
1.248866701305431865e-03
4.480696652732788984e-03
8.732048111196995255e-03
1.816210409069420875e-03
9.770420250542295390e-04
2.555601154684681957e-03
5.148701118156727777e-03
4.910006706813742697e-04
2.340930747763308485e-03
6.986385190374588827e-03
3.794429381439287045e-03
4.334921389877485591e-03
3.323546200736319633e-03
2.993100662337650061e-04
2.155829125010205044e-03
1.504460304931773352e-04
1.456911061872581681e-03
1.858414026093991190e-03
2.301621210503884511e-03
1.356451105298704923e-03
7.295711980325046047e-04
1.025632483646275652e-03
2.932498657176296200e-04
1.217275210263541688e-03
1.422097671691160579e-03
7.373151735614620747e-05
2.198348727092418967e-03
2.669981582643653466e-03
3.785730983233244560e-03
2.989415234918724271e-03
4.169463810717312065e-04
1.190027145800216487e-03
4.119164365813124070e-04
6.674209883683531255e-03
8.365089849757298412e-03
4.532985949564474759e-02
9.105108017377355756e-02
1.608741179125365850e-01
5.833044014445900455e-02
2.673937907498212530e-02
8.637447033961297149e-02
1.403300977604904701e-02
1.863895046930150179e-02
6.087753066892364912e-04
1.053145192469182208e-02
4.601333845024812262e-03
4.171465850280870304e-04
5.486418511348801260e-04
3.097242039516376333e-03
2.657117143581987518e-04
9.376479085287655691e-04
1.484967655830607067e-03
1.081434278333849716e-03
1.676438909897187690e-03
1.111564476078991982e-03
1.290848666513144194e-03
2.714091516849637814e-03
1.614389681545420072e-03
2.861653315849917428e-03
1.620821086842585360e-03
6.818684807620390906e-05
6.377934026812111593e-03
6.592749944726695272e-04
9.164372996420899406e-03
6.175543559963563717e-03
5.877995301594877769e-04
4.460277689619792166e-03
1.910604994501766086e-03
4.866811048535426079e-03
6.025438178905741932e-03
2.017448606006283594e-03
1.902327432786401107e-04
4.144561259198055979e-03
1.362394317524481596e-04
2.380579729255241118e-03
1.825258698876145932e-03
1.547088833539365309e-04
4.099912037837720631e-03
1.418777842575922959e-04
2.051882443717014618e-03
4.830022098773389320e-04
2.794714737121442127e-04
6.470407956940724646e-04
7.514574590139846272e-03
5.291840647340659287e-03
6.488732121317480894e-03
2.199972481281539487e-03
8.405938609586750820e-03
4.128055089465301752e-03
4.295559273685615304e-04
3.030436559456263501e-03
1.746184181629388630e-03
2.996940591076071789e-03
4.838969482047130333e-04
3.741891536981085953e-02
4.346079603507080336e-03
4.950998627893573797e-03
2.749291973811334149e-03
3.615384212015897852e-02
9.176216661526287802e-03
1.308170122932295195e-03
1.231453469902290990e-04
6.472060677630142936e-03
1.956915227390118930e-03
5.444199243317953719e-03
6.837351683809163999e-04
9.783455600303736770e-04
1.202997215023098379e-02
8.616210888478469901e-05
2.938802690592667161e-03
1.720352376508529901e-02
1.644252003892179132e-04
2.863358520742448603e-03
3.984492659199907402e-03
6.785401947108050773e-03
1.170189611504952355e-02
3.412167957606104893e-04
6.078067504284084474e-03
5.995617337545822850e-03
5.565000852182307861e-03
1.212957431389182286e-02
6.025411661163495095e-03
3.183333735739765115e-03
6.581512612047969897e-04
1.089550209207044464e-02
1.281175867199487416e-03
1.176620074151947526e-02
1.629503382102601107e-03
4.773845097866567799e-03
6.352406804758355336e-04
3.065682563432371201e-03
1.244934085356173316e-02
7.686532028763666405e-04
1.244920997656341274e-02
4.097031467337143920e-03
9.875680785202881409e-03
3.861300152272707700e-03
8.257068739763040108e-03
7.766330751263474282e-03
6.637580190646153941e-03
1.825550079778146331e-02
2.210126717831738252e-03
9.899266208491554198e-03
2.719085936493363317e-02
1.680751526786264383e-02
1.487710478756474816e-02
4.283131109936858145e-03
4.670057867639355355e-03
9.487994847811977769e-04
1.436705290711497553e-03
3.754477316525099955e-03
1.441601708012631676e-02
3.128707384108979535e-03
7.560290107618532034e-03
2.820206519387567692e-03
5.938807672344486449e-03
1.439881205057672075e-03
4.544708979496677945e-03
2.806382896362049316e-03
1.340972396939727265e-02
1.533834138749511251e-02
2.937844088566582672e-03
5.408317223153907838e-03
9.735888148071388318e-03
3.934086630247676797e-03
1.743068570212396142e-03
3.912210660488215773e-05
5.405785916401728564e-03
2.948184472532120273e-04
2.992056847081935728e-03
5.277723987583627513e-03
6.084400820675379008e-04
9.245639724552291369e-03
5.473236954827147283e-03
1.133591448755510815e-03
6.783458524670900932e-04
1.084581767332291544e-02
2.833242455529396461e-03
3.866497104041771932e-04
7.471701271771576569e-05
4.135281892307586527e-03
7.352373179917972602e-03
6.018686626146093829e-03
4.457831090005498487e-03
5.743631549969800514e-03
1.162658380628955445e-03
1.034758501816806543e-02
1.679221885729418468e-02
8.136707304596681178e-03
8.691395836850151439e-04
4.552738912149332928e-06
7.248856121376566486e-03
3.006394510818671557e-03
1.945896590469882535e-03
8.004460287904340693e-03
1.573404314751523231e-02
4.286048631942011161e-02
5.025132127387903214e-02
2.025983137064026225e-03
5.890115109208001021e-06
8.090917155584695722e-03
2.995308811789584684e-03
9.975354895484561581e-04
2.228518712258385163e-03
1.837919738933645880e-02
6.814306012377048180e-03
9.236997869641763378e-03
9.749250914975367006e-05
2.859759239034439723e-02
2.268557254802183037e-02
5.265916356318828435e-03
7.558477080432281356e-04
1.158166501246436775e-02
2.396710703092070542e-04
1.042372871433477855e-03
8.790223072707954027e-03
1.473667613007363306e-03
2.666375521680348893e-04
6.697737968421706156e-03
4.532739622034724115e-03
1.419660272211066727e-02
2.812003078343659236e-03
5.900337595699778857e-04
1.909262339777208564e-02
2.013817874105835667e-02
1.256907250375334170e-02
2.156807432958255527e-02
1.123097425663229995e-02
5.026440198854413913e-03
2.757377051395947052e-03
2.962237149834620782e-03
5.860122520940268080e-03
9.890399412084561592e-04
1.127121119594818623e-02
1.241965586821481594e-02
8.294507122728831880e-03
7.625030774421130393e-04
6.814792460056976094e-03
5.866498751642098761e-03
3.599807920257730703e-03
7.054326768134286732e-03
2.392601180585314773e-03
1.199562736235807500e-03
1.441265259759674615e-02
1.642560565750632697e-03
3.936882536158644447e-02
5.089217722380014186e-02
6.130125452803415753e-02
1.650671633050847936e-02
2.445100444110335711e-02
4.261032562180967764e-02
1.959811396936391240e-02
4.187279107437504033e-02
3.474054268389555056e-02
6.553816852059146658e-02
6.985869991609230945e-02
1.295965883469811161e-02
4.391993262463494974e-02
2.669791875144368783e-03
1.127264094233976569e-02
4.344311076613304248e-03
7.551398331985383593e-03
2.692812751303038168e-03
7.839216764109521729e-03
2.258730747933845092e-03
2.255538998255492773e-04
2.044098734062283016e-03
1.066575277524498986e-03
2.234718548018621055e-03
1.135256495793982815e-04
8.500136224296362016e-04
3.917629352756126122e-03
4.904209341213373180e-03
1.192425005293207968e-02
6.378678133574633598e-03
2.651430442835627302e-03
4.119747467447674311e-03
3.596413119316206781e-03
9.327928107768862498e-03
4.304311938142018831e-03
8.590761143528065011e-03
1.095575167052071849e-02
4.710418476912586749e-02
6.520693026140152171e-02
1.105033729810196291e-01
2.733196022000219938e-02
4.068051546527863549e-02
1.710867596685208131e-02
2.580552731712745448e-02
1.621415624250756998e-02
3.424852273215919004e-03
1.085433565430377612e-01
1.720142688516945739e-02
2.897426927636958041e-02
3.209506526132896356e-03
8.108832679666033694e-05
5.698781477336748022e-04
2.639651596485062860e-04
7.372326686282459039e-03
1.110834249324051115e-02
1.562131006189609525e-02
7.625111405420224690e-04
2.862036562041778663e-03
1.074965631817735275e-03
4.021676207841903480e-03
3.342327449749170169e-03
1.547313206957325494e-04
7.359733534335583622e-04
3.519960133526845759e-03
5.620391946978884170e-04
5.809955754339447137e-03
3.810970502901223165e-03
1.938757430302985130e-04
9.611427739469819223e-04
1.854081627668476701e-03
8.278999569449651055e-04
1.305560370705830843e-02
1.909197431741001955e-03
4.038742541803220024e-03
3.014741635630969335e-03
2.253534193659856560e-03
2.272288034252222064e-03
4.437883691166964045e-03
9.020864005230036205e-04
1.364075059720903102e-03
1.067485919633897294e-02
2.641859499837006728e-03
1.423042936051726291e-02
1.982450399131116796e-03
4.428606523437060918e-03
1.114617772209499161e-02
6.337922829089556731e-03
3.348773550772914456e-03
3.905753160777346170e-04
1.045574937604483272e-03
5.919454740201396045e-03
2.497214821603159843e-03
6.621297610315223219e-04
1.205188990184121161e-03
7.919735201140464323e-03
5.054255616703525822e-04
9.537138330893139837e-03
2.939806819852011470e-03
4.941052522009334227e-04
6.583316129473368306e-03
2.390612015350916414e-04
1.754195959586174252e-03
1.423757564797521356e-04
1.790503988012774389e-03
9.502517961551936853e-04
4.426264073697745022e-03
5.618726283585200997e-04
2.986939847951895419e-03
1.113967937502589444e-03
8.611031070877956609e-04
1.459033584507814533e-03
6.982772012314457551e-04
3.468407044657547799e-03
2.615141839601372014e-03
3.265227796049332513e-05
1.071638630474536918e-02
6.038220200378914239e-05
9.359216843341561579e-03
1.101358771883722242e-02
6.165072643849860970e-04
6.407323145873683283e-03
4.099056184115016863e-03
3.336449074267290463e-04
8.176236003372411645e-03
2.306209646547718612e-03
3.401582629193335237e-03
1.813787467341315251e-03
1.482705551108148487e-02
3.596284786164524044e-03
5.925338508023775437e-03
8.387519641333779016e-03
1.026646888417715071e-02
7.476284559050827474e-04
2.664106482590123531e-04
5.119688655643304031e-04
1.426997676088556655e-02
3.886259376260042635e-03
1.409307434945071655e-04
4.968801675772627213e-03
8.695879147242751087e-03
3.169461801819048485e-04
1.224945085044020811e-02
1.908003821765821048e-04
5.851423025231853627e-03
1.306571850676230056e-03
1.585429865244048246e-03
6.968815566118218008e-03
7.996596844531593876e-03
2.387957935066795274e-03
1.477817008368785458e-03
1.432496984925935198e-03
5.201213609255311669e-03
7.043005811057882065e-03
6.307838521477633284e-03
3.142835977972846875e-03
2.687373367828034369e-03
1.141330365658896687e-03
3.069468652225029737e-03
7.921346951001773107e-03
1.583996760578714434e-03
7.153356235419829068e-04
6.050737989261288381e-04
4.383356686497232469e-04
4.749150378788789123e-03
5.739516422666366378e-04
1.063166896801024698e-02
6.274960488866285560e-03
3.813252095644609208e-02
4.096668798479653414e-03
1.669080268495709042e-03
1.582733755284883043e-03
1.346592234740984922e-04
3.578812568066893230e-03
1.347107644229133963e-03
3.306136795266275135e-04
2.250769036776077313e-04
3.088373006070493552e-04
9.637498274236660600e-05
2.305279792658817466e-04
2.735210658310362457e-03
1.077067364752996598e-03
5.921007885051084337e-03
9.620661863447158360e-04
7.547965134205485496e-03
3.195181139563770353e-05
6.273922698260355271e-03
1.377941561719378018e-02
5.331087254158742642e-03
2.569007782318789151e-02
5.708779934875774648e-03
1.704375405701735930e-04
7.682984470626270934e-03
5.376234276991524470e-04
1.832163678418361353e-03
2.248805643178783224e-03
1.095421498017371117e-03
1.335528429140879405e-03
2.213126097647178693e-03
8.503609142379881403e-04
2.169168775099683186e-03
7.063725259079729106e-04
4.762034434397768683e-03
1.390364919846741841e-02
8.841388492171689192e-03
6.111695286803785904e-03
3.624992235357765887e-03
7.556309923081179188e-04
2.076105270272396441e-03
5.497793236958460616e-03
3.241198502011953531e-03
1.030448901966059781e-02
5.966022770479096834e-03
1.124286956186509520e-02
2.700962537639569911e-03
4.830723228716637084e-03
3.298934255632236193e-03
6.575583408711910965e-03
7.455325944390834908e-05
5.119465594331739332e-03
1.006695105493117873e-03
1.143822563372236516e-03
1.156627620258829457e-03
8.597493185176350488e-04
1.692358261968647439e-03
4.463521716906934667e-03
3.504235022850392227e-03
3.709445517722914035e-03
6.646501511235212772e-04
3.032314164014595671e-03
4.096395492960482401e-03
1.935818969511218009e-03
1.669736907996660885e-04
3.554550231695377798e-03
7.838434209484020001e-04
8.213970806493147564e-03
2.090613663665437990e-03
1.685937207368614450e-04
3.659608418719828733e-03
5.012582487558438736e-03
4.863141337610355115e-04
1.500226149292779431e-03
4.992953020705294745e-04
4.150142755101742529e-04
7.537939939049304689e-04
2.418136358371045496e-03
9.718287722722638178e-04
2.137906136727812413e-03
2.536517489481961325e-03
7.245123098712691247e-04
3.713658490988046984e-03
1.601726231491254699e-03
4.047824648329649403e-04
5.119117598310787484e-03
7.482679188408996630e-03
8.728502172892632898e-04
5.562453182587373361e-03
5.110291154545765387e-03
7.269589330266098453e-04
4.975244382598540717e-03
4.950485849610165336e-03
6.226407616233057413e-03
5.242509296611309530e-03
1.546674543982121119e-03
1.503647578240629654e-02
7.256886418999139790e-03
7.090420942662921519e-04
6.599326550233125532e-03
2.884119564862406941e-03
9.904993001827986504e-03
8.844407353190801568e-03
2.078447834000070153e-03
1.994332598425131026e-02
6.056004798992859969e-03
6.069882952438840872e-03
9.197388794442439702e-03
1.747155760570751146e-03
7.436004547061342805e-03
8.614919816638502009e-03
2.785338087173615598e-02
1.881134281377086839e-02
3.236628989589319938e-02
5.690194518944124286e-02
6.435349125418036997e-02
1.070505818616644816e-01
7.547606602882382665e-02
5.135436860975124002e-02
4.313357384680966203e-03
4.361879971036680681e-03
6.454152002168969324e-03
4.044935901614151764e-03
1.580173483247516259e-04
1.751040343663613286e-04
3.587554991605812829e-03
7.550388750962171462e-04
6.885891198163799926e-04
2.678461263521016026e-04
3.031926129577266343e-03
7.718361644815653318e-04
1.720904559625674674e-04
4.806986596507557830e-04
7.350439470743964487e-04
2.713478638604473626e-03
3.715881914542882268e-03
2.142106001449991994e-03
1.021035340748548381e-04
9.189639303715836649e-04
1.501687169531121160e-03
1.598769104304974265e-03
1.652811608380982435e-03
1.528852248513940253e-05
9.924028117123716644e-04
1.662436704532153258e-04
5.181375436908668315e-03
1.876792617770887787e-03
6.247100036031150399e-05
8.285584336532117195e-04
4.304669361865616582e-04
1.328476885208513137e-03
3.862514918560182070e-04
1.039629488561598760e-03
5.221777692676763587e-05
3.739139388286712509e-03
1.661400011877600192e-03
2.047890467534207223e-03
3.016021235620412310e-03
1.584380969588825711e-03
4.500435881738113625e-03
2.764257610896841318e-05
1.974972223891142357e-03
1.742240374854565291e-03
4.639321286552006585e-05
1.760010327629192009e-03
5.634792713399338964e-04
2.118157835715865286e-03
1.738578841995297658e-03
1.411722443699828201e-03
1.771977799165300985e-04
1.171562781803420954e-03
6.998732561315530211e-03
6.295749219391488273e-03
6.253033392720579436e-04
4.829657668518701555e-03
8.440425987160471519e-04
1.582317766394603347e-03
1.551330759887951244e-03
1.600686745170877947e-03
1.189271590388367417e-04
3.106319197436398574e-03
4.878931477006048789e-04
2.298933094174678330e-04
3.242070642347936668e-04
5.892739728808536444e-04
5.139338327320880926e-04
1.725040428219894173e-03
1.594387449018456646e-04
1.853946942892907828e-03
7.810141065045097392e-03
1.844941488614706623e-02
3.964005793461871123e-04
3.856682051450560991e-03
2.438159700937674512e-04
2.117418851623459938e-03
1.254300352916245132e-03
1.661698668518062603e-03
4.403539215566232964e-06
7.329082821945553145e-06
3.857182553776690060e-06
9.391044982286327069e-05
1.508982457040992800e-03
6.448658789453413139e-04
7.440566429456015908e-04
1.875056810630610542e-03
3.532694165059202269e-03
9.426554538088582555e-04
2.372624232725118083e-03
1.902924146084397845e-05
1.269986955910079466e-03
3.898353181743007597e-04
9.324139869025254920e-03
5.229349233275083601e-03
8.584076506487265702e-04
6.195468947230939501e-03
1.144733654968271147e-02
6.730020401624580567e-03
2.452349041418616302e-03
2.096603734152141518e-02
2.041081781449186755e-03
8.354207145248000255e-04
1.020967731989004014e-02
1.056224235466056080e-03
9.898997960004155688e-04
3.595723867413729707e-03
2.578617894019328682e-03
2.019479429395160727e-03
2.340206305119039304e-04
7.987953185095012019e-05
6.896585628831215179e-04
2.974652393203388407e-04
1.872105011976536563e-04
4.293019336224124412e-03
1.005365150832848026e-02
1.934182295549870950e-02
2.711015751958067987e-02
2.960293955912628693e-03
2.731210995775983671e-04
8.629738269594586534e-04
5.165566716503334870e-04
7.633020151656810933e-04
8.813171073064722798e-05
1.117161747437160537e-03
1.459314273116702832e-03
1.441435105754718376e-03
9.080494056476198436e-04
6.867881495808883909e-04
1.120191201309870882e-03
3.611530233756263209e-04
2.625542146364168421e-03
6.443551524817889612e-05
2.785049125978055623e-03
7.816395782867275200e-04
7.634140776457784550e-03
7.714536144331616456e-04
5.133089059941963600e-02
2.583604024380095274e-02
4.774816939786827655e-03
1.695260438149149207e-03
9.763082749464469618e-04
1.638620481259938939e-03
4.444636915503141685e-04
1.767988716040524684e-03
5.446931807858723402e-04
1.534743777276977028e-03
9.704568868346512538e-04
3.824456898107695692e-04
2.833350475635858495e-03
9.578197588841852548e-04
1.536194799345706654e-03
1.106729080005638488e-03
2.707619907126185017e-04
1.559085772893889282e-03
4.302025777331158762e-04
2.157440050078155650e-03
1.757416468572257527e-04
7.398682885586854892e-04
1.030617275098685750e-03
6.235646713994368040e-03
5.665017438829277226e-03
1.287885237436866594e-02
5.935525819018080441e-03
1.415209936496386080e-02
2.098604625877758915e-03
5.905984164912130366e-03
6.382200089995974414e-03
1.198521151327293062e-03
2.811342057659324892e-03
5.495355569414693726e-04
2.420482371303161941e-04
4.418593928798833156e-03
1.275071734084665034e-03
8.966227032424414615e-05
2.761394220171933944e-05
8.231761438072465005e-04
2.659520358275261308e-04
3.901453770557090830e-05
5.196189968726259078e-04
2.486085013124353458e-03
1.344113068001662106e-03
6.911537642511574910e-04
3.229128135407398348e-05
1.114083980873867676e-03
2.328486556844881403e-04
1.581348511230410651e-03
4.078504469913676704e-03
2.315819616169961185e-03
2.401777863205671777e-03
6.162224736402007732e-04
1.457391420364435256e-03
1.202758798185037115e-03
8.657474592132870152e-04
1.549945625075794023e-05
5.769194523282675712e-05
5.544226840151029664e-04
1.587079641997414569e-03
8.829781673292588437e-03
2.558207190788700652e-03
2.884463376733752463e-04
3.525397587429001268e-03
3.093463678765014102e-03
5.513354011993069773e-04
8.042887216278264044e-04
3.223853184784871914e-04
2.967816835397693587e-03
1.989955520829561619e-03
1.809318017775865713e-03
1.337681837556340542e-03
3.565184029419715141e-04
1.835069834498229894e-04
1.253832914875567094e-03
5.505061254518921025e-03
3.534043556665702850e-03
9.211689860448810411e-04
9.673089439178105074e-04
3.101489395056168576e-03
3.495268531398867127e-04
1.609855153500668219e-03
4.798197730661367053e-03
7.584474051021604379e-03
5.352208231067911125e-03
5.561948135703512382e-03
3.377021755135416886e-03
9.927017909030791398e-03
1.767658517522192711e-03
3.582115554003750400e-04
1.102684112767056803e-03
3.921156314853922742e-03
9.785766688561229297e-04
6.776146103499882094e-04
1.001540816592043966e-03
2.273748675775481495e-03
1.156460967759732374e-03
1.319412917196180609e-03
2.073892648169327595e-03
3.650384777524729937e-03
3.977691986199845958e-03
1.831127379987031092e-03
2.250445061055626056e-03
6.071580754092739673e-03
1.758490690728410155e-03
1.816697624644551942e-03
2.131869783763898612e-03
9.634405023753315252e-04
3.767748500060706511e-04
1.569083109729374329e-04
4.725285375140681398e-04
2.783737985757522154e-03
2.890571114432557813e-03
4.233555584771693699e-03
9.437545628555978408e-04
1.119672327216609056e-04
7.483958995558809627e-04
1.031091938480762542e-03
3.777866070399467455e-03
9.276421225871379298e-04
1.425612652485757411e-03
1.173056575548853543e-04
8.042474449440191421e-04
2.022289267507735178e-03
1.356418603910233963e-03
5.227099346501327872e-04
1.848981741707559929e-03
7.615526598091051143e-04
1.756581934160670808e-03
2.007888555284278347e-04
1.137030101502995057e-02
1.373797768398004639e-02
4.225970984395960479e-03
2.314349634940167984e-03
4.441925246830857182e-03
8.814743451796027123e-04
4.956792463897786299e-03
4.418665796088274735e-03
3.473325251415038291e-03
4.362151953851366149e-04
1.285384881230314290e-03
4.285256580559893003e-03
3.610149755684358835e-02
1.091987236072674422e-01
2.580185228923355389e-02
4.542351308423489553e-02
1.547125180574269662e-02
8.764863981083367839e-02
3.587939608018022447e-02
3.269596615797457778e-02
4.002968678397455377e-02
6.194419267393060785e-02
5.647763967650844263e-02
1.283666291069587295e-01
4.428085698476869059e-02
3.658747305145391288e-02
6.380828339205769917e-02
2.715075655756603052e-03
1.360246740715077233e-03
3.413539830972440428e-04
3.737809734350196027e-03
1.630130732883965029e-04
3.485010756772374558e-04
1.818883134862251012e-04
9.975503550872844016e-03
4.880332663903883504e-03
1.577114252569025710e-03
6.788986898170231224e-03
7.336638021066714055e-04
3.886391821988140639e-04
3.499780815188034016e-04
7.007680808488665411e-03
4.032200928826315880e-03
1.555557797986323451e-03
5.201683954145102685e-04
2.375322124681283550e-03
1.698172288952779201e-03
2.398606660960282341e-03
2.035556743340645978e-03
1.821953251420502327e-04
2.894432400026917792e-04
2.985524058339095524e-04
3.580874226470426996e-03
2.797457915213494122e-03
1.587889173586056867e-03
1.443383864212477745e-03
7.382374859310772419e-03
4.053337995665535001e-03
2.291518150763597987e-03
7.010385086915063742e-03
5.581856802878588757e-03
2.712710021291499501e-03
6.049786784727817154e-03
6.837279294594995893e-03
4.564938128220032143e-02
4.080388443207928761e-02
5.563144726374561096e-03
6.586474914775244417e-03
3.661985796459365887e-03
2.369890799029415046e-03
1.748219734308529639e-03
1.576837866675633373e-03
3.541081501959117243e-03
8.560142076469841278e-04
4.183733569710625273e-03
4.032821038555488681e-04
4.238471519595321795e-04
8.143876491795013547e-04
2.216945801565921824e-03
7.800235628084859277e-03
1.055550743202112243e-02
8.989740159635144917e-03
5.922380391823853403e-03
4.052786875444963979e-04
9.995984064505969435e-03
1.817354018709860242e-03
2.104743363948738616e-04
6.102478764109571128e-04
6.447503063610011617e-03
1.073861893760524530e-03
3.949685405538704702e-03
1.764629805466086734e-02
4.372591181254761872e-02
2.127278136810280577e-04
4.514201749923076566e-05
2.077469576664279019e-04
3.696003851800018112e-04
3.890809330387771676e-03
5.192394038291246391e-03
6.768377095107417285e-04
5.298610848044062530e-03
2.816312091484182017e-02
2.262550193594701033e-04
2.108455699253788604e-02
4.004056971590873315e-02
2.961008559327164488e-02
1.810289573601468055e-02
2.883011951817354701e-02
1.291645667526994043e-02
8.561232834812431206e-03
1.143958669562039621e-02
1.039772254323129141e-02
1.030383596766103367e-02
1.424873011615281938e-02
1.139517039837704623e-02
3.699895134575957069e-03
1.066631486894025274e-02
8.002440594110293501e-03
1.508489452889712201e-02
1.661405598880566308e-04
6.215827572013688310e-03
1.503824349540787550e-03
3.645190466504842977e-03
4.962950627372171401e-03
5.528880023778062758e-03
9.832036883937134153e-03
3.052364991378795148e-03
5.087020565596967955e-03
1.136491212466856499e-03
1.533613555978757684e-03
7.482974950351313579e-04
1.994535899769900051e-03
1.703752685073312749e-03
5.543869360783533137e-04
1.020459880933075004e-03
7.796746202322036527e-04
1.877660281084906398e-03
6.554902238427641763e-05
1.155588038621802299e-03
2.958580614574224561e-04
1.018815611478965941e-03
2.906421225724722729e-04
1.658396276335984826e-03
3.154408767534975719e-03
1.210390468249269644e-03
1.126061947928588738e-03
6.119338756583753321e-03
1.149727396664310120e-02
3.163585477145154992e-03
6.298069559878548577e-04
1.690055110708210814e-03
3.694685672667746661e-03
3.414767151504053203e-04
2.927095771594179392e-03
4.927379602643962335e-05
3.384768277851316846e-03
4.454139447853565836e-04
3.607895282205546110e-03
6.609033180728347107e-05
1.975168616303105574e-03
1.836681382116208197e-03
1.134270228912913304e-03
3.573952884708893416e-03
1.119598888468897879e-02
2.444790744710658445e-04
1.056919874671717564e-03
5.059988793428347835e-03
2.237916227391865270e-03
8.698836405859101690e-04
1.942597592335473539e-03
1.483851831234882148e-03
2.520724505774497599e-03
9.791773862859861829e-04
1.051405732266528061e-03
4.285800941092059516e-03
2.588877664931725411e-03
3.361987259447233103e-03
1.045644520822746780e-03
1.035247609044619225e-04
4.821997117760069666e-03
8.875086288681623657e-04
1.441701724122907997e-03
6.167307565564858311e-03
1.158121059583289928e-03
6.122919273718367521e-03
2.919896041572104649e-03
4.347642039501836350e-03
4.494838243395804511e-03
6.589935613218382646e-04
2.656969305084670111e-03
5.113179590379013720e-03
3.713118888801621338e-03
2.681152419442076138e-03
6.461648267582159946e-04
4.273802785527235429e-03
9.547782273837120831e-03
1.464123922730387007e-03
6.759074798582390868e-04
1.673364246222517737e-03
9.019173446288358820e-03
1.960288753103539734e-03
2.379281940832740725e-03
1.310358436492703102e-02
1.581020853999184775e-03
1.923962205603322760e-03
6.219663363315953118e-03
4.793426737778436371e-04
4.241422892193086672e-03
3.172562025460554103e-03
4.522554571837116531e-03
1.235116857788106249e-03
4.503168300359279216e-03
4.845965810226289527e-03
3.307537439354242591e-04
1.436368530778970784e-04
1.878152889601856709e-03
2.659500506587945284e-04
5.666609320112976460e-04
3.954600898612199039e-04
2.405288837741826127e-02
9.252008013444166503e-04
1.593265747846355634e-02
4.368384773350770904e-03
2.484335111072755002e-03
2.024582003195689664e-02
1.993080014275281633e-06
2.482546454615097015e-02
1.195530856748986195e-03
1.266612040459018720e-02
4.347085976373340566e-04
1.678740662905411950e-03
7.463209028127025177e-03
9.571845870508119414e-03
2.883918576385333088e-04
9.246030283922122492e-03
6.892485237520866101e-03
2.814186658921576795e-03
3.805442661747339243e-03
2.315783531050725173e-03
2.253005294888651890e-03
9.488973351664314795e-04
1.528717118262374122e-02
3.499310009867233600e-03
1.421337181228892518e-03
3.629729240553802080e-04
1.038709496306655568e-03
6.977175848029165564e-05
2.443176286521443752e-03
7.206354810470172575e-05
3.002817545158748512e-03
7.761032336694282004e-03
6.418634623347374037e-03
4.381149593399057303e-03
3.621321690202494378e-03
1.516076442322068785e-02
1.556674411255986809e-02
9.393902979433009504e-03
4.438951315074045854e-03
2.054333500787310432e-02
2.643457063801220048e-03
2.101220089481833225e-02
7.709582594699365687e-03
7.655082170410657059e-04
8.440461035433954179e-03
1.548406711674085896e-02
1.561305748443285631e-02
2.284488152049378440e-02
7.402155281365769765e-03
1.845377375210983202e-03
4.643982890484963169e-03
9.179653738864304233e-03
6.247924137472899569e-03
3.111044229102827730e-03
3.375389344911416262e-02
7.082778844681818058e-03
2.690776447588324322e-02
3.101480293986472094e-03
3.855573552862926606e-02
3.668455392838990223e-03
5.507304887413538462e-04
1.488037834906210527e-02
2.765565401328000990e-03
3.991636294461141377e-02
1.690751655478077778e-02
4.561616923135340673e-02
7.161572252966532867e-03
4.837324050104145623e-02
1.689794497700880180e-02
1.752517531344739352e-02
5.705777734381145723e-03
1.151769575074115901e-03
6.059930593309090924e-04
3.325534462283884132e-03
1.675317309942022737e-03
5.748877591603002157e-03
6.757562883487383727e-05
3.716267289423215523e-04
1.456251756585730034e-03
1.137697391827294366e-03
2.819587010849018433e-03
1.114945585553341490e-03
6.066463175618643563e-04
5.392880522628852591e-03
4.940964025970918938e-03
6.209404786578278388e-04
7.964399170864266790e-04
8.255108369138021516e-04
1.106337332734634159e-04
8.138448433526334789e-04
5.310509340977797362e-04
1.571654836972335425e-04
5.518411453764323184e-04
6.411532431124697092e-04
2.185290381649760837e-04
5.408508813279469182e-03
2.360277550144390581e-03
7.558943050075495008e-04
8.782458383111743216e-04
1.158883524073484137e-03
2.829784531349444163e-03
8.940134092832384112e-04
4.819639055270037373e-03
1.222318839845916243e-04
2.046060774108169212e-03
1.007359576688031085e-03
2.231503285486782025e-04
3.233697675566452636e-05
2.145703595489861250e-05
6.828554927640207838e-04
6.590485654852868205e-04
4.273752345742547350e-04
2.386908737474941877e-03
2.365763387684330279e-03
8.658999520433453834e-03
1.288755946816741915e-03
3.773676250324468407e-04
3.507612368348496899e-03
6.059856718065170442e-03
1.176331050380671067e-03
9.829456356888030717e-04
5.751007200470440632e-04
1.545713100149782556e-03
5.338678417970624604e-03
7.045803224594089642e-03
3.752777893942126596e-03
6.557499086492684162e-04
6.996039119282042047e-04
5.419440489125965620e-04
1.089588185010938702e-03
3.240250930216360611e-03
1.154064467084716609e-03
1.253040016739077108e-03
1.445698201858472464e-03
1.447357163746864619e-03
1.968447906868303014e-03
1.327718343535947603e-03
2.605775482319082955e-03
1.924820278761460359e-03
1.946314470426000007e-03
1.423242012189814389e-03
1.826458875474778597e-03
8.809113628981506128e-04
1.509076026518281531e-03
1.601137118974580061e-03
1.592994279427210240e-03
1.114085392624541504e-03
1.667643868841167535e-03
1.386631292042597502e-03
5.008916307000043852e-03
1.159052191198272318e-03
1.436799407017224067e-03
4.698958201160419526e-03
1.545510899733710565e-02
1.495770164177119598e-03
9.444888238009754074e-04
8.975592250238836715e-04
3.355599584251982856e-04
6.771476811960595345e-04
2.010086272901305190e-03
2.299852420154109654e-03
3.389993634461146380e-03
3.057253469688509125e-04
1.697493494679055536e-03
4.046744117508318736e-03
2.003546831585124258e-04
3.670127847906836781e-03
5.528455142432852666e-03
7.281787045736152781e-04
1.345818266129384516e-03
2.204220165201250473e-03
1.013449053547178227e-03
7.984850515126110538e-04
4.104674099639895804e-05
5.562287769170681968e-04
3.127045495770853362e-03
1.481968946239035868e-03
1.167666771332431124e-04
6.970167600723766940e-03
4.802429334977566938e-03
8.867624797649457935e-03
1.205551863635793107e-03
9.019582456932797535e-04
1.782788886691867060e-03
1.639651726071413278e-03
5.194248743067989352e-04
1.005438437915958261e-03
4.788564058743259534e-04
5.285291069932360371e-03
4.704257542800974190e-03
3.162043414868474876e-03
6.869924059839565937e-03
2.609081320640474315e-03
2.728584246107632581e-03
3.891310468187180252e-03
3.991667794007767263e-04
1.655094781623884289e-03
2.976519179025967181e-03
1.989014147551557555e-04
1.872574820824410074e-03
2.303749931601818592e-03
1.002902272303231356e-03
3.275847317303049420e-03
1.142485054642497716e-03
5.684277729507324940e-03
2.421448090203968517e-03
4.329750007950076626e-03
1.096960368888653036e-03
6.175865430124495049e-03
1.127444757665475861e-02
6.343386135954389143e-04
7.255651478290340607e-03
1.546065829349216846e-02
4.271766809037340351e-04
1.191622047636901188e-02
4.971231988326396201e-04
3.774387302886671614e-03
5.834973858158632939e-04
2.803228828361684316e-04
1.267026194480632209e-03
6.693090721554041406e-04
8.336098087601257313e-04
1.218998387582332504e-02
3.595272474007119197e-03
1.643551770039192064e-04
6.731150113217914191e-03
9.528521807807337164e-04
6.701390843685205677e-03
2.485793276824652641e-03
3.046652456197374535e-03
1.218926166805803409e-02
4.394905098497134551e-04
7.205896236532036191e-04
2.623198897838161219e-03
2.604424589296768650e-03
7.421468921360203051e-03
6.110935548865293124e-03
9.259157012670578626e-03
3.225576563394600901e-03
2.161113583055364502e-03
4.572644269392521152e-03
4.548359364866183356e-03
2.006539526371218206e-03
5.387160336584425474e-03
1.303758903664929475e-03
4.499384291822630666e-04
5.600002010203860518e-04
5.256735910606790720e-03
4.602174729014962655e-03
3.488152150315058150e-03
8.251533914694339500e-03
1.036730804496384037e-03
1.484982934232252291e-02
1.320419149817075172e-03
1.589048969221502558e-03
2.415747544767784854e-04
1.906820343325333483e-02
1.593266343233961171e-02
3.189992125778408415e-04
7.451991064303002199e-04
9.441446281176120187e-04
1.019800857560232768e-02
9.752248452151598100e-04
4.329128695772481959e-03
1.031250436364354421e-03
6.588799761202308869e-03
3.164149489382987474e-03
4.487528790338513561e-03
9.328127171731495637e-03
4.928921468469976523e-03
6.485833774883138217e-04
1.328542569065007013e-02
3.090489206255127210e-03
7.741322382980063690e-06
3.444795480320277103e-03
2.042011819355520324e-03
4.646147707174936442e-04
1.823542060161472637e-03
2.040093070234000241e-03
1.540004223493551773e-03
1.401048279561099212e-04
3.400008724825408831e-03
1.121362545015009132e-03
4.383740848270814387e-03
5.715425180899236885e-04
4.389860801865717258e-04
1.004613486359536316e-03
2.147090410614923943e-03
1.011344754071774382e-03
8.649112255711057396e-04
5.983061633043310068e-03
6.439394236223615516e-03
4.028622332616904871e-04
6.211411335686570570e-03
2.517317898443009912e-03
6.075247860387981980e-03
5.530479519580928233e-03
7.217918712512886616e-03
3.255955055902665790e-03
2.415392250890776183e-03
2.693663401970158335e-03
1.975514782480556827e-02
7.458371823671362116e-04
9.079733790369798243e-04
6.012268249744660148e-03
1.516489767446593112e-02
4.795247550068521859e-03
3.151246766671722977e-03
7.302743364897726179e-03
9.850046788396508990e-03
3.146462421908339472e-03
4.265543127848892392e-04
9.352931166725832884e-03
1.569152309767443557e-03
1.630101032261851730e-03
1.426893238870482247e-03
9.901383487697311934e-04
8.022951255956872404e-03
1.555293433922734893e-03
1.463224722514424323e-03
1.986340115469646065e-03
6.089412923128596777e-03
1.250087745013206755e-02
2.705349614765754050e-03
3.215320701255970637e-03
3.600495599950937452e-03
6.337643638768767490e-03
3.608101727876699295e-03
3.145285802824854607e-03
3.546170049673221664e-03
3.427403801068595879e-03
1.578190707289724550e-03
1.377519931726612322e-03
8.708318358678494506e-03
6.214331965288464633e-03
9.038353354247786325e-04
2.602370320354143070e-03
1.217011108364124958e-04
2.940507007161249214e-03
9.518504252552885186e-04
5.624704260774155209e-03
1.216261056255068043e-03
2.175040773320126297e-02
5.266193334017747231e-03
7.363482251529420309e-04
4.781827514319090568e-03
1.268255850552058072e-03
3.609219020974312013e-03
1.088570723846040474e-03
4.006276959596029828e-03
4.287676098341703518e-03
3.690108356589660355e-04
1.403170365814980763e-03
7.817722982327881404e-03
7.402907686649028672e-03
4.133056004588132361e-03
3.868826960422216705e-03
6.501936074510227676e-03
2.081497243965016019e-03
5.361671057836029514e-03
7.446018423271981261e-03
1.280769052807085922e-03
1.069595619296979418e-02
2.172501718003672436e-03
1.224937809749446693e-03
2.019066129467433652e-03
5.838423152005444393e-03
3.604364982125882015e-03
1.737281259777739926e-03
5.156106814934075010e-04
4.491502288639205066e-03
7.628551211960502660e-04
2.091271039786914664e-04
4.085106714069232370e-03
6.504125821185976347e-04
5.456636613213800002e-03
7.399537032284328290e-03
9.985313431939905719e-04
4.456734381356654978e-03
1.179239720592480762e-03
1.501263337331134023e-03
1.084718967333765313e-02
3.409887896807515736e-03
1.352949387331929543e-02
1.112755435269718700e-02
9.536008275441543169e-03
1.626606530733396005e-02
1.222226829454359232e-03
1.544570995300927757e-02
6.615443814274061737e-03
1.821679758996840514e-03
1.453781409871894581e-03
5.996139189650628257e-04
1.005312374886457990e-03
3.413029096996090563e-03
4.141559432524961545e-03
2.047389951250474811e-03
3.946709597631463048e-03
1.778445251255940233e-04
4.977042842913223693e-03
1.009951189228832941e-03
5.127660981057061140e-03
5.141400781335934284e-03
7.730470625614640524e-03
2.202475385450579620e-03
5.216198212228793799e-04
1.495376158117695670e-03
1.767612190303199850e-03
2.273582404505234658e-04
3.592197856305508804e-03
1.607609036861026028e-03
2.690777663915813050e-03
6.875861682190048847e-03
9.659939058641871940e-03
3.800049991961117202e-03
4.925839617124539403e-03
2.525851591078537642e-03
2.669154480497912263e-03
5.204781340063033626e-03
2.446894302414685547e-03
2.037332095742475351e-03
2.822998632830715088e-03
2.893522611603490009e-03
1.904550935420610191e-03
3.563956989747067792e-03
5.361150161877130046e-03
2.111411115639348461e-03
2.888073655109279006e-03
1.323114825084874355e-03
8.480794698525169831e-03
3.578529937244231442e-03
1.074698012514917721e-02
4.550884614153040755e-03
1.323196716959833263e-02
1.455145939267890251e-02
5.935193531379989555e-03
1.649170188455691740e-03
3.140474837664226047e-03
1.242299416606840352e-02
2.672175769924834982e-03
4.277577588530660259e-03
4.438467432541755645e-04
4.703521648724494700e-03
3.109626516926171022e-03
1.626019622601192552e-02
1.066842325115888342e-02
3.997120716317188564e-03
1.681970211415381028e-02
2.414427512189449079e-02
5.836928571060973764e-02
4.585185210897176761e-02
2.034381183689360981e-02
2.504524228804776501e-02
3.604131439633116024e-02
2.301079166958854699e-02
5.410064065311293718e-02
3.457961513245835089e-02
8.686078538285836592e-02
4.263170839677130758e-02
1.910811589190530672e-03
1.541745104643970840e-02
4.390508341529585426e-03
2.503342244412534029e-03
5.591210411872596462e-04
4.533186172463678568e-03
1.075913750394888924e-04
2.600789211186648082e-04
8.914677188237324790e-04
1.861859376174722445e-03
1.821639795631690203e-03
6.437902221854805047e-04
1.987123744289856237e-03
1.258606965351209131e-04
9.271215742731224799e-04
8.653162121621640109e-04
9.057173106069122629e-04
6.419530713563082976e-05
2.116239623768288985e-03
1.066231281242699652e-03
4.797267329681521907e-04
2.538299242997719323e-04
6.787115329968628191e-04
1.068994589285758839e-03
9.561504756929914113e-04
1.231621052430321821e-04
1.005746827633413479e-03
1.027340175741292246e-03
1.055923375343009122e-03
2.420053837165599348e-04
6.409825696694576667e-04
3.223895968967786059e-04
5.505594424273867714e-04
1.520272465405489567e-03
1.442891777382481269e-03
6.539603062907589030e-04
1.445845032536372107e-03
7.114703859897157385e-04
3.574367895138679495e-04
3.199659701810871667e-03
3.878470515220080973e-04
6.897986366216015026e-04
4.716517663439277839e-04
1.292512113631967769e-03
2.722916673256315853e-03
7.602566533558868149e-04
1.020020057108823050e-03
1.897854992374476898e-03
5.241365544362014287e-05
2.003823123118019423e-04
4.453465546872031368e-03
1.751009675413084388e-04
6.971619599810285721e-03
2.302766246606129108e-03
1.828015677312760674e-03
2.529716990708612799e-03
3.197003501377021625e-04
3.295320857366609152e-03
6.001797518796510024e-05
4.755484544252517221e-04
1.789766187143355426e-03
2.007371907532060767e-03
6.873758891789866774e-04
9.768160581881521389e-04
1.498886173182294949e-03
6.800005861502578285e-05
1.757085816816997964e-03
1.002956642961556118e-03
3.881813497224427664e-04
2.336189727330563633e-03
2.174887276275172792e-03
1.511114926579443848e-03
6.707648655899646310e-04
6.211395014440324568e-03
9.906271982874467058e-03
1.894436180038943165e-03
4.674870916014089040e-04
4.406197583179536823e-04
3.255607562390540593e-03
3.437418649909807639e-03
5.638057543263797801e-03
2.430032906528320664e-03
3.855272601305375908e-05
4.563723189808487068e-03
2.029560079529668572e-04
1.913478945418972633e-03
4.522638751661860380e-05
1.855831355974910145e-04
8.232990861682966117e-05
2.166092161567211103e-03
1.504500144590008651e-02
1.661045425508832912e-03
5.189206424733477929e-02
3.097659222664566128e-02
1.793807230742591047e-02
1.046321608266668861e-02
5.104309853623247191e-03
8.340319788991277378e-03
4.778160626041718945e-04
1.911139328675410306e-03
3.473679856329527603e-03
3.310569446715491389e-04
6.600810671003111722e-04
9.344387423187117082e-04
3.487349374826475244e-03
7.782698213135042387e-04
4.542201287996535714e-05
4.239024624926884637e-03
3.769653975157516348e-03
4.560819350816757399e-03
1.047804456344987589e-02
1.946537423238165192e-04
1.765407114741547948e-03
1.504194418336538524e-05
2.425536065714870883e-03
1.368649962592446393e-04
1.227558553309991479e-03
1.207279296477438424e-03
2.452255577383151679e-03
7.685854437791302118e-04
1.104389497285411526e-03
8.710906682004215720e-04
3.096267198585526698e-04
6.579702127938898398e-05
5.233890244786859640e-05
4.651744092224372427e-03
7.276238575203382297e-03
3.465763242431010166e-02
1.033230268056927956e-02
5.351849327478052807e-04
3.065076386198385249e-03
3.903252386448422375e-04
2.312748193485971489e-03
1.193485816546237949e-03
1.254913131402232056e-03
4.640424161999797401e-05
7.976269865743219759e-04
1.199652024115042319e-04
3.183895021582533241e-04
6.212475601590089231e-04
5.968338142085054775e-04
2.555890845416856861e-04
3.612731565553784462e-03
1.100231879839870574e-03
1.320874501497275224e-04
1.917135653832968873e-04
1.566246823039456771e-03
1.131956795711592471e-03
3.170537769971944891e-03
2.071702658308044714e-03
3.691196127508558720e-03
2.286811675716166753e-02
6.087469531917392984e-02
5.299530846249010533e-04
3.152793077928016125e-03
6.101271401337587854e-04
1.513316725992028332e-04
4.648436709899792581e-05
4.931940924101909686e-03
3.705007283005425480e-04
1.125318899511728275e-03
2.754469775894319121e-03
1.719139528808680880e-04
4.274843604897688972e-04
5.373725936291351511e-04
2.384139812527602618e-04
1.180270900479496714e-03
3.694892521546671270e-04
3.213291695121278744e-03
1.889859081797862130e-03
3.038171130768375612e-04
2.535950451445371026e-03
1.329561142121694992e-03
2.077780817878205257e-03
2.857375723627985330e-03
1.251390539928103106e-03
2.433987362333478455e-02
8.865930651577038149e-03
9.792059586454109760e-03
5.688761877993671334e-03
9.621662090598412462e-04
2.891658780284840397e-04
9.080846365281381154e-04
3.652699959318375275e-06
3.166492163407011798e-03
5.116464348706967202e-03
1.542232504576675949e-03
1.070028188311489010e-03
6.805894474484223446e-03
1.958118406252672573e-03
4.731211407515501302e-03
2.203394608024193506e-03
1.013668125607486989e-03
9.470646140324431210e-04
6.324130984135236050e-04
3.619920177382733931e-03
6.158243186414409827e-04
4.047774383661854099e-04
2.722758511250877606e-03
2.248198449418134948e-03
3.923478547147469901e-03
8.240198244789433959e-04
5.913063396811584112e-04
9.752871203573580065e-04
9.135544277146639405e-04
1.620845840756855293e-03
9.745842572274082292e-04
5.381027302915656133e-03
8.172092548897629330e-03
1.916143987950680999e-02
4.387005099238625722e-02
5.131971918604847499e-03
6.488095317639572777e-03
4.958693339558737159e-03
6.434201642237801638e-03
3.179192347277780164e-04
1.447748821577825740e-03
2.450232991147360470e-03
6.992713251091529740e-03
5.946985254125953255e-04
2.931173127776528099e-04
1.042717686127374939e-04
7.640921960245688528e-05
3.153690442197718013e-04
1.614761367545769358e-03
4.249857433181919268e-03
8.178012057630211495e-03
7.641172141737649073e-04
6.216603720291877374e-04
3.272755070540912109e-03
1.196470321305135535e-03
6.281428520051309883e-04
1.954481371657276669e-03
1.964857563404512255e-03
2.315490145242247826e-03
6.212019455428418983e-03
2.436086709330166286e-03
2.300860456860129213e-03
2.936958291183908729e-04
6.093995660907016018e-04
3.681181860023559479e-04
5.141512360105223410e-04
1.375314352698409580e-04
4.200034681809137853e-03
1.123229056191738439e-03
1.720639656507239133e-03
2.985873073974761212e-03
3.218415505195698287e-03
1.760925925393294752e-03
3.806867482218289842e-04
5.576620029915038343e-03
3.063984970212322440e-03
3.989019946879546023e-03
7.083839716244396019e-03
1.595311100768336335e-02
2.425840867006721045e-03
7.575293786163236811e-04
8.495953214307374463e-03
4.000669803789675544e-03
7.699133985040936337e-03
1.359494810820759299e-02
1.030049459971322558e-02
2.424893508941001682e-02
2.002182966875091369e-02
9.855568488129939908e-02
1.565548801781060234e-02
6.271228839795445209e-02
4.282224464114056661e-02
6.604568495586758681e-02
1.584852363251126883e-02
9.739341711602421403e-03
5.462223753690179096e-02
2.544724744279397433e-02
3.474172358255231408e-02
6.094404427822297521e-02
5.903335214467172326e-02
1.907179654168311422e-01
1.400413034462734685e-01
6.818414935340964909e-04
2.261650071549863028e-02
1.673200204898287044e-03
1.168395574333696944e-03
4.530031890708639125e-03
1.532668124710609729e-03
1.213051428054555706e-03
6.854883476323734562e-04
5.209391741577182702e-05
1.352233205258036961e-04
1.883722773214591747e-03
1.120666172629278257e-03
9.035248503156382074e-03
2.423146964621837422e-03
2.574804858740134539e-03
2.420410083651563984e-03
1.775736683021162179e-04
2.918190819833296496e-04
4.634605273087287133e-03
2.683950029660527991e-03
4.639165061122693711e-04
4.454007276220610032e-03
1.051652046382051120e-03
3.948383894471723873e-03
1.171556266806957633e-03
1.654823647007704719e-03
1.881428248336337915e-03
6.846119568473435545e-04
9.612967906317488112e-04
8.062806851591747693e-04
3.447934043197319574e-03
2.226113320449234906e-03
3.187723677487526094e-03
9.421599008087527078e-04
3.167111948773942347e-04
2.445838466564587838e-03
2.220793283991333474e-03
1.366897916847385763e-02
3.692350283090060133e-03
3.110293501001132332e-02
3.963469941564167626e-03
1.891220459767642620e-04
1.000911805597300619e-03
3.840871998626213231e-04
1.378293103573247904e-03
2.201031251055104217e-03
4.179454671386103161e-04
8.308754332209806982e-04
3.390183390392703579e-04
5.833936931635116995e-04
2.122560775532115421e-03
4.559176745555582944e-04
5.083804422783030734e-03
1.584068879722598522e-02
3.328280280249032615e-03
1.955985464705369166e-03
5.805553890018749427e-03
1.732407664481672507e-02
1.151683487609264644e-02
1.705353541691884654e-03
1.783805440584231711e-03
8.560440545596161889e-04
4.715022200765329324e-02
1.221874172209311965e-02
5.635947737169678257e-03
2.003060045658119242e-04
6.141482672252102917e-04
1.034629866746413981e-02
7.285878685590423814e-03
1.207335187436450741e-02
4.550379753927948773e-02
1.012692148103847140e-01
1.517577802144792487e-01
7.868116928412429920e-03
3.844344873378558597e-02
2.429541828673689036e-03
1.008480105901478352e-02
3.854851501030508599e-03
1.939699313561217553e-02
1.014832687808414841e-03
1.699262430064023624e-02
7.945301843740234030e-03
5.345861034582336489e-03
6.174734425979209670e-03
3.582303665963019763e-03
5.473329775329264417e-04
1.381726947362317721e-03
3.033295955515955510e-03
9.244355976693242882e-03
7.264233281770831642e-03
2.556101032657618222e-03
9.033097101589986772e-03
1.177275788362841568e-03
5.890030883042839463e-03
3.241365654322820276e-03
2.145501260569492323e-04
5.245545410145592080e-04
2.236996187739523356e-03
6.390143578028747084e-04
8.419051797583996773e-04
6.997805480075647809e-04
1.988406845804349156e-04
2.456674244470612428e-03
2.288648352700369676e-03
8.332267960472058629e-04
6.695607661995761498e-04
8.202196627893176394e-04
1.327211435884652823e-03
4.037509844659140264e-03
2.930152910773211727e-03
5.309824120220226450e-03
3.128055223859255597e-03
1.144614641293675676e-03
1.486081380230509666e-04
2.147254176420715626e-03
1.235136230204041119e-03
5.493083361054922238e-03
1.874103640582341522e-03
4.489826124608791639e-04
1.290951620631545539e-03
1.175074867002590291e-03
3.094764942025723335e-03
5.023100484601522066e-03
9.366862612188855269e-03
1.805525556691550812e-03
1.778595548059704393e-03
2.723445952938548503e-03
8.289211823576650342e-04
3.109218975682300976e-03
1.161299339957014331e-03
4.915524944688497676e-03
1.294817301065767558e-03
2.941863505560219413e-03
2.809422931913179225e-03
4.307199556559736069e-04
6.837734207577575614e-03
3.703178222616957099e-03
1.038640979014484027e-03
1.509855266568317384e-03
1.212341567599405674e-05
3.026661734971296432e-03
2.360835462679625879e-03
1.985964542398912028e-03
1.388735296049096795e-03
1.816911855889612702e-03
8.565015084978011214e-04
5.833315241422911768e-04
1.303818943955150494e-02
3.505952706703139264e-03
1.603405792487557044e-04
1.140327186940918644e-04
3.242482291442785360e-03
3.491719118457335853e-03
5.923196766757561453e-03
4.172033992306250529e-03
4.482656408337531116e-03
1.692165656521342531e-03
6.940414164852677301e-03
1.121217062311050117e-02
4.636093383409205411e-03
5.910062993888489519e-03
3.745644149125208940e-03
6.215701115350738201e-03
8.492874788243969311e-03
9.093144198173185033e-02
1.864054711917070188e-03
2.099774651546279514e-02
9.357074355424292722e-02
6.991901400914384002e-02
7.768280404920863136e-02
6.053561237945198625e-02
2.979200134718067855e-02
4.198264187034888434e-02
2.822315928950300604e-02
9.946924930374335949e-02
3.870091889332555324e-02
1.597648390243304115e-02
1.443909031096667127e-04
1.558780054235174789e-03
8.543939361414480552e-04
1.909501839586704493e-03
3.930164427785577674e-03
2.546284530769090074e-05
7.525403892294633967e-03
2.813938600788691135e-03
2.505649405214976227e-02
3.548548552426943059e-03
1.718350175162691382e-02
1.017525623896772119e-02
2.280293498284761966e-02
4.839481356569379569e-03
2.458923796977107584e-03
1.336924958796080530e-04
8.944207972498972870e-03
3.624765701346049224e-04
1.600279055043979035e-02
6.891769869255879688e-05
2.282236045638600091e-03
1.268979605532268148e-03
2.509705854893847649e-03
2.107583153467977154e-03
7.397439785697233630e-04
1.446955369308562233e-03
1.032793695457488855e-03
1.874824572232033221e-03
3.389904840650869236e-03
2.159139163240374366e-03
7.889114516370997849e-04
1.108399391441596948e-03
1.149369220866594890e-03
7.893075428987101965e-04
3.544635751718887523e-04
1.325617590864739369e-03
2.031276328749311673e-04
1.864369406301526980e-03
9.426575587263717661e-04
6.978147157560758793e-04
3.228281790015719022e-03
2.303509973396945971e-03
7.793208802680671315e-03
1.120138454342348155e-03
6.667425981728545724e-04
7.420041785289354860e-03
2.653443469479581200e-03
5.944955955485123344e-03
6.554044860078166862e-03
2.725686488302094240e-03
2.534088624945985790e-04
1.450446127251977602e-03
4.338180969225361719e-04
4.997469981810624191e-05
3.173248676667018899e-03
5.797989841628727568e-03
2.587082214166192690e-03
7.579887071496409050e-03
7.833661749669344407e-03
2.567757135174515183e-03
2.347441368696085405e-03
2.805269435166887759e-03
4.755000112608028483e-04
2.118052382495046204e-04
3.795923850956201429e-03
2.830780592480754425e-04
8.496947646948348112e-04
1.459756181083359233e-03
4.541877667341426414e-04
3.947331944324783404e-04
2.294346777643251067e-03
1.087172362883914072e-03
2.813208203407752662e-05
3.738787106341053944e-04
2.238855024303066602e-03
3.605332425842914796e-04
3.731545535144544304e-03
1.484786591606618170e-03
2.143892649451748563e-03
2.242760602477198231e-03
4.900176797275523390e-03
1.560146274145645957e-03
1.060152054129085298e-03
1.780635975041405176e-04
2.496279890494598752e-02
2.163509281249097020e-03
1.525940799861251820e-02
1.007616160467715398e-02
6.692526309264203166e-02
1.734839020677488020e-02
1.986538874155266421e-02
6.052383787436321771e-02
1.513253172129819593e-02
1.806705300240919829e-03
4.898620396516299193e-03
3.228115946491304320e-03
8.088680429997550589e-03
5.885373404480537474e-05
1.080028322315329178e-03
3.084036084196448493e-03
1.965475455864708777e-03
2.755451246385396801e-03
1.905126935465886870e-03
2.550202970846217332e-03
6.871470995715727066e-04
6.726234172264388507e-04
3.926553289753122834e-05
2.694168696197691767e-02
1.280073126917460544e-03
1.238663189124675429e-04
4.011906562421726358e-03
2.382785551074332979e-03
7.054737198870280647e-03
1.614771540046743697e-02
1.669800333209181184e-02
8.800606381358817842e-02
1.661954664281977551e-02
2.973337523232261193e-02
9.477840117090088889e-02
3.464229811714541335e-02
4.153572943359852554e-02
5.336290742484520178e-02
2.106869655607459049e-02
5.549471165777944415e-02
5.263607373476137524e-02
1.518539780472690989e-02
2.180202781462775921e-02
6.111387730971671456e-02
1.196054271580845180e-02
3.222089750484496279e-02
5.196846267275980619e-03
2.486247187014521340e-02
1.293586935517321160e-03
2.020031815197766839e-02
6.693103812456928717e-03
1.671094129543736770e-03
2.323182052722843477e-03
3.552934851698984556e-03
3.423047754042466730e-03
8.374781994015938549e-03
6.049676389965944444e-03
4.503892570564541585e-03
2.163379281969217069e-02
4.388135196917088143e-03
1.025406372278518663e-02
7.492070463444332369e-03
1.257635738036925500e-02
8.374459384745290558e-02
5.853999342149841800e-02
3.263974718045873497e-02
6.687083862848169913e-02
1.110286164877104381e-01
2.989882975800259302e-02
4.116395207336894652e-02
7.331181440525426363e-02
2.916047993260712998e-02
4.844464354169939618e-02
2.744183554261230007e-02
4.735301469592399087e-02
4.654896871074544473e-03
1.695016424472754746e-02
3.233838657696291256e-03
5.067537886587360869e-05
5.990479081625892105e-05
3.745756011043603357e-04
5.667464637421109263e-04
2.380513054254473210e-03
3.388652379596836304e-04
6.775315808406723143e-04
1.838640731716080631e-03
8.907016314038138409e-07
3.785029253757341179e-04
1.168073122697103937e-03
1.834701289242267328e-05
1.349222402154616430e-03
8.533585880243604838e-05
4.651395716504013925e-05
3.683861910822876402e-03
1.183313039901387606e-03
9.082608669025400011e-03
1.718181087842942604e-03
5.584541829796412296e-03
1.437694234954163108e-03
1.169837003211121867e-03
1.352679273359609548e-03
2.495720881205564998e-03
1.052946661839762165e-03
1.125562084025044120e-04
2.705672400742450295e-04
7.710516922846467371e-03
1.270165684791040245e-03
7.290751921770091982e-06
1.596819076481846436e-03
5.036939791152557355e-03
8.431908177119508407e-04
2.553432751965512872e-03
8.303501441796224411e-04
7.313777129280972684e-04
6.485877912234588785e-04
4.656687815214787668e-03
2.572707222135039128e-03
9.186186269300343141e-04
1.512226046968772122e-02
1.012389004926133457e-02
3.995847292115842111e-04
2.760280587753549653e-04
6.513998080000595351e-04
9.248353341651526253e-04
5.808036497342108397e-04
2.479648348558434055e-04
1.233314571755244498e-04
8.443046992652288767e-04
8.305266699218639373e-05
1.716512948252296462e-03
5.089947801502779992e-03
1.842732505016026531e-03
5.821606175444067480e-04
1.385818698209066740e-05
5.374618664531350797e-04
1.483033570945176474e-03
2.699483213453137895e-03
4.768825716993408954e-04
5.208716186994096810e-03
8.619124746455254088e-03
1.855589709080001032e-03
6.775274495073098802e-04
1.334170589068649682e-04
9.533135658272677559e-03
5.077080479305940731e-03
1.615850557682993807e-03
4.222292943212720487e-03
3.070782435476070659e-04
6.875302384736682419e-03
6.924233094668398028e-04
2.759779960608237017e-03
5.991844833122428760e-04
6.557118746327330033e-04
2.864547801098749676e-03
4.153962261826578406e-04
4.978002434653636035e-04
2.786705246100817240e-03
1.478954041403406734e-03
1.025052952123039953e-03
4.921050088845034358e-03
1.667025548678850548e-05
1.183595401209750414e-04
2.769351997670074783e-03
3.984444893642906382e-03
6.225577369537847088e-04
2.703823266837105201e-04
1.594292054477588160e-05
2.484053621054955249e-03
1.293537499247473035e-02
1.254305279734461336e-03
4.169999962758464719e-03
2.852748167285346428e-02
2.746580328249881298e-02
2.070550089012130821e-02
1.129256207527367349e-02
4.559099155752081856e-02
3.487301562691221685e-02
2.209906904333814107e-02
2.461435341734017138e-02
5.948722306057475928e-02
6.947610545210748667e-02
2.784382864932864396e-02
6.432442672038538034e-02
8.639087885236559905e-02
2.540673736081573708e-02
5.367784338385737930e-02
8.882112829837659693e-03
2.025668574958786397e-02
2.028590017386293614e-03
7.171095363348376286e-03
1.880204287053798169e-03
9.474506364801696390e-03
6.809043026626384124e-03
1.046167827986521686e-05
3.372711505865452850e-03
1.145820019669179565e-03
9.039901277182694692e-03
5.391366062316800892e-03
1.098029871944353458e-03
6.051261354773719353e-04
2.804241383603616605e-03
1.496406137847398898e-03
3.959438342532400033e-03
5.324162407265572300e-03
2.290811226020701523e-03
2.383200161445386822e-03
2.949967788356281252e-03
3.937206654905290974e-03
2.388587021746308922e-03
3.058497823962231729e-02
7.575706035003289956e-03
3.566984976562366169e-03
1.453143805150778484e-02
1.266514605671126975e-02
6.433306488921031012e-03
2.495299749131459424e-03
7.254006876189511913e-03
5.058113085015340619e-03
1.063931040764440382e-03
1.206722875554721739e-03
1.185738910545154449e-03
4.982368136592319960e-04
1.403387648882579910e-03
5.527039657483868431e-04
9.941534887416294229e-04
7.660456053487346012e-04
8.281108802966132302e-04
4.279784075765543164e-03
1.064706639987262520e-03
1.256762317337712341e-03
5.634856069823029022e-03
6.109201943681274538e-05
1.702641023063234825e-04
1.104196452865789354e-03
4.363038814606267930e-04
6.382892328762001383e-03
3.720620709407966836e-04
3.768377260226422171e-04
3.903752308846696831e-03
5.859098873755480595e-04
1.150611414450622601e-02
8.474272985447199244e-03
4.893132992707178086e-04
5.244233652952982536e-03
1.333873007343920137e-03
2.538623817114369491e-03
2.775277440783298355e-03
3.591492362569816566e-04
9.652031212651093718e-04
4.453599530869089933e-03
5.412728105885550225e-04
3.795887319908316376e-03
2.911535794476249363e-03
1.392374554235560917e-03
1.172072896330168292e-02
2.157394703319376241e-03
3.695608710363080390e-03
5.194731469663058619e-03
6.249068555382832589e-03
1.813825399380874755e-03
2.538093789265607678e-03
8.545754874868137160e-03
2.373224138667352941e-03
4.400797800755429541e-03
8.819521799571608880e-03
9.612233749252111284e-03
2.388169612251557440e-04
7.955771777481966331e-03
1.956435806868157216e-03
3.354530343708978912e-03
9.908401868198508586e-03
2.475803287647440642e-04
2.514558944899890174e-03
1.952147166332601769e-03
2.169907955854310372e-02
5.220759549790478715e-04
3.321036003397293598e-03
1.013000721460914980e-02
2.132031901448473970e-03
4.188797518970515180e-03
1.922389051930722265e-02
1.760801596520191609e-02
3.257852782465253672e-02
4.301143267048986724e-02
8.225580242909079354e-02
7.181815009966492636e-02
8.521521987678558341e-02
8.265160137787745664e-02
3.110857135081840016e-02
1.888957107349059639e-02
5.496967840513773337e-03
1.572918755482237418e-02
1.917751059329847983e-03
6.177539129284368054e-04
1.310368086072328655e-05
1.236191031243515841e-04
2.644646363431952998e-03
2.375812657234321369e-03
1.007241603152174338e-03
2.412848371008700625e-05
2.885706642583648653e-03
6.313436661862391244e-04
3.047344743401276743e-03
2.970979352973565635e-03
3.418735189234320924e-03
9.884995376277114167e-05
6.638809707710038865e-04
3.082329040304407786e-03
2.994189646984744824e-03
2.204407156309333069e-04
1.123304392291775552e-03
1.079713454501576289e-03
5.323594049446740825e-04
1.855474234592274178e-03
3.481165609537459501e-04
1.999398024525987031e-03
5.864545610186337743e-03
2.228805831479491965e-03
8.583920806460653503e-05
5.532879849914099047e-04
6.056857319429180173e-05
1.205926739047903835e-04
4.569780474577228926e-04
9.857885699470238499e-04
3.413666071360230755e-03
4.537897654844160497e-04
1.637276708400372009e-03
8.455194378853423320e-04
1.519683230363446822e-04
5.152714610423277976e-03
7.344804156723078008e-04
1.916096231321221671e-03
2.878179065517691773e-03
2.017728390752888696e-04
8.200360589183183107e-05
4.314235728677511808e-04
4.180937486382842877e-03
7.988302203657733115e-04
1.711810902209257631e-03
3.509032285667483195e-03
1.909590185218298670e-03
9.562745566840113805e-06
5.097700448032257275e-03
1.033906894452747997e-03
2.179572690328507312e-03
3.526265362159108473e-03
2.953629067150112877e-03
2.332708532770499769e-03
1.195522542579907296e-03
1.223656641294943413e-03
6.379029447119079644e-04
1.379812789815446561e-03
7.362093369129506584e-03
1.979556655012053648e-03
1.230073985200165823e-02
3.305995479660762439e-03
9.579365890128871061e-03
2.720252363952472587e-03
