3.211775097187226629e-03
-5.959181027737909218e-03
-1.833805904058528544e-02
6.125166875665313294e-03
1.070689262247024112e-02
1.695421179766289782e-02
5.179477612233385903e-02
5.220676546936975360e-02
6.028238985602817068e-02
-4.308325548158195573e-02
-4.237588893860204202e-03
4.881649492737805823e-02
-3.690052874811382277e-02
2.612279257925619741e-02
1.993432899431053784e-02
5.585973887908572688e-02
2.663806219539607487e-02
-7.942922365955087938e-02
-8.349159132290029373e-02
5.077685513236126352e-02
1.960093635891558411e-02
-4.543777751606431492e-02
-2.142741565771655310e-02
1.873952612115429087e-02
4.658868940448370605e-02
-3.924977561014623972e-02
2.670214452811104852e-02
8.653032097019352359e-03
1.959643954958542600e-02
-2.870391075500453677e-04
5.684029715178893355e-02
4.692518609233581328e-02
1.626951954205298548e-02
-7.731225657857680733e-02
-7.230285115097078927e-03
-6.156117884414614994e-02
6.143263526557043303e-02
-3.691538884537721305e-02
2.687481884842607069e-02
4.177382909038925701e-02
8.078785726110039936e-03
2.919339292940480429e-03
2.263395752576364064e-02
6.144318655474406699e-02
-1.436123801807978329e-01
8.390787111713736424e-02
1.115098216745647325e-01
-5.094289517679102125e-02
2.470722619393967909e-02
2.680200284229425356e-03
-5.385208840577301870e-02
1.022140497747464766e-01
1.463916149171130485e-02
5.066374127281381839e-02
-6.998110099378034021e-02
1.304233533137754558e-02
2.777843567523945872e-02
-1.179072184921937071e-02
3.055833349515897114e-03
3.479159634998638421e-04
-4.000729352135687367e-02
-1.246490786794056914e-02
1.998587494811444876e-03
5.585241038010956005e-02
4.671204650770934691e-02
-3.659211669915419379e-02
5.179519123206223485e-02
5.795181912621250042e-02
-6.767044228192503619e-02
-3.614726550266834926e-02
-4.726415300089577970e-02
-1.416410580982498633e-02
-1.422876594537115895e-02
-3.326238197631171956e-02
-3.290027697929389251e-03
-3.319780141901521042e-02
2.540227357950878770e-02
-1.699239440554661459e-02
1.753429637837900304e-02
-2.885029763681733195e-03
1.601953042989544621e-02
-1.502363988588254276e-02
-4.809253728761057889e-02
2.815804445906867209e-02
4.108078614300949769e-03
8.677966199076028730e-03
2.034703543432055811e-02
-2.606049936025900751e-02
-5.992460444142432702e-02
-4.084223148375834556e-02
4.959183101308776292e-02
9.412923135945551467e-02
-7.505445122424407589e-02
1.977244808088052253e-01
-6.622853286394506100e-02
4.711182017912195902e-02
-1.669687688393464188e-03
4.820604678714156266e-02
-2.659436800819175301e-02
4.994015511772818827e-02
-2.011239022730355874e-02
-7.376294603319366594e-02
8.682549726141236546e-02
7.632929334146074628e-03
-6.202190149745267361e-02
2.925228891808763845e-02
7.277070798583302851e-03
-5.656551229051978019e-03
4.221654319976167122e-03
3.613950046988059772e-02
-1.265726074406423214e-02
6.239594244431163027e-03
-1.308817294682663654e-02
-4.852842967770148314e-02
2.657853351477535830e-03
1.856395570724805183e-02
7.916838985999551798e-03
-3.646172165719714902e-03
3.006249749779349445e-02
-1.671624162648643885e-02
-5.497962438076713088e-02
4.335215796160394458e-03
8.815429357474835470e-02
-5.272678128697972505e-02
2.358054186255563803e-02
-6.237784540844990011e-02
-2.618165279971814904e-02
-1.721974836144271603e-02
1.473225282397832431e-02
-5.278843285834775717e-02
3.315263781069937438e-02
1.732604184215864179e-02
3.775771908996359422e-02
-6.957428559018638548e-02
2.014740444553177190e-02
1.395110366771433186e-01
-1.375495917935241064e-01
-1.789458867785324522e-02
3.255579274376078913e-02
-1.088329466975566234e-01
-7.882427562586534486e-02
4.991877033436380867e-02
-7.198626687242726252e-02
5.516993051398570019e-02
-5.937124365882475580e-02
3.675303556096924662e-02
-6.880883951612788707e-02
7.088836888246825840e-02
2.560567963937925278e-03
-3.117124954249429238e-03
-9.333571052900327403e-02
6.943891854161382028e-03
-4.165453975315806801e-02
3.971235073988856057e-02
3.990521880969360308e-02
-6.913050445017182577e-02
-1.077051459340140453e-03
1.896792927674685880e-01
6.158726375751707310e-02
-1.961639778185449157e-02
3.234403044391954973e-02
-8.310007379039405229e-02
1.614963601568173701e-01
1.703562198165730485e-02
-6.205251559386618793e-02
3.668437838783373574e-03
-6.285143936895169758e-02
-1.341245245774507107e-02
2.644507693844637061e-03
-2.149096489771662455e-02
4.884584076009094306e-02
-6.115117443676768016e-02
-1.884784067299876201e-02
3.920528214773939119e-02
-3.401313781088277492e-04
1.197596987840554295e-01
3.437450410092460305e-03
-1.266353544951326002e-02
-3.518258409363833605e-02
2.389403932268646669e-02
7.963706120231091659e-03
3.048176516407277020e-02
2.435085908501113949e-02
4.887457069386529768e-02
-5.958962301944290690e-03
-2.830541196214966457e-02
3.036697914889286559e-02
-2.641420009903969190e-02
-2.045513918418221527e-02
6.279592603803930972e-02
-4.280036950570920151e-02
-1.232431888880294590e-01
6.623403957179675727e-02
6.761784917336334348e-03
4.921945596946847995e-02
-1.162957104033125050e-02
-2.463694878624813137e-02
-2.973782000206527318e-02
4.471060672919121258e-03
5.335216128069125013e-02
-5.117123250998636963e-02
-1.598686293641103651e-02
-4.877082034819153061e-02
-7.798779143434236318e-03
-1.250069318388958434e-02
-2.316977479566706757e-02
-1.044966447670042826e-02
3.503409445642810538e-02
-2.525026004243496880e-02
6.265219351173224871e-02
5.164572562267199900e-03
-6.863766970276458232e-04
1.527174453369168315e-02
-6.712024626182538922e-02
1.882460210010990665e-03
2.928936661197070399e-02
2.706952919785806516e-02
-4.863790087243104188e-02
1.166195733235257138e-02
-2.319770994268431641e-02
-1.578575758158764011e-02
3.221761202481767533e-02
-7.201189461818298387e-02
6.588676180434779872e-03
8.527938907575458027e-02
4.799289405725733204e-02
-1.535422387017940926e-01
-1.938571942059325037e-02
1.081138229343577284e-01
-8.263787548997707233e-02
5.833840025549150154e-02
-3.907090033126409123e-02
-2.387829122556350478e-02
-5.273349330912528721e-02
2.040905248068299385e-02
3.590925553188794445e-02
-6.176142930016239457e-02
2.037103571118497464e-02
-7.702653874527237363e-03
3.836531689332833145e-02
1.521094666633537006e-02
1.976920043107569316e-02
-1.697724199860651748e-02
-5.409105687151243708e-02
1.100570606447789090e-01
6.945697230847906745e-02
-2.847443909536265944e-02
-2.124866575969658333e-02
9.563514984664732432e-02
-2.121480722287901258e-02
-1.424799400011762113e-02
-5.729372860736706456e-04
-4.426131418688888930e-02
-1.316974683909384429e-02
-4.888130154934352406e-02
-1.139984537110066108e-02
-7.093190938025985270e-02
4.237179520620090040e-02
6.389190901333222095e-02
-3.011703382794883241e-02
2.718859578149829606e-02
-3.844025003597550255e-02
-5.732427367549986635e-02
-1.590614357690171149e-02
-2.644007351390257124e-02
2.518866299053569048e-03
5.560275407795244127e-04
-1.391499171160752446e-02
-7.511208510324542120e-02
6.747610553082419513e-03
-1.262729575045291007e-02
7.404598010015771281e-02
6.439604572458820786e-02
-3.130969769139724940e-02
-3.019614383873373692e-02
4.414672144344031213e-02
-5.393570488141315178e-02
4.992857459782423790e-02
-6.642083440687221105e-03
-6.061731714681489053e-02
-5.480884053046161317e-03
1.561066209281367426e-02
1.595991041709770020e-01
-4.385744487129975694e-02
5.460040487988221392e-01
5.954511393957069298e-01
5.920984815227625653e-01
4.001504879939065673e-01
6.720797428206755075e-01
1.950450851308627442e-01
3.777944572557103697e-01
4.578182578153450755e-01
2.403437117092844799e-01
8.073075407475467646e-02
2.681183539137229066e-01
9.831907082375716811e-02
-4.004138037905610736e-01
-8.401156183009437228e-01
-1.169635210094832845e+00
-7.669049752652439267e-01
-4.643921423774214352e-01
-1.272541540821693351e-01
-1.178969588682389769e-01
9.929058267405807547e-02
1.481023138010088098e-03
1.110263194662787500e-02
4.755896742261647020e-02
9.382373892549937533e-02
-1.321870536073039767e-02
4.225991403629007770e-02
-1.120594890750994076e-02
-3.545260926918995109e-02
4.179103962637861075e-02
-1.037674736164477529e-01
2.147515732919945235e-03
1.824960357363136776e-02
-1.033697878198312943e-02
-2.024436572484573753e-03
-1.233787981507976778e-01
8.468445124400776625e-02
-3.662119368239034889e-03
2.775173173385617892e-02
-1.522982385768755810e-02
1.422491623407367949e-02
-3.141185068605771135e-03
4.086313821321542472e-02
3.616534970436572488e-02
-3.833413927986355219e-02
-5.054533894913386394e-02
-4.210603274991127354e-03
6.381187999732340632e-02
3.839455489725664833e-02
-7.625915760116425135e-02
3.897209168924994221e-02
-9.733187475672326963e-03
-3.784978811726509573e-02
3.447200544454052246e-02
-1.175635334192613457e-01
2.381773706233708543e-01
-2.839833123809409887e-02
7.820268214864373180e-02
1.228352445229537702e-02
3.336182128814207948e-02
-1.496233290160951454e-02
-1.120170774680433412e-04
-4.311669890894516757e-03
8.003742772741058442e-02
-5.813445550865616561e-03
-3.032871408366790908e-02
8.622640336249218565e-03
-1.369874059584719472e-01
1.878158949632157413e-03
1.846791651335915330e-01
7.125938433445962172e-02
-1.501091753957643493e-01
2.113742491105004631e-02
-3.279415043339250525e-03
-5.450528841150647369e-02
1.135251188739674344e-01
3.310127956327982290e-02
-3.393208714099058693e-02
1.613176744469891483e-02
-1.052442534323762557e-01
1.442044085439731123e-02
3.359080750328796716e-01
2.202333713193030951e-01
6.422276106001506557e-01
1.902704273935841850e-01
5.442295348864216731e-01
6.602218921841820354e-01
-1.658259304062117856e+00
-2.278327670112185732e-01
1.876937377091662529e-01
-5.561644774279005388e-01
7.067922484577725262e-02
9.148180645790630894e-02
-3.011102751980221370e-02
-8.678710669110213660e-02
-2.397424422762766405e-01
-1.654896175135528794e-03
-5.759371640484840099e-02
-3.290410179619692177e-01
-1.424838048564655568e-01
-1.910141609713915389e-01
-9.622493361902624553e-02
-2.259391886769384350e-01
-1.210681216333212018e-01
-8.860213344132635005e-02
-1.351918952239246352e-02
-1.992975722373824254e-02
1.008702882758052977e-01
2.271769752188814231e-02
8.252301629388017479e-03
1.894016921985352056e-02
-3.436230600687673054e-02
3.747248006062662423e-02
2.895528202116124175e-02
2.309131451575825722e-02
-3.695096508044019845e-02
8.378690849389879014e-02
-7.069088462416835139e-02
3.401578038692275319e-02
-2.040763622789570214e-02
-3.071885523052828720e-02
1.647264973008042213e-02
-1.267872244784950565e-02
-1.134786086317138981e-01
-3.828145208905142454e-04
-5.890751784248356854e-02
2.694186389523783344e-03
-8.326621573427334458e-03
-4.293883519110452268e-02
-1.018314752410492546e-01
7.015101376131016586e-02
-5.838955246872989252e-02
-6.059766728361196814e-02
-4.541897663698045429e-02
-8.067483610502620972e-02
1.021445761542573612e-02
9.008147129777223025e-03
-3.537362585974633544e-02
1.304933729671757525e-01
3.830670223568758553e-02
7.131441298671299667e-02
4.485485879655355494e-03
1.417183044476142892e-02
-1.862953198074207214e-02
-1.477861117741068389e-02
-4.162629673019547366e-02
-7.615430500401386416e-02
3.666901432560382840e-02
-1.050502032630018096e-01
7.113586553265130452e-02
-1.585757936527174006e-02
4.434969778218935885e-03
-4.088005302689267512e-02
1.202737671366766077e-02
7.154002916305245152e-02
-3.418729549461054645e-02
-1.245179508589367295e-01
1.040715089989468628e-01
-5.717501562199020504e-02
-3.060937240773111551e-02
-6.485840423195878002e-02
3.177963439052684108e-02
-2.086645513269072896e-02
-2.169132484879506689e-02
2.341761115228348233e-02
-7.863036483820924627e-03
3.426606026715196124e-02
-1.012032034482554244e-01
1.526706769878094228e-01
-1.175137945683151774e-01
-4.542826521388688976e-03
-3.265477507528565665e-02
1.264268808411245053e-02
-3.379864106903313070e-01
-2.873725173191314930e-01
-2.140968112755699815e-01
8.736982322102376797e-02
1.711834948904955300e-01
6.074967118081703830e-03
1.547738882602190391e-01
2.103649952021039715e-01
2.479427524392712259e-02
6.675380667616721830e-02
-1.703070564442999216e-02
7.255923690365759238e-02
5.645735757859783599e-02
5.653594437558187580e-02
-4.748238543225075103e-02
-4.456271654370995428e-02
9.291726116914153510e-02
-2.915767925096689455e-03
6.452815775612950888e-02
5.520519220874985783e-02
1.339915175673572420e-02
1.512167089568672018e-01
-2.621822955577606251e-01
-1.276877449952428245e-01
-9.546095538125689076e-03
-6.876269636840866241e-04
6.350013139748662827e-02
2.220173309088301766e-02
-2.744943535289710249e-03
8.567554012655236029e-02
6.631400230560123565e-02
9.234126161962340207e-02
5.490887425479432649e-01
1.758064135635333480e+00
-7.478354655665155060e-02
-5.507266559837862424e-02
-9.928622725530739102e-02
8.017331219031215150e-02
3.525075617130580402e-02
-7.963287072323663174e-02
-4.089916993108719950e-02
-3.559461380387278495e-02
1.344533821321540912e-03
-6.981830018428807072e-02
-1.513003868695526610e-01
-3.882326797241340832e-02
-9.018221034787425594e-02
-4.954425369417980035e-02
-2.010115095931136117e-02
-7.092272953360695409e-02
-7.337302648826091178e-02
-2.149534819871877500e-01
-1.643535149315692168e-01
-1.662976481550187402e-01
3.018878024964736020e-02
-5.558359899536324811e-02
-2.593691975414878087e-02
2.523310287506819183e-02
6.565885019588427185e-02
9.741010251443335544e-02
-7.560235805078689697e-02
9.150774336315084523e-02
1.235759053172905131e-01
9.747244732971246592e-03
7.314026802172314545e-02
5.044103117500122607e-02
-3.883672403576093890e-01
-2.117512696666561389e-01
-4.068319378092158933e-01
-3.097199571868081702e-01
2.249860642796084886e-01
2.956186090010345935e-01
2.693545424347293937e-01
2.807062655868312051e-01
4.857205790097950393e-01
6.770401975370590186e-01
3.109311621534440184e-01
4.144163207756907386e-01
-1.980598717363858396e-01
-2.071740328078729709e-01
-3.128223928828914868e-01
-3.176661306868147072e-01
1.106044096168180835e-02
1.573196829565857158e-01
6.471747681888589954e-02
8.053275284169354731e-02
3.756909375324916645e-01
3.249445022601069738e-02
-9.872074652100787384e-02
9.992844082881326140e-02
2.984706706446872970e-01
3.209382919311330462e-01
2.556760094604458300e-01
1.206558293615766358e-01
-2.267017018260753664e-03
-2.392289490142004205e+00
5.265230568871604594e-02
4.078670512679659355e-02
-3.933840206481750701e-02
-1.704593491762968274e-02
-5.061973957600257590e-02
2.744858077647213679e-02
-8.979139252619749989e-02
4.708756058638430969e-02
4.543648883198109223e-01
4.813254912214438852e-02
-4.986370812168312155e-02
-1.127693851231247602e-01
-6.648352947729294637e-01
-1.582133453723052474e-01
-2.641040392440316409e-01
-4.050687753176872297e-02
-2.018647316540410075e-01
-3.466688114217096606e-02
-1.598329309636913054e-02
-5.466198313612333215e-02
1.839640649098069417e-02
-1.374930006292844793e-02
1.037272969372818494e-02
3.267056868734558202e-03
-5.500517827405159571e-02
1.294916603283587098e-01
-5.036355398400819972e-02
-9.894980657683409564e-02
5.901623036322797833e-02
6.388499081853363237e-02
-3.770078607359306916e-02
-1.231846811076841089e-02
3.661204427200136224e-02
1.304052522905935207e-01
1.003824310303408213e-01
3.271768740742268811e-02
-8.044632919870996213e-02
3.185894913151356839e-02
-1.178144728917506906e-01
7.333806941393109305e-03
-3.913911100314829139e-02
1.024019630628063837e-01
-8.240287878265345478e-02
1.833882163686797670e-02
5.500603156867033862e-03
9.506722943432197037e-02
-6.005474780329398549e-02
-9.145446177677757360e-02
-3.601619500280102415e-03
3.879571342952237156e-02
-2.045313947632786816e-02
1.100196278788368592e-02
1.086331256140569412e-01
-5.368617310252553343e-02
-3.237235689110892767e-02
1.165399513613518540e-01
-2.830436786844531608e-02
3.254444236796333323e-02
-1.804820307253627784e-02
4.434825178669431212e-02
-7.672164922545707255e-02
2.045528601415927406e-02
-8.823635092305973440e-03
1.094340222189328117e-02
8.354512205131683911e-02
4.487129993008896756e-02
1.226938241363100673e-02
-2.417754103190349405e-02
2.591176489105418909e-02
-4.917027383866483248e-02
-9.112912984701136698e-02
-2.687786837189838282e-02
6.607318653532336106e-02
4.446210793268552675e-02
-6.339708408121195581e-04
-1.277856410033771824e-02
-1.149664019122311810e-04
-5.855615933128868050e-02
7.150738496814899869e-02
8.520256342126424076e-02
6.085040486531638482e-02
2.228929015242826425e-02
2.194398707651665573e-02
-3.714137442330716632e-01
-7.457485263974293899e-01
-5.778849512260914034e-01
-3.805566944306308375e-01
-4.438615872562757247e-01
9.561734102965967208e-02
-2.582537911149298537e-01
-3.624830847232009962e-02
6.363415585683701581e-01
1.149815055308966105e+00
1.865457654950453126e-01
3.242031969564949656e-01
5.337303362440417587e-01
1.553663503918114863e-01
8.961060947362335660e-02
3.106803670463060274e-01
-1.051409617880639559e-02
1.781263127670648927e-01
-5.795536153797805658e-03
-8.084900141795155204e-02
4.280192379381374257e-02
-8.165118255349752829e-02
-1.777149772757287693e-01
-5.335627248243509854e-03
-6.915699020020339705e-02
6.692242544666429649e-02
-1.045517310147683065e-01
-3.218445121545888965e-02
-6.634289584208306889e-02
-7.067839997716771072e-02
3.452750695544293258e-02
3.936845189166825881e-02
1.587622855671196737e-02
1.421849449237379444e-02
1.561311296271458184e-02
3.617960821852223008e-02
-5.160571315130153824e-02
3.448239727203877142e-02
1.728508885930645639e-02
-9.245666981446723845e-03
1.028291720167171241e-01
1.065055471099123595e-02
-1.118517224779551691e-02
-3.322383937427622613e-02
-3.483094510429701057e-02
5.631655014666483473e-03
-4.738847316969560519e-02
-8.531843898189285860e-03
-1.408706451085999789e-01
-9.201244648098986720e-03
-6.699667383122222264e-02
-6.458806418675544503e-02
-8.168021829768101760e-02
2.365797262722709599e-02
-6.026225419546168971e-02
1.032364507052190850e-01
-1.802347388222278607e-02
1.095667542468631572e-01
1.753455584833414627e-01
-4.951380193611755465e-02
6.271849386423289374e-02
-1.516668042040263467e-02
2.839528263506867906e-02
4.461192780968842309e-02
6.839577517648241789e-02
-3.772585855721423409e-02
-7.306866318719634767e-02
-6.560826469403402417e-02
4.623797208117601254e-02
-5.964532740030396851e-02
3.334713042805256822e-02
4.434936643422593416e-02
-1.081751970240653754e-01
-1.438224042988502614e-02
-2.121155940280992393e-03
1.283342956744130611e-02
-4.251408747158572088e-02
-7.070383874414824799e-02
3.209505267152918360e-03
-1.133297730640908524e-01
4.114625710305637452e-02
-9.047515653085152695e-03
-3.185189160535362857e-02
1.421810489432626806e-02
-3.036130750142591872e-02
5.152751863063836230e-02
4.987891099241677922e-02
-4.973273940605195398e-02
-5.976383629385569052e-02
-5.568115523128239729e-03
9.608093068118256364e-02
3.011415859940090242e-02
1.766783608050942478e-02
3.699436727751670984e-01
6.399367355844802763e-01
1.197160897195416185e+00
1.143610851032339948e+00
-1.277646584379599437e+00
-5.325911648328719439e-01
-2.483749834439855086e-01
-4.472170172280732214e-01
3.015753758603986301e-04
-5.874548242713153456e-01
-5.900910783722970177e-01
-1.519033081980699362e-01
-7.710689754545387020e-02
-4.516111644432583422e-02
-2.401739009112006679e-03
-6.473558986836397411e-02
8.252398750126697935e-02
-4.671699275160189763e-02
1.763322719843859326e-02
-1.063679064316288073e-02
7.122921787483599970e-03
2.040530570016528197e-02
-2.654753645479894508e-02
1.582152047322817404e-02
4.836467995578581924e-02
-1.208499839632957568e-01
8.580501514263254303e-02
-5.503052369964971796e-02
4.144551742867779581e-02
-1.317085999168087634e-02
-2.737470388293750806e-02
-1.839041012140759518e-02
-6.613323394024399338e-02
-5.450007857646176068e-03
-9.740610938116654738e-02
2.363239356320537277e-02
1.032784638484274820e-01
-1.219385371099796639e-01
7.379782543831352182e-02
5.089499860390445107e-02
2.262456998815682869e-03
1.112660332730005391e-01
-8.777493624812662820e-02
6.678342480586943464e-02
-1.110514305411919866e-01
-5.757065166139471030e-02
-3.439987351937440901e-02
2.474899047585214784e-02
-3.477276018649719247e-02
-7.131992666907588374e-02
3.073722970131118407e-02
-4.477757124203265993e-02
2.707469312546418108e-03
7.633777054624137082e-02
-1.307007092026669370e-01
-8.097487104677585090e-02
-1.929647585442633871e-03
1.284528601453155047e-02
1.783082674726315375e-01
2.532136830669991512e-01
2.366506083818963602e-01
-2.800640465970632813e-03
-8.774694914656959444e-02
-4.541987853762810556e-02
-1.809834432420202310e-01
-2.594000592306122330e-02
1.020471021270945577e-01
-2.511652115039837985e-01
-8.908179264023591282e-02
-1.581686181176701067e-01
1.020372357859346130e-01
2.294484371428133843e-02
4.248621665900544075e-02
8.987705579869904871e-02
1.262832875347175837e-02
1.496462603766548494e-01
7.100967892141556506e-03
-2.004645197398097212e-03
1.010483163566745640e-01
9.439532891171431572e-02
3.404312882322116374e-02
1.065935829048244299e-01
-1.312261647798637978e-02
-9.467513749851504123e-02
3.759585872532549000e-02
2.453544068900939401e-01
6.718116040762796282e-02
1.365330304493843627e-01
4.060670701218699330e-01
-1.308176575330333158e-01
3.255525171453123034e-01
1.219085008896634986e-01
1.538551761637107496e-01
-3.527187877489741229e-03
-6.384312131578032817e-03
-1.807264695020704276e-02
-5.018987510633189306e-04
-2.897347826545752097e-02
-2.267334664682369438e-01
-1.153384774889210443e-02
1.111367941772296170e-01
-8.094637356691856966e-02
9.153750947994275522e-02
1.048623788902956905e-01
1.038702922694022535e-01
4.570018220974102902e-02
4.348957683772387145e-02
-1.531041319684084134e-01
-9.516659181759201669e-02
-1.692720752994221131e-02
-9.549049003362605759e-02
-1.652420605913298979e-01
-1.275871132117183671e-01
-2.493200330286162586e-02
-1.985157350987161728e-01
4.809024990897982355e-02
-1.069461227602259631e-02
4.739596406462058542e-02
8.416488266256759443e-02
2.471375901970038202e-02
2.838776855760994939e-03
-6.005726769349687411e-01
-1.734810359803757418e+00
-1.385659772596650463e-01
-2.319355805964390671e-01
3.341066124726376207e-01
1.814621638807648596e-01
2.408184037202133060e-02
-6.225589905611125796e-02
1.680385171314067172e-01
1.714578297124324802e-01
2.303111034135569557e-01
2.159366278490408853e-01
1.110924019506035337e-01
2.234303171523855380e-01
2.653527007313282726e-01
1.406594223294599377e-01
7.208529180665274039e-02
8.995764237701365379e-03
-9.406446280251182235e-03
1.510954362763845815e-01
4.327292390103636144e-02
1.863717212678979440e-01
7.091699912395178773e-02
2.072797353907009435e-02
-2.680490730262617416e-01
-2.436487590624425714e-01
-9.773752638874157184e-02
8.642826769558321909e-02
-8.019549325972428686e-03
-7.941284658822661546e-02
-1.004079875730613663e-01
-8.350996446596210820e-02
4.983049101884725468e-02
-3.268745722014117228e-02
5.147879377009813989e-02
3.783592500480181253e-01
1.550913316711334186e-02
7.973437601824769072e-02
3.203875672122064588e-01
2.022399997624084456e-01
1.834096408372772047e-01
5.743744768142477336e-02
2.496909143968117570e-02
-1.550794310657685748e-01
-2.541721860593708637e-01
-1.116497427659372821e-01
-2.033200574351617940e-01
-6.263165971018473943e-01
-3.000978974243145858e-01
5.756338767776517790e-02
-1.566544903271374356e-01
-2.111281379165315386e-02
-1.927632617605358478e-01
-1.017655760808695298e-01
-2.113754674301416767e-02
4.158900346473749961e-03
7.578007686702685486e-02
-8.413601133232620488e-02
1.067306725433659759e-01
2.154088188546991051e-02
2.932163111155617480e-02
-2.015668846672311609e-01
2.793000665301463847e-01
1.909870070863972299e-02
2.779856774267345371e-02
5.522488110032731240e-02
-2.186980565857695596e-03
4.863454396865050655e-01
2.091231848504383206e-01
4.094438753160131728e-01
2.358755482026470007e-01
-5.685782209216530547e-02
-2.107537510546859602e-02
-4.434670400307569871e-01
-1.418643865980364072e-01
-7.776746542461818179e-02
-2.443667471341706421e-01
-1.300919202054171275e-01
-1.478041428741937446e-01
2.328858871291831015e-02
5.987127515951175261e-02
-7.672741069356041332e-02
2.688030164576393766e-02
-1.716342306104828019e-01
-5.047331952745416801e-03
-1.057687836492565148e-01
7.507915404614058652e-02
-1.387266945120672369e-02
-1.414134064627249887e-01
-2.760360797384171505e-01
-4.449553096903869354e-01
-5.602095765299003327e-01
-7.386043048852780624e-01
-4.979975198592755947e-01
-2.872170829169685691e-01
7.463585799328306680e-02
-1.515998379759485870e-01
1.017806324481351776e-02
7.996580779515481685e-02
5.714823025254238686e-01
6.491465794535477007e-01
1.198204753272790746e-01
1.310220856020834213e-01
3.194830965302684622e-01
1.659491225312949292e-01
1.351064669928411510e-01
6.085010168016451865e-02
2.019814762646800210e-01
1.480821152182897060e-01
1.441025463194576910e-02
1.207316118932253296e-01
-2.807587448967598098e-02
-1.598590093053099334e-02
7.104466786240774823e-02
6.037749732796537927e-02
-3.607221939203589939e-02
1.606751596334109883e-02
-5.913136586044955706e-02
-4.171512203582503769e-02
-1.466605359077629567e-01
-6.626241297992552237e-02
-3.809229162383783590e-02
-5.787477678408944545e-03
-8.851740918869320518e-02
6.648620260664177273e-02
4.222035775176446321e-02
-7.918087673536025606e-02
-3.965576292266629332e-01
-1.674144726949179818e+00
-8.787399788369960607e-01
1.031945197467949216e+00
-4.458081636441182244e-02
-8.309924746828968589e-02
6.255674509817536755e-02
8.795988902307669277e-02
1.710766138250504609e-01
2.447806646463318303e-01
4.470322224503698316e-01
8.896003699181719293e-01
9.233316407719238672e-01
5.621165120570110751e-01
3.643492904442998670e-01
7.498207593220779232e-02
1.557139356940392405e-01
2.160217550980748913e-01
1.659226048643154816e-01
1.601162494234819877e-01
1.259866086313403688e-01
1.825594963071079102e-01
4.156930522664616318e-04
8.605653025628343111e-02
2.544247842236045318e-02
1.240211943753225660e-01
5.982496283397961689e-03
-1.215158801249903789e-02
-1.213113657081525687e-01
5.377573792199407711e-03
-5.416105784744925343e-03
5.637712011542260482e-02
1.547567326637199793e-02
1.228349199731538638e-01
5.993483828492542770e-02
6.016025933123891889e-02
2.666369242200693213e-02
-1.133616160089612607e-01
3.712660822742436251e-03
-1.421150479389812760e-01
4.636562720757431838e-02
7.211055064778985890e-02
1.021410392333539641e-02
-1.391757939372572916e-01
-1.312275701806299988e-01
-9.851561950685343294e-02
2.389211071315579596e-02
-6.273489715131418121e-02
-2.212090397906716147e-02
-6.860087645081103247e-02
-1.135822001094975026e-01
-1.784332282102749773e-02
-1.017917582822927373e-02
-1.688107546679250281e-01
-8.811338194928258760e-02
-9.188931511041686928e-02
-6.229458519795733062e-02
-6.785210266047578265e-02
-5.706388626869546288e-01
-1.543319859970652130e+00
1.263470044509485413e-01
2.212034112704348021e-01
5.542841552144150280e-02
-1.571615991969859405e-01
1.775195650185578955e-01
5.419212616959551143e-02
-4.843144887580431990e-02
4.502903381340778860e-02
2.918509153133622136e-02
2.182429166069888363e-02
2.983867957029300022e-02
-1.574655939970352400e-02
-9.488448057252653334e-02
-1.976335166509254615e-01
-2.923521883183353987e-02
1.329015542495643430e-02
-1.277937818592430122e-02
-4.982877450945413234e-01
-4.917890797120216123e-02
3.271159191110415733e-03
-5.571350802879437847e-02
4.518840995518581816e-02
-6.432956218512643487e-02
6.497706523804722134e-02
2.989194606530479886e-02
3.628808555992843205e-03
1.074400068003250192e-01
-5.985259097473208389e-02
-3.289209626945003434e-02
-1.149325317262530344e-01
8.625525547073981114e-02
6.222650916675916133e-02
2.113296144785247258e-02
4.066711751964427468e-02
1.662206995922249630e-01
3.891469537988691274e-02
1.030281446059767986e-01
1.324274031254400186e-01
1.375844103331015922e-01
1.780380012949527024e-01
1.495500885255077531e-02
-4.745706252835959343e-02
-8.666541176046935191e-02
-9.876264651397464664e-03
4.307975692318177785e-02
5.323311133369633408e-02
-2.613195957591751828e-02
-4.142724120275583649e-02
-2.125997207691063609e-02
1.661356623822627110e-01
4.188429823282957543e-02
5.764295848711365605e-02
6.990316067942421545e-03
3.728972583057097931e-03
-1.101272533571417689e-01
6.860384513880579682e-02
-2.697909585740478067e-02
2.395784621742589465e-02
-1.598203648806419824e-02
4.014339379740210212e-03
-8.133764372744876556e-03
-4.658201485742365089e-02
-1.632931218458527969e-02
2.148703453437423097e-02
4.984580909458285330e-03
2.223016380398015052e-02
-1.432682696479282243e-03
4.245716434126270422e-02
6.991901254289976247e-03
1.632959162491118554e-01
3.919071727805058247e-02
-2.657025417278272572e-01
8.415785232820813255e-03
3.609381660257225677e-02
-2.023399323437102132e-02
4.429413474090083958e-02
-8.313251391807205404e-03
7.045611744245327060e-03
-1.794619419411357455e-02
1.535203148312748109e-02
7.357028521397765419e-02
5.672354501490196182e-02
-1.541844500924774257e-02
-1.366531293109981837e-01
-9.555293986384862104e-02
8.563153183177522887e-02
7.573497085063837266e-03
1.587261753712429155e-02
8.737421439968569292e-02
-9.816026686086651298e-02
1.250179427350063821e-01
-1.733993273458179774e-01
4.044033097226873430e-02
7.468572078871592301e-02
-4.851949609399006796e-02
-4.359345122166916053e-02
1.839105229722337934e-02
-9.815741348006642997e-02
3.076685686955734841e-02
6.359957485028452928e-02
3.867299357998579129e-02
-1.725402714355031217e-02
7.362670428153725299e-02
2.452002324250187812e-02
-8.107866239362314376e-02
5.094726383574775530e-02
-3.345657748360352651e-02
3.650452697032716826e-02
-3.145420006702816240e-02
2.739029042005274722e-02
-2.979370489540307185e-02
1.318982703088598385e-01
8.886690195807943338e-02
-1.939489590914152684e-01
1.300554893589203620e-02
-3.208889888687771301e-03
-6.188197409069740723e-02
-2.693078448416996729e-02
7.912736911482148860e-02
7.769484415396106514e-02
3.586613867775583636e-02
-5.134630438148009984e-02
7.063267143848024621e-02
3.595380646140429459e-02
1.758691794681103704e-01
7.024030492590252472e-02
1.539973268952810337e-01
1.280433141391224272e-01
6.581010638974828242e-02
1.000643582433441772e-02
9.342281441148771182e-02
3.472679968066750417e-02
8.640969343369758748e-02
5.093036336913753931e-02
6.704023015347012650e-03
-9.609069000641820568e-02
6.895842340628302591e-02
1.727089446861212463e-01
-2.145986558726836746e-02
-4.920731853285478796e-02
-2.070949637044965930e-01
-8.456419086712245459e-02
3.464503803252898077e-03
-1.751772003551186063e-01
9.321242755822257628e-03
-1.529642572680473267e-01
-9.024445119072266319e-02
3.443925787747389305e-02
-9.307509047135374691e-02
-3.389645547329314668e-02
-6.717220564403686422e-02
-1.069635469985132925e-01
-1.587896807326396806e-02
-7.236554440540052258e-02
3.352759460997518232e-04
2.194592331329899264e-03
-7.996852419688281130e-03
-2.714981946753924902e-02
5.603536933774647816e-02
-7.456198757413483313e-02
-9.222707201388584408e-02
-7.372904680218389517e-02
-5.424367686309957554e-02
-7.285790445257075976e-02
-4.925884205014650907e-02
-7.430219236029200758e-02
-6.335504097718457073e-02
6.817805590082572781e-03
7.850778982220139868e-02
-1.136221556020832191e-01
-7.349147362060454158e-02
5.492413894537495622e-02
9.678903487056350619e-02
1.575332566937595047e-01
2.144449193085998795e-01
7.664192934570381033e-02
4.938590634757806380e-02
1.372048941395336563e-01
5.201615203820199040e-01
2.801265421187159599e-01
1.514964445478584887e-01
1.266061462706855600e-01
3.655484946471914132e-01
1.851908965354528425e-01
5.124903949283369231e-01
2.360841839098957173e-01
2.783583292409612109e-01
-6.592445933952176262e-02
-5.406827454057249183e-01
-9.768486075261539892e-01
-4.363633110244847235e-01
-1.874862878048293713e-01
-7.367512359393078858e-02
-5.649924191605008167e-02
-1.541487723206352856e-01
-1.742598211617067683e-01
-1.030255363463554799e-02
-5.918276570368783546e-02
3.106711802005758180e-02
4.504225202589270949e-02
4.242301618488934951e-03
1.959769935564299390e-02
-2.549572267783244833e-02
-1.953699443646689932e-02
2.522465971909791573e-03
7.695272275371203841e-02
6.938455496659205746e-02
2.153917089700817245e-02
3.047722312532241684e-02
7.728214696349469150e-03
5.321266349171343592e-03
-2.711381710111293933e-02
-7.048355003511083683e-02
3.685188741550533831e-02
-5.701214970591306219e-02
7.633305024769471148e-02
-2.401622442606219862e-03
4.286455605081242876e-02
-3.091643002492061934e-03
6.979211157819630029e-02
-1.489742274335424665e-02
2.337652335118743999e-02
1.959446795442718048e-02
-8.711698815222152295e-03
2.710127363491804386e-02
9.001460012742822092e-02
8.486070570968984317e-02
-2.200803573321126472e-02
-5.267342392182962352e-02
1.139988753511455601e-02
-2.963278103052609594e-02
1.085179767068668484e-03
-4.699796109905328423e-02
-6.235846000486415519e-02
7.056797711906173838e-03
1.049476715658889669e-02
1.484763357408867834e-02
7.510030047834936754e-04
-4.636013509520984371e-02
5.332133158926392197e-03
4.842726059950653444e-02
7.311982359793622877e-02
5.117104556085814299e-02
-5.055833367946539758e-02
-3.124636597264844953e-02
3.305922431980425763e-02
-1.818598214266766572e-02
8.857542215802645391e-02
2.826736288933613672e-02
-1.446677629433641005e-02
3.925746701012654272e-02
7.241435606023475385e-03
-4.234036436493528871e-02
5.220272857722728539e-03
7.294029397909432451e-03
-1.387629073213934340e-02
2.613439742989083145e-02
4.340518454254543163e-02
2.466486469541241677e-02
-1.168999648179329109e-01
-3.205793429753033691e-02
-5.330000614314614471e-03
6.276598415720355262e-02
-3.994254981840672167e-03
-3.461739794485229477e-02
5.616481905065218161e-02
-5.617987960131128750e-02
1.138514628090809937e-02
-6.780731537154099930e-02
-3.284928242746731897e-02
-4.787297227931729821e-02
1.046885331130127487e-02
-4.891799738664086294e-02
4.161350686165369607e-03
-2.910576791853888151e-02
1.544548772268312942e-02
-1.149762159135853980e-02
2.818524417212935756e-02
4.765713911092919752e-02
1.069698937464623884e-01
3.035266486635486427e-02
3.816990661262743834e-02
-9.309919078493103517e-02
8.557992340834105760e-02
1.398623490168948366e-02
-7.698599608873368805e-02
-5.347334993750659481e-03
-4.955777014388668827e-02
6.432098935281280183e-02
6.758020477559216997e-03
2.875704211232564880e-02
-7.057594370666549037e-03
3.107440773471124157e-02
8.397118755397604828e-02
-8.604590990115379423e-02
2.214558150136207784e-02
-3.689299000372824044e-02
3.665819292799629703e-02
2.653758171315473077e-02
-3.613951397435528901e-02
1.855352691899735205e-03
3.134240796546446106e-02
-2.712074742951080253e-02
9.845283923682909832e-02
-1.792735155312964179e-01
5.671367479580725207e-02
6.570971960497640207e-02
-7.657618949533168129e-02
6.091264232572390913e-02
3.674168931731378041e-02
-3.443946660410084071e-02
-2.611736700804354397e-02
3.957017174214085692e-02
-9.757379952260265485e-03
8.266527165999729143e-02
5.147406117988970187e-02
-1.263526628550297633e-02
-2.014697937071242492e-02
-5.179906705630370721e-03
5.807694386070269554e-02
1.118040206001036201e-02
-8.695808747888753021e-02
1.868516903383220240e-02
-1.536427396525016052e-02
-3.874836051029652284e-02
-2.152046684842416346e-01
1.410708152110662916e-01
9.120016456712851105e-02
-1.410959118610209395e-01
-3.381363352659014221e-02
-2.332052886867665500e-03
-4.091699714243500485e-02
-4.589694458792585585e-02
-3.870534304280520005e-02
3.247293556994298308e-02
-5.621330049518715420e-03
-5.431867756147043536e-02
6.349844348562530549e-02
8.982189861272292519e-02
1.847984286722525321e-02
-1.285629860824205883e-01
-2.520710088266618631e-02
4.267111994294593702e-02
7.168907375980244738e-03
-5.188936245741604392e-02
1.887512172383353642e-02
-6.647158008164823217e-02
4.891528975398886508e-02
1.101547878725805674e-01
5.985413731293342393e-02
4.488549160675277955e-02
2.446108744799026791e-01
-1.476565838623899451e-01
-1.462076968690903533e-01
7.442292903039871010e-02
3.151277173350609979e-03
-2.545378996911504266e-02
-1.685473449665929324e-02
1.433121811067830653e-02
-2.122582658844430429e-03
-6.230741039736866632e-02
-1.369462343035637852e-02
-3.340996280342523050e-02
4.235968862144725428e-02
2.252664389892647737e-02
-1.008356027150224092e-02
5.159419733849318276e-03
2.240518382339799774e-02
-6.233852763003647213e-02
1.386730396223400177e-02
8.199076553832093661e-02
6.480151877405193606e-02
-3.477853233724360199e-02
3.346072632832230304e-02
2.652798249381935897e-02
1.426663856136775599e-02
-1.203212004344127173e-01
-1.010701333208036401e-01
1.830045500124040936e-01
4.830161535101485520e-02
-1.137918716296160981e-01
1.690309831402148077e-02
7.454610148222641508e-02
-8.285344587654140669e-02
4.160073784181871764e-02
-1.375205091379939036e-02
-2.268991187218799901e-02
-1.037189784089465397e-02
-4.269651564937370497e-02
2.687910370042038283e-02
-1.066248241121882899e-02
3.264024484529704472e-03
-3.342945538763426178e-02
2.052280659602920276e-02
-7.773035888457745235e-02
1.258565097487329976e-01
-1.210590531902625347e-02
-1.216297383476811454e-02
1.670494699468283092e-02
2.233767027220944293e-02
-8.087456531477160704e-03
-4.313212723602247861e-02
9.210660621526536862e-02
-3.883752034988838253e-02
-1.729154782454150191e-02
-8.724637275927722702e-02
-1.269353623521971702e-02
-1.386956427160347845e-02
1.319039245567053646e-02
1.493898120997501529e-02
-2.271070564951216744e-02
-1.154391458898691020e-01
6.768844938541564160e-02
5.026929564003757706e-02
8.623171676139254616e-02
2.258278597929893466e-02
1.802964008370018870e-02
-1.142135710798002912e-01
1.735475151585674086e-02
8.080246268042155788e-02
-6.536156117815655753e-02
4.889612452246894225e-02
1.779351368554267510e-02
-1.057797904871369578e-02
-2.040234939256137942e-02
3.543765820408850686e-02
-7.398531766583982261e-02
1.192366486245455826e-01
-5.342501807614623288e-02
-7.311025864579763500e-02
3.030746026354235248e-02
-3.217065710149410313e-02
3.191251217255083872e-02
1.460755752300332139e-02
1.428228091126491558e-02
-1.551875235599644610e-02
-3.659187808458261998e-02
-7.475824496331081974e-03
2.968097101796129261e-02
-3.253980177789642103e-02
1.637544359243624584e-02
1.572035456156524284e-03
4.119728281627013655e-02
2.004246010561641644e-02
-1.733257290438923459e-02
-1.059026557432098115e-02
-6.024450182924234731e-02
-2.540508092079820680e-03
7.370744901417022876e-02
5.263912671002817650e-02
4.053606700494510884e-02
1.253564069639007822e-02
3.317220165558983080e-02
-4.509295233327876434e-02
-8.215804920596868344e-02
1.284339481245413625e-02
-6.193085666596657296e-02
3.652822338046191747e-02
-9.338783732713301644e-02
-6.053102391610409340e-03
-7.839334471044587249e-02
5.840408369772571995e-03
1.295617419126935885e-02
-1.831499009361628807e-02
2.128570490758955810e-02
-5.490981048975997897e-02
8.022684109365336991e-02
3.003611959648254670e-01
5.738573680610976613e-01
8.401380706051208014e-01
8.468700597673242125e-01
4.567981871128594662e-01
3.044722752365852658e-01
2.745578791494185933e-01
3.992798095531216451e-01
9.864114286938732712e-02
1.324882811415307449e-01
5.761480288924276244e-02
7.833778048384550108e-02
-5.198340963886928234e-01
-1.194291665621818321e+00
-6.001392001168972534e-01
-9.418566575793149709e-02
-9.653478863025951595e-01
-2.968055258481099301e-01
-7.302890750597229585e-02
2.524037537571098902e-02
2.711811032339482824e-03
9.303553884013696096e-02
1.057596530230605833e-02
-8.504190970991430676e-02
-1.111919988678067295e-02
1.124383810111575788e-01
7.043539404006882165e-02
-5.549204579665512754e-02
8.744351601305283550e-02
-1.015951137513021289e-02
-6.660565542942502824e-03
2.795519097598330241e-02
5.253679070313223981e-02
-2.963415385360709808e-02
-3.044308270142057765e-02
-8.001927001616376822e-02
1.183892894102146244e-02
6.016029684898505786e-02
3.781775662611613908e-02
-1.569475574407149313e-02
-6.284768483426816932e-02
-3.018838507634129600e-02
4.538017092458893759e-02
5.993431247380054394e-02
-2.877076270537950661e-02
-2.258070902331238763e-02
5.198069149752828494e-02
-1.345803812389548965e-02
2.830860136758479514e-02
-1.174150017721212608e-01
6.187647745962768231e-02
-1.428049522880700008e-02
1.219380238496709477e-02
-8.806016684840566044e-02
-1.060067923411870811e-01
1.661358883567335964e-01
8.143260575339154872e-02
9.994423747176778283e-02
-1.057800298019747620e-01
2.314523852217027430e-02
-1.398794426592660234e-02
5.523424389681405589e-02
7.025140515552186216e-02
-8.578004112959522476e-02
9.197493496190255191e-02
-1.711570175459822471e-02
4.174240629345832981e-02
-3.133228734080499567e-02
3.461476780932950387e-02
-1.528555024491681791e-01
2.330482776905211384e-02
2.757105776621019411e-01
-1.426316804905339852e-01
-4.186328131850092227e-02
5.720144034496053159e-02
6.006149709196799413e-02
-6.032276702705329646e-02
-5.724147374174131525e-02
-4.407885957042272963e-03
-1.364918793847475463e-02
-6.988202966409505501e-02
-1.708013958272615873e-01
1.884477675539097119e-01
-8.189504214014235728e-02
2.040657157176377010e-02
-1.607023663487851597e-02
-3.237789087578691466e-02
2.283918950830335637e-01
1.295501041822434973e-01
2.184419981935281363e-01
4.164261770165147980e-01
5.370195649522356840e-01
1.973786342792837323e-01
3.433868853033438251e-01
2.882354327519220938e-01
2.582070627033104526e-01
-1.129111011111817442e+00
-3.790847533405673486e-01
-5.514222995161084662e-02
-1.600149744365013948e-01
1.770542942609404369e-01
4.225789763916669439e-02
-4.675237344359663150e-02
-2.873557496049103932e-01
-3.647685763527933611e-01
-6.612199969163617963e-02
-4.763803183219246506e-02
-1.258531964351201904e-01
-1.411273173737546960e-01
-1.790591837900979144e-01
-2.161150154585124994e-01
4.966122379889451738e-02
-1.507420742165130056e-01
-1.781389926362779708e-01
-9.136938263536217852e-02
-1.049588493087055957e-01
1.102114917395681098e-01
-7.865139467239708887e-03
-5.359804636274941025e-02
-3.517182312961231183e-02
-8.666346823963760881e-02
5.698195574426768301e-02
7.022502388151919371e-03
5.991513484310736354e-02
1.021367741950162250e-01
2.099028652073267262e-02
-1.351284830181655183e-02
-1.153783042690353054e-02
4.524168297289864193e-02
-1.044204714188692526e-02
2.256869888021477075e-02
-1.354098606705067820e-01
-1.131367952821456108e-01
-9.609136368596453426e-02
-8.631158684163030281e-02
6.138926372194623143e-02
-1.087330098863684980e-01
-6.799561142360346921e-02
5.895213710006043384e-02
-1.908942272310826293e-03
3.692830962713079118e-02
8.941553141444052999e-02
-1.114360695800549056e-01
3.664402092313107095e-02
-2.782937727329752586e-02
2.416180280463952820e-03
-6.266966073911615920e-02
3.383587939839582254e-02
-5.137800204433848328e-02
5.960804988101508356e-02
-1.142318203884820360e-01
7.405917032573687553e-02
-6.927799358720060363e-02
7.299255146686015050e-03
-1.246412839607776712e-01
6.763721134224792708e-02
-8.830347811973585093e-02
9.897306904470169753e-02
7.528759293305798371e-03
1.089293807139772446e-01
-2.083202256979364841e-02
7.398888719564595574e-03
-5.097532140886384261e-02
1.412500123718078877e-02
3.108308467247968693e-02
1.647087204560317240e-03
-6.189364363375193800e-02
-5.326410898864500365e-03
-4.143437638945623308e-02
-6.089098926774681037e-02
1.546876840507114409e-02
-7.176398473501614805e-02
2.104253418628358047e-02
-1.036430612816042207e-01
-6.203649317382057583e-03
-1.325324645829786541e-01
-3.511870446185087757e-02
-2.117997997584487868e-02
-1.641669862913308631e-02
-4.357035792373902677e-02
-5.783928800084908728e-02
7.934130087625869410e-02
-6.870847562705757750e-02
2.142088092011734668e-02
2.330035598648584269e-02
-1.214957468688091652e-01
3.738549854732235375e-03
7.339981477687981815e-02
-5.354671630139639510e-02
1.198658721148338629e-01
1.137786816145008040e-01
3.961212313711180016e-02
-5.696218721172095073e-02
9.469193438401944662e-02
4.950948897129751891e-02
5.801523713415641242e-02
6.373918848828616368e-02
-4.671085993650685164e-02
1.121723913876039591e-01
-5.205917863438784543e-02
-8.796716373751889244e-04
-1.066196349439312192e-02
-1.048153726119191165e-01
7.156267986554945559e-02
-5.470414653820894479e-02
3.026099539178416301e-02
1.069358472888088385e-01
2.940646085391612763e-02
2.875957156987004118e-02
-4.079449036059732553e-02
1.808580545950234583e-02
5.824651033215796359e-01
1.686978461999119494e+00
-1.315409599233419158e-01
6.438508580435126083e-02
8.633921613838427267e-02
-3.685263278273625208e-04
-7.120170091508815080e-02
-1.110341585065249687e-01
-3.705769668732943750e-02
-8.779067628469096329e-02
-7.631829987956881278e-02
-6.880495389668299724e-03
2.871879490886937447e-02
-1.088001453442347111e-01
6.722020577886370259e-03
-1.767176053459987295e-01
4.488055439372436867e-02
-1.364022917287613657e-01
1.001555678766985341e-01
-4.035015848166832036e-02
3.097347068681887208e-02
-1.027920778667756607e-01
-6.638511755690351679e-02
2.234867268206887445e-03
1.335575413333454919e-02
-1.777263835385666790e-01
-4.725909431904477126e-02
1.053868164266122814e-01
8.806211601363944652e-02
1.168092011777657063e-01
2.397337511345029037e-01
1.029594572466873970e-01
3.265990177258393246e-01
3.512667594149034012e-02
-3.904234279390907947e-01
-5.263269950983848755e-01
-2.392022024548451642e-01
-1.702854194362444784e-01
-1.533264400724634879e-01
-8.903745956130765249e-02
-1.846758306297109353e-01
-1.385501481045785799e-01
4.885014214461235182e-01
7.067517847746834780e-01
9.297272025227013570e-01
8.149544899829451738e-01
-3.305835803946793883e-01
7.703309740080463430e-02
-2.903038733370490870e-02
1.852681511473034670e-01
3.259257099641133665e-02
-7.272755929836328959e-02
9.315842597310088069e-02
1.863936781342947213e-01
1.341819815869660648e-01
-9.453351678342169356e-03
-1.312072753436170913e+00
-6.904243122664950327e-01
1.538751749148875025e-01
1.186657881015024639e-02
1.217525567014155069e-01
-3.642641361278031037e-02
-1.079652350539243438e-01
7.610112747726835783e-04
3.722222438523866139e-01
-2.012525436641969812e-01
-7.877573594055685413e-02
-1.672150041554815170e-01
-2.962166186479333607e-01
-1.453633704789884240e-01
-2.634206861034659175e-01
-1.375012517466777662e-01
-8.998317774087039728e-03
-9.628030866638102869e-02
-1.178588854771725064e-01
-7.270858434714116969e-02
1.257116994576679969e-01
-1.775662406329907295e-01
-5.534695470361537806e-02
-1.185918228796197654e-02
-6.216573836216329751e-02
1.159657467993583241e-01
-8.597334605411969784e-04
-1.621451228384440668e-02
-7.465673209765202878e-02
-6.301462590330512417e-04
-2.452249270833431471e-02
6.016396129811214973e-03
-4.967513787241449597e-02
6.199442584192554201e-02
1.079453661660963737e-01
5.322780267232395113e-02
2.200225502593033261e-02
-5.213659456037319714e-03
1.890971450793874076e-02
-5.844810370651148251e-02
-5.122966222361324817e-02
-2.360925129333972528e-02
-4.062319680267310190e-02
-4.807085585968919050e-02
1.089240412019358041e-02
4.395064970093394419e-02
3.311909814745869068e-02
4.343111245964436512e-02
4.428976074938148488e-02
3.569525570646323032e-02
4.577935923031320464e-02
5.901432416043681135e-03
4.016452028017305359e-02
3.953629061432215389e-03
-1.695934586001604516e-02
8.023238574732256389e-04
1.518329595199047893e-02
-3.707034679832080931e-02
4.004993899601221041e-02
-1.071422072445743501e-02
-2.601259093666414765e-02
-1.455298562033312780e-02
-7.133406464327625429e-02
8.073075003753046874e-02
-2.634905949427930258e-03
4.698534588561555266e-03
-6.359996406614985831e-02
4.664004495486614998e-02
3.667041027196888542e-02
-4.772818992597253202e-02
-1.025653969078037069e-02
-2.767431091597189266e-02
5.328882153529374693e-02
6.355066421885506578e-02
6.149563085606506857e-02
3.686108069761047379e-02
-7.007277517168598868e-02
-3.540368964047075576e-03
-1.198531358259251611e-01
-1.467991126217811915e-01
-1.678572454488527418e-02
9.635178336657465592e-02
5.577685488512476976e-05
5.525479847624212293e-02
-8.076385601235130940e-02
5.938330772106643896e-02
-5.301794329342602446e-02
-1.357643066528863886e-02
2.779787431499669212e-02
9.513617306751655581e-03
3.197519849860316898e-02
-1.633091499554202922e-02
-1.276673348253043461e-01
2.051677222391881661e-02
1.024519638373037195e-01
-2.481011794328756570e-02
-1.720703505499735220e-01
7.042297681890724581e-02
-4.583891029809349094e-02
-4.658278223265170659e-02
4.555412022094177532e-02
9.173403740504791626e-02
4.830102624468043254e-02
-2.842273728666187826e-02
-1.221181192147816896e-01
-1.500778795562376531e-03
1.579351504957941521e-01
-5.467741858423285500e-02
-1.449461447585402296e-01
1.611195238367207558e-02
-3.948544303500723697e-03
-1.158760373770619245e-01
2.832288088632192030e-02
-2.761280966358978933e-02
-9.804077756870963056e-02
1.015585116221053158e-01
-8.463093235131648184e-02
6.197014563941055133e-03
-7.901761524858760821e-03
1.272553209475451100e-02
1.663592602767937322e-03
-7.471362809265640059e-02
-5.150911813597751354e-02
6.537280338956023319e-03
-6.643018300299330207e-03
-4.211190670755809995e-02
2.177513835179392329e-02
4.967726556151319528e-02
1.632777726320226025e-02
-8.502947743249332502e-02
-1.501664830937977924e-02
1.816888582950168252e-01
2.073532789505529855e-02
-6.413159422625480666e-02
-8.109238904201267195e-02
6.762009983788639343e-03
1.639129537538970213e-02
2.584691418816266895e-03
4.469331213243925988e-02
-6.332224894832275131e-04
3.948126253524492091e-02
-5.644541403687093617e-02
4.887866606731804814e-02
6.473851949078348114e-03
7.045934239363020948e-03
8.537016179764336798e-03
-3.341100122306032982e-02
-3.036118241346305330e-03
3.122458540697475166e-02
1.206185930973445730e-01
-9.094571035015279470e-02
9.976126133488562309e-02
1.103128301784071369e-01
-1.432693048454879714e-01
1.977024238992082517e-01
2.802106275053605280e-02
1.803531201867916989e-01
5.789189715633295819e-02
7.893228001191426868e-02
8.851513632223380335e-02
2.543026862461705145e-02
1.465674214946766606e-02
1.429858306393896883e-01
3.571599520287633833e-01
2.684017246252832223e-01
1.494515815595259256e-01
3.980044270755120350e-02
1.348514987905176654e-01
-9.931670080159199498e-02
1.280942471528304615e-02
-4.384925446694893508e-02
1.126340230867763637e-01
6.037432393382839019e-02
8.352453146334209988e-02
7.081926350311884555e-02
-2.023933062646358569e-02
-1.673023513660491790e-02
1.403411673367984530e-02
1.784070790049339938e-02
6.852922672399959503e-02
-7.848434234313490798e-02
5.162512570657204480e-02
1.037376608262123856e-01
-8.572013180624336870e-02
-7.242091140143155914e-02
6.453499089201118755e-02
-3.908515873889085307e-02
-4.141740231862646449e-02
6.401990345518186959e-04
7.511908958359619914e-02
-6.336534159734179272e-02
-2.333260191273129475e-02
6.202440923972131481e-03
1.397360442191181726e-03
-1.327925653112056736e-01
-5.202257392608970049e-02
-1.718694624221521750e-01
-2.170542221347581194e-02
-5.299817900861496234e-02
3.564014857709942030e-02
-4.648245530421795529e-02
-1.833306583558719505e-01
-3.884576557193953478e-02
-7.053504203862924482e-02
-1.521325767297888598e-01
-1.290229913392117005e-02
-1.787590765177161922e-01
-6.079400718745225918e-01
-1.761054796906924791e+00
-1.178973600430635593e-02
8.988360381669109611e-02
1.752827000515459199e-01
1.611437258668874661e-01
2.443137732232906340e-02
-3.088645520922712624e-03
6.950123882898562311e-02
6.899040693854861794e-02
1.075531636198007596e-01
1.056527167509750398e-01
2.161726351266167294e-03
1.469976798757750835e-02
-5.549606553050179247e-02
4.540682128307411275e-02
-8.241102848223059996e-02
-2.414822273988706247e-01
3.038621051943423551e-03
5.016458411175210574e-02
-2.962742044590272600e-02
-1.783086534794854072e-01
-1.033435817677475221e-01
-1.302711542936563494e-01
-1.283673954607287282e-01
-6.572936019805143693e-02
4.704203899501163688e-02
2.182104777804028464e-02
-6.339977843238192579e-02
3.333194900505263847e-02
2.427368137382502830e-02
-2.725417779267757037e-02
4.103059932378262317e-03
-1.987571445152255464e-02
4.621329767449115083e-02
3.289190363790786553e-02
-1.480426487274893316e-02
-7.392667493068252882e-02
-5.026874763039484301e-02
3.972514954793432418e-02
1.613794784237292390e-01
2.431499275319856310e-02
3.477921526985074119e-02
1.671411431114728785e-01
1.296960513301720630e-01
1.108990671906414094e-01
7.524299836181622125e-02
1.464059715501463826e-02
1.302876352934938808e-01
1.006107839142317689e-01
8.914228365649153052e-02
4.494885795523596156e-02
-1.883300510189235208e-02
-3.471633116975685746e-02
-1.002650726604491747e-02
8.703498140463454547e-02
6.021880727724748111e-02
-2.555413496585826755e-02
-6.590082193661781634e-03
4.285634672589987149e-02
3.397514461637955036e-02
2.292029501777822532e-03
2.767605279934171741e-02
3.707258774521834943e-02
-9.733402254531387443e-04
-1.569840732281968521e-02
1.718646336897822950e-04
2.824768517841520082e-02
-4.308841683513875420e-02
4.194078258968877981e-02
-8.778292699031658985e-02
8.176186252358398632e-02
3.397390220835828922e-02
4.575374895109582916e-03
2.755616768866945426e-02
1.003759531175978659e-01
-6.074915855401766263e-02
-9.015950992743436421e-02
-4.042917174710856931e-02
-1.369401906159317672e-02
-3.861851341375149957e-04
1.760295086220960842e-02
-2.910254860962827039e-02
-3.208775606620274667e-02
1.020043312618533760e-01
1.157103524359786619e-02
-6.479714129545510737e-02
-4.924169547629328458e-02
-6.420758835620289651e-02
8.222649460973860402e-02
-5.380737569050232649e-02
-2.075211965058708710e-03
1.384769782010485673e-01
-1.002886660520988099e-01
8.629635001504915026e-02
-1.429802538368208920e-01
8.158246018715079040e-02
-1.015465253714050234e-02
-1.289920699099986363e-02
-1.507185605714253356e-02
8.120483255861873917e-02
-7.228751045935866149e-02
6.144792002988968410e-02
3.433941921587828350e-02
-7.418682033616084970e-02
-1.087477433065056759e-01
3.082197023057682561e-02
3.363383707047316873e-02
-4.640981974317288927e-02
-5.271246240715356246e-02
1.019913301746623452e-01
6.210952828787615759e-02
-4.812999123595301798e-02
-8.703433738203762704e-02
6.715305896055995261e-02
-2.114282601569256181e-02
5.672192970281277058e-02
-1.361995019333532564e-01
5.029252702048030849e-02
1.317296775072320791e-01
-1.439547252333319427e-01
-8.723612093817801130e-03
1.172762758786926630e-02
-5.939046156230877449e-02
3.981608112024050822e-03
1.176765214419749420e-02
1.388244344640610778e-02
8.111115455723728884e-02
3.225728845317994004e-02
7.245109461366276704e-02
1.537383795593429969e-01
1.393955191490476586e-01
1.888933298198016975e-01
2.155808489729440364e-02
4.051035746344190669e-02
1.179497792578993870e-01
-7.366862680067217881e-03
3.614381268182580154e-02
5.490717766779690950e-02
-1.266012732416003754e-02
1.416573878841976553e-01
1.728763594134353002e-02
-2.915697765261775556e-02
1.530926295264616877e-01
-5.280131490564328456e-02
-7.959975680684668042e-02
-1.616399407302933633e-01
-2.073425358899179116e-01
-2.198616580843919255e-02
-1.307062340779358567e-01
-2.248009643391235546e-01
-4.369753225867355206e-02
-2.668344588392750766e-02
-6.864063227437526560e-02
8.529689195609971297e-02
-1.492597835759150709e-03
-1.519128745123733346e-02
-4.164042472481575830e-02
-1.175241916788272722e-01
-3.480844567117044597e-02
-2.303136957892598646e-01
2.575292705319926021e-03
-5.114971034924324991e-03
-1.591685978601891163e-02
7.352333024528927286e-02
-1.335113729758778678e-01
-8.456781975821434094e-02
-2.233109836185526512e-02
5.953881673757937393e-02
-9.863869453386436836e-03
3.846795497071469477e-02
-4.894363295268402275e-02
1.018991482840008733e-01
-7.302981591860684130e-02
-4.630908270301356544e-02
6.987461747186073102e-02
1.009930881914729156e-01
4.398951168475414425e-02
2.235968515231414877e-01
-8.513681281796826872e-02
5.287206093421904785e-02
2.859670791391399347e-01
1.042225260620565086e+00
8.540333640094512901e-01
9.210003719349136864e-01
1.236507053358686936e-01
2.016601241784081178e-01
1.348280981495213193e-01
1.557446939637035233e-01
3.368851045618107692e-02
-2.628879462553628255e-01
-4.840355162339627926e-01
-1.041181581141769064e+00
-8.474893446518664275e-01
-1.229570932983606729e-01
-1.402938903548146821e-01
-1.593531359000509295e-01
-7.695232596172106587e-02
-1.007036844732297071e-01
-1.723391885042188654e-01
-8.423424968296303050e-02
-5.600450307642969999e-03
3.903831153778246355e-02
2.665710178617066231e-02
-1.538182223583047610e-03
-1.884067252278063577e-03
4.263977962483592177e-02
4.813587877385687441e-02
6.451352983979112554e-02
-1.249964001544102282e-02
3.225145405180566971e-02
6.818191058975592300e-02
4.371610614741137241e-02
-7.106572163116088581e-02
-1.736182411918310575e-02
1.404369881878076744e-02
-1.397800823906122057e-02
1.639515934865021576e-02
-2.692853407678516900e-02
3.335551744780580058e-02
1.318393320188569404e-02
2.051673103019271971e-02
-1.535548237788517817e-02
9.057247807610638995e-03
5.414878750748091524e-02
2.062926697524820191e-02
-1.455262824404987033e-02
-3.952966942316798842e-03
3.523850185364824777e-02
-4.297175340648139164e-02
1.002721510942291942e-02
-3.608735541813189434e-03
-1.300585622241669237e-02
4.148295200975021801e-02
7.878187065561463587e-02
4.824306326206395656e-02
-7.093587093909226038e-02
3.781562661617480364e-02
3.695719624538691683e-02
-8.899371096739064346e-02
6.371915767577607248e-02
3.444046140815042178e-02
4.676898889593384540e-02
6.736481307854409739e-02
-1.713059296690306044e-01
1.512138863876420769e-01
2.146923359417554546e-03
-1.163487755104377352e-01
6.766089866000779551e-02
-7.855796193469122626e-03
1.264196247369128376e-02
2.512601878666238797e-02
-6.297151540455368790e-02
1.236185785348834290e-02
4.136876891779378562e-02
-8.021180337240138569e-02
5.855182216276724402e-03
1.705246545459712659e-02
8.284938579310752171e-02
2.192040464422979895e-02
9.009501865302393595e-03
-3.381565942858068968e-03
-6.862178286022538320e-02
-9.864640727971307754e-02
-6.677747545428976139e-02
-4.124667425933271209e-02
1.089685286238361271e-02
8.117447706611014349e-03
-1.194576908306015095e-02
-2.367204219827689915e-02
6.701700929231343452e-03
4.558260727107219662e-02
3.790026577727653723e-02
6.366923999228814302e-02
-1.213111545182739628e-02
-4.455247681263910242e-02
-2.455379689231168908e-02
2.503053213839614641e-02
-2.530717163742758277e-02
9.594244390742205988e-03
-2.477374163455444561e-02
7.886352240237674838e-02
-5.498445041062887534e-02
-1.126408076750651591e-02
2.461778359388764117e-02
1.543711489604117360e-01
-7.103840995478302722e-02
1.026442947623367463e-01
-5.033009857290150074e-02
3.522334762807417113e-02
-4.486666569841220309e-02
2.880588395676725658e-02
1.051019187796085018e-02
2.568606226068577414e-02
-6.320344989502128807e-02
5.402228710512685383e-02
-5.080864010078877877e-03
-1.734846396753523395e-02
1.887141462508578130e-02
-3.489089962553192786e-02
-4.408770994963396445e-02
5.670386096168112539e-02
-1.457224884725914493e-01
5.385201514201280043e-02
9.292541538328052964e-02
3.460506353605244823e-03
2.050980956310566664e-02
-3.399260335042342263e-02
-9.317748014088356179e-03
2.402760471428551023e-02
4.880879115748745084e-02
2.065867147254198469e-02
-4.764542832001754033e-04
-5.926261918893202529e-02
6.281583301558829602e-02
-4.100551841631740885e-02
3.453878100851869460e-03
-3.880013836884257938e-03
-2.664867672727321349e-03
4.229935161066972898e-02
-5.081228065000385416e-03
-8.249397741414343788e-02
6.792603481748590855e-02
2.751774780792657499e-02
-4.940566703439511903e-02
-7.287313842639805972e-02
-2.376553833608246319e-02
-6.823969251534808822e-02
-2.272905779035186598e-03
6.995838725946681991e-03
-1.476662256917334742e-02
4.000256330141527608e-03
-2.912771456770985729e-02
2.562311269554748069e-02
2.967610679293484349e-02
-6.335022678959986719e-02
-6.021213283102037905e-02
3.020023050918262814e-02
-2.259447027067770265e-03
-3.623049346870260007e-02
-1.085615979131457701e-02
-9.127229253897093178e-03
7.791273500943395047e-02
-8.701495089335327393e-02
1.380641254686926778e-01
7.567052772350267575e-02
-7.303257547728778110e-02
-6.185032520233135246e-03
2.797352796625154903e-02
-1.724901580296113457e-02
-9.741481534771605222e-03
2.286819885909758751e-02
2.453198468476296829e-02
2.498628447542595998e-02
-3.054397773847665476e-02
4.120245032615992703e-02
4.412172473798374461e-03
-2.921804982427077691e-03
-6.228638670254571519e-02
2.601518483946345731e-02
1.111600414291702074e-02
8.428375986585626145e-02
7.437139965676584086e-02
-5.213920673250745097e-02
-1.025517300105617188e-02
5.976224599664442527e-02
-7.907039708198592906e-03
-3.036498270838198978e-03
-1.088736335818182160e-02
-8.084820211028607984e-02
-1.029619119994825416e-01
1.414638460377310447e-01
-1.281133810324152911e-01
4.085191826545925969e-02
4.027932811533476570e-02
-1.558401958553854751e-02
-1.329308695307733316e-02
-1.209062391395980887e-02
3.804961973208902809e-02
-1.398207373882958370e-02
1.484471787492576585e-02
5.855392557921755190e-05
-3.112047300802261302e-02
-7.337447324375402820e-03
-6.891558061193552021e-02
-3.717309028426082906e-02
1.844440494292913166e-02
-4.225090117260060091e-02
9.391051132920218147e-02
-7.278778196307478243e-02
-6.854174250008799457e-03
-2.351425883233505126e-02
2.422887880830334323e-03
-7.124885468559017179e-03
9.139213449217916535e-03
-3.847958751563082536e-02
3.426917385566775887e-02
2.706365360733973581e-03
-6.543718649170232778e-03
-2.643065028450187343e-02
3.024301286856887622e-02
2.569740733737084851e-02
-7.439027263592835892e-02
-1.677703757263372120e-01
1.424892327590750185e-01
-4.911572064298391077e-02
3.848994065873512921e-02
-4.965600493287209566e-02
5.889438165878138620e-02
-6.340934585569102389e-02
1.694033865503757896e-02
4.453932415431562097e-02
6.702899348649624806e-03
4.975158740459589835e-03
-1.083382692062605755e-02
3.350947638725470384e-02
-3.389141417290319341e-02
-1.102684968008447453e-01
7.063678020579243488e-02
2.957198649731104106e-02
-2.382913757305711241e-02
4.411282402183400175e-02
-1.518292516676006121e-01
1.028381879062460480e-01
-8.848773412393536042e-02
-5.763820176148050367e-02
-7.407542547054266069e-03
-6.774932977095909914e-02
-1.224571918519949260e-01
1.297321326677401965e-01
4.706724239646849911e-02
9.886664965684423267e-02
6.642517042592757659e-02
1.163327224672551646e-01
1.931932572178519658e-01
7.188463213870030510e-02
1.136931759173390732e-01
1.096080852033119446e-01
3.866387480995197440e-02
2.527589735378709540e-02
-6.490931603579987164e-02
-9.037743523177314831e-02
1.704534016639799171e-02
2.312479233561888156e-02
4.804505210177267144e-02
-6.493149229607582396e-02
7.041270758417066122e-02
-2.894615001295413118e-02
-6.169621578377176840e-02
-1.257557726234557680e-02
-8.053263656741434240e-02
1.770278337614526465e-01
2.078035034608662068e-01
1.757608247341700680e-01
2.129277054400595670e-01
2.817758112134122802e-03
-2.824879510199746271e-02
7.423526508340130836e-02
2.599228860571242694e-01
2.571871521478803491e-01
5.145627766388568558e-01
3.512192604466212176e-01
2.362090583444994563e-01
3.098668982147813611e-01
9.695288080428790534e-02
2.274857000456870226e-01
1.407083952186884701e-01
5.918282429804684608e-02
-2.553034411076677834e-01
-7.281886886765219780e-01
-1.542287189121128277e+00
-1.029527373479851987e-01
1.378098083223978920e-01
-2.449391969324126728e-01
-2.734951766916227794e-02
-3.246882650233538781e-02
2.060273909661900632e-02
6.892379244821009165e-02
2.145130131873723006e-02
-3.221757213832086159e-02
-7.209572725931052972e-02
6.798566871403127765e-02
3.468926206082947883e-02
5.388693193091511485e-02
-3.539489271903575873e-02
1.578337653679465907e-02
5.623712209339836593e-02
-1.572687687215010635e-02
1.464808423007364982e-02
-2.906451165312827142e-02
4.749996091945125898e-02
7.921166080061932402e-02
8.544643318038311341e-02
3.115336620064550286e-03
-2.812162792128291081e-02
-1.330851820915416317e-01
-2.743369771273877419e-02
2.482042104475511504e-02
1.015439145497008394e-01
-3.698429391394139620e-02
-4.597508393696924517e-02
7.259706707810541226e-02
1.099845607285659527e-01
-8.553230422366304986e-02
3.646927431937675712e-02
-1.290047476338347654e-01
1.270235645778116651e-01
-3.857438014902506845e-02
-2.698533467084348117e-03
-1.050915295963886636e-01
2.752112378759386663e-02
3.823555239620762825e-02
-2.571400401841063971e-02
-2.715284520295276061e-02
3.845967393857719924e-03
2.532567053360602199e-02
-1.822012832072825161e-02
5.742698136652809454e-02
-3.483723573656644784e-02
7.129627170125811542e-02
-3.392841319106305181e-02
-1.030884529808119045e-02
7.898857417922214644e-03
2.314655041633056215e-02
-9.318030228850565644e-02
4.250577792932152404e-02
1.398180003288056750e-01
-1.500408140257366088e-02
-4.004961311732761764e-02
1.265681005182060226e-01
-1.190986498231311717e-02
-8.495624799166411056e-02
8.430821777759514579e-02
-8.458449500959079603e-02
2.245114136909983904e-01
-2.285437090052931386e-01
-1.567471125164122264e-02
-3.076095289321581494e-02
4.831421940896770545e-02
2.977236284396738153e-01
6.571962109322269097e-01
8.032164288348054848e-01
7.559168000532306975e-01
-6.100819281158086360e-01
-1.019318152664365984e+00
-2.239045400995634261e-01
-5.562048047710993481e-01
1.108759164250762708e-01
7.506623134878516457e-02
-2.332018703800726178e-01
-1.231493895704329211e-01
1.707310770020348560e-03
2.637944203768762680e-02
7.585111061661899134e-02
-1.866777955490176166e-01
-1.778851338308612695e-01
-1.284691594375719226e-01
-2.337602049274226934e-01
-1.180943662707343265e-02
-2.255319865099483234e-01
-9.873505969230472745e-02
-1.604976754821304530e-01
-5.195043831241543536e-02
2.005228339576401592e-02
-2.033544286373032556e-02
1.599229413374353426e-02
1.330861586448644183e-02
-1.144958064769817938e-03
-8.843912149556643759e-03
-1.350263774218283738e-02
-1.197533111734981788e-02
-6.820297818552407618e-03
-4.245015797213117642e-02
3.301848562802702641e-02
4.652232164139549070e-02
-1.274204522184317189e-03
3.876889177655250956e-02
4.053000549752423451e-03
6.697516112159720980e-02
5.257274395429968605e-02
-8.264573314709205976e-02
5.151801160505056765e-02
2.590909921106613820e-02
-2.032074833598382368e-01
-2.771902616075333503e-02
-2.038294269407438242e-02
-2.594362498047477275e-02
5.168876619672277406e-02
-4.900542133460786265e-02
6.426336144570773956e-02
-8.858464267980513396e-02
-8.374929954623105965e-02
3.946902781696086382e-02
-1.697087225567915081e-01
7.884399076462918210e-02
-1.232212895246666551e-01
7.500574079781421356e-03
9.274622490866536728e-02
7.443515632852358566e-02
2.977228051296354483e-02
5.650122047100269301e-02
-4.559007087388279589e-02
8.620724715674282779e-02
6.512352669725214593e-02
4.516258725546307834e-02
-4.225837724869104602e-04
3.625043809019437568e-02
-1.283972999623115077e-02
3.594210602221253187e-02
-5.022217913348388935e-02
-3.386480830532188901e-02
7.355004951887637865e-02
7.325527910102213290e-04
-1.117465602727637109e-03
-1.071242873296354564e-01
-1.444876967056728419e-02
-1.834038318102427026e-02
-5.801373594939174955e-02
1.433427600820606600e-02
-2.650028824921418086e-02
7.271400166686406777e-03
-2.610629834147585801e-02
7.941933161868498792e-02
1.491143560378613286e-01
4.313395733593221315e-02
-4.864169441511964620e-02
-1.403527071291710004e-01
6.160853921880825139e-03
5.998732237592555722e-02
-7.680941295757344467e-02
3.400481955035792453e-02
-1.284674410961632596e-01
-1.589180511701918444e-02
-2.356620994846023512e-02
-1.490361703535570403e-01
9.422429467868481678e-01
7.008023115858236229e-01
1.203508308831399365e+00
5.238621512727651419e-01
5.808616686635066362e-01
2.372032352946173706e-01
-2.900310562203696138e-02
-3.389847897613591787e-02
-1.035029081921922667e-01
-4.596610959440234345e-01
-8.931370797460752575e-01
-1.511335962563080448e+00
-6.346342147546490953e-01
-5.291210303340819765e-01
-2.780818499271971445e-01
-2.395738092511705275e-01
-1.741361887145837506e-01
-1.746009506358473240e-01
-3.395173494814819892e-01
-1.921987393928595578e-01
-2.204942758574487682e-01
-3.596159088655319636e-01
-2.822650261624953805e-01
-5.943566722078234138e-02
-1.818865059579877208e-01
-8.280008746344304227e-02
-4.184073980339550469e-02
3.628774960849502629e-02
1.130769201965585863e-01
1.841189936770672442e-01
2.306131453084683813e-01
4.431131853654172309e-02
1.123243895238300039e-01
8.383945994734469387e-02
2.130776867512097217e-01
3.723865502650933190e-02
1.952914419088079556e-01
1.082909167224660185e-01
5.575121360232687673e-02
1.467006282339441137e-01
1.531266662064683648e-01
1.656919355567436846e-04
1.042332356678304095e-01
-2.992773575451462831e-02
1.628911783233644717e-01
5.107811502946554838e-02
8.580261041911506348e-02
9.308513962040859679e-02
-5.306367195129792907e-02
1.095945999090197978e-02
9.556629013130721328e-02
-1.524290405018349087e-02
-3.348548060113349864e-03
3.224447282145744692e-02
8.835706902094710158e-02
9.986627842055928461e-02
-9.308415590451009358e-02
3.102289677733182163e-02
2.212326338588899710e-01
4.176923775977910841e-02
2.297589120546013330e-02
3.288742154757698377e-02
1.108087556435806698e-01
-1.199221734441959786e-01
1.346333893957746622e-02
-4.686960332799540441e-02
8.886643683392521365e-02
7.104830076910412240e-02
-2.835939198677584275e-02
2.165805134410152544e-01
5.214085618989866555e-02
1.443281417624497076e-01
5.701002347938011888e-02
-5.815586665502348040e-02
1.507544541663558280e-01
-4.234523013959041841e-03
2.940358332721830156e-02
7.175611456698334500e-02
1.005875359764936833e-01
1.387050239393076700e-01
3.751083534690711346e-02
5.219610102206288099e-02
5.702210273730275863e-02
9.759152146962928043e-02
4.245525490735469615e-02
3.162071032510689605e-02
1.291291234860710568e-01
5.019488787005872005e-02
-1.317564549672009810e-01
9.951830806459656398e-02
-7.140414794195072690e-02
5.532025940934215402e-02
-2.093761284549879725e-02
7.450504776799124311e-03
-1.622694234405172853e-01
-1.458920174741449582e-01
-1.387158556601909565e-01
-2.104799121681946439e-01
-2.015484589750461131e-01
-3.056991473596614162e-01
-8.334534568864515602e-02
1.517484700328814232e-02
1.539491376537908685e-01
3.456274921588159410e-01
1.684988738274636466e-01
1.668819525886903674e-02
-1.000290952111532045e-01
6.363385696814077841e-02
-3.478504548925445694e-02
1.222539090594226691e-01
-2.347289431168500529e-02
9.442233550442184417e-03
-1.075915115285464366e-02
-6.109143062255777828e-02
-1.190349234511620530e-01
-6.087111723095782120e-03
2.286463944817428585e-03
-7.069598259811801788e-02
-7.997006554762192687e-02
-2.490142484566578232e-02
-1.677764037170998423e-01
-2.021336918643462655e-02
-1.374143455026375846e-02
-3.016397895748345465e-02
-8.668891126028650806e-02
-1.003099989678382375e-01
1.851192576885733743e-01
9.985945168728249666e-01
7.106416554672226882e-01
9.000443871893321068e-01
6.580269988270027737e-01
1.236241017195737896e-01
1.325446988141830429e-01
8.690011458631694344e-03
-9.016251746198368500e-02
2.431031359018920313e-01
1.113334690758090856e-01
-5.582173463682412601e-02
-5.913094313990259476e-02
4.825027037825738163e-02
9.411672384144774417e-02
-2.028870374671816634e+00
-1.205832227841853038e-01
6.891653312958197219e-02
-5.448723203875519561e-01
-1.343884563965676016e+00
-5.378385254054173226e-01
7.086757794932960208e-02
-1.055198634224201043e-01
-7.049722864967185310e-02
-2.330551371607848810e-02
-1.903458567578240890e-01
1.633220293593298511e-01
-3.204115229025113198e-02
3.866721792998269180e-02
-2.626349559983890969e-01
-2.452638167094375182e-02
2.659526590803238943e-01
-5.132140102338594162e-02
-2.075382573245897477e-01
-6.974503626779717802e-01
-6.850548481985241356e-01
-3.457296840587630316e-01
-4.150189840894475402e-01
-5.585353974871295479e-01
2.086765963256423273e+00
-3.739566420917824763e-01
-2.539336327893830167e-02
-4.654694072473444799e-02
-1.329082727392122132e-01
-1.262236004827116675e-01
3.225691147281902760e-01
4.600785472983330293e-01
5.348815347495592398e-01
6.213138353960873106e-01
4.623460084141203102e-02
1.724009986733932853e-01
1.181193288170020485e-02
4.092080704281488013e-02
-6.070307340085612062e-03
3.352114109590058344e-02
3.232003750227612632e-02
1.592638675412507213e-02
1.352017176958742080e-02
-3.930868022354879615e-02
-3.930213880228553003e-02
-1.420027577934862562e-02
2.206815357594122534e-02
1.026528810678978797e-02
1.301141167562108909e-02
4.034054760358368741e-02
6.194275285733477632e-02
4.658595065234275023e-02
-6.223419583105335717e-02
3.420768273004462512e-02
7.243107642765127252e-02
-1.742292771308007193e-02
4.796238067301347024e-02
-2.074495520209622412e-02
-3.151716624002294000e-03
1.638720284166077928e-02
7.271927689868840083e-02
4.555619287260561506e-02
2.091680798210831388e-02
-1.151872393522152850e-02
5.283675845659664000e-02
-7.458035931605541636e-04
-2.097314565191946492e-02
2.549801728027227543e-02
3.174517230103289511e-02
2.916632301185873369e-02
-3.243263293353629978e-02
2.595648597780386008e-02
-3.787597617969474389e-02
7.987492768074699878e-02
-9.821157948088976575e-02
1.029083960507339579e-01
8.137339441950382918e-03
2.509784128716445809e-02
8.618265387332149641e-02
2.023284635140135471e-02
-4.188482848424492783e-02
6.244535416709323140e-03
5.670909558831463762e-03
4.812473927490032097e-03
1.919554111046312475e-02
6.874805839971627301e-03
-3.491592283903159621e-03
7.510945448651617368e-03
4.223362188465721451e-02
-8.363271767801126744e-03
-3.838959249217314268e-02
1.816398190747225277e-02
5.386612348507099218e-02
-6.343413249511646590e-02
6.680859210889399102e-02
-5.232015066481512239e-02
3.523500881750656066e-02
-3.363736551198308333e-02
6.485952446087406287e-02
-3.496257988786420808e-03
3.925053026005489998e-02
-1.373587632478571368e-03
9.942505696160811035e-02
4.883307996000725570e-02
3.153214388193320561e-02
-1.263747163813977621e-02
2.128805265765767313e-02
2.613650567892169835e-03
5.333997462269829404e-02
-6.204583883383577719e-02
7.593618343220962831e-03
-8.144695046185800036e-02
-5.045289780979374944e-02
-3.543597888803192569e-02
-8.042077344855363963e-02
2.109432992047282490e-02
-7.364380057284417025e-02
-8.569968239597043624e-02
-2.832736200114585254e-02
-4.099191752758617885e-02
-1.094151960317788219e-01
-1.862563040797842948e-02
-6.967937581211394726e-02
-1.123033205565137777e-01
5.157470278686161758e-02
-1.520051007661573639e-01
-1.194618817324634014e-01
-3.261302681813361276e-02
-2.015143028063313968e-01
-9.402120812500204539e-02
6.160184989427885255e-02
8.639994922084909268e-01
1.382555453494275444e+00
4.343396947400057218e-01
6.164761232060959051e-01
6.554085527496387176e-01
2.028961475662358765e-02
4.960886454845440663e-01
8.993414051714705704e-02
-4.541831739749723207e-01
-1.919083189548741464e+00
-2.411352132431208162e-01
-8.548807916068923429e-01
-4.420277774829838857e-01
-8.091305063499881767e-01
-4.808538457297580337e-01
-3.490642830771367167e-01
6.687046567386861762e-02
1.535618829175187071e-02
1.839856794831575271e-01
1.691419167095589149e-01
1.976936800884883383e-02
1.391166014597764455e-01
-7.911340579986863436e-03
7.098705004513804206e-02
2.555210502589898985e-02
1.295578482000168397e-01
-2.267884358307175469e-02
7.374888224655619384e-02
2.217778544822732872e-02
-5.540858024977351332e-02
2.331383441659615890e-02
-5.834367729977435468e-02
4.215973368231322460e-02
6.931924147253162860e-02
-1.596007195932251377e-01
1.595658918306025187e-01
-2.180892542483910679e-01
1.697280818345562881e-01
7.362970475145320937e-02
-1.141807134002535695e-02
-9.445919739804306547e-02
-4.833839054078205993e-02
3.877604587860507962e-02
1.660614327343423735e-01
1.473014706869605088e-03
3.734108485913358033e-02
3.020897727348191911e-02
-2.076820739308909633e-02
1.407321258702479982e-01
8.338859894330512279e-02
3.581340712098654566e-02
1.455203412452534817e-01
-4.570242782490661904e-02
4.874949680519880674e-02
2.686530963020887230e-01
1.172527225936418060e-01
1.598491707776319992e-02
8.712197589165290856e-03
-1.981715124818462723e-02
4.584984636450124655e-03
-6.636298105736215813e-02
7.299405323602847773e-02
6.092622282761463171e-02
-4.677512694698694046e-02
-5.937947575697611474e-02
-1.149199156754888151e-01
-9.372486434981627812e-02
-9.221680653469979672e-02
-1.220507250479685862e-01
-1.249808546417769256e-01
-8.117575445260855060e-02
-3.021759092710638722e-02
8.271029873534732624e-02
-3.949904874423103285e-02
-2.527888537822931339e-02
2.539478767531537506e-02
-2.052719638581490813e-01
-2.221955788382149605e-02
2.287807046689039475e-02
-7.840174640080171259e-03
-5.663853478134114189e-02
3.013481182848197232e-03
-6.342438196345176471e-02
-3.775044782840868834e-02
-4.774301034551351602e-02
4.434579964317258288e-02
-5.343611742371383311e-02
-8.286885820758499444e-02
-2.994929850820879369e-02
1.488186249535883819e-02
-5.652763357496232155e-02
2.301583384705124455e-02
-1.170508205748684721e-02
-2.425383167317718761e-02
7.025563122795685372e-03
4.341472850338556899e-02
-3.259975069565302502e-02
9.202951313149407286e-02
6.754103016787668667e-02
-5.549358594270271255e-02
2.039944606771479929e-01
-9.470503398972317244e-02
2.457610017314245110e-01
5.237950659641166240e-01
5.106390101173952090e-01
2.950780913350398715e-01
-1.362802332342179235e-01
4.463023310319189085e-01
5.118609560165614525e-01
2.670884152236939757e-01
1.176048111525205275e-01
6.696404960835872222e-02
-7.913711545748847165e-02
-8.475722903861506730e-01
-8.524295915296649095e-01
-1.219096165719561753e-01
2.832391843990475500e-02
-2.197509556618314763e-01
-1.945075020625424700e-01
-1.538862149961501002e-01
-1.244367187376102940e-01
-2.631449003450281321e-02
2.023019095526949057e-02
9.329842154470854160e-03
5.476388559891578849e-03
1.830220048574986852e-02
7.186217844000010457e-02
7.706316000297061541e-02
-5.135330291201103264e-02
-5.958832195261407061e-02
-2.302254122873152037e-02
-2.449038777844592292e-03
2.590914897468419784e-02
3.140721405455523113e-02
3.672843931737981155e-02
-1.717696364823276733e-03
-1.501213759603933252e-02
1.885232506021732729e-02
-4.300235522110647593e-03
1.862367661191656476e-02
3.030550022507959990e-02
4.635021833539115788e-03
4.961898320455321310e-02
-4.498543825681110275e-02
2.569068393388440185e-03
2.784328388537224766e-02
2.683894601746619150e-03
-1.055356259547112277e-02
5.203170074462799138e-02
-2.757766796412588258e-03
-4.133468081199224986e-02
2.773572494127597016e-02
2.395117899643128476e-02
-1.846781951538496724e-02
-9.009077696601291291e-03
2.366031632932186560e-02
-7.107197796312438032e-02
3.858968241430323076e-02
-6.063443759845801168e-02
5.096478296854495965e-02
-2.217271426971074988e-02
3.839529791500842504e-02
-5.302224670609582274e-02
6.178869111137207798e-02
3.569560619031918874e-02
5.184174387185779692e-02
-5.536096789795329903e-02
3.066223678025253169e-02
-5.246807562596034202e-02
2.833085036238959173e-02
1.611813660058378922e-02
-2.772765411834465354e-03
2.756248857088467244e-02
3.403538130181520821e-02
-3.320475312446147936e-02
-4.738838958003708385e-02
9.331493081825510683e-02
-7.969116523731977972e-03
3.511102868919524500e-02
-2.184470340097890290e-02
-5.597487162508677644e-02
-4.392349941249755474e-02
8.312901102584298318e-02
-7.316905675324875125e-02
