-1.070112628860255821e-01
-2.370387617544134073e-02
-7.730023571598509946e-02
-5.126083465950603824e-02
-2.197055154873872596e-02
-1.311647919060154877e-02
1.140498772591014287e-02
-3.546287404248604780e-02
-5.447439309063573099e-02
-2.550068344666733822e-02
-2.955399677532866143e-02
1.726885601429017925e-02
-6.161760047862507861e-04
-5.733552202586333912e-02
-1.982025350935412433e-02
-4.254243406604674149e-02
1.013482938507026532e-02
-4.460525010661320344e-02
-3.550747445653978929e-03
-9.296513066936462621e-03
3.905676855844308903e-02
6.937777126148070295e-04
2.056853751117637685e-02
-1.475087013659059920e-03
1.238357503594533782e-02
2.249718152180180120e-02
-1.922626976473962301e-02
2.273940791401440897e-02
-3.566722587452275661e-03
3.647626357707678402e-02
-2.575276945079263413e-02
-5.947531208618017651e-02
7.328260733003921779e-02
-7.258817011723817103e-04
-4.056398818650208682e-02
2.952327759902684257e-02
2.331138376419916725e-02
2.649967797399432889e-02
-1.552607929746319115e-03
-1.861992005129353700e-02
-3.743978544433756994e-02
-1.298366730311761863e-02
-1.227910509343166368e-02
-4.248637714848646496e-02
3.094348403407876091e-02
2.435924453037907611e-02
-3.799473183197132897e-02
2.490376448344000515e-02
-2.845590983035273247e-02
-1.779027041216107996e-02
-1.414193791718587612e-02
7.169029039771901424e-03
3.791537185956728173e-02
-1.158402361747823406e-02
3.517573352580605217e-02
-3.329427925556593948e-02
-2.570050066014983869e-02
2.405667844088377194e-02
-3.331976587856111394e-03
-2.903334623759246114e-02
8.033885869897172682e-03
-1.692874562514479209e-02
4.424648937091602008e-02
7.109760236260509458e-02
-2.196759714714380252e-02
-5.383720626543109233e-02
2.472430964053007330e-02
2.496633958885885463e-02
-5.713659801488146783e-02
2.998867849964348409e-02
-3.566315846733703054e-02
1.594088131877136050e-02
1.259379845530528286e-02
2.259904746923568908e-02
-3.193170600170791573e-02
5.709936947785765327e-02
-4.668679130725106319e-03
-1.864919651044960602e-02
2.331652488130853129e-02
-2.418684402923343413e-02
3.192978451403449824e-02
-2.573206610004330486e-02
-1.150590769247905598e-02
-3.051191182389079160e-02
2.512829213602962852e-02
2.354812127348715478e-02
2.689826572134568217e-02
-7.769554985295190619e-04
-4.233038561109858655e-02
-2.224274864863051704e-02
-4.244747879192045659e-02
-1.583484779343002913e-02
1.603694137697169175e-01
-4.847223770977637791e-02
-1.176084875339098446e-01
1.302435018996739302e-03
4.874977542053215984e-02
-1.465896724081883207e-02
-1.962410826853266954e-02
-1.290346217025684084e-02
4.366757471820514880e-02
-2.757134777645209311e-02
3.044559747735320343e-03
-2.360971420206459115e-02
-2.184347169286393608e-03
1.401925175489759923e-02
1.629315184046031817e-02
-1.992027883790870035e-02
3.590262293665658078e-02
-4.068409066890188441e-02
3.899029334460668572e-02
7.746002774224414189e-02
-9.695304875022436875e-02
-4.785152875829590258e-03
8.053072064007960051e-03
-1.623080828139156218e-02
-2.891697460001640962e-02
2.078984406198514101e-02
9.519492680806651563e-03
-7.603783993166191024e-03
6.816905223972824501e-03
-1.587653842593650388e-02
-5.761028372269993980e-03
-1.910543917801166280e-02
7.247241971289453133e-03
3.476445101319125541e-02
-1.644450925348239778e-02
2.116588007942565852e-02
-1.389582093019581244e-02
1.279899555890584573e-02
3.878668556795084044e-02
-2.729148917287504972e-02
-1.070620709663974157e-01
8.588627783353519618e-02
1.609033194349958062e-01
-9.859630553030251932e-02
-7.150904578979799808e-02
-7.400213834062752127e-03
3.485695453990222958e-02
-2.776002284354328609e-02
4.882905986260954734e-04
-1.753116399922705071e-03
3.558623795661386424e-02
-1.049494107470083648e-02
1.207696943000735601e-02
-2.791846077075832433e-02
2.045121721133091874e-02
-2.760715441323835506e-02
1.337167465418276358e-02
2.625034757079536263e-03
-1.365316115148296205e-02
-3.942679179060037953e-02
4.454514809974807754e-02
-3.231780204227074904e-02
3.101296321426971758e-03
1.610986168211447911e-02
-1.257622303830596699e-02
4.879389630223740504e-02
-4.920779378182782438e-02
-7.785671964891616170e-02
-7.919525136807825660e-02
6.109697203073016780e-02
9.803792178488679454e-02
-1.362808561219730485e-02
-6.602498503863118984e-02
-1.871028086844361837e-02
1.989927559859405726e-02
-1.530412567914507527e-02
5.448028408192318039e-02
-2.260875619593383234e-02
-3.040019028142837421e-02
-3.018943600692325369e-02
-1.226567752456508842e-02
-2.290783838821508489e-02
-2.822003967898778498e-03
1.304566868240564226e-02
-1.728076785982346486e-02
-6.609901611602353455e-03
1.030221980188628095e-02
-1.711608917398521612e-05
-1.740805352935970163e-02
-8.073564884747863601e-03
3.614364673782999304e-02
-4.323455716007007510e-03
-3.255124958458210926e-02
-3.241639336949786454e-02
-2.691003888153353785e-03
-2.286429996066985382e-03
-2.707131629199821532e-02
-7.107065192441996970e-02
4.173380467223219981e-02
8.886517561262374798e-02
-7.910007266665086689e-02
-5.245851917092858585e-02
1.117502849386591279e-01
-3.377989888460941614e-02
-3.481212541842770847e-02
-1.075727323963038273e-02
5.349409297317198053e-02
-5.402090254280178527e-03
6.863307925182171587e-02
-5.949984629520210788e-02
1.153121088485020707e-02
2.793400831904158110e-03
2.117235100380510104e-02
-1.738595409237930767e-02
-1.508126732880388232e-02
-2.305125005561370344e-02
2.797625106222678681e-02
3.748105327724360336e-02
-2.081300395200402775e-02
-6.214109592386662939e-02
8.577068559348255405e-03
1.206598464479879951e-02
-2.518582762995880131e-03
1.242674344764838068e-02
-4.775881813267446319e-02
-1.017501399762288372e-02
4.107560759041417597e-02
1.588559881855777789e-02
-2.516435580065468081e-02
-1.015522209771768658e-02
5.062320203051950962e-02
-6.069482704340600776e-03
-8.617552639008452253e-02
1.114478653054193913e-01
4.189523701140385192e-02
-5.788019439074476580e-03
-1.441741445107584951e-01
4.645461938738937313e-02
2.766008729322155801e-02
-3.961971770730543518e-02
-5.483256287779791904e-03
-4.520919245306886936e-02
2.500993137897866703e-02
8.348308738040266519e-03
-4.954325854985341948e-02
3.209694698401022173e-02
-5.130147147201835622e-03
1.970426467554831085e-02
1.673989022976751784e-02
-8.975444199187743166e-02
1.282495046842628827e-01
4.014537437173615331e-04
-7.374761054580059039e-02
4.746583024659267736e-02
-5.279533222723697961e-02
1.833390627957576235e-02
-5.789890779781248220e-02
4.041311563588134703e-02
-3.587960635914688723e-02
-3.039604446593902054e-03
-1.452953077436736073e-02
-3.651540051810608922e-02
3.084608729040039243e-02
-3.526095907489712467e-02
4.635501602314295866e-02
1.604315444503456867e-02
-2.690043252558771414e-02
1.368335363662431803e-03
-2.295227035194025156e-02
3.137787501268540780e-02
-6.606519559977397371e-02
3.553475952032858487e-02
5.950108004273868545e-03
-2.577125817036174382e-03
-1.965225832036510134e-02
-6.445664770049486236e-04
-1.121938234296315784e-02
2.873271197273807864e-02
-1.806834226972031665e-02
3.706760384752572079e-02
1.084254953049867964e-02
-6.739580214207863129e-02
2.186403340863218858e-02
9.656962170590821515e-02
-1.198800434582076857e-01
-2.778924779747482532e-02
-7.057710012979834246e-03
2.884159389953055985e-02
-7.719877091418592130e-02
4.156711046899097539e-02
2.188131407533133732e-02
2.776544223963339775e-03
1.314051543812100320e-02
1.220869793689063343e-01
8.101241351695787074e-02
5.012906622910140442e-02
-2.373634198482066360e-02
5.645874172437814753e-02
-2.077398755107373596e-02
1.997502277381391078e-02
-4.015159460752482090e-02
-3.269626506150480338e-04
-3.365199751074510193e-02
3.227283505111366857e-02
-1.713353902374097348e-01
-6.129491095623018637e-02
-4.861649594948858066e-02
-1.297034955799989397e-01
1.281589087874190902e-01
-5.857117506120657069e-02
-4.656039129002031984e-03
-6.994545079995972969e-03
-1.192883599917315962e-02
2.531632283667883954e-02
-3.358768700189918022e-03
2.509146929477701349e-02
-5.493949144868492951e-02
3.282770951010149929e-03
5.587354410055089815e-03
-7.232104451316789806e-02
-1.788385430044492352e-02
-1.265059153630998523e-02
3.912311236965670957e-03
8.629060122009590827e-04
3.171976303569579159e-03
-5.987442056815184266e-02
7.536996716144495068e-03
-2.446968953256911661e-03
-4.066590244435208668e-02
-9.087716172850424101e-03
-2.269498185861396067e-02
2.913088705699617975e-02
3.027108038057368944e-02
1.963494061176795924e-03
2.382378852150646154e-03
1.063626242718385129e-03
-2.742884926321176309e-02
6.097069418541378738e-02
6.880845826440418200e-02
-7.864747427742901920e-03
-4.776854108026351575e-02
6.493784089793219749e-02
1.047744706418818339e-02
1.499642870594053434e-02
-7.620639163768938573e-02
1.779128132629161918e-01
-2.244686914210918260e-01
8.257069898213020842e-02
-5.602835191963739803e-02
1.156881787085262125e-02
-6.149562639848071832e-02
4.463730959558387390e-02
2.145250934382647579e-02
1.724068968351621933e-02
-2.225416507696920121e-02
3.527179894591481180e-02
4.159715209044678730e-03
-3.489855152036813735e-04
-1.023413573865501469e-01
2.047266678922881056e-01
-1.328570747879873615e-01
-2.181972208518390133e-02
1.415684396552041591e-03
-1.631764313339179040e-02
1.390316806083546908e-02
-6.704497540030507352e-02
8.805979947878062042e-02
-1.271176881808706582e-01
2.331523248019617967e-02
-7.625551217582682284e-03
-1.929265811100266959e-02
2.780982211649640767e-02
-6.916862648224775256e-03
6.055871696382686409e-02
-4.784454957431316657e-02
-5.587670487801732477e-02
-1.321792840282567383e-01
1.379997038345104343e-02
3.270443050493287984e-03
-6.442473581522190074e-02
3.712093045835951344e-02
-1.150924283500387446e-01
1.608512940592743412e-02
6.817083807854618094e-02
-5.195816018046883755e-02
-9.626021318065447474e-04
6.706956710204936556e-03
6.202316337822466608e-02
-5.074845478844025592e-02
-5.656106870889576754e-03
-3.532749436360815842e-02
4.616621105760421173e-02
-3.574216578122602073e-02
-1.188241412830790544e-01
4.998896467290170342e-02
9.973999664807897680e-02
-4.939845098297523940e-02
-3.938642583510199024e-02
5.663286152306556964e-02
-7.137131341928615313e-03
-4.702552852693320240e-02
-1.348175840469689746e-02
-1.085100410974204621e-03
-2.950484252863816437e-04
-2.925298370799955805e-02
-4.144316145063031698e-02
1.442024804751662614e-02
6.445679587252062248e-03
-9.612937316279657196e-03
-9.067236821980406702e-03
-4.222139366522958959e-02
7.618866195871820679e-03
-3.523757560525453414e-02
3.627821503268613412e-02
3.553094274234025463e-02
-3.787489101512475642e-02
4.972857759291970936e-02
3.250505226011357607e-02
-2.707078878939528366e-02
-3.866800697973982182e-02
-3.006674649019069889e-02
4.733659562193981429e-02
4.388686846618039539e-02
-2.649616378936903160e-02
7.724825072023655537e-03
-3.818608961618741304e-02
8.689765915104175065e-04
1.454403475020038528e-02
-8.729256522674866403e-04
-3.668086842119988589e-02
2.298782545575583924e-04
1.890645844426108724e-02
-5.360996693537867230e-02
-1.951956896088136162e-02
2.614349034345275768e-02
-6.021415965307896911e-02
1.686175625003283329e-03
-2.026802618880196860e-02
-8.765036588689767427e-03
5.463184751022254204e-03
2.860413727273591888e-02
-8.967703641263202741e-03
-2.856088897349495781e-02
-3.381050708021060558e-02
5.061204660095519614e-02
2.452224480173903487e-04
-2.109925053818928475e-02
-1.592469297478560364e-02
4.822181574809514260e-02
4.891548666726475147e-03
2.435506444197921283e-02
-2.427465068821277328e-02
-1.810348479672674316e-02
4.021742286823748458e-02
-1.838384487843081061e-02
5.383652803359328942e-02
6.445809868835872258e-02
-5.981043045773337674e-02
1.353583147354320282e-01
-2.666182241475922865e-02
1.140980743663311259e-03
-4.142778223936582904e-02
3.229029155650287031e-02
1.573324231440453858e-02
-3.687994393055760156e-02
3.363102104741688692e-02
2.005140592757825857e-02
-2.419832325026272102e-02
-6.364631876694115675e-02
-5.523356147224500745e-02
8.679765527823835036e-02
6.287604852763806207e-03
-6.651985942742433267e-02
-1.515737670421497540e-01
-3.955932724656707755e-02
3.396400472167693252e-02
-5.503766362846707061e-02
-1.798905605274803143e-02
-6.816075054693548907e-02
3.333172053388588907e-02
-4.249056039714638189e-02
3.306835739500946225e-02
-2.410349985981108389e-02
-2.702241511123926188e-02
1.845936610200382688e-03
6.311638566870669820e-03
-5.478446479480147957e-03
-9.254126199559342680e-02
3.923517320467606595e-02
4.427438083715440342e-02
-1.789044153406216253e-02
-5.139306046309766174e-02
-4.054999874223197409e-02
2.250188490521098927e-02
-3.740776057638317553e-02
-2.314806126921853391e-02
-6.325371789821954138e-02
8.344960433065651273e-03
-5.229614005318072856e-03
-3.068006290614677667e-02
-2.572749428182330433e-02
7.650208118877799279e-02
6.461332650501194763e-03
-3.699649206022970205e-02
-1.042878519066081644e-01
2.270484006733575200e-02
-3.039862483851107910e-02
1.635631532956605128e-02
-1.742992592381620298e-02
2.839463402125508296e-02
-5.035869679569238144e-02
4.461644604113645940e-02
-6.462014128164961235e-02
3.000999227111522671e-02
-6.873571047917970134e-03
2.677032836706905172e-02
-8.024249079784739891e-02
1.039335613858494156e-03
9.912484779887886788e-02
-7.255124218489683585e-02
4.946655715972347878e-02
8.628471641847657025e-03
5.755926560420077109e-02
-4.674025251915825407e-02
2.742168686476809114e-03
-2.233296041446664049e-02
1.686333827771724359e-02
4.923408944869978043e-02
-8.834328470563868052e-03
-2.062423675568814119e-02
-1.207039803162279767e-01
-1.606136074722153140e-02
-3.102890679298075938e-02
-4.446971689457779320e-02
-6.215258964492997862e-02
-9.208730642810536438e-02
-4.678823071199289529e-02
-4.242318697134450645e-02
2.003412850505803533e-02
1.063089293160266458e-01
7.937254270167715120e-02
-5.165902804588728969e-03
1.028547254348812778e-01
6.058432112463973951e-02
4.867453178286718085e-02
4.690025783600759723e-02
-1.367960617104380106e-02
3.374583125157748498e-02
-9.548892734172920171e-03
9.447227793700108123e-03
2.932112190716340550e-02
-1.220248927014311313e-02
2.891544998482453721e-02
1.633833390026229182e-02
3.098745508290279282e-02
-3.261168170589634485e-03
3.684225945923835788e-02
-5.197797683749838527e-03
-7.945964434911467755e-02
7.045920163367336286e-02
-3.496383353720156073e-02
9.123623404446234986e-02
9.400867027924131314e-02
1.544818087865951206e-02
-5.727539761821054398e-02
1.923822360159643807e-02
5.192317241757171686e-02
9.694082154230176940e-02
-1.095220739588089742e-01
3.905511408906470194e-02
-1.999872561952642513e-02
2.805353274155653054e-03
-4.701982830225226451e-02
3.977174786631421100e-02
3.912719577092715895e-04
-1.235832396056757432e-02
-8.674441174219893469e-03
8.795254475475910994e-03
-1.781633775069790815e-03
-1.326382546202853341e-02
-9.660347275648462073e-03
-8.754167374893873088e-03
1.561103639443062185e-02
-7.749789345383728545e-03
-1.756398272389447790e-02
-3.363316768552970792e-02
2.041854651074825888e-02
-8.914644963759288387e-02
-1.447420296534818185e-02
2.439506757456388897e-02
-2.467303298107248466e-02
-5.191913851112506251e-03
-5.238617774859566367e-03
1.962951260735668058e-02
8.553215198076946635e-03
-6.678175207243564060e-03
2.974467584649254093e-03
-2.083194637642371561e-02
1.162086950663354656e-02
7.763477891571834988e-03
-5.448107285603809302e-02
2.883087360935787657e-02
1.596083426260497262e-02
-7.551321603536109706e-04
-2.618117248942963826e-02
2.940182537232960414e-02
2.301760521728413167e-02
-2.475742914193945765e-02
-9.963929901174228831e-03
2.747292469786488667e-02
-1.143702411547087294e-02
-3.791160006271776517e-02
7.019493453289360474e-02
-5.510170663896118981e-02
1.563070924713505505e-02
-1.398212061766623826e-02
-2.136131997796608673e-02
-2.249099267769283372e-02
2.434528768614718786e-02
-9.077745741281617597e-03
1.777754090194116898e-02
-2.616621854515099876e-02
1.584825100620146365e-02
1.675034376645867518e-02
3.264871199254315570e-02
3.539143354432550126e-02
-1.500769861941897432e-02
3.797848021596683665e-02
-3.551489713657440817e-02
1.547980215112532143e-02
1.992493755420121637e-02
-5.319711860957365701e-03
1.237691392971207449e-02
-2.425096106594071266e-02
6.873384353968781113e-03
3.567459702657371778e-03
2.617725424833405867e-02
-2.395788999672787689e-02
3.551155373268577442e-02
3.872567029278894957e-02
1.065673344828343971e-02
2.121152752465826907e-02
2.424868714665073810e-02
-2.902545526198574422e-02
-9.835521152586235161e-03
7.445327634307341569e-02
2.208894233429203879e-02
6.473655396025623787e-03
7.989738740393281802e-02
-4.574459173584632943e-02
1.180036767453842561e-01
-3.656959682753235796e-02
2.133940685656510183e-02
5.238122589807714391e-02
6.021281313824955461e-02
-3.987386188436481405e-02
-6.466730555809707681e-03
-3.857239456813887912e-02
3.398801941417506356e-03
-6.719476679055391699e-02
1.518790027940486453e-02
-2.906462564686851380e-02
1.667493527480745641e-02
-3.053972354610978712e-02
-2.183526247316591729e-02
7.690893046265134814e-03
-2.787246932013309753e-02
1.978469952082284600e-02
1.410052775423209503e-02
-1.038108039416374417e-02
-1.374089352409502141e-02
-2.878406499462071721e-02
6.742582823435316897e-03
-3.695074595374459037e-02
-8.579017919971843043e-03
9.283369185274281676e-03
-2.079991293928529217e-02
1.696669837545483617e-02
-4.125344053810464651e-02
3.505165580868396802e-02
4.016014110139964899e-03
1.721971482251372088e-02
6.956123237036759832e-03
-1.740978094110667840e-02
2.117790658950013949e-02
-1.937467442581386479e-03
5.431258766585544961e-02
-7.383998997774399164e-02
1.799537546410689970e-02
1.796741322592154688e-02
4.050142844288573407e-02
-2.954306103072990020e-02
1.740261424203581875e-02
-3.490515015443595992e-02
3.246546630472324502e-02
1.563954138568912633e-02
-2.138662735286156469e-02
-3.965686853915073584e-04
2.410631054468126422e-02
-2.675568484127954783e-02
5.223100726322504883e-02
1.050328584213833238e-02
-3.952576119391104648e-02
5.181037200629123873e-03
4.347405907103429890e-02
-6.191626662711202655e-02
1.744368930475515000e-02
-4.199143670523541871e-03
3.194443451503437004e-02
-2.517751097357212586e-02
1.410052438901487903e-02
-4.837934711507485552e-02
7.059385424138997500e-02
-1.134809028512195894e-02
-4.182340330271272499e-02
-1.638954939457160087e-02
9.512819310939502060e-03
-3.440359386475821957e-02
1.197955286735163938e-02
-2.174386841803976900e-02
-4.205425595803435890e-02
-2.575732181987699931e-02
3.643811677939901017e-02
3.184472411227101674e-03
-1.772370186431437844e-02
-7.386967548447698206e-03
8.100708263509837082e-03
-1.264237052532202199e-03
-6.909835112338003071e-03
3.989606549537350055e-02
-5.103917539550018034e-02
6.132611276926502875e-02
1.643837282768068064e-03
-3.034941145268366114e-03
-6.448256347945546807e-03
1.575663446596209383e-02
8.055732272435722763e-02
6.783963724067287870e-02
2.367131801162836169e-02
-4.332783409370533079e-02
8.772305549854397810e-02
-1.155658151732610328e-01
-5.182744200716493665e-02
7.418138495108594910e-02
-7.902515504757490206e-02
-4.332171585818667126e-03
1.451479089118645760e-02
-3.368488861336649265e-02
-6.649383910517547847e-02
1.439944307177132288e-02
2.057560963220117500e-02
-2.021866035425534669e-02
-1.059022940226506115e-02
-3.608400792509680599e-04
4.321069200531990617e-03
-3.222169269464125740e-02
-3.353280120621993099e-02
-3.214574060402863864e-02
-2.530312581360738555e-02
2.046579758858979581e-02
2.029504699319506500e-03
-4.876915015480398630e-02
-3.804441546271841723e-02
-6.520560089026350425e-03
-7.707995994513039406e-02
2.513230926571918822e-02
-8.106673506639205939e-02
6.690323766645467352e-02
-1.794430374043654020e-02
-3.395919671780900373e-02
-3.768960124609144202e-02
-1.565258875842934216e-02
-4.001304576222564080e-02
2.615584847690488601e-02
1.081930315676826737e-02
-1.640893184574698793e-02
-7.070767838188718457e-03
2.193649885083992501e-02
-3.374351986391888047e-02
-4.318068546671494090e-03
-5.340495789611621191e-02
1.041071764062317939e-02
-2.281225678606801921e-02
3.599298441637976964e-03
-1.337928629852402906e-02
1.052135546775057051e-02
-8.078194702213981060e-02
4.800695515978992134e-02
-2.669038780748200779e-02
8.010996142321147317e-03
2.220907954574879994e-02
-2.649586137778126016e-02
2.067385365122920149e-02
-1.527750757394175096e-02
-7.506253561978759592e-03
5.325394280225959065e-02
1.247613726917817800e-02
-1.454827764048935990e-01
3.042898211902711481e-02
4.055870047531628941e-02
-5.756485297564228887e-03
-1.769140381711364896e-01
8.865468214202865127e-02
3.446731456694163143e-02
-9.042790018920499051e-03
-6.830328946451258432e-02
4.252261247960120727e-02
-6.767335346670666496e-02
-2.118932475514778702e-02
1.082176708676607646e-02
1.095254867718749026e-01
-7.636694079262262846e-03
5.067508115214947040e-02
-9.939249866025434699e-02
1.221984379861851266e-02
-7.833777223579918569e-03
4.590963174105588962e-02
-6.798684722887582410e-02
9.860140674036843578e-02
-8.198068495258947763e-03
-6.964603883115461080e-02
3.933593677388724785e-02
7.297627619936486454e-02
-6.236331151409868490e-02
-5.150603217125793165e-02
5.582594630766668509e-02
-1.165879366028077513e-02
4.441483367639897928e-02
-3.446708987455160411e-02
-1.323181405391515852e-02
1.993431877280671394e-02
2.264633893769407713e-02
-1.152131859225358212e-03
-7.874104321996977518e-03
1.859181305049140143e-02
2.753592585856368125e-02
1.100884372314614446e-01
-5.372705542509970122e-02
9.071035520984849221e-02
5.861816241063522170e-02
-2.424795345993069340e-02
8.082626599280273716e-02
-6.096700214935224516e-02
8.194019303767152707e-02
-4.608216314976609773e-02
9.240209805718402336e-02
8.481816620845106236e-02
-1.272090698963470601e-01
9.553847240194013324e-02
3.853031594605016430e-02
-5.295682741670493243e-02
6.727044681794414061e-03
3.552293278651674768e-02
5.675959843484434941e-02
-6.183358420461271265e-02
1.778031809960922693e-02
-7.750113723450580139e-03
-1.344693955952491748e-03
-2.204242700773528796e-02
-2.888764660979870058e-03
6.402631051914919880e-02
4.277789189966885175e-02
3.361164541174455067e-02
-1.085723872861299455e-02
4.535481634731297618e-02
-3.194667208131862779e-02
-5.742742842182124718e-03
-1.334335120552498921e-02
4.117854674718435248e-02
-1.846599440829876926e-03
-1.865216084115184358e-02
-5.089840074124829528e-03
4.494181505460881354e-02
-5.232576252944243222e-02
-2.945812084568011358e-03
8.057274004344305851e-02
-6.756921805372861911e-02
9.297382362350337104e-03
2.407215930312700536e-02
6.957367634861189032e-02
-5.322817682523983684e-02
-9.135278245508970940e-05
-8.171759884494367299e-03
3.601642299160845440e-02
9.571692475391024857e-03
4.551064334847509940e-02
-3.604523642912771386e-02
-1.618040761720629384e-02
2.733495338832914179e-02
4.709092620740595869e-02
-8.630259595421119201e-02
8.964451507613535597e-02
2.894412064599150014e-02
-8.666009511437700041e-05
-3.725984534165038831e-02
3.979840086696828649e-02
3.825826715209146300e-02
8.540466572089266961e-02
-8.213487831815591278e-02
1.792563113742442482e-01
1.234860916605096115e-02
1.050289169103546527e-03
-1.446832614590887189e-03
-5.551554343267639524e-02
-2.240037893911095424e-02
2.562343943966327586e-02
1.291876910819000912e-02
1.180585716093918158e-01
-5.734674527198668770e-02
-9.136821399487482509e-02
9.173504432544277165e-03
3.644878268484785799e-02
1.334355957567934237e-01
-7.255445015009720500e-02
2.343110768763434493e-02
-2.017669031354252240e-02
-2.304013601448051674e-03
1.076209823582185976e-02
8.838712815012161883e-02
-3.498303255417756219e-02
7.767877703934278344e-03
3.468194153176251682e-02
1.365794907738782094e-02
1.013773490999352322e-01
-1.113497440700017549e-02
-1.649366254975292989e-02
1.865276578015517828e-02
-5.965259406925182972e-02
-9.874702547975200417e-02
5.038041782962809911e-02
-1.595885919338346781e-03
-3.470144469848457369e-02
1.199011852188047733e-02
-2.387489605229764500e-02
4.132450957644562273e-02
-3.134728622028837286e-02
1.023980320864013027e-01
-3.267155883683892093e-02
6.552591239300098458e-02
2.200787271974924408e-03
-8.000630313193646259e-03
5.694828350968750286e-02
-5.381054827922948647e-02
5.426550313096933920e-02
4.731171893312868804e-02
2.643739597148586640e-02
-1.133232463038247317e-02
1.911403698728619815e-02
-7.358552531187001478e-02
-3.870864953780550621e-02
8.456237858791704198e-02
6.677484587591431264e-03
6.624630138496678811e-02
-1.195703689021931915e-02
3.287092625854559635e-02
3.295275367093530861e-02
7.084223169003900367e-02
3.487122097070338711e-02
-6.398323726010879398e-02
9.953379519243021889e-04
2.516085880317753265e-02
2.996326431071261176e-02
-2.740294060578674085e-02
2.364355336236512173e-02
4.024046411197579332e-02
-2.152741989716711046e-03
-1.894173522649067465e-02
-1.443111943049069090e-02
-6.571583810266901082e-03
-7.456128182527166359e-03
1.465945821686398531e-02
2.234007181887687210e-02
1.062589910690370232e-02
-1.419825489230563953e-02
6.138805642063704937e-02
3.030815920669915897e-02
9.925409334685353357e-02
2.112420184158825265e-02
-1.584499581556753078e-02
2.403965404005470319e-02
1.102693968958723403e-02
8.055000522499056181e-02
4.696915488570430064e-02
6.086646786845828494e-02
-9.144463181631778959e-02
-8.354326171824100200e-02
1.270676659732061786e-02
4.748217054412995353e-02
5.787136967701289603e-02
1.107461147904547083e-01
2.071053238193787394e-02
1.184049176513823909e-03
7.582883087362957131e-02
2.155267312245867650e-02
2.125953809545455542e-02
1.090666625712000126e-03
5.238435116337347708e-02
-4.963812571634118598e-02
8.430547086454076577e-03
-1.100358882505103608e-02
8.226813065945304260e-03
-2.421032294923830541e-02
6.139446933871850476e-02
-1.671044547354472165e-02
8.002560456925822407e-03
3.161076139499874316e-02
-3.271996662078779927e-02
-2.918310759182718428e-02
5.022364569984927307e-02
-1.216438206943815104e-02
2.679588531159771136e-02
-1.341116996199209765e-02
-3.672326009307447237e-05
1.421844607771638458e-02
6.138456012391180217e-02
1.372478344436411923e-02
1.602539698099270105e-02
-1.814712773208415619e-02
2.869301381093691816e-02
9.260638331147763580e-02
-2.768049521107585065e-02
3.651412612595072993e-02
2.225989411253070926e-02
4.693790720777979431e-02
-8.686079278163560957e-03
2.117867771861314807e-02
2.758221611811606522e-03
3.689694281316846514e-02
2.852617266485957259e-02
-4.920388618879334430e-02
4.347775243532225886e-02
-3.223749218688931606e-02
1.401524523461361582e-02
6.788112510024157942e-02
4.537970176686378920e-02
-4.643437934753169571e-02
1.589032731526396347e-02
2.513314092232032948e-02
1.954211543066541878e-02
3.853486708901643354e-02
2.522339995775757515e-02
1.072699128383280964e-02
7.537305643317226966e-02
1.687008795241418113e-03
1.633549640360021371e-02
3.868328514469876467e-02
-2.143563810270476822e-02
3.281718020067891928e-02
-8.575784579467171653e-03
-2.932508440189884880e-04
1.170825360067606624e-02
4.013826020465183220e-02
8.451592384828288118e-04
4.452659953253812475e-02
-1.841369925062652513e-02
4.769883412460096395e-03
1.260250044118249590e-02
-1.692301834492981882e-02
2.522511757047496417e-02
2.539322615018591023e-02
-2.373520622486413600e-02
1.062626455825377292e-02
-4.497031421706321197e-03
5.317927743017536457e-02
-6.873113276666842353e-03
4.885661698089505123e-02
-3.541442363754310207e-03
1.912401840716171364e-02
2.063350388646290057e-02
9.405231533021307655e-03
-1.279049344525429177e-02
6.473233144627510427e-02
-1.470348785674913117e-02
1.366217613346565329e-02
7.195761585780058311e-03
4.574571054871512388e-02
-3.792542182077784929e-02
4.896463817485097181e-02
2.503013781461893572e-02
-6.721326523159376620e-03
1.696354524514065432e-02
1.058901548149249194e-02
2.204459747925113788e-02
2.575819693520164932e-02
2.997172281921356429e-02
-4.627400515419211047e-03
4.059467875169131545e-02
4.376249213850957887e-02
7.694372867295129481e-06
-2.528444958365705375e-02
4.856890598202490139e-03
1.979353275032202930e-02
2.121615327586523492e-02
-1.177651574557847525e-02
5.704081569646435312e-02
4.156161104332900535e-02
-1.654734662157153480e-02
9.987821976618072028e-03
-1.755993487115770080e-02
2.024690142102381074e-02
8.385314349558470326e-03
7.107553131548627334e-02
4.068475166663976239e-03
9.843679974750774164e-03
-7.713883037902657946e-03
3.509446101017044128e-02
6.881029520004511291e-02
-6.166606479476088865e-03
2.652792676463544552e-02
-1.261973737858723688e-02
1.928130829094731880e-02
-2.637968998387352215e-02
-3.702327428859675251e-03
3.189105934750591231e-02
3.934178084974604417e-02
-1.508085607027656039e-01
4.655897569449374274e-02
5.193259043894782323e-03
-2.329405431726527809e-02
-1.102379288932620049e-02
2.881357735523071284e-02
-1.911309196612487327e-02
-1.791693330038590659e-02
4.247055244824604614e-03
1.275160858219748228e-02
-8.744348278386215867e-03
2.349332699099759836e-03
-8.192265803582898798e-03
1.830492263395466779e-02
-3.260722384656133954e-02
1.958500478143232471e-02
4.390476097774875797e-02
1.615366194746004069e-03
1.749875241520060243e-02
9.720604722811443388e-02
-7.260523699813337117e-02
-2.947273625366886307e-02
-2.449936284923204255e-02
-5.730916735519064886e-03
-4.480892023563631810e-02
9.504230070225938576e-03
-2.287991798510780050e-02
-1.983607741284365567e-02
7.093484263477778384e-03
-6.399570468723192462e-03
-7.277653683513518601e-03
-2.857318084289905968e-02
-4.137745345581023138e-02
-2.157863222431455341e-02
-3.485012233483231192e-02
1.178235009378914011e-01
-4.050294680087085375e-02
-7.674849024639418538e-02
1.547414646539535532e-02
1.654418014851510854e-02
-6.752257981228693140e-03
-6.152716467928032174e-03
5.125509281436979592e-02
-9.787991386222882895e-02
7.300759347631058382e-02
-5.824734670864040176e-02
1.690485936496965991e-02
-5.510136220086003789e-03
2.924861018012703262e-02
-7.869595382841976239e-02
-3.823573342218500315e-03
-2.463834146280974302e-02
3.055241438236500073e-02
-2.681704312537780410e-03
1.762787400807086513e-02
-1.682032341755013150e-02
-2.760916876647656615e-02
-2.483009492153853692e-02
-5.021729217363324338e-02
4.958046417276618101e-02
-1.317738846137395115e-03
-3.534846790370815839e-02
-5.357002786176945364e-02
3.642195011425108930e-02
-1.106506906632809262e-02
5.821851199997407633e-02
-7.343005056075213588e-04
-4.512184051196799217e-02
-4.549788183605940617e-02
1.266717510068815500e-02
1.657070263616144956e-02
-7.010046995586449725e-02
1.717625883003481846e-02
1.267380194817890882e-02
1.836272032974139989e-02
-1.664387851654458572e-02
8.829167269671867047e-03
-5.752177812460068651e-03
-2.483790803517704759e-02
-1.325882147741808126e-02
-3.924997673818664268e-02
1.236862764901625056e-02
-8.812880674951450999e-03
3.896910407057951886e-02
1.715844419115297725e-02
-3.444634253113854072e-02
-6.829804589645505075e-02
-2.946432417920208380e-02
1.151879829503732466e-02
-3.251854888927407927e-02
-1.066587243877936686e-02
-4.314104396124562868e-03
2.383466510052523191e-02
-5.216700087169856559e-02
3.786526813953994264e-02
-1.493715381655547070e-02
6.019827363707697110e-02
3.640363660796608336e-02
-2.528273263011193706e-02
-1.898044100038864812e-02
-1.908832702357754485e-02
6.478205966830263840e-02
-1.873322576209757173e-02
-2.354836976818264205e-02
9.774947518607679520e-02
-2.319433993943986749e-02
9.482552471828498142e-03
8.865631975852883429e-02
3.085313025069735815e-02
3.890454125900588700e-02
2.512475570477379350e-02
-2.035274884558191388e-02
-2.372394362433238868e-02
6.787690207251428909e-02
-2.442637266895442139e-02
-4.809437372622804574e-02
-7.065273852402409460e-02
-4.020705781046585159e-02
8.112190572657773657e-04
-6.147880527578397647e-02
2.649507550163798797e-03
4.668266048080105257e-02
-5.732789154017847721e-02
-6.585329354795499412e-03
-1.274843827152061237e-02
-3.048447857677016870e-02
2.447462516878284866e-02
-1.985939445239948142e-03
-6.138802503310447634e-04
-5.234829364968440757e-02
1.352943946239415496e-03
6.765202989059249106e-03
8.745829612009758947e-03
-1.068450939812604084e-02
-5.055935227971675161e-02
5.978730888513039687e-02
-4.523160935255665649e-02
-1.274385280623402394e-03
2.921327763268433131e-02
-2.645050944163340745e-02
-3.969590753516527570e-02
-4.059127894480507592e-02
2.396722314692123490e-03
-2.791252293861612443e-02
1.224321254297500161e-03
-1.232319212240851058e-02
-3.420649872964354188e-02
-5.464249720155578416e-03
-2.574352000552559971e-02
7.256673585311013142e-03
-3.369166494708819570e-02
4.204779513279355285e-03
-1.121412065137405989e-02
7.203530496460164301e-03
6.084673315314237385e-02
-3.356835310182049170e-02
3.738802428946108591e-02
-5.232834338248881778e-02
-1.714053289995254303e-02
6.534386049123286355e-02
2.050786794408843150e-03
-3.687340453284138064e-02
3.604690878130423215e-02
-5.003659266823223817e-03
-2.940104459943171378e-02
1.379795450195908657e-02
3.344805092808389446e-02
-1.805820657423762299e-02
-3.064848390697294533e-02
-5.610780087043298892e-03
1.058700648881583106e-05
-3.394672671206588888e-02
7.841947880485977684e-02
-2.110890027240852618e-02
-6.717360194812638241e-02
-2.679212479753001475e-02
3.510468430223800951e-02
1.800800029007465497e-02
3.982849624686179979e-02
1.609373261151514356e-03
-5.038832271465354395e-02
1.719201115816204606e-02
-1.690704143291199557e-03
-1.469740841602229509e-02
-2.810504033456506789e-03
2.249522745025434034e-02
-3.339428098148733426e-02
1.252285659668261886e-02
-7.011749429422398094e-03
-6.573804759730972336e-02
1.259135665262052228e-01
1.442526481772610225e-02
-5.966638055476680691e-02
-1.385945420316359034e-02
3.906129903155175498e-02
-3.540982952119842153e-02
-9.341262749300582868e-03
9.496862584743581692e-04
2.540399487806599410e-03
-1.006465332207717722e-03
-9.673717409046211912e-03
-3.740100881261998467e-02
2.340952591704237307e-02
1.879309385915384212e-02
-3.759169032929987608e-02
-1.105057163790634789e-02
-1.910386317841883397e-02
2.436615141001574614e-02
2.576104061909223475e-03
-2.120385953147341240e-03
-5.975942737856065889e-03
2.673030008340981922e-02
-2.277010450347205506e-02
1.202246037927157118e-02
-6.647392333997803604e-02
-8.419626268194546626e-02
8.173767187805225376e-02
4.347081791677442908e-02
-1.447121004297575730e-01
4.009348492667674790e-02
8.355031310078864237e-03
-6.845448966138345526e-02
-7.972415515143271847e-03
-8.530864477087174436e-03
7.628658566005697139e-03
-4.915896227077487524e-02
2.498992877267935953e-02
-6.151944869388970005e-03
7.287312477442409175e-03
-4.236573352871531029e-03
7.107221190369994446e-03
1.340474526492840823e-02
-6.044152452088979999e-02
9.756046004792828796e-02
1.390194679800358379e-01
-1.567079154559747334e-01
1.444463585606037270e-02
-1.635017718191633662e-02
1.136485702785083873e-02
2.272767519985086082e-02
-1.943306626278173965e-02
-7.444989447906280589e-03
-2.954322327708425178e-03
2.671186323500052140e-02
-3.783920767175930067e-02
-2.531020407388195892e-02
2.902574993117745805e-03
3.031662547788593898e-02
-1.836180997101166668e-02
2.887913249519868941e-03
5.205044067539077446e-03
-4.140533157210812831e-02
2.473167704666789923e-02
-6.789003977189067562e-02
2.383409705226879893e-03
2.218565458368431109e-01
-1.481454986124046691e-01
1.672242448523197922e-02
4.085637750098269905e-02
6.153085834696980783e-03
-6.069879801771094208e-04
-1.470825599097924652e-02
2.406190237567873424e-02
-1.980699995946277880e-02
2.914070750262975906e-02
-2.669767890583418790e-02
1.831771144135041496e-02
4.734391264801418586e-02
-2.777871402548770519e-02
3.471414577858089601e-02
3.235261124625532503e-02
1.256412390812355895e-02
-1.004349324522046949e-02
1.784225843720621540e-02
-4.623886501692386908e-02
-3.632431140544234438e-03
-1.973551942690754402e-02
-1.781958742310219002e-02
-7.641174186319421580e-02
3.557558435929175644e-02
1.101412978621685301e-01
-8.921007104898626139e-03
-1.187659390696194084e-01
2.262380554049303605e-02
6.208392522687722348e-02
7.888462230248638463e-02
-3.424573171250200332e-02
-4.670033467273260186e-02
5.906227325945589968e-03
-1.524646019670861108e-02
-5.974727473763730146e-02
3.549638673647947940e-02
-7.527630117199368698e-03
-5.242778375277978853e-03
-1.721759627571994855e-02
-1.251769803303171003e-02
5.150376541352308379e-03
-1.855547186183548192e-02
3.930612771416397422e-02
2.638562925734033726e-02
-1.546765602554955876e-02
-3.747696881872819574e-03
1.316444152740681162e-02
-1.471162742762244235e-02
-3.549135677302928116e-02
-6.377260674446727506e-02
4.495093257047200197e-02
-7.353304404995597565e-04
-2.475654799269078055e-02
1.084234574340037227e-04
-2.020963736927949839e-02
2.392182924165764391e-02
-1.512299940051420322e-03
-6.935572910729437268e-03
2.094457546719796781e-02
3.972755049298148933e-02
-6.154455002324832336e-02
3.957046363700378322e-02
2.164683421918223161e-03
5.623812857384891117e-02
-5.384249388945505643e-02
2.214324047115967531e-02
-2.599149589973537289e-02
1.137593590404417654e-02
5.413111803695835889e-02
-4.229035649679335762e-02
-3.915153295098328101e-02
3.630759997920351978e-02
3.155696962419796137e-03
1.292458283937403252e-02
-3.469279945662684383e-02
-7.148500260574985887e-02
5.944690985313005882e-02
4.210612544262470891e-03
-5.023551080191701601e-03
-4.972356708495562216e-02
1.683605783729458238e-02
1.512053684293768185e-02
-5.214679350826134652e-02
6.964495798877212707e-02
7.304093362463248695e-02
-7.220294316269271206e-02
-3.159685534688128072e-02
8.215986516791673466e-02
-2.700679116504778321e-02
-2.456374156774909778e-03
-2.771190477063356639e-02
6.260413735461689555e-02
-2.665465540223443952e-02
1.940069546222078500e-02
1.666495811621659939e-02
-1.033036359062089460e-02
-8.497387165863568015e-03
-2.819206547608810176e-02
3.253367188840794455e-02
4.326987027571105315e-02
3.648690315960001485e-02
-3.265341413815381344e-02
-1.170953012911946090e-02
7.688727981728282757e-02
-3.967222272870163380e-02
3.291031821248724398e-02
-4.301774688139969882e-03
-1.522620135383512263e-03
3.172224780425336732e-03
3.856969614529415225e-03
2.157238878939105042e-02
5.467054409891147770e-04
4.857143620373660653e-02
-6.483804588979791284e-02
2.129374422371177467e-02
-8.882044194076454957e-03
1.896681905433061921e-02
-1.353143664377132183e-02
3.086168694391711043e-02
-1.633600937396506581e-02
1.203921908709815192e-02
5.073366469016571401e-03
-1.386995109300492857e-02
-1.289864606864377095e-02
-5.739023618858363207e-03
4.768935175205157861e-03
9.768134387866611590e-03
-2.482160572858882475e-02
-1.541712544219864256e-02
-4.819580116422139682e-03
-1.060864239043852741e-01
1.169039900452883973e-01
6.191508289963976175e-02
-4.240880214510700519e-02
-4.022894592542525238e-02
1.834616202860961387e-02
7.215049827005604044e-03
-4.529505257726551548e-02
-8.406890104371900208e-03
4.472159218603444231e-03
3.170434025226320784e-02
2.472913766303141969e-02
3.349048206409888095e-02
1.335171562877364160e-01
1.531447284251497010e-02
-5.425809001384340746e-02
-5.933917405965294378e-02
1.188043915659280358e-01
-5.712045255305819857e-02
-2.973681927449889351e-02
-1.018886194559165403e-02
-2.127900970500151701e-02
-1.039674260904375203e-01
-1.005492795459894673e-01
-1.488921362332948917e-01
1.911451805678949789e-01
-1.254471313909713004e-01
2.755549925411315826e-02
2.715373018469491306e-02
-1.243679647561179991e-02
-3.407868212037312716e-03
7.588434375368713347e-03
-1.307494446238122165e-02
5.391913685600213668e-03
-9.940622502811047312e-02
3.303950892871965195e-02
3.231545882743480647e-02
-7.533406745855386610e-02
1.676190539277699898e-03
-1.945531848332193725e-02
-1.867180277441993219e-02
4.276101686233557686e-02
-6.057733348779037463e-02
3.910167615140736075e-03
1.746179958422455769e-02
3.604614020826302223e-02
-4.120884279765624214e-02
4.368181146742022847e-02
1.300359343733781259e-02
-9.986358297095154768e-03
2.881151623912447945e-03
-1.055337358046637419e-02
-2.071404608051574670e-02
4.364481373898465577e-02
-2.876640275145203596e-02
3.312978639141417325e-02
8.372731806017008616e-02
-5.905090572765514523e-02
6.078509758597139268e-03
7.370832278468641974e-02
-3.947965882759763012e-02
-5.023579148513812598e-03
-6.448629729118948717e-02
5.066280457250482705e-02
2.057758104720484038e-01
-1.725082506003459137e-01
-6.374161883900830716e-02
7.919551553775283637e-02
-3.869557080327812315e-02
-2.415487259140269849e-02
-3.039501099044117360e-02
2.936641271560969102e-02
4.762839571653310067e-02
-8.052560289074417454e-03
-4.130464274986445083e-02
1.511774073123883788e-02
-4.761864657187642180e-03
2.853613612761107809e-02
-4.172702384268833775e-02
-6.849377355144659063e-02
6.732426570595206883e-02
7.715026639837962996e-02
-5.242649880799588047e-02
-1.757067594926442489e-02
3.707826911688383298e-02
3.979210386688269985e-02
1.067083853779227098e-02
-1.604832926104804436e-02
-4.078551813224629008e-02
-9.593209306514083323e-03
4.746508491267253937e-02
1.112996944408237709e-01
-1.288039958167459531e-01
-1.135003946701829136e-02
-6.401481254266094822e-03
-8.852870171571325386e-03
7.689711083182837470e-03
1.575467382104300818e-02
1.049977738756169288e-02
9.156018492269657472e-03
6.915225507357547485e-02
3.019076003673881736e-02
-1.228538044762417236e-02
-1.044474520581539778e-02
-1.934128782590436302e-01
5.756855795398685416e-02
-3.079438976082782276e-02
4.108161593967918357e-02
-4.080070596719465037e-02
-5.503506875276742427e-02
3.129653397475173904e-03
4.598410529129903779e-03
-3.743485293753967547e-02
5.375561995507371904e-03
-5.466406725716743686e-02
1.185013287135117110e-02
-1.397031071229948296e-02
4.468892034461036111e-02
6.617933684505583614e-03
4.938721706239546094e-03
3.467292696348378556e-02
-3.866624360660808613e-02
-4.686364283941202302e-02
4.500599360166557261e-04
-5.018983860678405406e-02
9.315430731633478345e-02
-5.347337407198304859e-02
-5.499294978866009487e-02
-9.919594666377706815e-03
3.022900345284740276e-02
9.565342524288311665e-03
-2.764902661758217306e-04
-3.127372013099383175e-02
-2.691109298556426666e-03
-3.164787816890646255e-02
-1.744534460056490488e-02
3.527315272625308751e-02
1.171676324430492855e-03
-3.327518251199590438e-02
-1.698961896951800554e-02
-2.376262350188573791e-02
1.672110472925325553e-02
-3.504190570414733585e-02
3.625022199489658092e-02
-3.479025834989624144e-02
6.724289111606829294e-03
3.245903178315368010e-02
-7.503869764578574575e-02
2.184369523519791301e-02
-1.858956579874071480e-02
4.071879797724120564e-02
-4.591948648547150569e-02
-9.434128710940736795e-03
-2.120839767530879882e-02
-1.406143182528296620e-03
-2.254285987095272503e-02
9.407119461895430135e-03
-4.862854448505071758e-02
-8.029312552833012262e-04
2.804979110334659964e-02
-3.913776085154285767e-02
-4.847253779952875874e-03
-7.701858125259697374e-04
-1.008380246673805658e-01
-5.719875763917858791e-03
-1.787666490182715506e-02
3.476661518000501161e-02
3.186972520502928674e-02
-2.156904727485597917e-02
3.598312924440527638e-02
-9.134099517669191926e-03
-1.636717420825561931e-02
-2.287210591163058027e-02
7.033470876565139918e-03
-2.306339979412408425e-02
-4.248086273493711928e-03
-4.158393851268815666e-02
9.516066041523885133e-03
-4.499608960636614086e-03
6.831434489546373001e-02
-2.939772837508147774e-02
2.553626688712151704e-02
6.984378092510779013e-02
-1.584431550599862959e-02
1.633897199625744534e-02
-6.906530264636945304e-03
9.508026635648647584e-03
4.622996719921701470e-02
4.004080487929329024e-03
3.135641682824430454e-02
-5.497481227908984636e-02
5.265365327318805022e-02
-1.326343878949409749e-02
-2.365600813629575860e-02
3.264212494327534131e-02
-8.501329192522111278e-02
2.390678716862271180e-02
-1.884188341866877003e-02
1.114132568012493607e-02
-9.439049724356873838e-02
-3.190626594435208574e-02
3.979669451490375209e-02
-4.764150908277686725e-02
-2.266363641034763177e-02
-4.285139328887432875e-02
-2.659197460945739167e-02
-1.213811036944445476e-02
-3.578919653677781199e-02
4.880169626833952279e-02
-5.640108125681120299e-02
1.785593379177763396e-02
-2.661244918321070685e-02
-2.144404564057955653e-02
-1.704088238257872590e-02
1.053758957922923400e-02
-3.450130510329207922e-02
-1.048125607168381990e-02
2.130624013001369832e-02
-8.492892531286599933e-05
-4.471901779336739935e-02
-2.942292847160032920e-02
-5.962983232608332074e-02
-3.972764203319334442e-02
-2.989713844146502097e-02
1.722029433163996259e-02
9.476353699788830909e-04
5.349656716655859512e-02
-2.858349939925597383e-02
-5.326565783264980425e-02
-1.629665864362728200e-02
-3.518470033806320174e-02
-4.249540642497517950e-02
2.988501274580279699e-02
-1.672505989073425070e-02
-9.560346306691558382e-02
5.765677716556982801e-02
-3.906919320331025958e-02
3.186588428014758279e-02
-4.647134395819962904e-02
-1.139837237431695627e-02
-6.437860047436849698e-03
5.122566135054107406e-02
-1.839606221906864292e-02
3.124967948017731700e-02
1.778904678427739583e-02
-8.260154414215570284e-03
-7.713741487744840697e-03
1.963065712506484317e-02
-9.287135723048400848e-04
-4.429978843096016305e-02
-3.757315007919759253e-02
8.011425727131005203e-02
6.425000592030238877e-02
5.597343362254347809e-02
4.556676300118933653e-02
6.056476014041312084e-02
4.191928761747965027e-02
3.014103508443755075e-02
7.011447266285308899e-02
-3.594695080880372373e-02
-1.258624623172277524e-01
-4.173307895124755973e-02
-1.188145894438719097e-03
-7.093360111220814446e-02
-5.913709429995428479e-02
-1.225098832675390881e-01
-1.691444450829848734e-02
6.522930156057871187e-02
-7.758400466681081298e-03
4.371983599418216571e-02
-5.754996957075864117e-02
1.126203671842551657e-02
7.405560810382905146e-03
2.282499159866846483e-02
8.397035436864497271e-02
-1.042289648620897680e-02
-2.026865996945304005e-02
5.674855442360948743e-02
2.896076933775049156e-02
1.979693384169878279e-02
9.544425012639390360e-02
-1.132866792396614031e-02
-5.331790865772889632e-02
4.253241558283216150e-02
7.069649299569435996e-02
-5.205338449455565453e-02
-5.383893848414444960e-02
1.624084338458908761e-02
-3.036761043343716437e-02
-1.805734196630370825e-02
2.484623592099355349e-02
1.407314605403975349e-02
-2.221182839950763821e-03
-7.646264365227528614e-03
-1.239900135823202021e-04
8.217569430559068522e-03
-5.435293222870729579e-03
-1.428067062366489282e-02
-6.654614145491954957e-03
-3.508182147263805284e-02
3.295346693781242564e-02
-1.020054912579992923e-02
-2.305622280384800327e-02
7.498251823969237506e-03
-2.688517668556933415e-03
-2.650930516258709346e-02
-2.601670213092788231e-02
1.957892310714637318e-03
-2.245050129511305670e-02
-2.291678069838765097e-02
-1.251706627278270645e-02
-1.618129728459649641e-03
2.161769512280065086e-02
-5.227610213814237738e-03
5.800880169169619904e-02
-4.609041710394823355e-02
1.308040555005618444e-02
-2.711119127949324081e-02
1.096020750630577467e-02
-2.789199713649770374e-02
-1.055831726852929364e-02
3.993476697799280828e-02
3.834327289800487648e-03
4.264742762554085687e-02
-2.972203973855291892e-02
6.237065680699149794e-03
-1.360095955834861314e-03
4.146244389479747383e-03
-1.994642316204675581e-02
1.379044989181599234e-02
-5.810975942410756545e-03
6.556866894548818436e-03
-1.053488285509862621e-02
1.664983395556385304e-02
2.810345858366458671e-02
1.681687915640495135e-02
5.842061613955662480e-02
4.610219854996877586e-03
-7.759311889412368046e-03
2.092714573582754589e-02
-2.396413991000834187e-02
3.371790476811775683e-02
-6.810264408409638648e-02
3.263887862070080637e-02
-9.679486541320558857e-03
1.986398221862861746e-02
-1.822143751317373273e-02
1.164458533537415796e-02
-2.856597604698829507e-02
7.315676857880148987e-03
2.650842866849756341e-02
-1.980944265802575543e-02
5.236406851812924756e-03
1.263687835857907338e-02
4.740330044157747835e-03
-2.889674501447814237e-02
-1.866313674707531511e-02
-7.667326602950108594e-03
4.404026369128932750e-02
-2.434464965493288169e-02
1.280563298060344302e-02
2.967993339721930468e-02
-3.824732338775782559e-02
3.226203868683197307e-02
-3.509783292381585262e-02
-9.078857772579107532e-03
3.153166202684576369e-02
-3.573456595695745364e-02
-4.884481296890075264e-02
7.035577663030867512e-03
3.654707397785017520e-02
1.059850193769373838e-02
-5.933722930296680964e-02
-3.835218816276420029e-02
-1.348737022442447753e-02
1.076752282948167938e-02
-1.682153949216647071e-02
-2.571790103814697304e-02
-2.424331349111641387e-02
-7.356371355528690259e-03
-2.577471651193308233e-02
1.662233296446924413e-02
-1.063391326755347421e-02
-6.045780139112566509e-02
1.397603456873186545e-02
2.762038034318070601e-02
-7.139155976884170585e-02
9.072231756367177269e-03
-2.262976277962325256e-02
-2.329601994240171337e-02
1.526707145639516483e-02
-5.189527696408902102e-03
3.109948541256457588e-03
2.002205097400455713e-02
-1.958615450105094524e-02
-1.795098245799753300e-02
-2.256716153034687977e-03
7.591102270764649163e-02
-4.043892570270513076e-02
-1.243313682022550992e-02
-9.516662153469912511e-03
2.844732998501919852e-02
-4.128059230532032942e-02
3.680786097479193941e-02
7.103153905269277146e-03
3.159370773608971561e-02
-2.055942975573765708e-02
6.523473242166089037e-02
4.880685131373319052e-02
5.241903037385409192e-02
-8.142633082807160250e-02
1.360668193693470585e-02
-2.269291112977933622e-02
4.652815909608909450e-02
1.580887019714882769e-02
2.807320978192739958e-02
2.416930564015373761e-03
-8.117976762076484221e-04
7.577468379854845892e-03
1.736860476642698714e-02
-3.133186260598086470e-02
3.842231332354151263e-02
-1.909350469964077313e-02
-1.145064829503916748e-02
1.074890141320206105e-02
6.477108593394387270e-02
1.062499867464250514e-02
-4.358670756342197805e-02
3.412222143022836107e-02
2.266855870110884297e-02
3.539538639008399379e-02
-4.677677252677758801e-02
-2.062865080502529480e-02
8.948398961547665564e-02
1.970758457996479862e-02
5.646255662060406522e-02
1.922696557917991100e-02
-6.673806416893857119e-03
-2.242032295420504084e-02
2.002644818392607107e-02
-2.233004888005929445e-04
3.816373620047475157e-02
-3.084515145870270203e-02
4.460389927006147559e-03
5.058544348643567723e-02
-1.094331678044802025e-02
-6.280701317310488641e-02
1.688748778657167549e-02
2.364252815259892948e-02
1.895630887763699590e-02
-9.274030992771020721e-03
1.270616137066782336e-02
-5.046009371647808273e-02
3.706849438956871801e-02
-8.421507897523228259e-02
3.160828166960349961e-02
7.174134564243339618e-02
-4.843615909467002822e-02
3.476993593421839890e-02
4.377183997850808694e-02
1.215577527616762410e-02
-1.335651905604740008e-02
6.499811703183677736e-02
1.870564739843039170e-02
2.077058652303698238e-02
1.085196477675065552e-02
1.575106654196778422e-02
7.231970727298975277e-03
5.568507621245277761e-02
-3.178489951269902747e-04
2.800330005072959594e-02
7.798003901665273574e-02
-3.174151770792521532e-02
2.980218094461184464e-02
-1.481268055143480922e-02
1.105501261917058997e-01
9.046058927563827012e-02
-1.791509746718489282e-03
2.084315604976128000e-03
3.052775026191234531e-02
8.416619423103877118e-02
1.093192902757178508e-02
2.042878518592772252e-02
6.079334830924931765e-03
6.220838580499354897e-02
5.548630996020209594e-02
2.057694275384935878e-03
9.069788420648450256e-02
-2.704328349949181032e-02
2.438017517671031698e-02
-8.282840021757920113e-02
5.344084812362659420e-02
-2.007147205181691874e-03
4.740465924102466033e-02
4.494063302337547583e-02
1.898623346431582704e-02
-3.175430400399514852e-02
1.716023493279772438e-02
-1.091023926927281451e-03
-6.532762040274420201e-03
1.187983760415622925e-02
-2.899999624239812945e-02
3.426420284531550564e-02
2.120049890204311893e-02
-1.485618348226047658e-02
1.374995444486559748e-02
3.844455581485606288e-02
-1.955502949105936139e-02
3.213136177486308753e-03
5.806123537523966149e-02
-4.207286476620364368e-02
-1.627232334323780449e-02
2.056810577443890509e-02
3.545796348311824886e-02
-2.459054504482605097e-02
2.470679303040324015e-02
1.214952050042183984e-02
6.146920030060343265e-03
-1.083235850284136603e-02
4.195195952601604716e-02
-6.702442914149298048e-02
-3.696413455223090949e-03
-6.057065351900980943e-04
4.233215119133637572e-02
4.493811722067730940e-02
-2.501759562864336317e-02
5.498757512245999735e-02
-2.636505614546091891e-02
4.447566284131276859e-02
-3.305782457900274807e-02
-1.269593298719895458e-02
4.522665309193207861e-02
-1.252758583881385945e-02
-2.118261322239511912e-02
3.360852673205627639e-03
1.376988153775293711e-03
1.184868329632671191e-02
1.342179250287101056e-02
9.941206782182909762e-03
3.749245070376794331e-02
1.395591734865764266e-02
7.649638320226648247e-02
-3.312450292482660430e-02
-2.350600451124362777e-02
3.996469483107212284e-02
-1.622956800445773951e-02
6.427971412616084734e-03
4.100321293364794784e-02
3.568205163485504983e-02
1.022194874223547600e-02
3.954445228237135623e-02
-1.233011725680155379e-02
6.915708621668859024e-02
-1.043406001365809743e-02
-2.139067966566798873e-02
-1.836538257753117520e-02
5.979564087093436342e-03
1.609069305664245775e-02
-7.950360431274949846e-03
-2.227101172801115858e-02
2.644327591682404943e-02
-1.156407625175988052e-01
6.687672839524716473e-02
7.283579321931465955e-03
-3.729324646012521782e-02
-1.077709297476592276e-02
2.709100711337986134e-02
-1.480477045400219183e-03
6.238465001343129757e-02
-5.882169541811554936e-02
1.715463533402461493e-03
-2.865934952848392392e-02
2.806191448359429685e-02
8.446579928553465955e-02
1.222820394158929957e-02
-5.088839544188439312e-02
-2.943742392412085351e-02
4.528015020863240814e-02
4.953698452284882592e-02
-5.562853719447424794e-04
-3.475162442912793637e-02
-5.685179073792911986e-02
7.695213976781856147e-03
-8.140253297723942794e-03
-1.905077142156197390e-02
-6.819979702661349563e-03
2.275053095574608442e-02
-3.820611742142010492e-02
-4.557671159125309401e-03
2.177306295646808110e-02
8.518749756325494360e-03
-3.190852572850566560e-03
2.111024621466395246e-03
-1.876931856054064873e-02
-2.205162521240588980e-02
6.799536443678655395e-02
-2.039289714091085948e-02
-5.055641735365612455e-02
-1.266034702985363580e-03
3.774374698812277273e-02
-6.376824310419992869e-02
4.706175665996426005e-02
9.805210279228271375e-02
-1.046360618598083381e-01
7.060234386128128037e-02
-1.069490793871337164e-01
-3.467915765681439666e-02
9.995583984929745647e-02
-6.124315616920683603e-02
-2.069556015740126043e-02
-2.475001563345924360e-02
4.538006764311930397e-03
-8.742721577170708969e-03
-3.107246604734736906e-02
3.405968930654346138e-02
1.944513747899834222e-02
-3.122581590652906414e-02
-1.025947155288786661e-02
-4.522753615689101281e-02
-3.147503587083066989e-02
-6.624490406283856103e-02
6.662688190941290500e-02
-8.790395717170884637e-02
4.673239656672745213e-02
-1.224871073530664489e-02
-3.812793751598997360e-02
-2.696302540161310546e-02
-8.252267729456086442e-03
-5.909287720749034634e-02
-2.905379060479607034e-03
-3.101379224338529639e-02
6.613394892228052768e-02
-9.724230555964696876e-02
6.057615360404744465e-02
-6.426494187003584102e-02
-2.593847690255746130e-02
5.157559362437957873e-02
2.144893410275683365e-02
-4.168008654967669813e-02
2.947640389449590614e-02
-5.147540889605739522e-02
1.794710600772742026e-02
-2.751178981200341767e-02
-2.079495596838309979e-02
-1.834125468458047692e-02
-8.198321445075595904e-03
1.063069851011411160e-02
1.846808324738224982e-02
-2.298403658703618291e-02
4.178378334507604208e-02
-2.204382148952221954e-02
6.580243124929330278e-02
-4.673908909248059018e-02
9.472329249820643504e-02
-4.415370251777339661e-02
1.919744387151767206e-02
-3.985006329178197859e-02
-5.851761311372216667e-03
1.396227533332927706e-02
-9.965088971963131925e-03
1.167130552908623997e-02
5.059634879055563417e-02
5.482443751633181428e-02
-3.064658803221753658e-02
-2.199489084310624065e-02
6.311311027874344504e-02
1.296713004696670168e-01
-5.670826473116852284e-02
3.403986625475940997e-02
-1.004331656801764616e-01
2.373719106062632811e-02
-6.721537094745988483e-03
-1.636317578022072894e-04
8.555770534385720438e-03
-6.592821716368235663e-02
-3.985555687123620849e-02
-8.257940104393535208e-02
-1.238978675685586950e-02
3.190276154323545832e-02
5.865181804167374224e-02
-2.001092584264063667e-02
-4.973177068237921716e-02
-4.250057848660615534e-03
-3.229910194548812896e-02
-1.677636303215157554e-03
9.296528982986496104e-03
-2.533269076584998558e-02
-2.059388073749235382e-02
-3.839894728032500204e-02
-7.104847121709667590e-03
3.728033515955520016e-03
1.020677405658876324e-02
-1.378298599719096629e-02
4.951503737280482653e-04
-8.976979039296839602e-03
-2.862667164470256154e-03
-4.529606483808956696e-02
-6.188045012346155005e-03
-2.069936608116940135e-02
-2.042891678611713502e-03
-2.387509841939428057e-02
-3.251612313397167497e-02
-3.083951391608330539e-02
-9.477875283823600228e-03
-1.512783780364168607e-02
-2.968605436652183016e-02
-1.226191229440454222e-02
1.137321777965105696e-02
5.475732154059720358e-03
-1.578407294431860564e-02
-7.137825390277185988e-03
2.865569068784878937e-02
-3.641401772644758950e-02
2.537962710342256401e-02
-3.285361505493611389e-02
-2.518514966846252534e-02
1.465468938379954622e-02
-2.445517720020129460e-02
1.919516198265602824e-02
-1.213097451635425372e-02
-1.363597066332022933e-02
1.819300737285400871e-02
2.494363520171205550e-02
2.379963749620417346e-02
2.299494456705630796e-04
-4.355843514125279370e-02
-7.144373010918414479e-03
-3.357789876989869526e-03
5.814649409487815390e-02
-1.343381270502153058e-03
-8.254883659302558740e-02
3.750820319025383043e-02
-4.015496656221939631e-02
4.577515239830765026e-02
-1.474510552056518264e-02
-4.849671140234956823e-02
-5.548710662227396284e-03
4.615187667392550708e-03
-3.914078131466425248e-02
4.084315580133512924e-02
-2.534826857921990140e-02
-1.526184344740411092e-02
3.504444090623604069e-02
-4.403527238306725877e-03
6.085843012872071967e-03
2.627180054016786670e-02
-1.722881336920112361e-02
2.580549406633281251e-02
4.044815166050952371e-02
-2.082257705730583552e-02
2.275094015486223142e-02
-7.874875706123241059e-02
9.917596200591116684e-02
9.315947808434366095e-03
5.178863595238780704e-03
4.990364851807704838e-03
5.374073737650997273e-02
-3.312326746441884850e-02
4.438947536834447760e-02
-2.574944649289268028e-02
-4.010525668047382197e-03
-5.363608077344794722e-02
9.259430859897666011e-03
-2.454678524717923693e-03
6.176686310003454139e-03
8.051634242210781167e-03
-2.585157988457709166e-03
-4.276688433378250664e-02
-2.932992041387061377e-02
2.668208101912350472e-02
1.934864019595496920e-01
-1.542649773320805551e-01
-1.272647050987938400e-01
1.022852446851350017e-01
-6.703161778724053832e-02
-5.590400645768411891e-02
1.420546914364084756e-02
-3.261182093238623736e-02
-4.144715480803062846e-02
1.459633163916507215e-02
-2.562653679978410537e-02
-1.164708472922271199e-03
5.122304438960467721e-02
-2.784634657725204576e-02
-1.346100420227980266e-03
-6.260352324583084993e-02
5.627697581142099281e-02
5.063422092707359212e-02
-7.147934422947788136e-02
9.157531396407403435e-03
-1.251418874281773341e-02
5.539925562585423791e-04
3.065306178569127127e-02
-1.041952081157226928e-02
1.142122285541269378e-02
4.584878545849768727e-03
-4.659392294939035395e-02
9.490466776714612251e-03
2.719031480646671994e-02
3.519689130028424984e-03
-1.186360000289132799e-02
-2.710488389665588471e-03
6.998579002232219182e-03
-2.362103329410292218e-02
-2.785450225853347561e-02
1.172898609100712086e-01
-4.019307780631953264e-02
-1.051262802520414041e-02
1.011784865219755858e-02
1.597615740089031178e-02
-4.770792370348342359e-02
3.309218789002255079e-02
9.449009296846444528e-03
5.251242436060454821e-03
1.925031194052539973e-02
-9.741921663726227365e-03
2.661686424827447439e-03
-1.253618013937307651e-02
-2.386014872247788077e-02
-1.156526682765690595e-02
4.591735136277996787e-02
-3.048280209038534139e-02
5.916539156187283766e-03
-1.374604750646302165e-02
3.526899458501775442e-02
-2.946815529523538757e-02
-3.328786171938435956e-02
-3.501954007647256617e-02
5.778640392749156973e-02
1.266295968423034601e-01
-1.845711463194823487e-01
-1.294076498037011191e-02
5.401735496443071938e-02
-1.360927011155199651e-02
-8.753874147457985089e-03
-7.944379129951606444e-04
-6.347927653670915049e-02
-4.371120614419243822e-03
3.069054353024691650e-02
-1.507941373516441530e-02
-1.242032148995431129e-02
-1.897710548878217551e-02
5.472961167561241069e-03
-1.719795426863068855e-03
2.933121257639115242e-02
-1.922075446004045673e-02
5.661670167426668954e-02
-3.690793765761446465e-02
-1.580412288847998781e-02
4.786009006360369966e-02
1.502796899161973343e-02
-4.392075581095911119e-02
-5.327201177317908432e-02
-1.051413688179758665e-02
1.396765208950836445e-01
-9.270707271634792690e-02
-9.895377168913466193e-02
7.485377469188003730e-02
-2.928194712643517050e-02
1.226747679868633867e-02
-1.784600693302929031e-02
1.708121559615527474e-03
-2.370760549855033261e-02
4.585978350346175958e-02
-3.891988750406261133e-02
-1.818744145636941312e-02
6.185734072512172332e-02
7.081266472839686799e-03
-5.629335073100083520e-02
2.683625990422822127e-02
-1.451506532208091116e-02
3.050486815997244250e-02
-1.332175701584681349e-02
-5.750208482443452951e-02
1.521823914740316752e-02
1.625911098631727114e-02
-3.378624438839006316e-02
5.746274264114337171e-03
-5.505805198035140791e-02
2.110240781099292917e-02
-1.311869499101492309e-02
-1.307875351874177028e-02
-2.379778875816640493e-02
3.387342493846734470e-02
-1.955443155381564324e-02
-2.731427512009831915e-02
6.237106411352888458e-02
1.383502105509082369e-01
-2.039077747994098022e-01
5.411219680041368107e-02
-4.418744267754526334e-02
2.547407781514321456e-02
-3.969951686195161145e-02
-1.427169643081382944e-02
3.525187900174220346e-02
-4.263349487035794638e-02
4.277902639774744387e-02
-2.431139498118062292e-02
1.614879192294305099e-02
-7.787762638735706844e-03
-2.691271215500723457e-03
-1.681951480986709768e-02
3.420294108679167167e-02
4.241857811498972453e-02
-8.533435253606791449e-02
2.586771649728492051e-02
-2.383170083043140153e-02
5.141222359649644247e-02
-2.913103328003874282e-02
-2.481184138188652355e-02
3.956287662452151466e-02
-2.499666151032098327e-02
4.110315517846796496e-02
-5.714868716219179134e-02
4.148222285159564038e-02
-4.040800771306685135e-02
7.295048307574880653e-03
1.794878570135205464e-02
-1.042099162927412337e-02
2.221064889256707531e-02
-9.273500833520298414e-03
-5.800640012104385512e-02
3.349504005066128443e-02
-3.621179397853535598e-02
-8.770501794297391740e-03
3.031440333560753153e-02
-6.356035128698866998e-03
9.255336660632718093e-03
-7.403705008936189991e-02
3.275368507713349864e-02
5.121164928753985102e-02
5.665071553243072877e-02
-1.229267179019726264e-01
-2.421030866380569080e-03
1.026487165906098120e-02
6.634269844978679664e-02
6.272095678728950574e-02
-2.894021356546971901e-02
9.993357257316759501e-02
-7.903486420920846633e-02
1.357607849872146666e-01
9.088265792366057028e-02
8.796232136841242166e-02
-5.301413041926372749e-02
6.345215435856199626e-02
-7.538085581125275603e-02
1.247672827058354805e-02
4.057328362812773204e-02
-1.977580669330070151e-04
-4.305689993727979115e-02
-3.090284080820759893e-02
-4.155571087166654021e-02
-9.812647303872557014e-02
-8.174099899432063498e-02
-2.623212370294669693e-01
2.493378677789896969e-01
-8.887332555125748712e-03
-8.798723510560924055e-02
-2.447099049409384719e-02
1.695725174926132617e-02
-5.160736606790994330e-02
-1.858994062035268513e-03
3.267025198562079069e-02
-2.613586245331389613e-02
8.718642276366317390e-04
1.162147141919911419e-02
-2.411229255079394562e-02
-1.320821308132380523e-03
-6.442267730297346340e-02
-6.409918478455844948e-03
2.321366723195117387e-02
-4.495454256495623468e-02
-1.108735313985032001e-02
-1.344833690947044857e-02
4.131134813229753178e-02
4.510859357828467253e-02
-2.133450093508448830e-02
5.470801449016393647e-02
2.303920539500259324e-02
1.512928357131659851e-02
-3.413360139012056038e-02
-5.272804661607288779e-03
-4.328935092209618141e-02
-2.508547941415861793e-02
2.149787948544745753e-02
2.113287214666637048e-02
5.237400968604899454e-02
-4.695376377355198194e-02
3.656089682654717343e-02
1.259025268189883917e-02
-1.690722606037864395e-02
-2.855966163028922367e-02
-4.656621127915205882e-02
1.119950611584927813e-01
5.827213893837512870e-02
-1.562323408042063377e-01
-2.418867342969188705e-02
-5.042996181141568002e-03
-3.021877981929521617e-02
1.671025307500295654e-03
-2.667531200703066041e-02
1.501628610683236609e-02
1.757941960313980090e-02
-2.332009317115524283e-03
3.189766331258558907e-03
-4.698098653598714591e-03
4.592261384457785311e-02
-1.689759018962511128e-02
-7.128807425832284217e-02
1.254331079150614592e-01
5.358011919208127694e-02
-6.469061104530160478e-03
-6.733719741457555585e-02
9.618389529951265615e-02
4.391284073531620535e-02
3.922862853468300770e-02
-2.747046324968138720e-02
-2.088378612754482333e-02
1.129031595512599573e-01
-8.402944570470438634e-02
-6.154934736166239873e-02
1.326154959852576809e-02
2.454393791266440417e-02
-2.022230907099631381e-02
2.580342491467790822e-02
2.574794380578993014e-02
-1.789139649597166759e-01
5.126316520472462557e-02
-1.664596875372579277e-01
3.745732666645151809e-02
-4.593732667304983863e-02
1.676803479865762725e-02
-9.796256162585503802e-03
-7.402605795201466776e-04
-1.157160229172484733e-01
2.851017693859647650e-02
5.675531720626669774e-02
2.248602934822074850e-02
-4.864126085429099078e-02
6.382276797374464294e-03
4.227346538255694064e-02
-2.291320134604268866e-02
-3.445033852283763132e-02
-4.999368586516395041e-02
-9.536479008028519999e-02
8.522553267184007630e-02
-5.418380257669053179e-04
-3.033049415960054063e-02
-3.418505892508094668e-02
5.573651200541251960e-02
-2.987492064313457263e-02
-1.231897447528118583e-02
-2.232384879625914920e-02
-5.825505273902464864e-03
-2.508294178383385642e-02
2.850565978598362804e-02
2.396862950653533275e-02
1.215785901005617120e-02
-4.939527807170396301e-02
-2.909054574306590979e-02
-2.670340124258219205e-02
1.128637349097028064e-02
-2.276011953460077564e-02
-3.621127314658956209e-02
4.658594365614909805e-02
-5.127049619173584816e-02
7.057613372814230956e-02
-4.983570538803894223e-02
-3.014745055147294295e-02
1.123790953228809286e-02
3.508242212602974419e-02
-3.256351188543904485e-02
-2.914116564305668788e-02
5.515611407383769205e-03
-1.345172631370683547e-03
1.952010090389633135e-02
-1.552327655977014942e-02
5.079844311870340690e-02
-6.636870163574615233e-02
3.960542247155540707e-02
-1.588058137224823696e-02
2.196738142481713396e-02
3.890726323700022249e-02
-2.237709258122855260e-02
-4.014102767846861042e-02
-3.405911557312402138e-02
3.223795143846919231e-02
4.438775109325554524e-03
1.305128578139136408e-03
-4.998205871384220345e-02
-1.246690898673419312e-02
5.590157409689666679e-02
-1.454930500117113112e-02
-3.124208221791935358e-02
1.189684003885194130e-02
6.041967357850452913e-04
1.686326152005790391e-02
-3.171732395609883071e-02
5.753351067647294315e-03
5.708018522635693870e-03
4.262387488597418894e-02
-1.349314181269578583e-02
-2.317687611312524432e-02
8.104869467119013571e-02
-3.811042659685304201e-02
1.098199614688266657e-02
1.415313629394843176e-03
2.032630249098854591e-02
-1.575954921307642920e-02
-2.456850871610827269e-02
6.071435852530449040e-04
3.217999891540479496e-03
4.100361086104720165e-02
-3.717328984490753108e-02
8.399854281735152917e-02
-1.501643269239272271e-02
7.481454163081013853e-02
4.223816990280804262e-02
2.698909013508554722e-03
-4.626116300236260415e-02
2.772080528837383984e-01
4.234172953512915782e-02
-8.816808080315685636e-02
-6.480881009702943452e-02
6.548293234000346352e-02
-1.149442096228086019e-01
-7.648773369455352800e-02
1.906104530675012398e-02
-1.228974496636243696e-01
-6.033492443342214351e-02
2.891869912985471913e-01
-1.160846954251777419e-01
5.771073959723427294e-02
9.241976239600102616e-03
1.665308625198314019e-02
-6.721268237234623300e-03
3.697541598680453845e-02
-2.304795015188343399e-02
5.920589192462966110e-04
4.461986776059712057e-02
-3.002217206067303579e-02
4.231821765949428382e-02
-4.672889747195640986e-02
6.504703528728161821e-02
-4.092759891564234920e-02
1.195700005948001632e-01
-3.242852526786843548e-02
3.378108479842278911e-02
-7.489935854152696137e-03
2.231861268607859827e-02
1.476082324846839100e-02
-4.653657636357189098e-02
7.044164339583547374e-03
4.706327110278185621e-02
-6.234389802384443513e-03
-3.334409941546434553e-03
3.343739665063694133e-02
2.057255869344665200e-02
-3.700060796049342571e-02
3.083831037106055106e-02
4.326433681144581378e-02
-5.412197887384317951e-02
4.085324579785498678e-02
-1.790049428505025020e-02
-7.174862273738646934e-03
-4.800257566542232013e-03
-2.160387062336699415e-02
1.880956773574582463e-02
2.350528138012486501e-02
2.946074685569843865e-03
4.292251057242402190e-02
-1.836865511716179178e-02
3.827229068585236149e-03
-4.404944149510292561e-02
-3.037366884048831039e-02
8.204451010685387402e-02
1.777989155852766068e-02
-8.055072312563860137e-03
3.299474842054195278e-02
-2.130457410018027353e-02
3.546709968118566536e-02
-3.336503390584821815e-02
1.046485413273412490e-02
5.060214671950724608e-03
3.796460555309266738e-02
1.161719908255731681e-02
6.900319048729564031e-03
1.461373372660812464e-02
-5.216295574391427436e-02
5.076639331996535276e-02
-8.701985022610614351e-02
8.833383218076340526e-02
3.784656234766403671e-02
-1.428109756079365411e-02
5.189835282320620635e-02
-2.137721924693014586e-02
-1.162027361416440030e-02
3.554637872718791058e-02
-1.557643092322624767e-02
2.440845318734119473e-02
2.385584015524555568e-02
6.032623248857671427e-03
1.985019941374233099e-02
4.743882528161380563e-02
-1.354381253075298552e-02
5.130166655774592854e-03
6.541345339152737637e-04
1.152935093623086438e-02
1.769314414064493413e-02
-1.034049450390650549e-02
3.245712976135428640e-02
-1.239804618895479216e-02
-4.004254856143196761e-03
6.997450599895538303e-02
-1.284670412360044978e-02
1.163380640655664600e-02
7.077784901008188356e-03
2.946107814105025646e-02
1.096244966124881870e-02
3.747289801940700826e-02
4.502128033891317216e-02
1.152244480253195036e-01
9.982731510566189570e-02
-3.040243847050527748e-02
-1.660167121797813117e-01
3.790182984572343372e-03
4.219826208019927805e-02
-4.037150931438038270e-02
2.423646333504647643e-02
9.806510796930956175e-03
3.461835851608530135e-03
9.732559941361795808e-03
4.858078356158790356e-02
-1.315574925406837181e-02
4.431039321754548510e-02
4.314718215536350598e-02
8.634037320696119622e-03
2.284663453475310746e-02
2.581018354746178467e-02
-5.934505049549620992e-03
1.164420354107547073e-01
-2.140110668517936077e-02
-7.483770560774427594e-03
5.227444241181267159e-02
4.181582713106291038e-02
-3.798366549949561133e-02
1.138265313792832245e-01
7.778413091090330411e-02
2.764187646673854637e-02
3.743835566608699761e-02
-1.241865406158816354e-01
-1.761446428259039187e-02
-4.743295014462023396e-03
-8.498562369840434449e-02
1.279204780115218432e-01
-3.476175978253237542e-02
-3.899524114778318840e-02
2.267486235889570878e-04
4.957151421353056531e-02
9.123904383078640379e-03
9.248800909059551323e-03
-1.865141838513728612e-02
8.645935346027977531e-03
-5.038903703337105355e-02
3.503631096995096783e-02
2.561687750083141424e-02
1.127509805162270062e-01
-4.178219668333893466e-02
-4.078216768661402369e-02
-9.143764476181814871e-03
3.223630853613945746e-02
1.859308114075908236e-02
-3.062305817014854270e-02
-5.299743270930168393e-02
-6.491976035108315557e-03
4.949335935348653237e-02
3.207931479050563084e-02
-3.011550906673621242e-02
-1.132335220193958492e-02
-5.162556097813286726e-02
4.043004668926908352e-02
1.088527398447802774e-01
1.069093281301993770e-01
5.813614671990352534e-02
5.005783143502018362e-02
1.908991186374953131e-02
8.697641657229437939e-02
6.241539289793651690e-02
1.899387246694317355e-02
2.335352474358254327e-02
7.797778228113072529e-02
-4.358190397823369366e-02
6.698045549101494522e-02
-7.218947272124642822e-02
-2.718797832160113614e-02
-5.194463617112399234e-03
4.217474496949646934e-03
-1.890774935450223460e-02
-2.358634080730137583e-02
-3.857312289922298909e-02
1.189270571644684971e-02
-2.472246896071839117e-02
-1.964363862000162442e-02
6.830784893494534771e-04
1.637611102738079083e-02
3.225448811207787259e-02
-4.260310129157618420e-03
-3.501656981481771069e-02
-8.115395705631023304e-03
6.386126488203469620e-03
-6.050900010502147097e-02
-3.148297839829483635e-02
6.861504766436166136e-02
-3.306130767243953272e-03
-5.790239676240682698e-02
1.421941220322597843e-02
-2.316984931472410025e-02
3.024341681057052256e-02
3.068277837871224989e-02
-8.475739417592720315e-04
-1.060884072437717762e-02
-1.627847946499016984e-02
-2.975080408034180834e-02
-3.456767538739180523e-02
-2.178294024211435698e-03
-3.191232038295810369e-02
-3.472177653688124366e-02
2.594377709549178235e-02
-3.836169723769655704e-02
-6.258013870408252188e-03
-1.484214431274999413e-02
-1.864112691248998033e-02
4.180444577602493439e-02
-4.868030705156245475e-02
-2.338423828238855862e-02
-9.104244786224802155e-02
8.516003921322390369e-02
-1.642118321061225572e-02
-6.143345411931733224e-03
3.694284887825194374e-03
-5.772184828907622745e-03
1.436854853171087854e-02
1.568031094090605038e-02
7.250580143600249272e-03
-2.739766512113517294e-02
1.534952553072788106e-03
3.657519474655002156e-02
2.897272350810675690e-02
-2.646126056126707482e-02
1.171057368467121051e-02
-2.500470363208773250e-03
2.865141334161158682e-03
3.810718655061817728e-02
-5.083037164942449948e-02
2.092993006383636612e-02
9.667503609913641327e-03
-1.800498230182734360e-02
5.331668714089410344e-03
2.252498326000873519e-02
-7.119771410968311898e-05
-2.021015156912975286e-02
-1.330927417642957522e-02
2.049003572968755016e-02
1.763096058564683766e-02
1.664596063607381993e-02
-7.424047766719410468e-02
1.332641865641281953e-02
4.199407209603633895e-02
-4.087770057885187214e-03
-2.557513523024246282e-02
4.645395276587516165e-02
1.420916841984687373e-02
-1.953162611867331755e-02
5.188916066785909109e-02
-3.632991347330949417e-02
-1.778893330885256141e-02
6.958915734202442138e-02
2.530476086246347123e-03
-8.370592226789153045e-03
3.193193328541221732e-02
3.142238296036037326e-02
2.229717793490681998e-02
1.330446438696020195e-02
6.027994263859692836e-04
1.942726156754703837e-02
8.055765517970381318e-02
3.338645320057898047e-02
-6.294710806589431940e-02
1.629490966923432538e-01
-1.551271862148690950e-01
1.437705986477944009e-01
1.047748390049756395e-01
3.891652395299871614e-02
-2.818613673818659571e-02
6.071260502933872871e-02
3.964146392361578286e-02
-4.028436514000288682e-02
4.107379855563086934e-02
-1.374202900655285831e-02
-8.379575775302439133e-02
2.788446521288889812e-02
-5.298796725666021779e-02
-8.965955233609212982e-02
7.929548305177358536e-02
1.517899128490673988e-02
-2.955194839425123732e-02
-1.342771812884757665e-02
3.799726935333147537e-02
-4.161768873702209603e-02
4.183875144851967320e-03
2.677969178727757082e-03
-4.944306970333323115e-02
-2.862342093997516379e-02
-2.906162933914546720e-02
-6.983487652262598822e-02
3.297031379872783496e-02
-2.297987961631431375e-02
1.062305732406976233e-02
-3.863259660326279210e-02
6.287654137533627008e-02
-6.761471900026294612e-02
2.331333957414916114e-02
1.490025714264775480e-02
4.239340436039684690e-03
-6.092765901486862923e-02
-2.434683511412161216e-02
1.748518932308975593e-01
-6.177723691416603380e-02
-5.723066668836929161e-02
8.229757800118409072e-02
-1.110548051611226494e-01
4.458138797536581599e-02
-6.196451594234764215e-03
-2.177201630583369685e-02
-7.084414360831847723e-02
1.380020702286555156e-02
2.509383639056173010e-03
1.645231165106286753e-02
1.158323201821120918e-02
1.307787375097646532e-02
-1.267288735871097138e-02
-3.123710469995710781e-02
-9.859926621710091155e-03
-1.059788893832624979e-03
-6.288785952594388995e-02
2.503070135125895490e-02
4.997892295334205315e-03
5.369933855458386418e-02
-6.986135219155809040e-03
1.197418571702346668e-02
-2.505547268989882781e-03
1.074168403333608524e-02
-2.926183172410645739e-02
-4.231643195722334383e-04
-7.826389642235032085e-03
-4.771180964920018752e-02
1.461089955155836506e-02
1.072208612858607246e-01
-9.098963194091691520e-02
1.180139682900049891e-02
-2.643531828813028284e-02
-3.460544281598298966e-02
2.370755120888601297e-02
4.384079707264509906e-02
-1.399445231087170782e-02
-4.674991578065501585e-03
1.270933097647919396e-02
1.111499089354728298e-02
-5.420329493302311619e-02
2.408206837793258615e-02
1.511620578844619089e-02
-9.095420316340740996e-02
2.537596690525356635e-02
-1.290189138944253244e-02
-4.309872534716774339e-02
2.420471268515012042e-02
-4.238715958977912202e-02
-8.442694916996895671e-03
1.117434698825325867e-02
1.940605924460170328e-02
-3.514222886680329339e-02
6.239638422059234912e-02
-1.286610329262338759e-02
1.499601379058956852e-02
3.092701648583773277e-04
-2.087022719048370334e-04
2.740043897208721546e-02
1.259649093644354956e-02
-1.572033238058034854e-02
5.417489838751121667e-03
4.078864407907123457e-02
3.286612565914426298e-02
1.519459692121882810e-02
2.385222215874449603e-02
9.423804101381705323e-02
4.552488594972681213e-02
-2.844039781353702168e-02
-5.673404482119503989e-02
7.884677954384877729e-02
-1.635941060371215450e-02
-2.015618097616389548e-02
-2.892074422878221363e-02
-3.349771266527934444e-02
-5.861839934717183453e-02
-1.110336448698152623e-01
-3.665713143102777849e-02
1.116422935391581106e-01
5.084163089015669712e-02
-1.173016948544924887e-01
1.939111017374628432e-02
-2.319538016632849420e-02
-8.297480524770417531e-04
1.108689333600687554e-02
-1.439507955679042439e-02
-1.277828649697676511e-02
2.698520287712424803e-02
-6.944386169855931712e-04
5.280017316700580388e-02
2.482967102978950180e-02
-5.346299225456152548e-02
-4.141776555869580712e-02
5.518075246207754248e-02
4.021081089000677622e-03
-1.545928195483048384e-02
4.492914979215978377e-02
-3.828987745116796404e-02
1.247676824110044436e-02
2.679348030801298464e-02
-1.445135292972254959e-02
-6.146100404495147274e-03
-3.944217523708815065e-02
-8.789252808410363826e-03
7.989257519596115742e-04
-7.490199673952657733e-02
2.940660580992848772e-02
-9.047125811258105443e-03
5.386380070140361909e-04
-4.077459078300815776e-03
3.879072723425025515e-04
2.004133833202570436e-02
-2.885028419490076601e-02
3.665024846407050063e-02
-2.103941600365955011e-02
3.893885197273361243e-02
2.836280345859165664e-02
1.091609262581227924e-02
7.123138899610115260e-02
2.676816256407343886e-02
4.376353905445817816e-02
3.887476131659517442e-02
-8.871993879869144450e-03
-9.124178207333688562e-04
-1.187111568336796097e-02
-6.434567612072883414e-02
-2.399383112469766210e-02
-4.005408583387048971e-02
-4.955877908094508122e-02
1.724243597631902603e-02
1.306595331772797408e-03
-5.879817674982223963e-02
1.768987345897787833e-02
4.483012551876841556e-02
-5.058207340477682834e-02
5.408424244747500609e-02
-3.686078612928378462e-02
6.561270491947990280e-03
3.139342057309013612e-02
2.226260562664483800e-02
3.711066914504668190e-02
6.838666300204376824e-02
-4.236787455851476203e-02
1.098818702610282472e-01
5.734053782284975753e-02
8.197095446918534201e-02
4.974747096766574117e-02
