3.707118447993588972e-02
-1.387534683872905517e-02
2.071468582768689823e-02
3.489636383274284659e-02
-3.942637219404013758e-03
-1.239247682472085707e-02
-1.718119289137393785e-02
1.865120976508295031e-02
1.277531828898925692e-02
-1.766549815828222930e-02
1.347731949416599607e-02
-3.060179421054479501e-02
1.057667771723313707e-02
-2.304546316587556889e-02
-1.121213865241580190e-02
1.687681105226375086e-02
2.433056290539912722e-03
-1.191497720714431406e-02
6.450826712457344639e-03
-4.351270302011408034e-03
-4.349549009728271437e-04
3.884462095315888847e-03
-1.721112753938846412e-02
-4.635908884720675409e-03
-1.574202262723269768e-02
-1.375308789673792068e-02
2.883585489493215720e-02
2.330231686808736935e-04
-2.619820178212615286e-02
1.149578926278738492e-02
3.541090269859239331e-02
-1.081047047715433251e-02
1.348978180010593914e-04
-1.032413795328108314e-02
8.315692412200707123e-03
3.299205853361510815e-02
-4.392382134256410386e-02
5.981119300521475779e-02
-6.281836749837672873e-02
2.062192444067020500e-02
-1.935520253544873587e-02
8.274584253401936346e-03
-1.714486372093242464e-02
-4.635409045163810249e-02
-1.684671733344681246e-02
5.429420353222301487e-02
-2.109527564710163283e-02
-1.369576786419056391e-02
1.686188170637182779e-02
-3.818010046873265839e-02
2.348301353247624068e-02
-2.612294159998682086e-02
-1.550384609316681622e-02
4.286852684301627886e-02
-4.089178682346461535e-02
-2.227033223850328689e-03
4.477829151159769608e-03
1.913023014269259539e-02
-8.943811846331712473e-03
4.614990744333805767e-03
-5.072747426438656282e-02
5.481077613971561957e-05
-1.610433957452047857e-02
-3.534393981474484581e-02
2.701907597602890010e-02
1.964425912221897524e-02
-1.621710402359863995e-02
5.423470632391031582e-03
-2.261796411157769235e-02
-2.625478534516276913e-02
6.733439193916587739e-02
9.563179347177300574e-03
-7.005595606336456616e-03
3.636167648640100877e-03
1.499667901973656021e-02
-2.754039484120984760e-02
2.242277872261892041e-03
2.000295535051268420e-02
-1.828465208620611709e-02
4.194787526433908093e-02
3.251831838892142029e-02
-4.635921016929033661e-02
-2.732945378524357510e-02
3.576894139340125456e-02
-6.421459877154407636e-02
1.917172361949893988e-02
2.777853993034117008e-03
-3.764411539923232658e-02
4.370532073820226904e-02
3.736256706987933773e-03
-2.819147092401127347e-02
-1.023852704747949816e-01
8.621249945544252891e-02
-3.492162773084199479e-02
-9.911868385395974576e-03
-1.691714171777925629e-02
4.385421959899595684e-02
-8.369585857248722227e-02
1.056473615795514367e-02
-2.245787198448943173e-02
-3.474533693445473748e-02
3.807605030458604406e-02
-1.257867062725539706e-02
3.147167941670094005e-02
-3.809184165059018023e-02
-1.167965672194529528e-02
-1.897488033159762388e-02
3.244309292091837604e-03
2.260030711826393340e-02
-1.993661342651376067e-02
-3.850137178376899366e-02
1.016992380761305714e-03
2.435720076149945623e-02
3.361379130711601021e-02
-2.242179314517799352e-02
3.695546253972677164e-02
2.030500724878040592e-03
-2.359373191407219961e-02
2.159376715117944032e-02
-5.555663219590107130e-03
-2.824916423044132596e-02
-3.894610096543428546e-02
3.508804604791159604e-02
-3.612550073031705472e-02
-3.798125627910424462e-02
-1.282582697331390541e-03
-9.123472217067539816e-03
-1.876711615564520194e-02
1.467686921900287350e-02
-2.492338140414628728e-02
1.437840265206890601e-02
-1.036873761427060774e-02
-4.867782659268948126e-02
-7.091621965935042404e-02
1.138988635696862178e-01
-7.747298941178622222e-02
1.908023747780652341e-02
-2.246903090109498430e-02
3.540517299742015900e-02
1.330298078503719741e-03
-1.509493273096981780e-02
1.408148131402840730e-02
3.144742881347441232e-02
2.391383855671364023e-02
-5.136306482426309175e-03
1.028959026617525755e-03
-1.951983288095771735e-02
2.580532231113414482e-02
2.129033153962323760e-02
-5.076159604851651630e-03
2.268454466779991872e-03
1.847633666798631502e-02
3.231003391875879316e-02
-2.570590058345046877e-02
2.487736081763081142e-02
-2.063140747817501265e-03
3.386926336659492470e-02
-2.685903108409859463e-02
3.749207219163717963e-02
-9.944265503547971424e-03
1.273707506742196953e-02
-4.535654067824659158e-02
9.856744196027939289e-03
2.102314970973868241e-02
7.718386498771079296e-02
-1.059559396647809931e-02
-1.357882425298357308e-02
1.306528971319869184e-02
7.387695273586470865e-03
-4.391079461024625236e-02
1.820783671071304899e-02
2.056324327658572149e-02
3.186589804529681158e-02
-4.117821345723705548e-03
7.010539085840679710e-03
1.737470999630376031e-02
2.713139307851178753e-02
-1.793396794228806906e-02
-1.633469302089777392e-02
3.535931290358887077e-03
1.803930224940165222e-02
-9.081711931489835909e-03
2.941245541013685905e-02
-2.157868411098334133e-02
-8.454478091162974385e-04
6.028026431797527986e-03
1.307050053997319862e-02
1.383068840870262627e-02
-2.638025243208793474e-02
-1.727587382014220477e-02
2.777289985105494893e-02
2.838917059940931908e-02
-4.883790773072173817e-03
-3.289654797386134394e-02
-4.963645937251360760e-03
1.928516266144767941e-02
-6.144923358672814417e-02
4.551295912297189522e-02
2.031672991452100618e-02
-9.437787878277700132e-03
-4.679447530561867824e-02
2.094997314435972924e-02
2.092949405578554967e-02
-1.466399585811112294e-02
-3.838797022444126548e-03
-7.415541114271220410e-03
7.875834264018853614e-03
-2.461674363177650260e-02
4.210192897258484973e-02
1.786328802000283072e-02
-4.205645131556087074e-02
1.990657946921236404e-02
3.796958342945870590e-02
6.289421327223708100e-03
2.133601337571606679e-03
-4.764825975144045683e-02
2.345229712705679953e-02
1.171211296460323951e-02
6.956236266036455729e-02
-2.910858333237706722e-02
3.197324820708088294e-02
1.045745059948826466e-02
-1.540173855005125964e-02
2.575847906952080310e-02
-2.979217031449571743e-02
9.751138467928979758e-03
2.664478056391851243e-02
2.118292572056002659e-02
2.542777378620487277e-02
-1.262245063063095057e-02
-1.708037159479761091e-02
-2.134459959608078772e-02
5.077016010201516882e-02
2.532962515135039894e-02
-9.395898278966495487e-02
3.792011962683956936e-03
4.308978251390793712e-02
4.679970515126082031e-02
-2.293940915072692141e-02
-7.782388726589521515e-04
1.490591334281478851e-02
-1.951623288194079611e-02
5.973029956598067611e-03
4.976261222696159309e-02
-2.833017093167950959e-02
3.112515571745459730e-02
-1.559991342899104405e-02
9.505866748851908576e-02
-2.010242426136777186e-02
-2.318145581307697392e-02
2.458107524305533365e-02
-2.034189087217172509e-02
-1.983018614843789357e-02
-4.709138352492141244e-03
1.287602690534262254e-02
2.755805790792774379e-02
-6.030223107300890228e-02
3.594814502659594846e-02
4.971039824552965503e-02
-7.631300975230270386e-03
-2.839437829132794924e-02
3.875154457854892900e-03
3.032708740133364944e-02
-2.436344698580896612e-02
5.921361051973551143e-02
-5.196472650123275944e-02
-1.472154402614028051e-02
1.372788664206034057e-02
-1.923531417779759944e-02
4.893629886837996129e-02
-1.040715476926664176e-02
-1.029702284865398679e-02
-2.178214114655609157e-02
1.815802191126928344e-03
-1.966620375488449535e-02
2.081285377492357244e-02
-6.887995552810884103e-02
1.076895872463840137e-01
-1.651471942021128306e-02
-3.828406375782192166e-03
-6.747213502949777481e-03
4.335923249660687817e-02
2.266838433490469054e-02
-2.376205745380233908e-02
7.529608195216440369e-03
-8.187943525298592429e-02
-2.211094205066486129e-01
-2.375997182158550991e-01
-2.613837110063635949e-01
-1.502796883155362861e-01
-1.737413667903783265e-01
-1.821461122546636502e-01
-1.867908809125232161e-01
-1.508572684075149828e-01
-2.314069674412266853e-01
-1.940449124263246006e-01
-2.492059304637776473e-01
-3.054786811201761210e-01
-1.711843932241969013e-01
-4.058844496088592768e-02
3.468299468340682590e-02
-3.091385707836303079e-02
-4.915731101049590490e-02
-2.595664605451738008e-02
8.830600021331364707e-03
-1.781131814691860188e-02
1.651100960131715242e-02
-3.804989752758536348e-02
1.688883464931170350e-02
-5.964654954180386576e-02
1.305000080455466852e-02
-2.031300582410938693e-02
1.591359794427451430e-02
-4.081962098277339135e-02
2.817019582172142905e-02
-3.283996415539196245e-02
-3.489396125189120346e-02
-1.046735553217127170e-02
3.006751318277819940e-02
-1.724994358511954679e-02
-5.159726635866920819e-02
2.617713592591656285e-02
-2.555946288553764129e-03
-2.166832897473733657e-02
2.824331989634066425e-02
-7.323242277240356313e-03
1.942839356696377320e-02
-1.852588593936755831e-02
-5.236298806875303025e-02
1.312604628792584348e-02
-2.347898655850041288e-02
1.141537581164274451e-03
5.051969322370525317e-02
-4.956461101244410278e-02
8.078243039932973824e-02
-8.304281469025652507e-02
-1.440755712946367034e-02
3.796278050790506675e-02
-8.214829936032924662e-02
1.039749834735679418e-02
-4.525244075578035291e-02
2.177987889409324293e-02
8.358728592934849821e-03
-1.887659332046323982e-02
2.521242652068093892e-03
-5.358922066382353078e-03
-5.543033000996636095e-02
1.871498780476373025e-02
2.401749323474266021e-02
3.767355789763891100e-02
-2.793232324390649071e-02
7.371988014386304799e-02
-6.992418775841312273e-02
-1.002172589779753292e-02
-1.011964936484882754e-01
4.567978055244985985e-03
-1.629674392228881372e-02
-2.671926008210095266e-02
-3.072478994422545191e-03
-1.160766050038966463e-01
9.431581766606288511e-03
-6.168774767103327866e-02
2.998952086791591837e-02
-4.968842168345346394e-02
-8.994260704329637424e-02
-6.054904962201908269e-02
-9.702123944291951574e-02
-6.091816590449025681e-02
-1.480738913675951340e-01
-2.649875464809839931e-01
-3.134962186611655599e-01
-9.264680288354004700e-02
-2.452620102656678513e-01
-1.709763844241803110e-01
-8.072850284616114869e-02
-4.286459910050561400e-02
-6.556522364831410266e-02
-7.882848379179707710e-02
-9.719472396262648917e-02
-9.029222224787700202e-02
-5.377527885234109628e-02
-4.766535985705656897e-02
6.959788969664218450e-02
-8.456956626815680111e-02
-1.080662149852681768e-02
-1.783258368068435518e-02
4.931233302457736778e-02
2.238623043785905459e-02
-3.607127388252109185e-02
9.106419358628198291e-02
-5.683505163806200355e-02
1.969664263988088124e-02
4.847149102591743336e-02
-8.089988613253171548e-03
5.181349389302304653e-02
1.871452373935416497e-02
-5.399926912280032104e-04
-4.144847710430271150e-03
1.637000028131436330e-02
8.398623240037046689e-03
-4.223010844187297455e-04
3.981316636067662451e-05
1.908456306511120693e-02
1.530525740921698588e-02
-2.061417358736560707e-02
5.193546722684448669e-02
-3.342257644470085758e-03
-1.726287168428949914e-02
3.519542638820025854e-02
1.987399248373689781e-02
-3.165973883281208989e-02
2.024142571367421733e-02
1.414400705570110182e-02
2.592098157261268562e-02
-1.153080096620436035e-02
3.785012905681689466e-02
1.284804306863342530e-02
6.272740269364181220e-02
1.678782708766534543e-02
4.559438849269553673e-02
8.176995404229791403e-03
1.761724886875852547e-02
-3.022724583129944576e-04
8.245093441219629449e-02
8.061575246763531127e-03
3.709125790001406922e-03
1.598790309828864928e-02
7.642823691206793169e-02
-6.406638826182272858e-03
3.190020204215757854e-02
1.497957396614807250e-02
1.768007848517652927e-02
2.365400333884725564e-02
5.754747421549137598e-02
1.352306094515804205e-03
2.281348540083164358e-02
1.838794304520677617e-02
-8.829492017638126619e-03
2.608542493803219300e-02
5.921677903293331990e-02
3.432666741797197468e-02
3.744217190811864604e-02
1.089515526841097239e-02
2.042260816331516876e-02
1.034012014244625396e-03
3.441708216669918385e-02
1.680754510525545031e-02
-3.577289227426931617e-02
-1.695043432624650584e-02
1.261119788524806273e-01
-9.049541657337066558e-02
5.120328985426732954e-02
-7.339455356067545178e-02
5.547404622437281108e-02
-4.532356998414093993e-03
-3.678521077060776731e-04
4.967547958589292600e-02
7.405967440085992060e-02
1.260503728019862768e-02
1.329756816198559427e-02
9.501636622180816005e-02
1.030206345844508209e-01
6.933254093049846800e-02
-4.924248182479620817e-02
-7.051521748858907701e-02
4.201589191012401053e-02
2.033925127019483269e-03
3.879670408940735088e-02
-1.787087102114508913e-02
1.320165575116439595e-02
6.709122336782383234e-02
5.050778885850838035e-02
7.295835800200635435e-02
-3.918287724596822286e-02
5.417645763475499414e-03
3.614208002712912537e-02
-5.034346647971191940e-02
-3.429463074353363006e-02
8.230762169530161931e-02
9.361599735794048915e-02
2.275823277321393015e-02
7.220795513293016069e-03
-3.284313750023388351e-02
5.975154949153776984e-02
2.933138791402404438e-02
-1.210728236647106576e-02
2.176737549784742154e-02
7.287272821331766681e-02
9.546011751766070308e-02
9.807601307345627240e-02
-1.106320868004155300e-01
-1.087549718905330698e-01
-3.409675979021917214e-02
-6.785795032738153876e-02
-1.054678553171194411e-01
-1.420688915197274721e-02
-6.099315142251535843e-02
1.117014480611720068e-02
3.059087584536186039e-02
-4.026940229795054893e-02
-1.411004392832215792e-01
-4.333252878976417977e-02
-4.125682197870516460e-02
-3.652632847669586708e-02
-1.239554166700799348e-02
-7.378191987290950993e-02
5.292548025256377936e-03
-2.168551881380573892e-02
3.047148186605197484e-02
-3.122245813720464155e-02
8.041190194975508104e-03
-3.034880785778116402e-02
2.785104303212305663e-02
5.106715063700005552e-02
-3.115329007186559002e-02
5.948719367188040619e-02
-2.122476472251768470e-02
5.761761422771006363e-02
-6.952864733704577915e-02
2.419160158322336204e-02
1.758894261911271573e-02
5.280669986832621510e-02
-3.744360038284481884e-02
-3.077472240003669562e-02
-1.004328624207352985e-02
-3.647352683338242474e-02
-8.052577701233595842e-02
-5.394002386718048381e-02
6.237528912602097186e-03
-6.903373801520183706e-02
7.432477569619352908e-02
-5.119910783274581045e-02
2.959883010121617912e-03
-1.666450093155483203e-02
1.926395961850090321e-01
1.756476153598371392e-02
7.008903316074757694e-02
2.321573633725367014e-02
-1.969693902571000715e-02
-6.145819798294656355e-03
9.900421079264053181e-03
-7.340983403557987952e-02
-1.654438523821178536e-02
-3.369554016037944882e-02
-3.746020943156371658e-02
-2.589035422261919128e-02
-9.113628214151466012e-02
-3.459675163028917699e-02
-3.895623783050310845e-02
-1.678126624349138840e-01
-1.061658558588487733e-01
-9.423043676835689275e-02
-7.186368499989864711e-02
-3.307918637564986886e-02
-5.566945469814728320e-02
-9.704137837048204540e-02
-4.181398263531235782e-02
-7.718032226898319248e-02
-1.223713251964429066e-01
-1.099232834673836701e-01
-1.612764492877815647e-01
-1.429806524299988557e-01
-1.367975252238830264e-01
-1.301658059646576826e-01
-1.141298729930821237e-01
-1.063547301247763088e-01
-3.238755800666411055e-03
-6.306910204551609278e-02
-1.258692769453682685e-03
-2.086912850498214705e-02
-2.248726605433796003e-02
-2.483836856801745901e-02
3.621402170483367655e-02
-9.460158334800173457e-03
-2.242186991997210596e-02
8.646106045701662524e-02
-2.345956173809747580e-02
-4.329053454368350651e-02
5.188847282431915953e-02
-1.712701248627175252e-02
-2.626896176677670849e-02
1.408779836107494458e-02
8.179393556751218125e-03
-6.454791704846122094e-03
1.345919704890896976e-02
-2.198487314471061008e-03
-6.046110773339591522e-03
-2.350048098301631139e-02
-8.276460097435132252e-03
-2.140984194167404320e-02
7.141786020589979689e-02
-6.315879205085813720e-03
-3.914580782235570905e-02
-7.194475812523910656e-03
3.471963108254322306e-02
-7.854836186621421898e-03
-7.598202080579767766e-03
8.287442905378514246e-03
-2.933841410940648750e-02
4.704150088173882083e-02
-3.527429698994856422e-02
-1.747261097240478470e-02
1.807179807083680173e-02
-2.309052939713199248e-02
-2.229490885865532956e-02
2.309695361298840649e-02
-2.404052972851659573e-02
5.676061747644681882e-03
-2.444555419272249550e-02
3.911215169766858735e-02
2.238494115421410524e-02
-4.667142689474440553e-02
2.462839856089998197e-02
-3.385629247289190930e-02
4.775158286486640841e-02
-1.344308530279461102e-02
-4.259871965866662835e-04
-7.237671290685416051e-03
-1.735679315137993173e-02
3.262831919482031551e-02
-4.644505375111936812e-02
-3.328560585406386066e-03
-2.086726213439047198e-02
-4.223339180071438576e-02
9.291325700773075957e-02
-3.095306521798845550e-02
3.677866016399966576e-02
9.685129360439909477e-03
3.531857201802162533e-02
-3.972525404681490069e-02
-3.080551170985276754e-02
-4.560117818922269223e-03
-3.233833686509224314e-02
-1.013997650709483681e-02
6.779762629058791457e-02
-1.234455982322360673e-01
1.066700616704113203e-01
1.557509869986486162e-01
1.443553154622862489e-01
2.054877048788642802e-01
2.012710878082315802e-01
2.457960134060332147e-01
2.725882689148644844e-01
2.294412104258814478e-01
2.676700367792972934e-01
2.038886335705609176e-01
1.392778773576474893e-01
1.008449040819521941e-01
2.372301698070332018e-02
1.886763865160952236e-02
4.278527486018905007e-02
1.856418815020308491e-02
-6.448770949382995332e-03
-7.684810689338184009e-04
-3.631346917995106893e-02
-3.334377087518210908e-03
-6.488331335359535934e-02
9.073802056332323784e-02
-1.023520963686090635e-01
-3.941257243879857375e-05
1.368713094788366266e-02
-1.620076609379786717e-02
2.223694498395055105e-02
-1.436384460750900205e-02
-1.042562833658193001e-02
2.281092695859457051e-03
-3.772708731147076527e-02
1.776699906410182314e-02
1.750050514342117725e-02
-4.417626588752718297e-02
4.247759252255966372e-03
-2.170066727369227011e-02
2.285144608170538993e-02
-2.563873671199691853e-02
-1.744676660942149141e-02
-3.293083774729094193e-02
-2.786368528074450665e-02
-1.705956098277765925e-03
-2.558660630013425558e-02
7.017874510897438578e-02
-7.825026692922473770e-02
-1.352428828711883455e-02
-9.599660269135786017e-03
-5.601344553141100746e-02
4.362809200699749312e-02
-5.394953780115661901e-02
4.621748142264672093e-02
1.916807229700041859e-02
-3.611475884432642502e-02
4.402752437451055989e-02
2.350934124547742268e-02
-4.866534246994922569e-02
2.623857910845612401e-02
-1.671860744524462233e-02
-2.863111183774594976e-02
-3.495745349465731455e-02
5.089894734295601075e-02
-6.998874222442755255e-02
3.888351980606426228e-02
-3.097433159066603076e-02
3.918104462874059946e-02
-6.719221725268770262e-02
1.709315309228144619e-02
6.078819642059921785e-04
-4.475369184458389410e-02
6.054461353679621571e-02
-5.085001795531761404e-02
-5.527141097691660315e-02
1.445047871148847154e-02
3.118047232161462110e-02
2.633693906190401682e-03
-3.137061121641646078e-02
9.479112928440234023e-03
4.047445593422069332e-02
5.358614640892300426e-03
-2.682219852090126505e-02
2.667401124448991884e-02
1.544935520194322745e-02
3.393602416154616747e-02
-3.768951281677922205e-02
-5.097616705524951955e-03
2.463032044211538318e-02
8.061275183928556104e-03
-4.983861539472528301e-03
5.465082830027835625e-02
-2.019246179435504884e-02
-3.388874644880504605e-02
1.279237690530449570e-02
1.359145463764972750e-02
6.134226494686356723e-02
-2.115881097775513253e-01
-2.986197899780285714e-01
-3.913806119962203178e-01
-2.120730593635096195e-01
-1.550912483990508073e-01
-2.843793108971743866e-01
-8.824984218544412728e-02
-1.364557904914721065e-01
-1.995234703172454188e-02
-9.693699089510110500e-02
1.341280008349667735e-02
-1.448456503492265290e-02
1.119312911558471846e-02
-5.185024409774402487e-02
1.239188264815315778e-02
-3.061891087164877664e-02
3.829224486491776547e-02
6.572427118344635784e-03
-2.349447069336364075e-02
8.843971794250400642e-03
2.550687143837714402e-02
-4.790869071382049260e-02
4.012817952786869313e-02
2.198234084505332545e-02
-1.316979646549851571e-02
5.066472560036280187e-03
-2.089530573284835782e-02
-5.257568396598848171e-03
5.091716274593763303e-02
4.122499666112107441e-02
-1.630341968515939752e-02
5.750696173421911833e-02
-2.213817861551371086e-02
6.798387686573131861e-02
-6.651612096128109441e-02
3.651465728251431647e-02
8.554263409586142231e-03
-6.225197358220610488e-02
-9.286747220145715603e-03
-4.358175934289872100e-02
2.620369374858166553e-02
1.166461175436983230e-02
-3.532453127717019581e-02
5.787464251709000841e-03
3.913417156454839646e-02
2.168057334586337426e-02
-1.002328149132166238e-02
-2.315905600009006415e-02
3.144601128047948974e-02
5.465503548280414153e-02
-7.600233759565357128e-02
-4.621467756123864845e-02
8.895333268246531644e-02
-5.853225110411097720e-02
1.465504205425044448e-03
5.288699577197041035e-02
-4.110766764355124059e-02
1.268692898576073355e-02
-1.811747628797499843e-02
-1.274899099510804212e-01
5.848210538880255216e-02
-5.749774294393782820e-02
-5.211674251936954105e-02
-6.967973319510231689e-02
-3.628448698579261888e-02
1.096240619005647149e-02
6.432207681965881885e-03
4.250554464957656542e-02
-1.219600981058078897e-02
-2.940266100012266237e-02
-1.532147789222037225e-02
2.934680420676432158e-02
5.842935701754675692e-03
-5.276647839731717082e-03
1.925717634586474741e-02
-8.558419816272531955e-02
-3.885951354119423357e-03
5.293383091326159945e-02
-4.332203103041847719e-02
4.651011235189128623e-02
4.449335572723132209e-02
1.655320116194004126e-02
-3.503565012117498823e-02
-6.669558767764602325e-02
-1.547462323471304399e-02
9.077660321298273993e-02
-5.807357670349604095e-02
-8.172970977146643001e-03
-2.285221633872289854e-02
-9.446070421909980031e-02
-9.653785929834450552e-03
-1.076620631344304552e-01
3.510165690058984767e-02
-6.527624706266169086e-02
-2.517763437368160384e-02
-5.480584863459993933e-02
-1.100167502749345438e-01
3.228930161531938514e-03
-1.815890868136037575e-02
-3.479130613652509085e-02
-4.058709453639165049e-02
-2.062064955022269858e-02
-8.757342914816157453e-02
-3.512044243633861973e-02
-5.404262058382284378e-02
-1.074304685027976103e-01
-9.303814124867151869e-03
-3.689333927854868828e-02
-1.414098230179544613e-01
-2.500735499745888879e-02
-7.582549095567051034e-02
-5.290128413407760299e-02
-4.319296583468984485e-02
-3.005904779979464564e-02
1.322219864304386219e-02
2.308300894684908733e-02
-1.029204787422667716e-01
-5.303364660652412632e-02
-8.660384428472049645e-02
-5.308858933473738911e-02
7.384401860647311910e-02
3.783564779135076273e-02
-2.110309315721659723e-02
-3.124795770898148445e-02
1.108150768718427770e-01
1.233712355238651970e-01
2.967801749895188079e-02
6.623992275118234518e-02
9.850334538846867993e-02
6.128655324664368520e-02
6.884464975751500293e-03
-5.975966625576898533e-03
7.111879366494858190e-02
1.639853576613000546e-02
3.118156677717257713e-02
5.039581890688974580e-02
2.449004436970155657e-02
-5.247545413280421678e-02
3.012702651166923942e-02
3.235969916367838900e-02
9.943691414759715450e-03
-7.749400772099425405e-02
-6.039362877736757784e-05
1.966319824121485343e-02
2.817685771672271550e-03
5.327381314677150093e-02
8.521006914135509369e-02
6.282887845691655093e-02
5.620117454977060362e-02
7.403935412543016792e-02
-2.038280412227004221e-02
9.016667725438656800e-02
9.666478567119649035e-02
1.002837082288149037e-02
-5.601559043275701477e-03
-2.131954253745633153e-03
-7.655429476190646343e-02
3.771580304395982797e-02
2.195908889250831192e-02
-2.665526891642476179e-02
-9.480456165806028235e-02
1.035744232516894181e-01
-2.238276862355127739e-01
-4.499866697720378284e-02
1.948535474289369435e-03
7.077387648673284792e-02
-4.993527646037237283e-02
-1.846550407734283070e-02
-4.540511113286323230e-02
6.664361228869997156e-02
-5.937724159210261421e-02
2.981354291305416543e-02
-3.652304146130792677e-03
-1.651335175884566797e-01
6.986067801740435124e-02
1.329706635272476060e-03
1.438161675799041854e-02
-1.057098206433809418e-01
1.530890563147965268e-02
3.043928568471996471e-02
-3.127201064981163792e-02
1.580680379838745458e-02
1.436306471978580218e-02
-7.412759877406735476e-02
-6.592571614350659082e-02
-6.260380029663158152e-02
5.184607432871952970e-02
-1.783235417057589534e-02
-1.369112768420583937e-01
-1.287623654716991417e-01
-5.308575574157864407e-02
-1.379488594693506209e-01
-1.059642741907137198e-01
-6.182434742633706459e-02
-5.112351816167590157e-02
4.891039243684927595e-02
-6.443917619900585425e-02
2.527367767416289351e-03
-2.803309153091245592e-02
-1.065468212167110518e-01
6.325236697384210849e-02
-2.752561739226980914e-02
8.216314486829592867e-02
-5.121905657997180561e-02
2.653738521683030038e-02
-6.410602107506785385e-02
1.241782719230490745e-02
2.237469174050606482e-02
1.195166558102609133e-01
3.573813307657924820e-02
1.842661005886936931e-01
2.222471994756277935e-01
2.327025110642082228e-01
1.283048227078427417e-01
1.416419146789378303e-01
2.060760900507761784e-01
1.360794480304398091e-01
2.019576864094994040e-01
1.724004666266027996e-01
2.536181509052611860e-01
2.564465739014832879e-01
1.138361460040683698e-01
2.080549538197096482e-01
4.209506701492164715e-02
1.025754346249407312e-01
6.152473860988193904e-02
7.702014918213397066e-02
5.184764655438806741e-02
8.648946427582404617e-02
4.528215476229856956e-02
1.350437655170305326e-02
4.459265507444030996e-02
2.918348098346936273e-02
4.166100981908676948e-02
7.848042745177766233e-04
2.546415481500918093e-02
-1.221212027670906877e-02
6.313180519131977864e-02
4.552883709064140666e-02
7.702237486685588330e-02
4.899353580259618868e-02
5.951338085743537731e-02
5.894760148130212540e-02
5.328812969154440859e-02
4.580622695076225215e-02
6.990017333845460756e-02
5.092770348738297204e-02
2.003115278525011700e-01
2.550401308501129560e-01
3.290118789062756455e-01
1.548640203265713722e-01
1.685699069350697077e-01
1.291501057502810745e-01
1.606366251658539190e-01
1.022944018548720690e-01
5.440895656500284450e-02
3.287725484023957812e-01
1.311496753007075355e-01
1.619572444491506891e-01
2.730499956970525860e-02
-3.164522494744036879e-03
2.118488094615796416e-02
-1.401016439684052775e-02
-8.237831601201886511e-02
8.566832336317586893e-02
-1.238631142591360146e-01
-2.642858616489481699e-02
-4.316012425920754542e-02
2.090314845248793935e-03
-5.630295231269619172e-02
-2.863412059702867551e-02
-2.599832603162009759e-03
4.237202355477059923e-03
-5.779360391753923798e-02
-2.370733738950995401e-02
-7.488518909286748237e-02
-6.550288642119535959e-03
-2.346500039549778011e-03
2.653920544305296211e-02
-3.904821868848691591e-02
2.147304214672064032e-03
-6.693027324780606580e-02
-3.380809986690480606e-02
-5.201404747817056640e-02
-5.019201878516035137e-02
7.096975455340843314e-03
-4.687046043112527011e-02
-6.316128007931823274e-02
2.990783532894246421e-02
-1.640326419551588893e-03
-9.930315538508124873e-02
-1.486058827090227380e-02
-1.110860675498511474e-01
3.071147174316736159e-02
-6.505520290069581602e-02
-8.085994420737838140e-02
-6.541105026400398370e-02
-3.453435920040266727e-02
-1.175043888080401153e-02
2.034453648976231738e-02
-7.441478659981458355e-02
-3.181632977002529783e-02
5.090172453121558083e-03
-3.301697515189264132e-02
-4.731424272946035958e-02
-2.241828635277751808e-02
9.628234463358847917e-02
3.799223960581870480e-02
5.883763364616642622e-03
7.420477621521094636e-02
-1.286534571559057316e-02
4.188209597821790364e-02
2.300555172563369111e-03
1.339492649313304279e-02
3.081456639345750773e-02
4.943324799936497232e-02
-1.492676482919176595e-02
5.444435746873529935e-02
3.090541894445995863e-02
2.397320498358457980e-02
2.868321857922380771e-02
-7.311721200713286462e-03
5.389848819884207609e-02
5.002223846590006517e-02
-3.525476755373568860e-03
8.881638788393619866e-02
3.625260803017504863e-03
8.349998694924257170e-02
1.048858708540927748e-01
-1.583600910417539559e-02
7.734068569156213324e-02
6.332928077852517657e-02
-1.304025248427483769e-02
6.313446973644425142e-02
4.571670473026407527e-02
5.670033132611745907e-02
4.197628476344621856e-02
1.128467344564062225e-01
4.645370992591002501e-02
5.939530887561493555e-02
8.809660516906972494e-02
1.011004087723992584e-01
2.144450019518171630e-02
1.242108688447692358e-02
5.099469339267061196e-03
1.166468690172733913e-01
5.466219175543801656e-02
1.093242461507991370e-02
5.762702259200633975e-02
8.234514818172129769e-02
1.780298067680047280e-02
1.077503942437878642e-01
1.293100908257643900e-02
7.388937059208031122e-02
2.926511047051117559e-02
3.803608210815344337e-02
6.095211982203903311e-02
7.917846507740994300e-02
4.597981355826011307e-02
3.712223620058698048e-02
3.352828167751271959e-02
6.921904789942329161e-02
8.350264854671958503e-02
3.544160506662985544e-02
5.591317812279217314e-02
5.089671239267547220e-02
-3.289112911008763851e-02
4.287012314690332587e-02
5.644900553140349414e-02
3.931882151217146876e-02
3.406570872904499808e-03
2.111435595564347192e-02
8.158849136929144374e-03
6.366523647284687282e-02
-2.366948275472343169e-02
9.805421613425963079e-02
-6.875452543968899044e-02
1.240536133097555199e-01
4.391959221986464074e-02
4.052296051621492867e-02
3.225090368887634923e-02
3.624253551745462709e-03
5.242699999104497022e-02
3.133364580963388102e-02
-3.097931670671599802e-03
1.438886463293805387e-02
1.209271595521357011e-02
-4.462214240559345818e-03
-1.500028716841188964e-02
5.165362948829257950e-02
2.723962503629465473e-02
6.969775346502443680e-02
2.405189751466584036e-02
7.496890753967430654e-02
5.416862879241961942e-03
7.725099586524349082e-02
6.580577481862337486e-02
7.717954042596279762e-03
1.575482010081662720e-01
7.147419922501715983e-02
1.173005259752577141e-02
7.533355917479707398e-02
2.114930349849293567e-02
3.617558612397457629e-02
4.307360765074660924e-02
3.232806797538578802e-02
3.598018797834059979e-02
4.647754139915342975e-02
-5.825311215460884928e-03
2.137931525124088863e-02
1.551564234041718539e-02
5.956092181661555574e-02
-4.612138897097689538e-03
8.485811565559014946e-02
1.487832422361207163e-02
5.818541936366239398e-02
2.195270132629687301e-02
4.506120595842203619e-02
7.389138865269584411e-02
2.478132285819890229e-02
-2.690746145557516497e-02
2.521733660156975920e-02
8.860088127817089543e-02
4.914456498423978859e-02
6.928464207566301103e-02
4.943129634313878085e-02
1.955838080586262684e-02
7.741675938747655944e-03
6.717453181298496667e-02
-8.558334002676817875e-03
3.371395890951332103e-02
2.908411384612584472e-02
2.401720297300769663e-02
3.049741074243619149e-02
-6.202409292439770017e-02
3.134419546899147591e-02
-3.537263193679490714e-02
-2.574711081766072052e-02
-4.222321613609164581e-02
3.502352934599434198e-02
2.468320318326255869e-02
6.673674951408349772e-03
-1.285126811658102858e-02
-2.798757266566478247e-02
-7.860019284521935212e-02
4.533917963242553584e-03
2.852436801292445451e-03
-5.818092671025222595e-02
9.925049094356050775e-03
1.383077244280616486e-02
-3.660055864971347578e-02
1.273207776296671027e-02
1.174715214154817278e-02
-2.599691903339865912e-02
4.883696150237940015e-02
-1.883897812272075645e-02
4.429570848014251216e-02
3.155878349261530963e-02
-2.390668023693921090e-02
6.029918428301592193e-02
9.117848399024712155e-03
1.050572499983002533e-02
6.271018326028288126e-02
5.308536629933635620e-02
-2.168828705119595773e-03
7.368697624699779847e-02
6.366188131591507537e-02
2.476283703751039345e-02
7.040335848422203668e-02
6.619965701690583293e-02
5.920313873677018196e-02
6.171491525824248509e-02
3.638070889692342907e-02
1.068299753511246508e-01
7.701728157182835544e-02
8.356166885633939390e-03
7.898778012872555154e-02
5.019716462414352404e-02
7.555314518245062616e-02
9.216004343389322395e-02
-3.903744504012796740e-02
1.019233343503727074e-01
7.428342610412207170e-02
7.733022792581087379e-02
-3.657110555227897214e-02
2.820000202667110809e-02
-7.695739871180451441e-02
-8.935136522411921134e-02
-1.656476576537224132e-01
-1.350870730776278505e-01
-1.666103720088623619e-01
-2.372873732579940664e-01
-2.490791490070220215e-01
-3.194663869653900923e-01
-2.717709670495538354e-01
-2.266135709382656738e-01
-2.310224851704271998e-02
-6.599136368327529478e-02
-6.538257575687290990e-02
-2.753994831461535620e-02
1.070751071041352309e-02
-3.547020722182191339e-03
-5.155823462365884124e-02
1.249126086285120771e-02
-2.616572499160342569e-02
-1.635448798924488134e-02
1.707578055444838178e-02
2.774897668671584550e-02
-1.123932758128311227e-02
-2.010495272435250044e-02
2.491756821994780408e-02
-1.253916008590584379e-02
-1.188947479146536777e-02
-9.808543053262362699e-03
1.002394514307541722e-02
8.096192952696286763e-03
-2.832062357733641442e-02
4.796251584788161978e-03
2.271493342716755445e-03
-3.089376090960152185e-03
1.460458403767804329e-02
1.283529150114989456e-02
-7.091906917622986528e-02
2.658398131262099812e-02
-5.710777123657619081e-03
1.287748466814521257e-02
1.943727410576933518e-02
-1.390498465664963615e-02
-1.919821140368874191e-02
-3.023033222738421427e-02
-5.717738305799011100e-04
-6.067491481411186466e-03
2.312067650197759117e-02
-2.549560956841148349e-02
-1.666630476334663921e-02
3.592468651908420352e-02
-1.518603891211957324e-02
-4.841162012662529428e-03
2.480573042763657352e-02
-2.104425675016576014e-02
4.621320894187520845e-03
2.992639143116689396e-02
-1.931568592884552044e-02
3.161306256641661233e-02
-3.758297509933797992e-02
2.173460093730383152e-02
-1.207132663510388469e-02
3.422809766432710621e-02
-7.646144326947956760e-02
-1.208861296285211953e-02
1.340588186437465142e-02
-1.781473743374775709e-02
1.123497430124450330e-02
1.870772317613256935e-02
-3.502916906580318124e-02
3.791784788802442935e-03
-1.078596665789057982e-02
-2.381881885065520801e-02
-1.386823348657775443e-02
-1.506767496720465456e-02
-1.040159843905881162e-02
-2.411171997097632039e-02
2.810440302410215779e-03
-2.469539280816094792e-02
-1.617654957266310978e-03
-4.248272958311297837e-02
5.906479630997586022e-02
-5.094299412871173410e-02
1.372269340489178958e-02
1.722222642239692320e-02
7.192461281381954882e-03
-2.432352296833568961e-02
-6.665779743660772000e-04
3.967920713379479575e-02
1.871265674892586689e-03
9.356565952835047689e-04
-1.686478606102282882e-03
-5.741439826206541641e-04
1.049509394142401214e-02
9.841746556615993055e-03
-1.977059094075429499e-02
-2.149236210416697809e-02
5.840016294099445449e-02
2.403534616911334049e-02
-4.217718456925859810e-02
3.520359260510037835e-03
-3.557373918102755411e-02
-1.881816746041351657e-02
9.278809690082083506e-02
-6.863578930977660975e-02
2.671831014636913415e-02
4.215075874787621579e-02
-6.601761810362100080e-02
6.998099569200597059e-03
-2.371997114385385880e-02
4.944221953874623765e-03
2.082292601637750207e-02
-2.766973375969494081e-02
-7.432133048519506957e-02
-3.150658385671094991e-02
3.028405764216525464e-02
5.947711690975814036e-02
-1.272848468906888873e-02
-3.734946973293694350e-02
1.400622021945616309e-02
5.174418683008004394e-03
-2.591736886932893141e-02
1.571472705049294094e-02
-2.742864484445609735e-03
-2.529508746406704950e-02
-2.314320944823923185e-02
3.925618173803886723e-03
5.052511012381620537e-02
-5.245613835289864024e-02
-2.406824816545801576e-03
2.708899872080856516e-02
-9.721965036807445060e-05
1.963817585194753412e-02
-5.718727380389046488e-03
-3.329314834949023000e-02
-2.730916761146941901e-02
3.103138496456525272e-03
-1.635368384756379079e-02
-2.604540665818477763e-02
-1.418074119866335157e-02
4.898668999236721264e-03
-5.115859755141276277e-02
-6.110894492883604118e-03
-3.272075248801349645e-02
-1.303778082136863165e-02
-5.500075705141599380e-02
2.767260328574440431e-02
4.594087144106394349e-02
-6.236145832710263126e-02
6.704608459203670323e-02
-5.100672077907380739e-03
3.063409554168848581e-02
-4.047532639586565867e-02
-1.510400268982157145e-02
3.448207607009518005e-02
-1.234406470299446654e-02
2.618325693116031402e-02
-1.605275141138202272e-02
6.848878547776245454e-03
-2.432908569620035807e-02
1.364414914805455945e-02
1.819678219381495529e-02
7.748395030863608479e-03
-1.062566615012614131e-02
3.818656853302087456e-02
1.057621820846466228e-02
4.405384435534495657e-03
1.274939570593172297e-02
1.871837496976808818e-02
2.670354993571273997e-02
1.992215900516156740e-02
-6.632793707273122730e-02
-2.734496077169860928e-02
7.652412332887210955e-02
6.837476279689152364e-03
3.983425722595709817e-02
-4.529426446400966477e-02
1.262602289678114997e-02
-5.074545378911068938e-03
2.510818191574399477e-02
-2.268594357120115590e-02
-3.097368011795856475e-03
2.913515214005446899e-02
3.883073877606330396e-03
-5.744306323906931029e-03
-3.566750754355205513e-04
2.295061049936495887e-02
-1.045271600022502217e-02
-3.533858965473684471e-03
1.324059896142382176e-02
3.067757058898543457e-02
-2.545410844433266748e-02
2.125806626498369725e-02
4.271539469052666044e-03
-3.067216099568719281e-02
4.051749512903679920e-03
-1.793633478835515369e-02
3.399867487006516704e-03
1.718235365760001354e-02
4.900241986217564877e-02
-1.826418661150517805e-03
-3.817564229608080145e-02
2.818384919749711282e-02
-1.713165330451968393e-02
3.634887225496605603e-03
-3.096735964331276056e-03
1.075859853856216651e-02
2.966710943961468894e-03
-7.100739423277320495e-02
3.150215228109441018e-02
1.684519169841197303e-02
-1.904390931348497532e-02
1.394451614538880224e-02
-7.811037231744781192e-03
1.134596238852684374e-02
1.389148662978753265e-02
-6.135054642509322684e-03
1.419440975185968720e-02
1.662755199552646071e-02
-4.409083953213076452e-03
1.861612149786700393e-02
4.057356513541946624e-03
-7.088200105657249672e-03
1.987349131317538153e-02
-3.293411294250569651e-04
3.005727412868606369e-02
3.069320573779342476e-02
2.508099422678627607e-02
-8.128592106826272243e-03
3.716482906030959404e-02
-4.559506176624963936e-02
5.228818105235417263e-02
-4.150933185434597245e-03
1.867305905170544081e-02
-4.877151307191193719e-02
5.636288197582282888e-02
-3.222253479305577095e-02
1.876640033150479836e-02
1.829574941756673123e-02
1.370511195935590273e-03
-1.637394314892589436e-02
1.735591040343761535e-02
2.690390283168578658e-02
-4.655139379074546557e-02
3.292803333199766785e-02
2.290459258288917929e-02
-3.186617080269830982e-02
4.216755985171381782e-02
-5.144315196429760650e-02
-2.765649878616683807e-02
4.597099047454676624e-02
-1.264622300893006659e-02
1.358695825020080072e-02
2.708520961331815913e-02
-4.597134453435505752e-02
3.100196978094547223e-02
-1.914972166765162298e-02
-1.191772194530205803e-02
2.675925902080148865e-03
5.275830834018765958e-02
2.305182638184884170e-02
5.439061496632795895e-03
-2.214341933376007265e-02
5.751219319077792956e-03
1.971435199331091070e-02
-2.912030495781878225e-02
5.315470204389376174e-02
-2.570558150131724631e-02
3.578644794134518137e-02
-9.569044373705436896e-03
-2.473604458319216687e-02
4.308032262069999563e-02
-3.637969504837031826e-02
2.235994615254750101e-02
4.187559303804708893e-02
-1.205987350114384911e-02
-3.897299292151145539e-02
1.332518303926126871e-02
-1.076901472786729978e-02
-8.451910758589298994e-03
1.981144855700098240e-02
-2.271218033473086997e-02
5.313715420080442758e-02
-2.334293649050190808e-02
7.003381697359935265e-02
-4.865207095397920678e-02
5.833223337219355792e-02
-2.040134768363592241e-02
-1.673976374979757945e-02
-6.061127230971755098e-02
-1.870291024625789500e-01
-3.022778400480319871e-01
-1.598978399190852939e-01
-2.061057319733843873e-01
-1.093165780092887202e-01
-2.711718207253167590e-01
-1.806008028230053353e-01
-1.783583127791086853e-01
-1.998145987565178583e-01
-2.479745882543311353e-01
-2.137016939302022744e-01
-3.438843868071669307e-01
-1.487010045448740325e-01
-7.140938112092695689e-03
-2.192516832725215081e-01
4.422408977710193950e-02
-2.495839894247757138e-02
-1.366309176290102928e-02
-6.104257668709260620e-02
1.026784967844382446e-02
-1.332467271578871050e-02
1.236185990428876474e-02
-9.690509611651288574e-03
-6.155260769173746122e-02
-2.308301049129838495e-02
3.337312059607681208e-02
-2.703431499747510278e-02
3.182729160850144429e-03
1.158387962630624823e-03
-7.196649390784379263e-02
-1.904173301817212172e-02
-3.924625316138889708e-02
1.467153538982493045e-02
-3.280240693558213877e-02
5.970117950670865425e-05
-2.214737022504109643e-02
4.320258442566915491e-02
9.081187868560422483e-03
-1.676729570690272189e-02
1.368132712513752888e-02
-5.614091664236252333e-02
-2.987621376451223693e-02
-2.757504753082593366e-02
1.859572848456725325e-02
1.929018065653841096e-02
2.379765804462951467e-02
-4.748231112612608801e-02
3.971735438298402976e-02
-6.342880529960406855e-02
-5.184084947056825238e-02
-4.348912791031966235e-02
6.534951818830174453e-02
5.749519203178590776e-02
-1.050941858852693228e-01
3.873177964097625214e-02
1.773542312674816768e-02
-4.652567674594165065e-02
4.226621498457742987e-02
2.871172306218297901e-02
-2.672922877473479786e-02
-3.567376379677995868e-02
2.812775285083765620e-02
-4.977609925472963048e-02
-1.321877524729848409e-02
-2.002927350020862474e-02
-2.767382986707707382e-04
-2.181286965985083232e-02
-5.575696021814689068e-02
7.760767152270120484e-02
-5.511421372290635501e-02
5.633686727675812217e-02
9.825987697449915098e-03
-9.285034207692456631e-02
1.529517860494211678e-02
-9.828913535851312860e-03
-1.878028232854730625e-02
-6.916678808716088256e-02
-3.133420222316081472e-02
4.119163895466518982e-02
7.251672960110742971e-02
-1.647283900066631168e-01
9.159935468012598420e-03
2.040356647870797055e-03
-1.137425370702318216e-02
1.762012283263589621e-02
-6.035395250669432082e-02
-7.128919071712691569e-02
-2.435169470242179793e-02
2.272831859780254787e-02
-1.650807042729278973e-01
8.678965757312549767e-03
-1.448290864782467713e-01
-5.130329657498725049e-02
-1.621602501489501913e-01
-1.309755751858830419e-01
-1.647495685880792926e-01
-1.060743091792186316e-01
-7.437993037231611926e-02
-1.069102051500794154e-01
-1.018654856358957306e-01
-9.435288947989781128e-02
-1.192469431448256317e-01
-9.168974942315483156e-02
-5.966128967351677637e-02
-1.023286142168556012e-01
-7.749413521385578596e-02
-1.226421521445404533e-01
-1.190586358885297250e-02
-7.080689025651816515e-02
-2.957356065005835311e-03
-3.806559399674290523e-02
-7.044677475531554989e-02
5.486219212174293230e-02
3.397516611219127125e-02
-1.389112150751571975e-02
4.541801447816579823e-02
-3.221944838326111504e-02
-2.489620264671898661e-02
2.562814307413186291e-02
4.465937138946998036e-02
2.693895161734368576e-02
2.339112795103255593e-02
-4.344155653188403257e-03
-2.180216897466269454e-02
2.516873015937297342e-02
-8.011004741918797620e-03
-6.953435655498961532e-03
2.685313525087225373e-03
2.131087365141545731e-02
-3.323669539201613496e-03
2.074755698769450984e-02
4.289906960361368482e-02
-1.684998419716613512e-04
3.287622064459530535e-02
-7.117408244778412885e-02
7.659287057074862237e-02
5.183086392890771943e-02
-1.685927042911834761e-02
-5.659911836489004040e-03
3.982570066650863855e-02
1.588942826585679896e-02
4.977247873715087007e-02
-6.877249259454597773e-03
5.363383024444465241e-02
1.889232776062772096e-02
3.525847335706680519e-02
8.089847539142666979e-03
3.447285650133628809e-02
-1.746187440235576205e-02
3.332828167946325082e-02
5.977758525169009352e-02
3.205747441502104778e-02
1.455204781865462871e-02
2.715409226358890191e-02
6.205861150842639090e-02
3.496050404024213243e-02
-2.011615868502080601e-02
2.545215122766441435e-02
3.742218669768240108e-02
4.746409289358756445e-02
2.135519041013541480e-02
3.165337295921302058e-02
6.126891978016633239e-02
5.070336702769037696e-02
4.040746610739411049e-02
-3.090451436143436259e-02
9.125693404110211265e-03
1.245581788818776216e-02
4.825162717783895716e-03
2.809983625561916429e-02
3.590478842230389322e-02
-3.011774768686498877e-02
7.652422667249818289e-02
-5.359287155280782755e-02
6.524752461969443584e-02
4.855541551830365454e-02
-2.535667369289635112e-02
4.091142173987684372e-02
4.572690242360449159e-02
3.067102355299729938e-02
5.005230874714391986e-02
-9.303660882347599553e-03
5.664180845201569753e-02
4.817180160502880504e-02
2.987623553938085347e-02
1.791342817820011646e-02
-3.936032403718122546e-02
-1.046935892976270759e-02
-3.069656245562062818e-02
-2.820469901488349695e-02
1.040858826990611607e-01
3.267078876701249440e-02
9.365911530947682723e-03
7.424641573628942837e-02
1.822111276615752395e-02
5.441099432509001466e-02
-2.812394827888307913e-02
3.662611916241872989e-02
-3.027015834467602917e-02
6.160313181024408558e-02
6.622777904166068930e-02
6.353115106665566461e-03
-5.709295835531430149e-03
2.622618606986933804e-02
-1.249373130087987754e-02
-1.061626410435853596e-02
-1.988599700640792875e-02
1.485028546022424123e-01
7.713111013041847042e-03
1.112516992015256667e-01
5.282138990819174040e-02
-3.988102586549936712e-02
-1.412419254155386494e-01
-1.046454595211979144e-03
-1.482011533273100146e-01
-1.945544702240788182e-02
-9.914075902596902745e-02
1.300490348639397886e-02
2.099470230858506425e-02
-7.521535389069976263e-02
-9.315971169819775577e-02
2.943506291803316133e-03
1.029602513278937009e-02
-5.973425553566975160e-02
-3.588571862682970320e-02
-5.282052707794179791e-02
-1.249790869583499581e-02
-4.607691832257296283e-02
-3.012393223296135070e-02
-1.125304527753417660e-01
5.622183654683817616e-02
-2.109015679446402808e-02
6.820757916989158426e-03
3.115251748029315704e-02
-3.204676386241779931e-03
-4.536313026412071292e-02
8.438070822487715728e-03
3.225439954689773153e-02
7.968243677135115888e-02
-5.834425539147404527e-04
1.590868733240316524e-02
2.209743013803220496e-02
1.143872131525815738e-01
1.090809513237489814e-01
8.738807873546612648e-02
-5.941775255858092880e-02
1.250091825870529028e-01
-3.675967615949119610e-02
-7.190856328882365422e-02
-7.725239618256707352e-02
-2.764229596785683363e-02
-5.838565978635590348e-02
-1.094845705773154765e-01
2.458426297871876831e-02
-1.501958158121239895e-01
-5.610074419546370178e-02
-4.225144491505096467e-02
5.227388287784614368e-02
-7.660061841309806496e-02
-7.823739940990967479e-02
-5.528292591918908955e-02
-1.822989665566836781e-01
5.635461994016502385e-03
-1.637043912200311646e-01
-5.187158872667352316e-02
-1.879769589589636303e-01
-5.319519933419369212e-02
-1.260205932412458360e-02
-7.596560713159911105e-02
-5.135393543241356662e-02
-1.925449650366830301e-01
-1.228759951311485243e-01
-2.015395125266088994e-01
-6.672343977665184944e-02
-2.132477648275403759e-01
-1.289735631172762853e-01
-1.288525651665902716e-01
-7.334650731625270981e-02
-2.311783155126028930e-02
2.019751518064968193e-02
-5.762465452456433379e-02
-4.021009762732583037e-02
-7.582125175753519353e-02
2.172130033283731221e-04
1.849552152613537573e-02
-3.538805170003181400e-02
3.306680363146569102e-02
-3.986041661863270330e-02
-5.386520428982421310e-03
2.241863321199592460e-02
-6.972295972381101214e-02
6.989091676001439601e-02
-2.477321843046811217e-02
9.679703346862439384e-03
1.219188447879878366e-02
1.033442746227907459e-02
1.760169977447520462e-02
-2.423240912453187776e-03
-6.989532316251101385e-04
2.343550301483429688e-02
-1.318440369110832067e-02
-1.382754966063767799e-02
4.520495260005184118e-02
-1.536069664202983909e-02
-2.418258248520221282e-02
-1.196783797174342905e-02
3.222975915969901461e-02
-4.529703110676292638e-02
-2.797383323286807902e-02
5.678779306931598658e-02
-1.036965853918454111e-02
-1.507506852496610754e-02
1.113372940518639852e-02
1.357384765802692635e-02
-5.521513899881641887e-03
2.065355518453500239e-03
-1.688181553638664484e-02
-2.165345370296847469e-02
1.983955123411258389e-02
-4.841400865454245639e-02
4.748451990821513091e-02
-9.155207561647964176e-02
2.233722369617565512e-02
9.724206932769353939e-03
-9.728513669778813405e-03
7.770844607218550804e-02
-3.340844398327307702e-02
-2.334523949417178362e-02
-9.059351083766774976e-04
2.021919875261936339e-02
-2.647089508735048918e-02
-7.733373666762294318e-02
6.049037472390562942e-02
-1.616082049486580047e-02
-1.917245750762560166e-02
2.015806739942561238e-02
-1.654004829176232427e-02
5.645114527029046481e-02
2.124541542573109981e-02
-2.933642783839686408e-02
-3.766003511868727671e-02
3.588406985136079197e-02
4.411323132508837563e-02
2.219676713181854832e-02
-4.751276469622715826e-02
4.319759694155629604e-02
2.601854036586816708e-03
2.881978565791894903e-02
-4.077345508343461350e-02
-1.136504939572774631e-04
-6.798402767603189609e-03
2.367061424517617405e-02
-1.900358922622561245e-02
3.211946036548281314e-02
2.594991635181008449e-02
-1.047244421854109583e-02
5.121621377096464284e-02
-3.330995103787655343e-02
-1.005538615244440208e-02
-6.772466284771834488e-02
1.092437742664736089e-01
-4.987968254214245750e-03
-2.761484506982219908e-02
2.795746192236474303e-02
7.252293950101724659e-03
-3.967019963163569314e-03
-3.771402953640406314e-02
4.738919940908124795e-02
-5.220783105234913513e-02
-5.424333487827793718e-03
3.980469046855163867e-02
-1.978884454584255853e-02
2.241682602895499199e-03
-5.391885048482463610e-02
-2.077739964973373404e-02
2.541403776522688229e-02
-2.887407319148724630e-02
4.076169304683592565e-02
2.793502430091125352e-02
-2.777685824208375037e-02
5.601335650283402467e-03
-1.246379764403415628e-02
-5.237774381960161318e-02
3.405482601675863252e-02
1.056758767826770570e-02
-3.475175149834819344e-02
-5.627719451952683388e-02
9.334367630674833549e-02
-3.339139118234678294e-02
-9.628481833430818648e-03
-8.871391413628143194e-03
-1.687699903809328911e-02
-2.165571700278835776e-02
2.697419026125373945e-03
-7.494414853290079677e-03
3.208926231322038053e-02
-4.818867924772492900e-02
2.035408238003956483e-02
1.548149565503935746e-02
-4.923352036273222904e-02
4.704908108096873126e-02
-4.155046184239354762e-02
-1.221664448572013992e-02
-2.944468838625703688e-02
5.450392303013330136e-02
-1.407985792854670945e-02
4.260465694940765435e-02
-4.474462537634512488e-02
4.606154355117634408e-03
4.242137617016512874e-02
-2.789127341889024309e-02
7.451953021276128131e-02
-4.801988347146660119e-02
1.159553512726925126e-02
-3.136988638890007147e-02
6.539162296430046928e-02
-1.005491003506308045e-01
1.097611315584079775e-02
7.747785554974399858e-02
-1.152067352435189596e-01
1.278845912556812042e-03
-6.252068520790762807e-02
1.042757444740497960e-02
-2.421501605929162609e-02
-1.462262563402668206e-02
-1.535523333414360106e-02
-2.764697656362768985e-02
-1.637835294808144895e-02
-2.887143823317132874e-02
-1.036026694397586406e-01
-5.141837322880615790e-02
-1.201915549042366360e-02
-6.459305706110012035e-02
-2.886340240899361656e-02
-5.250399927585169130e-02
4.691061748776118034e-02
-4.987668111202810811e-02
-1.087654357863455379e-01
1.880113983233027211e-02
-2.364620660646760825e-02
8.773701611202080336e-03
-3.507636402176372847e-02
-1.814633281287415453e-02
-7.149721727983754382e-02
-6.412750063805294776e-02
2.965661908496002377e-02
-3.085717320471388983e-02
-5.154289761245871293e-02
-6.633699188463021423e-02
-4.275678805846693659e-02
-3.409406281011512219e-02
-3.088458610813044070e-02
-4.303622273306242224e-03
2.102938566636099182e-02
-7.077174445636685851e-02
-6.745274885736275705e-02
1.968055988859016003e-02
-9.083739806220032798e-02
-1.589169565418340965e-02
-9.364263375879515461e-02
1.768884403839168784e-02
2.647411906307964649e-02
4.707361188386063877e-03
-8.274583392685844196e-02
-8.803150129495629361e-02
1.777047285260731357e-02
2.721864682325617069e-02
-3.493006164312157519e-03
-5.580376621936357362e-02
-2.925265411806753091e-02
-6.254433173037907134e-02
3.153239801185214741e-02
-5.214323059361958279e-02
9.242234382624420208e-03
6.695740948250283875e-02
3.319670122464919021e-02
6.478875123071975439e-02
7.361415342258030570e-03
8.015536044486729073e-02
1.531551364083501288e-02
1.926832239638777422e-03
3.460626767743976706e-02
4.727718563304471322e-03
-1.020478856008234098e-02
2.855181670898246718e-02
4.178061042260140107e-02
3.922771839254003690e-02
-9.870554598464035406e-03
5.708658496813664301e-02
-1.674403663863357344e-02
5.665426066630723650e-02
-1.104904359636580541e-02
1.477429837684289884e-02
2.855787525576188729e-02
2.586709374501397138e-02
2.507878736453525090e-02
2.923331971357400264e-02
5.110728499680185916e-02
6.833204436125378534e-02
1.175047770411094886e-02
7.608130099136097002e-02
3.549719318584023536e-02
7.396318648345515112e-02
7.014309586647674011e-02
8.408512272764258333e-02
5.672892057889616230e-02
4.793800434057196580e-02
3.055644766489831396e-02
1.235430035374830704e-01
2.705870857848138161e-02
3.012650823826431776e-02
6.496350687315531613e-02
1.146536667321485931e-01
6.457063929550493908e-02
1.129660784587749670e-02
8.128731253611734542e-02
8.872407904972798298e-02
4.531713424315599037e-02
1.629010737746816248e-02
8.548380558227308690e-02
3.757940796258762289e-02
3.437146969991628637e-02
3.762443233032877060e-02
3.143632059249450161e-02
8.878378207814882628e-02
3.708300041707265210e-02
3.693774668585381865e-02
2.409681007301955891e-02
7.677659339985093423e-02
8.154250920289410343e-02
4.010133315425944839e-02
5.160221364605752092e-02
4.475844911310281754e-02
7.793744133057903256e-02
5.972254943817527362e-02
3.826254476564229512e-02
4.767558327698528942e-02
5.764473579590512903e-02
3.798289217131760320e-03
-3.500697273630121870e-02
6.265473473486257716e-02
7.813745809098121553e-02
2.112520198401796750e-02
4.759288857733955103e-02
9.270702463392670178e-03
5.178413467576886697e-02
-2.981010221834380289e-02
7.161498654181919221e-02
-2.273794658806685409e-02
9.152934926868855348e-02
-2.817262027511975575e-02
2.613996360774196656e-02
5.823264791148903552e-02
3.394274764313150172e-02
5.362178992310041858e-02
3.296026261370020582e-02
-1.069730817999164918e-02
2.876950202002370727e-02
-1.913290413200600254e-02
2.412078046869895950e-02
8.384659765216070926e-02
1.638402995922559266e-02
6.311518860742659776e-02
3.576587996642353884e-02
7.506912912257490689e-02
-5.586165146923467023e-03
5.392363324386687667e-02
8.628852165761644044e-02
8.549482577555462398e-03
8.639346088021078451e-02
4.597048400718893590e-02
3.403930207860233342e-02
4.069562922121774257e-02
7.610460583210934549e-02
5.555878259427145943e-02
1.666054775085138578e-02
2.224496156658142820e-02
6.338324714096685297e-02
2.627329487873865041e-02
-1.410480640905873578e-02
6.387996782338571655e-02
-1.726630426268290636e-02
7.050079743311692126e-02
5.268934851934412023e-02
2.413837379348949402e-02
4.359797066056621262e-02
3.431671424719035662e-02
8.756306334734259567e-03
8.234561824858267765e-02
-3.456991404221053388e-02
6.257219039901767976e-02
-1.337344051347857596e-02
6.746345171079627667e-02
6.948352125201001650e-02
4.425251819746598564e-03
7.385485788376330851e-02
5.352307574035898574e-02
3.732791915936684024e-02
2.900376072193772831e-02
2.406284300684609356e-02
3.047748667968754391e-02
4.947252723211677250e-02
5.460308596468418235e-02
4.085678131807899544e-02
5.451291607135889949e-02
8.519845572607442213e-03
-5.414344665876323626e-02
-4.390137373563100277e-03
-2.718958746951444239e-02
2.650017713837176520e-02
-1.834377052030791667e-03
-4.307957355951875025e-03
-1.927664147473991813e-02
-6.452638134473366593e-03
-3.225844775396308900e-02
1.261975902194258092e-02
-1.001147939347511034e-02
3.998959626422793345e-02
-4.158031210320513316e-02
-5.002162014704480963e-02
1.427841265989057175e-02
1.142714340944257258e-02
2.821093517708077661e-02
-4.304703249997647585e-02
-3.018712107964085373e-03
6.888196110679942197e-02
2.663953242131222171e-02
3.418294471210785168e-02
-1.316362077144469372e-02
5.070921018464874530e-02
3.387701812085525122e-02
5.596004642617870284e-02
7.088546069873909172e-02
4.521281500993454272e-02
5.267885633056527267e-02
3.133759285989645704e-02
8.917695195896163662e-02
4.280940768821705350e-02
1.012968413095258202e-01
1.486353443280128556e-02
1.051067301384811109e-01
7.469241762708000998e-02
6.313195771835339309e-02
3.578586784270601506e-02
3.940110776748791122e-02
1.113047665449379137e-01
4.977178555608729321e-02
6.463957449048933490e-02
1.753930929372352759e-02
4.629828439358130154e-02
1.019350616539764151e-02
1.237779579246461314e-01
1.009190171769361044e-01
-3.722368501419100022e-03
2.248543675169245581e-03
-1.446666783785201804e-01
-2.391873182590745772e-01
-1.891164491535043402e-01
-1.406426592376755769e-01
-1.581140829500387035e-01
-1.898454308667422152e-01
-1.514516109526454768e-01
-2.230562952143052002e-01
-1.816346600154882529e-01
-2.829159378792280854e-01
-2.061024055679383515e-01
2.988353049935678699e-02
-1.094413783120721795e-01
-6.316701028582817623e-02
5.485729596669961655e-03
2.326065453658383159e-02
-5.907583419621464244e-02
-1.023605937231820973e-02
-1.317776422566274697e-02
1.580261046110898945e-02
-3.791769313057775925e-02
1.863224740589581457e-02
2.435798369246958833e-02
-4.442100303227931868e-02
-4.656442836851696666e-03
2.715052248621304537e-02
2.941209000172481658e-02
-2.872509630854068116e-02
7.483344428869664888e-03
-8.031571076188962627e-03
-3.206149372951730414e-02
7.159816813710105643e-03
-1.580052270936727413e-02
1.042550758769564961e-02
-3.419989126028151472e-03
-2.252744351384671460e-03
5.773385951702682609e-03
-2.787284253570351117e-02
1.208628776296520428e-02
-3.009267157012384536e-02
1.061392015483388768e-02
-2.471839248507989167e-02
8.558775507349632161e-03
2.235197734262678315e-02
-2.644095037262892550e-02
1.081254319762200815e-02
3.136053950744104729e-03
1.914379822183798902e-02
-8.785136434162971880e-03
1.194474229852703247e-02
-5.100592132211344276e-02
4.403726601596056126e-03
2.329459366258972153e-02
1.690301956494749680e-02
-3.100849232651028964e-02
4.583374015046368793e-02
-1.392242465970490277e-02
-3.193692502983433434e-02
7.195279145040013591e-04
1.171148890825026920e-03
-1.375163842797600192e-02
-3.274829417460291964e-02
1.316420503879259934e-02
1.254229552148433333e-02
-2.993160436803816993e-02
-1.468313105913731688e-02
2.084112313720933030e-02
-1.011346692905555275e-02
-3.071465188674334101e-02
5.406457728943148827e-03
2.131310623114330075e-02
-1.605507474977881099e-02
-1.841761471309261156e-02
6.696354920008328049e-03
-2.727438712006340082e-02
-1.645519172637088801e-02
6.972015954981494734e-03
-4.147346539222004913e-02
1.768471485037832400e-02
-9.557684845802322596e-03
-4.086889040973618048e-02
2.321280473194899108e-02
3.282583146352890946e-02
-1.237576614435817110e-02
3.166745293092449939e-03
8.390503147996095090e-03
4.251645912431407937e-02
-2.099205715177336617e-02
2.038911515892231907e-02
1.917135124657426068e-02
-4.837631447713208743e-02
6.056097769840688982e-02
4.203568617065715773e-02
4.740085429503023209e-03
-4.107181550738479847e-02
1.082676997556250055e-02
-4.367440324445499844e-02
-2.659874761043180304e-03
-1.098882712700267363e-02
8.697520726709592059e-03
1.835989558652444120e-02
-1.190997783978463287e-01
-3.080766102770157028e-02
1.202292664207943451e-01
-8.472844265875735525e-02
-4.173448386577872926e-02
-9.720094488994395626e-04
-2.471987197476040871e-02
-7.221538514035973078e-02
1.661387098220157982e-02
-2.911371608279137574e-02
4.190242492563731047e-02
1.086296678403546496e-02
-1.833488137300632106e-03
-3.054639416513534739e-02
-2.938620591854389230e-02
1.688432294487238541e-03
6.603788801788516849e-03
-1.788360987428435495e-02
-2.454701547394821243e-02
-4.468775024461468792e-02
7.327174020025513379e-02
-1.052584253386061250e-02
-4.010987652499919953e-02
-3.838624288853431307e-03
3.854770899648206350e-02
5.319641183055206363e-03
-3.312271458979457184e-02
-3.444209902426454556e-02
1.677086526001048822e-02
-2.604834897146470624e-02
-1.910696935703431326e-02
-2.930362531545169236e-02
1.299544977405359125e-02
-7.645277886962450337e-03
1.832701393403430440e-03
-6.398273890935940456e-02
-8.062484281617382509e-02
1.445708163911591515e-01
-9.336390725020254910e-02
2.060751282303368431e-02
5.443074062374688576e-02
1.162272056563436358e-02
-6.058234840989252211e-03
-9.919320399991255963e-03
3.414131448421899029e-02
-4.339204362289916100e-03
2.066524804513091701e-02
-5.006012855489469851e-03
1.764383539750194463e-02
-2.154278876265088016e-02
5.246629122564567052e-03
1.103782984770033601e-02
3.878567273337918397e-02
-1.307786896089227838e-02
9.853020580666123351e-03
1.661247523206174810e-03
1.795396457614431909e-02
-1.623528931702429220e-02
4.541427123848945646e-02
2.907463621681923363e-02
-1.875973476990935168e-02
-8.266233701461238315e-02
1.637320593698319282e-01
-1.903916191295529706e-02
1.532704931076780963e-02
-2.061346422037247522e-02
-8.642994851882624535e-03
6.771501716856743319e-03
3.003868130391074837e-02
-1.874550700500633715e-02
-1.354287404245300974e-02
5.027008113478686341e-02
-4.201138770267795822e-03
-8.206937781986792246e-03
2.252596922859262385e-02
1.534458487358003262e-02
-1.788717052185868558e-02
-2.277062614466102836e-04
-2.800140469399014023e-03
-2.297092117568440284e-02
7.351653746107777651e-03
1.566404259918599551e-02
-3.322230109592968356e-02
1.219623002703322349e-02
-4.412310649337164783e-03
-3.377637436965262585e-02
6.950067002540367966e-02
-1.647207697720042691e-02
-4.589716208237056699e-04
9.256040858322250181e-03
-1.023395239115837754e-02
-1.177603035925843880e-02
2.428177656339026297e-02
-8.573334805634233100e-04
5.103373007072986578e-02
-5.489393960832637809e-02
5.241646806852510998e-03
2.718906327151827604e-02
-5.458538149450291310e-02
4.368036253733832003e-02
-3.952556224763955489e-02
3.851246242941246123e-02
-2.833691945683600860e-02
4.064189042741818934e-03
2.132941369152607097e-02
1.770396617219627960e-02
1.960177328442216926e-02
-1.184984169939845219e-02
3.976491168579227020e-02
-4.706568581779842914e-02
2.986786666764789863e-02
1.946042674397167535e-02
2.047452518164654192e-02
2.835900785911520117e-02
1.863383154201928016e-02
2.175860573876170490e-02
2.433533364954233377e-02
-6.808052348197121684e-02
6.543655637519213419e-02
4.545230470082901354e-03
4.787139405469027775e-02
-4.694509640034991854e-02
6.734660516505805439e-02
-6.564879815371157945e-02
6.970043043744723887e-02
-1.068821386923342852e-02
-1.431970140835181135e-02
-2.515190064958358965e-02
7.185170945462854286e-02
-1.911700677831395731e-03
5.686284569659000310e-03
-6.604734793725616608e-03
8.316626650696431339e-03
5.698505574309216046e-03
-2.109313131233074221e-02
4.950274400358462695e-02
2.993426690066572360e-02
-9.745689169569200783e-03
7.328738469750644205e-03
2.509060253172025121e-02
1.865082361029696614e-02
-3.537708191079985687e-03
1.972967726168286043e-02
3.660634476075082938e-02
2.502040726321275860e-02
5.427750004436786985e-02
2.674531541449310865e-02
2.584672841039768743e-02
1.550735629656260078e-02
1.694817565219459282e-02
1.610965919766630533e-02
-4.564899974986445612e-03
-7.178691911521156363e-03
2.890142257409661353e-02
-1.145141125073634303e-03
2.023229184653457802e-02
-5.393469544042116259e-02
4.795260634837072988e-02
-4.147923266932550951e-02
-1.717630610812979908e-02
-9.753729747145712531e-03
-4.462265214081615611e-02
3.696467129746408564e-02
-6.224577211271467569e-02
-2.901952848569746071e-02
4.919328690533652376e-02
2.553745853524446580e-02
-6.398905825770552502e-02
-8.170151986140662681e-03
-8.283476337761784547e-02
-6.006853736334052951e-02
-6.367091046266892818e-02
-7.627545050057249476e-02
-1.084535483858495575e-01
-3.013607720005699875e-01
-1.133357401427276950e-01
-2.422521671837254698e-01
-1.927173350228351678e-01
-2.566905066564200144e-01
-1.191735385399912139e-01
-9.868790505097058130e-02
-2.297136062680938950e-01
-1.565000379321888624e-01
-1.816998802324942819e-01
-2.265286727264415045e-01
-2.288050725575860034e-01
-3.491497300874817356e-01
2.790554266408387107e-01
-2.455314264180246536e-02
-1.219620726864252547e-01
-3.277759645148276696e-02
2.967906985479616677e-02
4.320545866255069006e-02
-3.910514372544777323e-02
1.207087665625808728e-02
1.550819607120817317e-03
7.164758906225624294e-03
-4.058602943647106331e-04
-3.608767270356345175e-02
-3.345028555485381194e-02
6.989254003306311080e-02
-4.880635112074439841e-02
-4.512128668804082920e-02
1.998747573924987420e-02
-7.392176178526012852e-03
1.053381774821951500e-02
-5.411079179405346717e-02
-2.547871297867423598e-02
-2.958982251239177658e-03
-3.822355853089325767e-02
2.282207398877092452e-02
-6.098761081638149478e-02
2.540378504734557355e-03
4.033635057870552099e-02
-2.731363227391873233e-03
-7.438459478223141338e-03
-2.234139584405876386e-02
-1.896529461916759973e-02
-2.654989929553341205e-02
-4.632211992850993054e-03
4.302353426586545682e-02
-2.799366782353987504e-02
-5.554898902828698040e-03
-4.037553955215921614e-02
-7.237489281284278583e-03
3.355719661383112229e-02
1.722521717241223133e-02
-8.181925627167264958e-02
-5.812381628279311013e-02
-1.279414848646660829e-02
-9.366811187926055854e-03
1.952677326862569188e-02
2.582093787802475920e-02
-4.444707417381775494e-02
1.043597017796402127e-02
-2.873042230399454333e-02
-1.813404890782088080e-02
2.369222577565403831e-02
-3.697879556435258383e-03
-1.305331836503819710e-02
1.347179024064304800e-03
-1.035491361598601945e-02
2.138810668599248205e-02
-4.375084814185005444e-02
3.565467338749898907e-02
-8.984839970655633667e-02
-9.792087261992409031e-02
-1.290225735984748892e-02
-3.208082120881783350e-02
2.049174300879704619e-02
-1.854807229094064813e-01
7.181778315050707517e-02
-4.298401536063260753e-02
-4.943410443373378454e-03
3.426861386821061090e-03
-9.968629235407062972e-02
-8.136376311517924675e-02
-1.068194517124029796e-01
-1.161619157971869876e-01
-3.140721297784599964e-01
-3.522058384517180452e-01
-8.040563168967189422e-02
-1.906127245278212978e-01
-4.635056458841355087e-02
-9.994415652859245380e-02
-6.208303725902041686e-02
-7.750351718358981790e-02
1.421275830858797357e-02
-1.173518566936896934e-01
-8.625358153660164784e-02
-5.458835752325907203e-02
-7.831986318208750131e-02
-4.237048253811584453e-02
-4.724212273875288970e-03
-1.396069923120641515e-02
-2.310686757505788988e-02
-1.224388784808082276e-02
9.175306926477999614e-04
-5.055499425587398066e-02
9.007307158981769923e-02
2.942368884349010581e-03
-5.275862121505209279e-02
4.846498499833908069e-02
7.924203047267269415e-03
-5.118624418368487861e-03
4.693676252196414544e-02
-3.140125677688117550e-03
5.415952356156347389e-03
1.119309374507372612e-02
7.143328976886820572e-03
4.096431213831663518e-03
3.797879014754102639e-02
1.096153082944465937e-02
-2.328472760463174210e-02
1.738380342617811339e-02
-3.994387686208560745e-03
4.321180045225195276e-02
-1.736344237259455220e-02
-1.813376596870049443e-02
2.538617128154306915e-02
1.535401792822222410e-02
4.724143029921868894e-03
-3.027338491467008660e-02
1.321945248075392584e-02
6.814598906772763309e-02
4.293811443676910644e-02
2.114646833522539765e-02
3.016483517828750377e-02
3.056309460528303448e-02
2.267781115411224291e-02
2.486555705764155119e-02
8.830783160648023045e-02
3.941234187371962100e-02
3.600041251702962991e-02
3.478032231514422562e-02
-1.811592972962721565e-02
3.870293105952982149e-02
-1.129595650485183678e-03
6.225945254930691924e-02
3.570874649990670585e-02
5.422324358570541902e-02
1.764133607863106051e-02
-1.659205038482163691e-02
-6.093232492746971513e-02
5.908888175113702346e-02
7.910327281677493813e-03
-3.699081593663874207e-02
3.429046803480633853e-03
5.236689933419230725e-02
3.680824396440973006e-02
-4.419121512123550671e-02
3.682599381679121237e-02
3.422653859674641696e-04
2.596991783815039145e-02
6.794404887783448733e-03
-8.043194969443237530e-02
4.531609086526568186e-02
6.303676695279506088e-03
1.058440390501709169e-02
-5.319138763453740149e-02
5.695046731202438317e-02
7.293548619310132042e-02
6.458843061240253369e-02
6.687526362591460216e-02
-3.296900495488853250e-03
7.455575555890485429e-02
-6.447026778036571426e-02
6.641234924774190584e-02
1.768749146883940443e-02
4.428974093835647691e-02
7.879350865069749410e-02
7.970432601755569890e-02
-1.186892471883546074e-01
-8.439943832220769826e-03
-1.149962436036534169e-01
-2.989490954795650524e-01
-2.561854788650175796e-01
-2.539106786320663445e-01
-2.338487523458764317e-01
-1.715478880633471981e-01
-1.639477317211976426e-01
-1.567892093962982014e-01
-1.258575916162285036e-01
-1.588246277545433960e-01
-1.124542326352070132e-01
-7.679633994946234721e-03
-3.579741293053431000e-02
2.844676588690863914e-02
-2.328777473674683088e-02
5.830056965057781038e-02
-5.011218568754690489e-03
7.439402726913942054e-02
4.373337153190952342e-02
1.525308575543762868e-01
-3.694534738613684810e-02
1.138085451623121885e-01
9.219646352202470752e-02
9.222770701154348050e-02
6.154569120190785808e-02
3.630099319328434354e-02
8.808709143812501474e-03
9.190259789727264761e-02
-1.202475227029979089e-02
1.176313632106558288e-01
-4.392886004609985497e-03
-8.202716546648345167e-03
3.507295238961489342e-02
4.998587365681992495e-02
-3.145669497413786792e-02
1.779083492628763530e-02
8.826685666909903083e-03
-9.043910045750577428e-03
1.738313118459353449e-03
2.146430160592563072e-02
-2.213936473841150027e-02
-2.164448557919506494e-02
3.251031748221599321e-02
-3.356079182858248688e-02
-1.796052106670435050e-02
-8.147004150474111694e-04
-2.780502361275557013e-02
1.394447119190884640e-02
-4.693345551062153183e-03
2.460183058053074315e-02
-2.613746417334038286e-02
3.588772065742297512e-02
3.716113849931532154e-02
-3.258691706815826372e-02
2.835513904937418672e-02
2.453280269786193082e-02
-7.957002175414117084e-02
4.689945193591828210e-02
-6.846196605188871465e-02
7.376191003858133255e-02
-5.114854168285437597e-02
1.509314711941724986e-02
3.022391842574863319e-03
-1.728753257115559633e-02
1.536325760978500543e-03
5.440300968912303858e-02
-5.547085621916402615e-02
3.139350800527056923e-03
-2.726304847676278703e-03
-5.549400141463151429e-03
3.369562068932539789e-02
-4.629785763029622969e-02
1.057498980637297525e-02
4.302848885271499946e-03
-8.762104734677578916e-03
5.032274645068097324e-02
-6.360256200974655216e-03
-1.593493576065520972e-02
-2.984384478532772431e-02
2.044003971306035741e-02
8.383183566771854056e-04
6.626057164239527661e-03
-3.006222721316124252e-02
-1.346652188969392483e-03
1.932487564373041103e-02
-4.589040304129284042e-02
-6.891000870893378670e-03
-6.020481466261003167e-02
2.076827675232656434e-02
4.461144584238771471e-02
-4.718820345726516124e-02
1.935279689781583667e-03
3.735115081635789758e-02
3.041063305200743250e-02
1.131231887807274475e-02
1.552251390069047943e-01
-4.520325185950323232e-02
1.177080707200642284e-01
8.971758981003749578e-02
2.316216519885446190e-01
8.592378812395184973e-02
1.376265979983513355e-01
1.815551958809740740e-01
1.229559524148451100e-01
-5.100193883739653766e-03
5.717308485813230035e-02
5.138783699962717888e-02
8.940085444774691081e-02
6.846124931764188681e-03
3.138957787710960901e-02
2.690619915072730781e-02
4.233676555228077509e-02
2.814321053632466707e-02
6.591479918634963152e-03
4.975596818866098725e-02
1.285217452445302708e-02
2.541228536116308008e-03
-2.011761097745275347e-03
1.156846547791774565e-01
-2.867168916487188371e-02
-8.237687606734886772e-03
3.576715298924149078e-02
2.518376763749610378e-02
-7.491313872808098850e-02
5.649102720457904736e-02
-1.031873650721214508e-01
-2.953675514997978757e-01
-1.233609183162939493e-01
-1.196289194224481600e-01
-3.073566850077255608e-01
-1.860639655321556230e-01
-1.852381526527182298e-01
-1.923519137678358637e-01
-1.409266355693490069e-01
-2.323232291993327092e-01
-2.294254177719266541e-01
-1.128187164583281665e-01
-1.473729357223917125e-01
-2.470391406062231454e-01
-1.077620865983533877e-01
-1.792934614168549823e-01
-5.155377012523469638e-02
-1.537365564326263478e-01
-2.524603974140733273e-02
-8.653054110894640993e-02
7.033741431678953993e-02
-2.812281693684286904e-03
4.732413363102339066e-02
5.013736394807576102e-02
5.547382344615896244e-02
8.623810238127713190e-02
5.692932913875750622e-02
6.679630841389455620e-02
1.385070402528290889e-01
5.795733568314484496e-02
9.668050391074983763e-02
8.581289039739403712e-02
9.955480316922102335e-02
2.865484342517969907e-01
2.160811756025568242e-01
1.456370239300710800e-01
2.519742587508564391e-01
3.294280346293155803e-01
1.718557680819496614e-01
1.833004501729651181e-01
2.634694159378854206e-01
1.697047811386486194e-01
2.188589875324983558e-01
1.461550581168126195e-01
2.131985749050776535e-01
1.298135021061795104e-02
1.083459471921121992e-01
4.994649629834346793e-02
-4.867538042621667727e-03
6.489815073161811151e-03
-4.131902159015946041e-03
3.229704485543657272e-03
2.987686804295109494e-02
1.405093550983976466e-02
-8.144391280322182958e-03
3.811519635897028108e-02
-6.512337589467259713e-04
-1.050361428245684403e-02
1.130137687739556432e-02
4.435882052305582107e-04
1.109334217261026892e-02
-4.413186076233541547e-03
-2.394022899160774473e-03
-4.745821015734547239e-03
1.386128100407348421e-02
6.614063730448004053e-02
-4.131888898788090014e-02
4.724250500307146383e-02
-3.514971623710369530e-02
2.515939359253519317e-02
-2.092880820738987624e-02
3.942445931358340427e-02
-3.243806838042322116e-02
-9.331070303419952694e-05
-2.361852320137389910e-03
8.261601890323440334e-02
-8.674186019618623095e-03
-1.595552276127247884e-03
-2.405042378539894166e-02
6.189780307309331736e-02
-1.304267026844529304e-02
-3.289092484271029238e-02
2.812805372892693279e-02
2.260726575965347346e-02
1.735212317429486034e-02
5.393585197782805457e-02
-1.424552306869207238e-02
1.928201304020168289e-02
8.266518709189238368e-02
-5.358785095955519856e-02
1.139866093780714067e-02
1.543655939401822504e-02
-2.525375352631061693e-02
2.985828555805040280e-02
-1.934808680014848264e-02
1.446611092293093731e-03
8.411928718002443031e-03
9.678462955209474541e-03
-8.983127943650904418e-03
-1.946196489320223266e-02
6.519608189167182266e-02
-3.380139338140897287e-02
-2.109557018713390658e-02
-2.757867825840327330e-03
2.300549568230200737e-02
5.556609050631662605e-03
1.075902093289718420e-02
6.230617884468566889e-03
-7.152101482044563585e-02
9.107659061891885954e-02
-4.274532743824991515e-02
-1.304425462200259865e-02
-1.155041080621682995e-02
9.552321933344520843e-02
-6.999959785743462004e-02
3.458336295791838294e-02
-6.254152358265736844e-02
5.476334362499056183e-03
3.692768420147052311e-02
-2.268986283036660695e-02
3.156386968356603845e-02
-2.413451095974600974e-02
1.274493070810452794e-03
2.658153632739441302e-02
-1.461149407141802518e-02
-1.078498143835778487e-02
9.706711661830819127e-03
1.261314506478269058e-02
-2.661966949186702139e-02
8.854336184717802663e-03
-3.204207587489280463e-03
6.949296791315798250e-03
-4.182945892939637228e-02
5.474558194717963483e-02
1.119792807142862105e-02
-9.662999226938716324e-03
3.947094297875923530e-03
-4.589809504806343504e-02
8.028598373578460512e-02
-1.181736105989873026e-02
-1.441046664404339005e-02
-4.444179969356364113e-02
5.832117436708678104e-02
5.959517981861273822e-03
-1.774246845157429614e-02
-2.099440299721249403e-01
-1.846037846922117254e-01
-1.356946890408377571e-01
-1.517989056460317121e-01
-2.405501880810773374e-01
-2.603633010320750563e-01
-1.662978811894839093e-01
-2.393798189133366228e-01
-2.925975656975922101e-01
-1.503296799930833316e-01
-2.136328815017691507e-01
-5.093465615299222482e-02
-1.415142536042238719e-01
-3.398929777870977886e-02
8.361095472006400964e-02
2.089047172143737585e-02
8.799133110136497793e-02
8.241078943559923542e-02
1.813879642547817916e-03
3.046464121201470157e-02
1.806985869790272634e-02
9.052802316043807862e-02
2.268162435511139954e-02
3.314857456629245747e-03
8.777885183634717703e-03
5.187862793765024572e-02
-1.982074049314795638e-03
-2.445176314302584253e-03
2.743013273356607537e-02
4.180071080640988812e-02
4.648852007246908474e-02
5.414790652484766098e-02
-1.500090070206415785e-02
4.237710043964881823e-02
3.434191781645164893e-03
6.131295975774038454e-02
1.707734660206742042e-02
8.808261296445971111e-02
1.822021699476588166e-02
6.667688006431418679e-02
4.956716389679527435e-02
8.234067149451736178e-02
-6.262619373655763100e-03
2.955478517753923340e-02
3.464716250007724568e-02
3.024996449388751840e-02
1.908050181917442939e-02
3.510494077813122726e-02
1.980156286109282029e-02
4.289146617399194894e-03
2.586169855912846469e-02
2.875739431515175054e-02
-1.802501595035888721e-02
2.093252564434941107e-02
3.509677178804272019e-02
-5.245223645015732045e-02
-3.505129688967808209e-03
5.184879817368448843e-03
-3.313485605444282944e-02
1.791424309281861374e-02
-7.434135815891500243e-02
-1.928426827492911791e-02
1.776472209719472117e-02
-4.034024701021530351e-02
1.929848443971234756e-02
-3.130662809124916575e-03
-1.396996294568000029e-02
-1.870936482500607997e-02
6.741963808830649107e-02
-1.167631512308790927e-02
4.445869805552583182e-02
2.921064793561504308e-02
1.277906650642836317e-02
3.071396384399327148e-02
6.551391025575710458e-02
-2.043843898209733723e-02
-2.928976166362620009e-02
4.828653825981759490e-02
3.411561045616664373e-02
5.872020001848846094e-02
3.890314906203419520e-02
5.940664869303863282e-02
5.776877481055366081e-02
7.525423867937383604e-02
4.141750993416973281e-03
4.966703828299129375e-02
9.176540112838962870e-02
4.468365476617106036e-02
5.626563383654934608e-02
7.018698622798832942e-02
9.719412088864046173e-02
-3.733166433150712782e-03
8.919459697452024327e-02
4.423112309482836457e-02
5.102691728730928550e-02
9.874072252260768234e-02
6.719215793684688021e-04
4.985187808645646923e-02
1.698333537687602909e-02
1.435928178660076382e-01
-1.706458846209703284e-02
5.246053279835415084e-02
-3.534400713681575684e-02
-7.714704188291371389e-03
-5.813726250158562231e-02
-1.265114171825367506e-01
-1.067295709762089706e-01
-1.797523226813820263e-01
-2.064101766845471975e-01
-2.853408365137106717e-01
-2.658872944423243956e-01
-2.859704585001063837e-01
-2.651850883530241232e-01
-1.725248563716740291e-01
-8.015964924328854158e-02
-5.396384353382214366e-02
-4.437904842474548611e-02
-3.926494499626201340e-02
8.929067805092061327e-03
3.523520828678871654e-03
8.365998328698854083e-04
-4.937031545357622314e-02
4.703751748801697496e-02
-1.670450325010054346e-02
-4.862739836483763803e-03
-9.891832798720821829e-03
3.851117076728654068e-03
-1.374966190820599635e-02
3.543371345341152223e-02
-1.933441871257690972e-02
-9.092901662200700980e-03
2.061289820020601599e-02
-3.261442225853581484e-02
3.909059902021563837e-02
8.048041369724725363e-03
2.013489024742613070e-02
-2.951053799919912957e-02
2.223926380891549925e-02
-1.731441732080824664e-02
1.645799489681524022e-02
-4.470749089547346872e-02
-1.594479522033093524e-02
3.693314725580493924e-02
1.997178664985662516e-03
-2.351590640585239644e-02
6.628944158693302752e-03
-1.097461625082418041e-02
-7.437930177072117101e-03
-1.238748044682545443e-02
4.550192697987777424e-02
-3.336576045794615447e-03
1.100193235054241180e-02
-6.408651796957260185e-03
-5.727760890699913274e-03
8.877152252237081181e-03
4.236258799417834571e-03
-9.213472473153195771e-04
3.697204346659036661e-02
-1.109326659153440399e-02
9.009500519575988284e-03
-1.704406598496516212e-02
-6.369572273638977357e-03
1.493741237046306534e-02
1.036730969066675806e-02
-3.244934054296887138e-02
-4.015331352230894213e-02
-2.802776160493314697e-03
4.050277594102558165e-02
-2.685098269073402100e-02
-1.303198128835275464e-02
-3.110818561460756970e-02
5.340766427476075634e-03
-3.120882853779840399e-02
3.394808200931828668e-02
-1.543080639552010976e-02
-1.192809018344469056e-02
1.615866771218093384e-03
-5.182043701643594680e-02
1.358380875918132821e-02
-1.505703954767382939e-02
-4.249494304867200423e-03
-5.348016934845676446e-02
1.566657257582930105e-02
