1.098249832580817209e+00
1.194063511252864557e-01
6.066619170293217067e-01
5.159138014413068296e-01
4.982772478393751592e-01
3.149246981969656134e-01
7.815984479104048921e-02
-5.773620453562694488e-01
-5.874290452673673890e-01
-5.308043063965830477e-01
-5.654042120909794633e-01
-6.091719115135529883e-01
-6.634856687097904215e-01
-6.770090194556320773e-01
-6.238458735779408570e-01
-7.242453014109551113e-01
-7.137242924481302930e-01
-2.933802046719350964e-01
1.531081544675019224e-01
1.810691677883077277e-01
1.347721065229534887e-01
2.436371948210470928e-01
2.065067708974933913e-01
6.325827108736814530e-02
1.359125298377724944e-01
1.074907630459449731e-01
1.031488584109968056e-02
-6.648104486781059204e-03
6.875216218184442485e-04
-3.529483009042735930e-02
-1.881682776331441431e-01
-4.629774143559650113e-01
-5.413771459990300849e-01
-5.507959902643237982e-01
-4.203858728124990618e-01
-3.722656676883344118e-01
-3.078599022019228859e-01
-1.698642734284669664e-01
-2.498752920438610525e-01
-4.167769160955464014e-01
-1.834096214414279169e-01
-1.902888535234640854e-01
-3.519277966569654414e-01
-6.206766115198469880e-01
-9.561581638130957350e-02
-1.031913311357388618e+00
-1.236227196021694397e+00
-8.366054086617484842e-01
-9.569887963550472998e-01
-1.080659914037210401e+00
-8.555078672677123297e-01
-1.158556241089153449e+00
-1.109078427334474259e+00
-1.090606915893732820e+00
-1.212801247243702418e+00
-1.316797042861460820e+00
-1.374279304652020528e+00
-1.381449061636008446e+00
-1.370033678378109965e+00
-1.019145211915401417e+00
-9.661264179515784978e-01
-7.197645232097507062e-01
-8.150858165631333918e-01
-8.565104530380825976e-01
-9.490548318673106554e-01
-7.799443174926271594e-01
-8.729977898917701262e-01
-7.723272643058286535e-01
-5.894420962556781163e-01
-8.793255706155468643e-02
1.458501990235256188e-02
7.564912727353756416e-02
1.207662677521937067e-01
7.451401921089151337e-02
1.047878042628603706e-01
1.279295553609737512e-01
1.177211492908677160e-01
1.854947492666778608e-01
1.556438989348578605e-01
1.477684026656137795e-01
1.412863053471364316e-01
1.091337329638124298e-01
9.685139263617398298e-02
5.108366421284854519e-02
6.566799250322342962e-02
1.278377507905251176e-01
7.996515797972676698e-02
7.999491666592492556e-02
1.569167453665112899e-01
1.945824373766635029e-01
5.964024553336743500e-02
-4.485849506937284598e-02
1.210989096012122651e-01
-8.507657012312794809e-01
-2.307468849861964710e-01
-2.376831824510046987e-01
8.761280896525847073e-02
-7.260442747826111043e-02
4.232995801600388658e-02
-1.179786930611564748e-02
-2.126330028482367393e-02
8.624990308127099270e-02
-1.024550303203917989e-01
-5.455158152744944700e-02
4.531330686073350295e-02
-5.827743807995903330e-02
-9.238246537078881673e-03
-2.129386585251165018e-02
-3.053212486941865242e-02
-2.120737411742523171e-01
-6.291193344936310550e-02
3.840772617702722241e-02
-5.154135851187412465e-01
1.538583870863739489e-01
8.005670662020457351e-02
-6.987933048548161663e-02
9.162756710749460354e-02
8.511423280597607555e-02
5.367382984389052619e-02
1.103306286136295361e-01
6.475951967352597261e-02
5.873163110511705337e-02
-7.844753159754455640e-03
1.479954444638056088e-01
1.468293179710397633e-01
2.980658154516716007e-01
3.934334012987604212e-01
3.538606502609307203e-01
3.101087971102641783e-01
3.014939689342719387e-01
2.993900250255953077e-01
1.429577025288414627e-01
-4.849590430799496921e-02
1.646756985318440503e-01
-5.315769428661308409e-03
-4.952211823756548226e-01
2.012041242433291743e-01
4.298113182908332441e-01
4.297267570640412870e-01
6.313348685775749258e-01
8.847202113843944948e-01
1.004188921886321140e+00
9.850573945338940707e-01
1.033216681301204032e+00
9.949871440659944222e-01
9.881106208325541873e-01
9.881637691551841129e-01
8.286292050715459157e-01
5.933804269229864259e-01
7.199114340907452059e-01
1.061051657740132992e+00
1.235506454327535142e+00
1.284182529920748106e+00
1.231622376473620273e+00
1.267962873899073806e+00
1.244183358715176713e+00
1.186059976010452433e+00
3.344318136511148509e-01
-1.084910050551103761e-01
-3.032420940667304721e-01
-2.227448229697694959e-01
1.188238613520211512e-01
6.192084271038496811e-03
-3.161137167726331132e-01
-2.041789223628491870e-02
1.995894784480680140e-01
4.379041668907021623e-01
5.942917113360106640e-01
8.412218015325836351e-01
8.264416516683812386e-01
7.502235522001932111e-01
8.615695285507194434e-01
8.919852455844297090e-01
8.708190167382445779e-01
7.197194254926029267e-01
9.166457544273131589e-04
2.979729256215429833e-02
6.715690945306922177e-02
3.435730881329934761e-01
3.424192658829661173e-01
3.756491500895546287e-01
1.716636874797896894e-01
3.552588998081018801e-02
-8.022956029986269902e-03
5.041875615724543749e-03
1.253682427127677246e-01
1.485134173249197109e-01
1.705160542818219549e-01
2.699811762217609878e-01
2.021415507715732807e-01
5.433949401520632438e-01
8.136004238826297641e-01
1.285724742763015571e-01
5.582941478137227742e-01
4.253713648256030599e-01
4.877172343151244815e-01
4.240111831027448264e-01
4.985090909108909063e-01
4.027122695218690041e-01
4.183119058676069701e-01
5.141394670785383036e-01
7.401919847864204538e-01
8.908612542569992465e-01
1.044577370372191227e+00
1.037387298389898405e+00
1.018513789390287805e+00
1.096922479092266034e+00
8.112525138021644544e-01
9.718064721992913935e-01
7.131000033913086344e-01
3.280154682317661941e-01
6.969816033163569458e-01
6.383193185993656371e-01
9.818130407157110717e-01
9.081034715240298150e-01
9.809927971455193463e-01
9.610703575130133958e-01
1.013146660391105902e+00
1.084141407531884704e+00
9.274098418264840049e-01
9.357994494309556099e-01
9.269617530991483001e-01
9.224952577676588383e-01
8.424199138307184587e-01
8.949030483378235257e-01
6.345506428304341640e-01
1.314080527609818860e+00
6.991840088876855042e-01
6.745086397951781665e-01
9.324611051289908303e-01
6.875763595279378304e-01
9.712902189942991260e-01
7.294851723305527669e-01
8.437668506231975618e-01
8.594955717501429060e-01
8.365688852162206368e-01
9.349469432777827160e-01
9.371375783422850603e-01
9.138706579910994554e-01
8.200886379922139868e-01
8.547603742253354620e-01
8.192497123344282262e-01
5.894653363726936046e-01
1.173002272857999406e+00
8.505459519653706391e-01
4.210356819226284686e-01
9.766199959344703529e-01
5.915899884833156763e-01
3.989003636792457508e-01
2.087316774320912560e-01
2.131813782105191346e-01
2.660838956741767847e-01
3.816877713765827185e-01
4.150872984901898266e-01
7.373690167192653577e-01
1.211848767849516229e+00
1.137357618701495543e+00
7.750104605877446984e-01
6.141552420532890855e-01
5.190011714822302391e-01
5.019069493409132887e-01
5.633191969046799086e-01
6.437349849326534645e-01
7.236455134164803127e-01
8.911632678078216241e-01
9.227723866458977797e-01
1.101920547189151778e+00
1.168645355693351373e+00
1.410128245098129396e+00
1.153065634220546309e+00
1.416298836752182710e+00
1.014006674498996841e+00
1.108972878604588930e+00
1.075833049765528848e+00
9.095140318738391683e-01
8.045544478243482622e-01
4.529976827201867007e-01
3.809101582581133627e-01
5.390786895092440911e-01
4.077672894470754095e-01
4.684962069040886634e-01
2.864677769562412046e-01
-7.417705217585848221e-01
-1.442521103441420260e+00
-8.292904635050550866e+00
-1.686732872897500002e+01
-2.656372240717239563e+01
-3.298472982607238180e+01
-4.061684284473101059e+01
-2.388813724421644480e+01
-2.594206680089532924e+01
-2.892463247870929877e+01
-3.023771678546712138e+01
-3.069157515721753882e+01
-3.166595427893163617e+01
-3.171255329169988713e+01
-2.911187243373121447e+01
-2.405845625026788781e+01
-1.755878768447963267e+01
-2.071250723533276528e+01
-9.128153674352141422e+00
-4.106375375085505652e+00
-5.999746636793029664e-01
2.934578178328704490e-01
1.685058251312228361e-01
2.491988074338999104e-01
2.521386084855698276e-02
-4.050922232539756473e-01
-2.723621993930172014e-01
-3.906829524950953814e-01
-3.313094309489513778e-01
-2.308966581873478086e-01
-1.694555557904991461e-01
5.713970975894796522e-01
4.353946860703952204e-01
4.658645427918622350e-01
4.124237725310376801e-01
3.557878670977856483e-01
3.319331328663184255e-01
7.037261006138025021e-02
-1.065947766163830579e-01
-4.123975095547177117e-01
-2.267234751497613776e-01
-2.783077221256113898e-01
-1.744626724355292924e-01
-1.203638673269852299e-01
-1.201348303207004642e-01
-1.994406284069968199e-02
1.082093457702505562e-01
4.708932434246554388e-01
3.553350594957654374e-01
-8.780133805281731263e-02
-9.513858651130202571e-02
-1.529091743373861834e-01
-1.357143261419719305e-01
5.948945840828699927e-01
4.710744817004877683e-01
-2.764543021101975584e-01
-8.135886440910089501e-01
-3.477798081832697008e-01
-5.844143623845748925e-01
-2.600036263686056337e-01
-1.261108643285520359e-01
6.672415979580911816e-02
-3.072420544914550647e-02
1.586676685249355789e-01
1.267912457249736335e-01
3.042506234008583443e-01
2.182636389891641493e-01
3.975373326235257521e-01
7.484912232413447608e-01
2.507817506723329370e-01
-1.111148081278109157e+00
-1.075753448000776880e+00
-7.665518884764863650e-01
7.452715522510096335e-02
1.222241788804527135e-01
1.034112323863428107e-01
4.780861845772558794e-01
-8.899288835170340306e-01
-4.194326493150818957e-01
-6.806912653552871229e-01
-6.793973874958032511e-01
-1.002278181790460687e+00
-5.357589861596132152e+00
-4.457066190856656895e+00
-1.645347921367987709e+01
-2.144116699828708761e+01
-2.421737164230119177e+01
-2.722697684567281229e+01
-2.033006858649163462e+01
-2.883381970863501209e+01
-2.945975774465330943e+01
-2.589543264515003429e+01
-1.184429483145538242e+01
-1.184127413740353418e+01
-1.191577563208794110e+01
-1.142233917027797041e+01
-9.991120364969020784e+00
-9.367609011274877773e+00
-8.155896569540368901e+00
-5.853031543174251894e+00
-4.920698421435128367e+00
-3.502104115969509213e+00
-1.887619478521255223e+00
-5.012207976595758341e-01
-8.893740555444243356e-02
8.799809540598113600e-01
1.164009319134649445e+00
1.185251706783123860e+00
1.181788799014473312e+00
9.139047548700859336e-01
6.834091764724254947e-01
7.115250108694655129e-01
7.301390442992635732e-01
3.946212503572110175e-01
9.708820714287780262e-02
1.203848583658062160e-01
2.086892281141475847e-01
-6.995146330494683706e-02
-2.255945405106978829e-01
-2.148599544798290850e-01
-1.424547286839949467e-01
-1.859934709892317461e-01
-2.142342860737108667e-01
-1.508958670486273967e-01
2.622145291922406973e-01
5.087129429176232565e-01
5.233123970818294168e-01
6.597129787365557663e-01
1.445535823020368316e+00
2.017344344449955695e+00
2.134823465198384618e+00
2.109128300669674161e+00
2.519253032659147351e+00
2.579329359063585514e+00
2.733037647546634918e+00
2.658082055988129078e+00
2.617204094634434597e+00
2.808627756796332697e+00
2.860912717244755044e+00
2.617071038857430754e+00
2.362137192281172027e+00
2.079671908275356973e+00
1.979835601448899363e+00
1.912354433937434095e+00
2.026880280031112314e+00
1.953132611711479116e+00
2.375817839759876815e+00
2.477195769492192667e+00
2.556241300548423467e+00
2.610113073482387414e+00
2.755410028277715195e+00
2.673059502405559229e+00
2.775790804574010284e+00
2.770134761749130980e+00
2.722031536399700080e+00
2.711176584038992754e+00
2.761860990375823111e+00
2.828818123584725619e+00
2.783361991266632973e+00
2.710632777125520310e+00
2.546187475777019316e+00
2.447636664416210195e+00
2.431488712770994987e+00
2.529126587592832376e+00
2.424830796601710858e+00
2.234344401534717584e+00
1.210672729469535636e+00
1.038572139199791966e+00
8.546431592728847004e-01
7.314364110096581717e-01
6.907508730797453644e-01
9.410668407672921898e-01
3.520200000094799719e-01
1.605607279510298524e-01
2.603120173279386051e+00
8.297209937910119848e+00
1.143205555309589272e+01
9.640967685659825648e+00
6.609730129756419714e+00
5.011082074206472114e+00
1.359192143989912838e+00
8.480290328066830696e-01
8.186849398616865559e-01
4.125130584425765190e-01
4.854410565939278055e-02
2.517478811802681959e-01
1.839060459948321236e-01
2.196100990791164942e-01
3.427752472986282384e-01
2.653069795510070716e-01
1.673515604567967496e-01
2.815765761884411744e-01
4.431499397002207630e-01
2.918418948994790374e-01
4.795429030892237598e-01
6.336957216141103633e-01
1.907158929008603065e+00
2.405413887264096662e+00
2.416238273855179752e+00
2.428344746029107881e+00
2.390753052699446268e+00
2.723327682781645276e+00
2.745190746942050453e+00
3.120725718108467550e+00
3.126566960307344711e+00
3.135428947155205037e+00
8.461800919563404744e-01
-3.779975356516508622e+00
2.864803700162494415e+00
2.664702526129700821e+00
2.319592151386495882e+00
2.227741876539509835e+00
1.946232023671797817e+00
1.916992089968213575e+00
2.005969392748832458e+00
2.120094872534220354e+00
2.189915385140990711e+00
2.546636917688598345e+00
2.541645987413933216e+00
2.719937025648567097e+00
2.959579287770190081e+00
3.140309538280052770e+00
3.470487826039337254e+00
3.915492500667264952e+00
4.279875403318831317e+00
4.806103901307690940e+00
5.695430876372413742e+00
5.867381448533793176e+00
5.724964143416992002e+00
5.653101228450715610e+00
5.322794041405267684e+00
5.489227111884960486e+00
5.220318544700937480e+00
4.587907836418644969e+00
3.926365243747696798e+00
3.099170601028679251e+00
2.440936923692576865e+00
2.040258522766450255e+00
1.556953071838504510e+00
9.270207255647763267e-01
1.397899327206068909e+00
7.444363388889178035e-01
7.417683335104909848e-01
4.867273400988854637e-01
-1.666464082530528135e+00
-1.816433965099699677e+00
-1.734893247942418615e+00
-1.789170865223528972e+00
-2.804888629134858924e+00
-3.362382702054694583e+00
-3.469955754719423968e+00
-3.254579407259698076e+00
-4.333445291447207137e-01
-8.170897686718889275e-02
-1.936913912990636255e-01
-6.735100266151358706e-02
-1.926997259781030314e+00
-2.818569305573790817e+00
-3.896718298809973113e+00
-4.338534605055680338e+00
-5.569767805773370384e+00
-6.008176574105265288e+00
-6.481005077115347568e+00
-6.868331541001542639e+00
-7.930002836575593683e+00
-8.868977354257776113e+00
-1.026055951292201129e+01
-1.141481381585331789e+01
-1.125388418536622126e+01
-7.738961371240402620e-01
-9.281447415662727352e+00
-9.480487220822070071e+00
-9.261430577961508703e+00
-9.187552232441138500e+00
-1.888255321216348648e+01
-1.922899117999986274e+01
-1.918960771052330472e+01
-1.982926015743951709e+01
-2.307373825649165155e+01
-2.386508209935993818e+01
-2.394178497806012729e+01
-2.315638382495000158e+01
-1.631742982706479594e+01
-9.143188476094096018e+00
-5.418246141037271535e+00
-1.933861590275984144e+00
-8.076751427755117785e-01
4.698719114191021728e-02
3.254536169248873900e-01
2.743437471581520737e-01
3.362194291109832922e-01
2.871710384922946391e-01
2.651684495719957568e-01
2.042033049969521896e-01
3.002285307830552738e-02
5.569194461681259423e-02
8.021442487671992527e-02
4.427823711139931562e-01
3.701308757395764815e-01
2.278081162246662073e-01
1.595120832312349468e-01
-4.583706830395471027e-02
-1.033618011545384269e-01
-4.787637532197459023e-01
-9.980953112618552447e-01
-9.415035900882129383e-01
-6.522868286419011286e-01
-6.193019076112445953e-01
-2.567112206963576559e-01
-1.907035694008202831e-01
-7.472615245496105896e-02
9.203281781303390262e-04
5.019565781546693473e-02
8.824622475126496501e-02
6.486877907031828039e-02
-4.607446712758583168e-02
-6.326115797793725737e-02
3.238716204550651789e-01
1.030485522937049536e+00
7.230977126650273146e-01
7.210208345370756611e-01
4.157391880513107707e-01
2.956466165341311014e-01
5.042027852573152669e-02
-2.912918184610328587e-01
-3.969461598754236986e-01
-2.887729309582747761e-01
-2.598972610377823789e-01
-3.130709844634017025e-01
-2.862571334886238050e-01
-2.722811949658885955e-01
-2.518849165769442844e-01
-1.659387424742128914e-01
-2.450121369055478504e-01
-3.878136496207440498e-01
-6.913006663553846742e-01
-6.461775015283347523e-01
-5.714778379342411174e-01
-5.893955365923613243e-01
-2.207776584593416358e-01
3.191238192917267291e-01
7.950138761778120511e-01
1.052594768818071236e+00
9.924658317527293994e-01
9.747665162323400079e-01
9.025391754505796005e-01
9.616549099767446318e-01
8.516469667239249253e-01
6.197195926225413931e-01
6.967315226893566749e-02
-7.952780701127902530e-02
-6.096439360618557263e-02
-1.173437457196066791e-01
2.501249617165834938e+00
1.005640641015847869e+01
2.026143231038943782e+01
2.707776127667893107e+01
3.265281813853742676e+01
3.540000268769325231e+01
3.794080784917082383e+01
3.838213931325194750e+01
3.587047812117182843e+01
3.216071894323222580e+01
3.064524869948779084e+01
2.198858752589731935e+01
1.321285396464772788e+01
7.137977093608155243e+00
4.862016227143405978e+00
1.717312501684769455e+00
3.338294853851864197e-01
-1.947248987409681220e+00
-2.814448142578647172e+00
-2.440042971218154388e+00
-7.898860328540717735e-01
1.410020090000016213e-01
7.000785753606544315e-01
6.526641556802723620e-01
7.152094489714126979e-01
6.932969673163696944e-01
6.704749132767253705e-01
6.786402460047983309e-01
7.331425022500273059e-01
6.582837363089688587e-01
4.511220661314519487e-01
1.084735700664855584e-01
-4.588940238305393333e-03
-5.939418838600512424e-02
-2.506732917414079553e-01
-1.749843369638454937e-01
-3.830254921871528717e-01
-3.263982852738384066e-01
-2.986625721226609520e-01
-3.652022211259209339e-01
-3.750877609115486622e-01
-3.251045465867498652e-01
-3.618413166358471766e-01
-2.193637427433139109e-01
2.294581606414740071e-01
3.345340510033471548e-01
2.847268269920721351e-01
3.943712352575126090e-01
8.494280504359351669e-01
1.171054903011395254e+00
2.055850749899493568e+00
1.971467098380167871e+00
1.991790887425227030e+00
2.112868262843416556e+00
1.953581684403506546e+00
1.546639694158601586e+00
9.812844416967196892e-01
7.239185952118795120e-01
-1.730719929120704825e-01
-6.374970895685158068e-01
-7.506886951713306333e-01
-6.635553048988289682e-01
-6.353383115618017607e-01
-7.127869619145942304e-01
-7.095632904883768521e-01
-7.070323401862816937e-01
-7.090927368918924500e-01
-4.670780220981018416e-01
-2.537083580486106382e-01
-2.374377233157670686e-01
-2.174990815903192765e-01
-3.421813657377011375e-01
7.815443923128552461e-02
1.652449054332519596e-01
1.737262521822833805e-01
1.755580082096756533e-01
1.762442131118897026e-01
3.039010476228322100e-01
5.367491693571275757e-01
7.631798378340758360e-01
6.637176172600717239e-01
4.760214215153163453e-01
4.657129414257077937e-01
4.180481278768412023e-01
5.113422257458036801e-01
3.898761146558754054e-01
5.888428233353893981e-01
4.641733353060709111e-01
4.224651018242729372e-01
-2.716376160570546094e-01
-1.043628304688515973e+00
-1.009404759090219317e+00
-2.143137973415103037e+00
-4.235499658133129230e+00
-1.385711992840293760e+01
-2.818309368817994098e+01
-3.911362141903245515e+01
-3.392409724973101959e+01
-3.635519452387519834e+01
-3.861086673826211069e+01
-2.873527229871624655e+01
-2.612771329383876662e+01
-1.964692900803911968e+01
-9.565509849557741973e+00
-4.762014642523216601e+00
-3.484536436128207182e+00
-2.053219106887048007e+00
-9.723751687486611450e-01
-3.547223028031915026e-01
-1.870055194914632679e-01
2.173952281028635955e-03
1.095945726333241166e-01
4.950616907889374141e-02
6.972740556457390770e-02
1.442397241186524348e-02
4.347975304248836645e-03
8.226519753042081662e-02
-2.217686160235140744e-02
7.965434794851473932e-02
5.262319197502378365e-02
2.684664984381865960e-01
2.617958011035803612e-01
2.293944685495809266e-01
4.433445218443998748e-01
1.214695864985536056e-01
3.846304176823249765e-01
3.465041251162478408e-01
3.783175490052655410e-01
4.692710605893601339e-01
1.874180252814113823e-01
2.299601834765553077e-01
-5.892136154287055949e-02
-1.471223772819507392e-01
-5.363087624158704436e-01
-5.532708316690393424e-01
-5.487117613530729798e-01
-6.590330439773768312e-01
-5.321396144420040830e-01
-6.209454831021403720e-01
-5.908884880802326434e-01
-7.475670897076096555e-01
-5.782711623682911251e-01
-6.827750467560339542e-01
-4.870672172864746186e-01
-6.675750211865943973e-01
-6.175275571287663912e-01
-6.597924590435551018e-01
-7.250719588208717203e-01
-4.941856894272501632e-01
-6.058151261853100822e-01
-6.634286292124453865e-01
-1.730624832419026315e+00
-3.732506130872975003e+00
-5.272257311176384853e+00
-6.214560098102640318e+00
-6.399539857830758294e+00
-6.467734869777556739e+00
-6.589378507878857150e+00
-6.632917943075028688e+00
-6.251181612198056570e+00
-4.424927038379345312e+00
-3.784071421413116365e+00
-3.259640416059280899e+00
-2.185283833757413419e+00
-1.449140274744934676e+00
-1.073773516383816018e+00
-1.122199736311134455e+00
-9.643486130886054220e-01
-2.567440517995973059e-01
-1.914174466837605115e-01
4.722558321934382242e-02
4.837117694617526498e-02
1.251641549127474884e-01
2.363415717131211180e-01
-5.982763214929406881e-02
-1.214980950119158853e-01
-9.421684656788670287e-02
-1.441918658067199710e-01
-7.553867465420555094e-01
-1.861825896533727320e+00
-2.458097548783358288e+00
-3.741017762614935904e+00
-4.027083044641939225e+00
-5.411637534257077498e+00
-6.887999321862728230e+00
-7.533679944153431229e+00
-8.603692330331647042e+00
-8.307559510858411045e+00
-8.392477840987046633e+00
-8.202779358189113523e+00
-7.777966287359463493e+00
-6.655209870215071710e+00
-5.780120347079394705e+00
-5.202369341203455733e+00
-5.038306778985068846e+00
-6.201571423003330530e+00
-7.599167177789746042e+00
-8.060383283819911426e+00
-8.226807204352237335e+00
-8.170631553588327378e+00
-8.380744327239073144e+00
-8.310895333460166512e+00
-7.796749906008501263e+00
-7.216146937081991730e+00
-6.182870302848554545e+00
-5.992774528528010514e+00
-6.183693906553558328e+00
-5.978472251196512488e+00
-6.474617449648796708e+00
-6.169372594615225580e+00
-6.658472151903964686e+00
-6.443891219304745732e+00
-6.702357981119123842e+00
-6.588392651623043328e+00
-4.075083901702814870e+00
4.952389556403335447e-01
-5.915471725693771887e+00
-4.297100211655067170e+00
-4.126529092568310908e+00
-3.587779934458272368e+00
-3.583490107599592633e+00
-3.563239972307775894e+00
-3.820240584738995526e+00
-3.949138252671172022e+00
-4.704873354416050368e+00
-4.826468154842686431e+00
-5.354436712703382284e+00
-5.907675348817905459e+00
-6.791342929851031052e+00
-6.920026223052705205e+00
-7.226311119934820226e+00
-7.063935402879937264e+00
-7.130609463506344170e+00
-7.087401715556104875e+00
-6.951594199571093924e+00
-7.025546512977885349e+00
-6.817970591275667402e+00
-6.584070688455781806e+00
-5.527868832814264444e+00
-3.986029723873795838e+00
-3.287385919112871147e+00
-2.675281477247975825e+00
-2.600137807515102040e+00
-2.548862182667344101e+00
-2.366736694162917765e+00
-2.323267845301983936e+00
-2.324713682876098364e+00
-2.291005506321063034e+00
-2.917554060724120824e+00
-4.676702325028151641e+00
-5.509360086402493195e+00
-6.277951775331574780e+00
-7.705907429221747762e+00
-9.279989170236490281e+00
-1.120764137378239944e+01
-1.126197282239411379e+01
-1.200007868173632453e+01
-1.145020714488093638e+01
-1.038440333112480651e+01
-1.003317065313585310e+01
-8.370377988006184822e+00
-4.838009992629636713e+00
-3.885452676078510414e+00
-3.337929710011196871e+00
-3.185998336028833755e+00
-3.057401791338210106e+00
-2.595331434844031282e+00
-2.513408041813641525e+00
-2.358446662104727753e+00
-2.423277539670445790e+00
-2.602569412771791768e+00
-2.645370262566292485e+00
-3.036272837722032492e+00
-3.227429438590002420e+00
-3.423973245021524558e+00
-3.292678779910894971e+00
-4.214046274504697820e+00
-4.645902332772322119e+00
-4.870766011530871076e+00
-4.500573099982745795e+00
-4.529795092372281395e+00
-1.235243613863007006e+01
-1.775426402712805896e+01
-2.248108718270643180e+01
-2.556359049539816652e+01
-2.550972041036088456e+01
-1.161927000321864156e+01
-1.621096251799159660e+01
-6.672548354802701809e+00
-5.789963926147433604e+00
-3.762218629752888344e+00
-2.244653515146171507e+00
-1.803839788247457721e+00
-1.728663259380548656e+00
-1.498765915005654925e+00
-7.615424519240123757e-01
-1.830007307026845498e-01
7.496319601611791672e-01
1.116853772300900882e+00
1.344566319004130373e+00
1.214205071428499982e+00
4.041122152838276804e+00
2.659980239343064490e+00
8.476192122271855922e+00
1.656722091188546031e+01
2.347199750069097846e+01
3.353344188169103290e+01
4.096760872949558774e+01
2.282467135383032542e+01
2.222301261981809617e+01
2.334986040363506277e+01
2.262792512477209073e+01
2.194759417140496538e+01
1.782809053214584694e+01
2.670787011759495755e+01
2.377710630270485836e+01
1.103355292122282449e+01
1.945490042486526150e+01
6.642373829822021847e+00
5.498176033136288332e+00
4.808323207124562515e+00
3.567229955972114563e+00
2.280848221343365623e+00
1.067777171851927331e+00
2.956551799464747776e-01
2.890109365658029006e-01
-2.085689829660309497e-02
-9.000272987896884569e-01
-9.217816117796744368e-01
-8.275805879621066508e-01
-7.375167264577197068e-01
-6.657913295017581223e-01
-5.553356956886837947e-01
2.344655345187234008e-01
5.752699771733751355e-01
8.986393257095171005e-01
2.072282281451038433e+00
2.162932943801940677e+00
2.698797842242838030e+00
2.084319851231369647e+00
2.814388691113422158e+00
7.846852746336600681e+00
3.453335965448828659e+01
3.768763984994438943e+01
3.744532730192282344e+01
2.354452713935087615e+01
2.412066835745068971e+01
2.382697374295697301e+01
2.313592814117669150e+01
2.157324607869298916e+01
2.054073601744392619e+01
3.452083593503486014e+01
2.133858761773648993e+01
1.187939879530569698e+01
4.131008702708807157e+00
-6.088141305111354207e-01
-2.039807144746257794e+00
-1.544472354686439841e+00
-2.046704113635383848e+00
-2.954856123592460637e+00
-3.578953402263842953e+00
-4.250684408898157685e+00
-4.593327017594829087e+00
-4.982590476047255024e+00
-5.448766794583903561e+00
-6.028812312225785064e+00
-6.042583468572864547e+00
-6.009989619734942501e+00
-5.675585318891790187e+00
-4.931486495166149453e+00
-4.525850654895918979e+00
-4.545834679904464437e+00
-4.482993703238262739e+00
-4.662782260234746623e+00
-5.053344513639301816e+00
-5.356045203321673220e+00
-6.011839397999303003e+00
-5.907757730896586068e+00
-6.010232125800131442e+00
-6.104324016822037180e+00
-5.481128251215714897e+00
-5.567443306547538384e+00
-5.717438677645300338e+00
-6.033043240227636161e+00
-5.696394282243192997e+00
-4.501256084702057514e+00
-4.778991616670539955e+00
-5.301104484062715727e+00
-5.961710947809581107e+00
-5.847443935770763268e+00
-5.912988380231366747e+00
-5.924650809026029030e+00
-6.050930955356882635e+00
-5.731769390741275672e+00
-5.494492389935940579e+00
-5.274381127127430346e+00
-4.918748725633939500e+00
-4.801115880463314944e+00
-4.734330299837241185e+00
-2.496443164363131295e+00
5.156942017149955815e-01
-6.346267935831761520e+00
-6.968584621255395462e+00
-7.377006148374514183e+00
-7.299244150375205464e+00
-7.059649747084840499e+00
-7.306276047405253493e+00
-6.287106861020087756e+00
-6.331521583284627219e+00
-6.826773749559621685e+00
-6.873213075429621455e+00
-6.909521839047422453e+00
-7.109017364476498457e+00
-6.611253319526208649e+00
-5.433273062520346031e+00
-4.565976939119393840e+00
-4.388320805834346139e+00
-3.880385025228782592e+00
-1.345410342571031093e+00
-2.153698889772464042e-01
-6.914809971468004468e-01
-6.196275120306976580e-01
-7.640249085385023564e-01
-7.034233943431634772e-01
-7.948343268708191189e-01
-8.069181840210698509e-01
-8.038836594422996695e-01
-9.094961857503848224e-01
-8.400063779490724025e-01
7.701069612371631845e-02
6.891930325008805980e-01
6.103738340177119470e-01
5.423174998124599133e-01
4.401048034611135806e-01
3.509513571069856619e-01
-1.581974603964934195e-02
-2.349573843922704020e-01
-1.980525948426391236e-01
-4.018249418281735763e-01
-5.503375879685078464e-01
-1.120561586780775443e+00
-8.230236266393026190e-01
-8.823630734626846106e-01
-6.781534406137139648e-01
-4.246769028475463337e-01
-3.068775699639628707e-01
-1.090921170391450506e-01
2.291810381391202122e-04
1.402608113259133649e-01
3.185707259928893809e-02
3.346054296548028190e-02
-1.388857563243122706e-01
-1.519499973880752142e-01
-3.621053031245319298e-02
1.173425987462152487e-01
3.428598934327428682e-01
3.339205886446237614e-01
3.696724949098321167e-01
2.903750787544894796e-01
2.791458770803562084e-01
2.580618910421383361e-01
2.578336577822800679e-01
2.142893409263021687e-01
2.099362975065714731e-01
2.204800617452699063e-01
1.466816806590368061e-01
1.191807129388104541e-01
6.302692594702247186e-02
-8.846729559880488203e-02
-3.025323535245661444e-01
-6.692278153366938431e-01
-1.627215005767446987e-01
-6.827391202311161589e-01
-2.855620945521518683e-01
-2.367462906183510629e-01
-1.945765582006608596e-01
-5.637941701946891371e-02
-1.127583004751224888e-01
-8.525639791426212200e-02
-2.642505839753065966e-01
-1.498873601194150862e-01
-2.573763002921705678e-01
-2.372099127774857652e-01
-8.205039812406911270e-02
5.440918520017713478e-01
8.083347200409499722e-01
7.737222453719327930e-01
8.213980135101296431e-01
5.809908322421383220e-01
3.962724059453213710e-01
7.850033120951019905e-01
6.761523788714807193e-02
7.974176385202769168e-01
2.876690657509312077e-01
-9.333534237357899999e-01
-4.723870088647170729e-01
-9.997437584577016922e-01
-5.376746346399429166e-01
-3.433190934660153015e-01
-2.042033772191206575e-01
-2.014525338800749465e-01
-2.482057106631198606e-01
-2.594352486804505364e-01
-2.603521177321774238e-01
-1.840346138361189654e-01
1.349895006167107780e-01
2.521014641256957289e-01
3.254399682632198032e-01
2.963340574441509778e-01
2.408724093166761115e-01
2.184134597916390919e-01
1.828894042504194684e-01
-6.760934860982206751e-02
-3.758669080965103271e-02
4.407250672047927642e-01
-3.928252458780567835e-01
-4.171193942766712043e-02
-5.225424868909690074e-02
-3.116863549029600527e-02
-1.643257772882114887e-01
-2.009947534189548135e-01
-2.362882083551960111e-01
-4.347604551004146667e-01
-9.307161047155452227e-01
-1.085207781775658242e+00
-1.983996026291298120e+00
-2.365121947133974611e+00
-3.655373771056014132e+00
-4.809326314369286592e+00
-5.304791149835745401e+00
-5.420157791988678753e+00
-5.748279533720924483e+00
-5.898735382630594160e+00
-6.158976721437920965e+00
-6.666940331750859983e+00
-6.839215029553368019e+00
-6.965741834157213930e+00
-7.356023962140516126e+00
-7.701455923752600796e+00
-7.576793162762244904e+00
-7.290134842710338070e+00
-5.811840822400723638e+00
-4.967541355447882445e+00
-4.791904611640944722e+00
-3.717561545075713347e+00
-3.575932000050040305e+00
-2.986031172228863717e+00
-1.798093968082613792e+00
-1.320633147936705720e+00
-1.152885859681977987e+00
-5.787216192746204024e-01
2.433748955231860300e-01
8.228810320533164191e-01
1.506448327399951381e+00
1.867742391505739841e+00
2.202421699518364751e+00
2.179292166951669163e+00
2.388643067654775631e+00
2.536626422162997496e+00
2.798361956338744960e+00
3.044293679525602148e+00
3.601897919943690241e+00
4.404911857297683753e+00
4.886857383544587208e+00
5.000190342305167235e+00
5.502199387935657882e+00
5.742157871651060397e+00
6.064931464855292553e+00
5.816802075295584018e+00
5.502939681327132071e+00
5.942572215568652894e+00
6.186702394979151975e+00
5.699400093609028772e+00
4.594589786681954280e+00
2.879400405263282003e+00
1.995610991743107743e+00
8.094026938474437882e-01
6.072640926275874040e-01
-1.439550365256409226e+00
-7.168408567054874503e+00
-1.291419455079090639e+01
-1.615847447734685716e+01
-1.777343520525312925e+01
-3.150661272065484297e+01
-2.486244402419039190e+01
-3.057242823097717022e+01
-3.539565623566664954e+01
-3.868995914540644065e+01
-3.933575234975128865e+01
-3.618360878755945009e+01
-2.042012417977938910e+01
-1.104192688943946088e+01
-3.043236514476463928e+00
-2.912170884102912805e+00
-2.285424761463284327e+00
-8.532766657563133350e-01
6.073509830845805896e-02
4.141502515511958360e-01
4.395834722437992337e-01
3.802204403613735906e-01
1.783057656636257426e-01
1.136749884780171166e-01
1.129881303451378410e-01
1.650119760375626798e-01
1.420937679959659583e-01
9.946564983062698706e-02
1.159666271888327854e-01
-3.158143853163003500e-01
-5.440831356942777974e-01
-4.888542509554641424e-01
-5.076540754139520217e-01
-5.060594670054573418e-01
-4.056801697031751086e-01
9.855541662654893065e-02
1.764831048987701434e-01
2.424889249707130046e-01
2.218610505538408384e-01
2.534848873794194879e-01
2.482121375561515964e-01
2.262093473417704503e-01
1.746398719233497876e-01
4.492046316731199834e-02
-1.709730207889211540e-01
-2.353765083320974172e-01
-2.115404516102070975e-01
-1.861035719743765193e-01
-6.078231301869542191e-01
-8.439247096242291635e-01
-8.006436677439040528e-01
-8.424189054711556102e-01
-5.348273854180789488e-01
-2.152731880397247000e-01
-1.985366774988849836e-01
1.536021522592624644e-01
2.427838037218791600e-01
2.455219949179777150e-01
2.945804970773575615e-01
1.600066864279326428e-01
2.950188336698449931e-01
2.448149390571130180e-01
7.678864762389059351e-02
4.011715037606504441e-02
-6.613270787527096850e-01
-9.885094798895180945e-01
-3.869985933347417917e-01
-2.891112205144708569e-01
-1.046262479734483275e+00
-6.480610003550719700e-01
-1.117174332733877007e+00
-1.647171826517806359e+00
-1.456991163721155225e+00
-1.709397615327005626e+00
-1.519278963662072712e+00
-1.476061073572229043e+00
-1.596819483702656584e+00
-1.611765811444773711e+00
-1.634197619603611651e+00
-1.682092098572875338e+00
-1.681066676592440468e+00
-1.554113942024897499e+00
-8.388248113435508024e-01
-2.892993294070084209e-01
-5.036922147432296715e-01
-5.715187758469543189e-01
-4.304964306729378021e-01
-2.579477976104079251e-01
-2.475432632542797773e-01
-1.616105929439896616e-01
-8.553811263690629108e-02
-9.495792865655222278e-03
-2.842689485423310208e-02
8.300888497017928913e-02
-2.332240760668708758e-03
4.625232538042220454e-02
4.343696757876969183e-01
5.599248662058904369e-01
5.396817468784220750e-01
4.388508913342155093e-01
4.338770034570169076e-01
8.286466156325958399e-02
-3.842161238479939733e-01
-4.309201773679106617e-01
-6.101226470222880227e-01
-5.430387493017885259e-01
-6.495934399691539740e-01
-6.081875127139264592e-01
-5.026763280899483322e-01
-3.074896991170192329e-01
3.292379632307882442e-01
-3.130640252722608485e-01
-2.096382409869259056e-01
-4.560276977154587713e-02
7.337931400298135232e-02
3.452479679601654916e-01
2.452276248982293017e-01
2.972498926213749670e-01
1.854947370228955394e-01
-5.273454828889399121e-02
-6.751555107581695692e-02
-4.417767072417558283e-02
1.711368928337204248e-02
-2.197529482634590081e-02
2.103602082109706090e-02
1.526607612703791139e-02
2.332711456406547004e-03
6.287691134574647789e-01
1.953534330498385430e-01
-1.800874333547150541e-01
3.137254698516783735e-01
5.892887414837800347e-02
1.370762274214631649e-01
2.415160922738166793e-01
1.941278764155587033e-01
1.490420098941042382e-01
-5.892902656378289777e-02
-1.989597766333890128e-01
-2.172390175378918764e-01
-1.504645857471647863e-01
-1.384694513035477359e-01
-1.900376124439706049e-01
-1.562948855669674120e-01
-2.649742976201017175e-01
-1.769070832334860288e-01
-1.984589344046579773e-01
-1.952179147053774433e-01
2.835733111391068872e-01
1.073997893838639417e+00
6.942145839735732737e-01
5.543179773816019756e-02
6.646164334640837223e-01
6.234828656744006992e-01
8.339913320142131603e-01
9.046837507599375661e-01
9.674389933031948274e-01
1.029679918452340193e+00
1.031730659940808703e+00
1.032182708220525491e+00
1.061206850893994025e+00
1.086039882883093499e+00
1.062840743860947734e+00
1.117832041085525363e+00
1.117636525711273254e+00
1.122072477121612399e+00
1.125146713565451151e+00
1.069691586984110820e+00
1.163285283562363270e+00
1.126941934397071465e+00
1.539805290514821179e+00
1.332527168189575617e+00
6.198407130883315519e-01
3.508226860211896003e-01
-2.462660856123619069e-01
-6.397762925406172974e-01
-6.827355945848393448e-01
1.378398708759661639e-01
1.050381437215897329e-01
1.481543683491607089e-01
8.736941424664687594e-02
2.946809589153851494e-01
1.222320943628689427e-01
1.962932281938580548e-01
6.945372131550808792e-01
7.089280150037198247e-01
7.084072653410270481e-01
6.196396043881403637e-01
6.565060737478140007e-01
6.624348032871583136e-01
6.165644187468449777e-01
6.834687799694713073e-01
7.049909214444830541e-01
7.414180307977449313e-01
5.147466903184972908e-01
1.127582646212143686e-01
1.120705130583696252e-01
-7.104676088034442456e-03
-7.173430048128416614e-02
-6.371287047409364412e-02
3.891528402981222490e-01
6.845719267751880777e-01
3.504246284203119677e-01
9.900941038272875749e-02
3.105485409576342337e-01
2.947383412024616178e-01
2.807605787365443639e-01
3.754220767793834401e-01
3.756590238416545047e-01
3.435792400705279803e-01
5.122836194169151369e-01
7.401559094076455292e-01
8.706457399519348384e-01
8.177627409887060494e-01
8.185245901825541903e-01
1.014924676872210219e+00
1.078603731320617598e+00
8.163775359102707352e-01
1.254515662006127519e+00
8.213068227412085864e-01
6.036298971750582165e-01
7.772609701743538047e-01
7.439110184396008352e-01
8.248977773423102899e-01
6.702483042494319365e-01
8.112395178244050653e-01
7.103128696857872182e-01
8.394687628881497554e-01
9.084499626039904685e-01
1.333450408077481386e+00
1.446475733878558323e+00
1.523600911322117613e+00
1.373879416071084103e+00
1.358844927250929091e+00
1.175571953853759233e+00
1.795095776370419172e+00
1.255593178999462545e+00
1.110286709776481695e+00
8.272415247870170685e-01
9.853721003340479845e-01
7.783675371289257017e-01
9.118269755954604427e-01
8.569188218257207668e-01
8.451675363696657950e-01
8.395749842062741886e-01
7.301895190887758291e-01
5.734148988477850706e-01
5.545807300728274880e-01
7.032694674757098419e-01
3.893782231229023227e-01
8.312679460039691381e-01
7.020219268795921952e-01
3.939063418920970006e-01
8.141239988071367062e-01
6.622632245464636913e-01
7.996987900223954115e-01
1.024691595475350825e+00
8.734950376983365850e-01
1.018920748685719690e+00
8.904954846488786213e-01
8.093555915420476143e-01
7.526661174972384405e-01
5.362452934068220323e-01
3.060824224424626983e-01
3.265412173456155864e-01
2.851045912448440522e-01
2.914943549402785883e-01
2.880923165825968191e-01
3.297833905428064205e-01
4.407368362409442297e-01
9.528087181879311141e-01
9.466522705097096813e-01
7.481301839398608600e-01
8.493970824508485506e-01
5.612430922699961355e-01
4.743103516226935268e-01
2.500248518301456113e-01
4.216773854280326805e-01
9.290947745002240410e-01
8.524175317953707198e-01
1.168641653707389150e+00
1.346088098689728785e+00
1.379718980701808428e+00
1.468708108956760183e+00
1.215354559338833740e+00
9.854591587816379228e-01
6.474271706286809369e-01
5.618427854735784654e-01
4.888827303393676882e-01
2.702394334530122122e-01
-4.446527442467754776e-01
-4.537265580129917986e+00
-1.464183870975406343e+01
-2.969204234834769451e+01
-4.124257154493376021e+01
-2.452396339362844202e+01
-2.681688764124986335e+01
-2.751917328191984069e+01
-3.024187516656650843e+01
-3.078720617355948619e+01
-3.102809930451355669e+01
-3.146012959366220585e+01
-3.143048369867572589e+01
-2.825652427271858258e+01
-2.130679089217316502e+01
-3.005874856546718377e+01
-1.200707573102354608e+01
-1.327081838662671487e+01
-4.733209583473267479e+00
-6.946051020822321398e-01
-5.868922952909847446e-01
-3.514695219434850193e-01
-4.581007585222025003e-01
-4.313055327305760356e-01
-9.630295059658115775e-02
2.224136904559147546e-02
2.820442487751943783e-02
-4.219210632555479845e-02
2.467241639977536816e-01
6.580790335277569847e-02
2.077390461683440159e-01
1.682959162598832437e-01
1.288530612565936539e-01
1.320603948058463595e-01
1.215157257733349289e-01
2.359167832888174055e-01
4.571407854208676125e-01
4.117309532437771757e-01
4.630906767506463156e-02
-6.420671248821394235e-03
-7.702732534787022634e-02
-1.794978024248796988e-01
-1.620792881615099046e-01
3.209286026390270608e-02
1.902772588036831525e-02
1.006429295411380154e-01
9.857537658224187205e-02
-1.923392749172721794e-01
-1.258567349222542153e-01
-3.255672932367385808e-02
1.336522832392160187e-01
1.292990883160539395e-01
2.329149619624642509e-01
2.200683865455502486e-01
-1.792635063947445317e-01
6.533159102869093293e-02
-4.605550232073670758e-01
-1.804196484105119180e-01
-2.159605060334817417e-01
9.513846255422823972e-02
5.318827926281140955e-02
9.331143401843708385e-02
4.126299042720548566e-02
-5.318824952896063912e-02
5.823441070108657802e-02
-1.481034498120409604e-01
-2.407218873292337469e-01
-3.590361654346179709e-01
-1.423759798708240376e-01
-6.236474615518981107e-02
4.590041130819171311e-01
2.354523957153721592e-01
1.031690038377698765e-01
2.663936145663014510e-01
-2.973466531281047098e-01
-2.501210767219823605e-01
-1.600290259091962652e-01
-1.575089665796853833e-01
-5.504661479476480324e-03
-4.998082521206718976e-02
1.458187938219772661e-01
4.624278820932824496e-01
9.034624558769033253e-01
9.421682396766041523e-02
3.835025383873358340e-01
-2.104304878803319734e-01
-5.976231087667486230e-01
-8.840099419435248906e-01
-2.252653419045348659e+00
-2.455831451526366394e+00
-4.953387744307850227e+00
-7.925602784455386463e+00
-1.122078411634897321e+01
-1.275091133467024207e+01
-1.370851814830258242e+01
-2.967781572396413026e+01
-1.579737309658427868e+01
-9.986947148153518583e+00
-1.363767663753606740e+01
-1.598025502061336844e+01
-1.557459381466081894e+01
-1.625865573334733227e+01
-1.642650849122748369e+01
-1.622019609824219444e+01
-1.530724816942100475e+01
-1.347735209227415787e+01
-1.256129669636212398e+01
-1.117235468005349119e+01
-9.781413974067111994e+00
-8.567744242819207656e+00
-6.915793946699088757e+00
-4.929144132702887759e+00
-4.541924982089906138e+00
-3.504826741673767287e+00
-1.064645891842394665e+00
-9.549546964420171369e-01
-3.908745107485616654e-01
-1.754821131947718327e-01
-3.342349219735212262e-01
6.310595741773807887e-01
1.172680677292771811e+00
1.369154024802503811e+00
1.311254734819838674e+00
1.194892146082586537e+00
4.735927351540884511e-01
1.117604394667973296e-02
-1.205443088852432842e-01
-1.151969132441726107e-01
-2.423541425922760284e-01
-3.208474482592484356e-01
-4.268594139490138328e-01
-4.292340901205064507e-01
-1.337526165011199974e-01
9.687202191584471933e-01
1.278668039163875836e+00
1.480055255411830695e+00
1.792804320424268294e+00
1.905447300201593697e+00
2.217201100531353219e+00
2.146558613759015355e+00
1.930020582749387703e+00
1.812078830862064560e+00
1.903207245399394454e+00
2.166449166335686183e+00
2.293921757328643452e+00
2.614196784987120825e+00
2.586095115674324596e+00
2.598936303193274622e+00
2.600661411868653072e+00
2.576750967871488385e+00
2.628201045943142411e+00
2.799574253995530171e+00
3.156371574979215389e+00
3.309725420567942944e+00
3.420366553054644321e+00
3.400451610589468654e+00
3.541127973667818285e+00
3.480288671871835326e+00
3.398105059256414151e+00
3.005535654829429859e+00
2.475846205246948539e+00
2.486450042153099282e+00
2.546784764889549635e+00
2.549830906748852488e+00
2.461768888217201745e+00
2.474616752792131003e+00
2.486497481736664295e+00
2.443297800738595260e+00
2.586946067765225177e+00
2.706316702338278368e+00
2.581413474717399570e+00
2.876339789318228757e+00
2.627620302252176465e+00
2.676026954914307865e+00
2.574606076487542694e+00
2.969662946737436915e+00
3.211119108502127784e+00
2.989778117904210664e+00
2.886724970109578958e+00
2.733315364983042173e+00
2.794743651035084486e+00
2.611822253657877457e+00
2.221421149209974466e+00
2.078097476575905933e+00
2.018214672924266040e+00
1.853203072133075002e+00
2.320294438032017847e+00
1.814428643219605730e+00
1.779759713055155901e+00
1.796234178581131991e+00
1.592171407379563197e+00
1.186987438181243082e+00
1.277472771755703507e+00
1.734838246798031669e+00
1.691803086495585973e+00
1.619816177589766593e+00
1.099371580368246670e+00
9.532673119723987787e-01
1.031464741057139811e+00
9.206936173405321222e-01
8.876274779553491312e-01
8.689658367643418035e-01
1.113196579479085457e+00
1.371771857840621944e+00
1.599522294532271793e+00
1.851847832395438376e+00
2.071578573779704779e+00
2.196651967693389107e+00
2.710863905500641380e+00
3.115020365416385051e+00
3.370561319903649267e+00
3.516467850759137814e+00
1.281410911625161742e+00
-3.122554764574425157e+00
3.553845219506067465e+00
3.133722919555705921e+00
2.348682358132425207e+00
2.332718140247118210e+00
2.285556025690438808e+00
2.684589330357464387e+00
2.835655097205908248e+00
2.817310554348420926e+00
2.739062413353048786e+00
2.627683172943527712e+00
2.792977003998346586e+00
2.910621400849172424e+00
2.926564897234768203e+00
3.628349944658398663e+00
3.902877729661736517e+00
3.745311143939848542e+00
3.704480230130070328e+00
3.620317602256440281e+00
3.528873075660655001e+00
3.500561540868387223e+00
3.316861293197318705e+00
3.825578410318383860e+00
4.023464535754277982e+00
4.894780135477531324e+00
5.164256183071629813e+00
5.210434350229943057e+00
4.546874158390679099e+00
4.504265690502347930e+00
3.299526824058868435e+00
3.371474828905463461e+00
2.525800149304524123e+00
2.566743976093746937e+00
3.938598482390480715e+00
2.853251026360861697e+00
2.279543853679702803e+00
-2.695851999370884045e-01
-6.549565885977920443e-01
-9.599397607323840731e-01
-9.325425311256813066e-01
-1.834741093391002664e+00
-3.533223796456818278e+00
-4.337672791213786461e+00
-6.261188864996411141e+00
-7.770170455696185918e+00
-6.007523352721635845e+00
-5.913835824625335746e+00
-6.678329755778010579e+00
-7.722087371795185007e+00
-8.610873503305477072e+00
-8.831637886508856283e+00
-8.998658537563711590e+00
-9.841810610834196282e+00
-1.028662062001042976e+01
-1.020789742909364683e+01
-3.851934918161929122e+00
-7.509237066813528649e+00
-1.058447944037331467e+01
-1.050585747559440186e+01
-2.394537130010162684e+01
-2.472485789173881443e+01
-2.382461478329380355e+01
-2.381294006058339363e+01
-2.545033765939628978e+01
-2.295139861014702731e+01
-2.259972613631480698e+01
-1.994848493748294871e+01
-7.550887991103384600e+00
-6.278165433998840861e+00
-4.300768944850529962e+00
-2.844796507814200570e+00
-2.436077287692330007e+00
-1.842906136438651865e+00
-1.313220940326768060e+00
-6.614292635549295918e-01
-7.512861887215938062e-01
3.224743547148524181e-01
8.117812093282522623e-01
8.200208252128584618e-01
6.978627291448806780e-01
9.059695642130700666e-01
2.188741284969152046e-01
-3.552397909232803963e-01
-3.483657900399161900e-02
-1.856479780385725600e-02
-5.064996209407578165e-02
-1.494289590142063029e-01
-1.785349826192308142e-01
-2.456859478222840620e-01
-7.599716141176033890e-01
-6.868639201189941090e-01
-7.045188585474128073e-01
-7.453295369196192288e-01
-8.661448455721342254e-01
-5.604170587023598049e-01
-3.942547973402227984e-02
1.065858835417515249e-01
5.682050803454687937e-01
6.484063561641890683e-01
6.424283862621416041e-01
4.877138853136137042e-01
4.345360439041331402e-01
5.443116953629711929e-01
4.093211495226917185e-01
2.000770054469036274e-01
-1.938890621001414794e-01
-3.009173680975095189e-01
-3.346080136933194948e-01
-2.429351111468205371e-01
-1.116131275682059609e-01
-1.178010300740956612e-01
-7.356804465770132306e-02
-3.139882181264838645e-02
1.283410272611034547e-02
-3.391983107660317270e-02
-3.827308833259252668e-02
-2.383591287386363500e-02
-3.185723042437015734e-02
-1.336155336252612957e-01
-1.980190184118938990e-01
-2.037484545788976198e-01
6.440208321370159694e-02
-9.098830477114241977e-02
-8.915488027357172662e-02
-4.423463323397622271e-02
-9.396751630544851464e-02
-1.375167045087150042e-01
-5.773457587155612636e-01
-8.948171418925465748e-01
-8.478838733999978228e-01
-8.520664939360248491e-01
-7.652557461583147091e-01
-6.779617758225451318e-01
-9.492162408695459241e-02
2.563382685425361629e-01
6.160485460814290049e-01
1.008720277978313179e-01
-1.719424132711701858e-01
-2.810864817202936017e-01
-1.678246042391315085e-01
-8.024680353661588911e-03
5.309845099029860682e-01
9.213559757676881290e-01
8.644302184995051874e-01
6.108602587179979837e-01
3.841537738029058291e-01
2.516665890639995795e-01
8.411797154075541239e-02
4.024716987325400175e-01
-5.775569665772502248e-02
1.471418422035445928e-01
2.475306842706434252e-01
1.290352104368898689e-01
1.714363951910607697e-01
1.925186703365329988e-01
1.524110187018286600e-01
-5.661001364345082110e-02
-5.374522090150314346e-01
-7.134874735251003353e-01
-5.741567454306167884e-01
-7.046024024672583597e-01
-7.555302046408375327e-01
-4.410584940724665004e-01
1.510708356803474040e-01
2.636229474292614561e-01
2.677425098727100328e-01
3.532382596160539290e-01
3.777524152402002566e-01
4.210655952272704394e-01
4.313638464331575051e-01
4.318133743439118710e-01
3.428776582388600169e-01
3.699174945954675775e-01
2.720480875530408293e-01
2.459186209806909218e-01
1.223856596862868545e-01
3.614252454789482760e-01
2.021406361992759138e-01
3.045850817809269140e-01
2.656232969513149245e-01
2.218492403516038325e-01
1.998478001550915706e-01
3.346069524544111051e-02
-2.745614483326966893e-01
8.319344690436338008e-02
-3.536294800185320053e-01
-4.269691728757866733e-01
-5.284995114799171390e-01
-6.499780635492915515e-01
-2.541725031564321946e-01
-4.583478701329606574e-03
7.998785495258423084e-02
2.181899914338535917e-01
-1.187203502957318857e-01
-1.212432061803508654e-01
-5.179741926945747449e-02
-2.910714166508800854e-02
-8.136287482593373976e-02
-6.646662812030115774e-02
-7.448765939876401954e-02
-5.959151506496869477e-02
-8.113599414061992143e-02
1.421098815462781481e-02
-2.440955530558162057e-01
-4.490065066252902359e-01
4.217514330209427842e-02
-4.574978892721331958e-01
-1.622812455393119468e-01
-2.636002709163532201e-02
-7.140169193171145290e-01
-3.805237786527806976e-01
-5.015734128401949654e-01
-5.949112115569715753e-01
-6.648779758266742945e-01
-6.874006999151517361e-01
-8.690997000787987758e-01
-7.788418117453621559e-01
-2.843858515222813299e+00
-4.508978926682640775e+00
-7.140858611005739931e+00
-7.765765763545465106e+00
-7.765899922897689933e+00
-4.048682787219477497e+00
-3.874078898528691361e+00
-4.062296055660809202e+00
-3.712745577290556209e+00
-4.032481731602268304e+00
-4.589967851133501142e+00
-5.246691181842711771e+00
-5.665318121032301590e+00
-5.266042306925170280e+00
-5.428470128505632708e+00
-5.237291021481482289e+00
-4.967584598490015324e+00
-4.928491055586513347e+00
-4.948043590936490155e+00
-5.106935631680238785e+00
-5.156412220342319053e+00
-5.001990711645697196e+00
-4.814183810436471589e+00
-4.882878684055571128e+00
-4.818574720601939809e+00
-4.991936588495598848e+00
-5.260818163360987398e+00
-5.422692546379159317e+00
-5.350671686026324814e+00
-5.460059330732955907e+00
-5.272913773172493990e+00
-5.137990438319929076e+00
-4.909304459267024079e+00
-5.531811333657222995e+00
-4.672721677246151728e+00
-5.132795975846434544e+00
-4.925716764434839412e+00
-5.060969017756521637e+00
-5.139578352581352760e+00
-5.143769357533194864e+00
-5.166686012861631205e+00
-5.151913214976893585e+00
-5.129020867630310399e+00
-5.104061996052428718e+00
-4.960576231002289838e+00
-2.443986436290314757e+00
2.115940805632559041e+00
-3.983378987758539491e+00
-4.447759715292194826e+00
-5.015921873499124217e+00
-4.961208267078291101e+00
-4.872311197078416534e+00
-5.257049343958240861e+00
-5.669624738124706020e+00
-5.815053182612444083e+00
-6.230398133466400701e+00
-6.899128103568317627e+00
-6.907686464882864641e+00
-6.908964201065286304e+00
-7.014133336872135693e+00
-6.917512481677414726e+00
-6.616278562970491883e+00
-5.293501061911033645e+00
-4.929650691840167021e+00
-4.953139971618806925e+00
-4.842372457703219446e+00
-4.014638319329346672e+00
-3.152285909688958387e+00
-2.058391781501399453e+00
-1.139509887611008354e+00
-6.399660979350688672e-01
-3.206599446292263678e-01
-4.098134063002730199e-01
-3.355466629194848172e-01
-4.061310769863414327e-01
-3.614322391623502329e-01
-3.458449738105394689e-01
-2.411033889946287145e-01
-3.889270973054265168e-01
-3.941955948987608260e-01
-9.190261231665269870e-02
-1.132164235179494854e-01
6.371303625118118763e-01
1.158768904303679959e+00
1.135668528577681080e+00
1.049323894803171564e+00
1.076231144946099727e+00
8.450153658050634231e-01
5.179196078546971505e-01
2.143755736356231234e-01
2.515276908028988845e-01
-1.034113586788862754e-01
-2.971489928688884619e-01
-5.887610490048753586e-01
-7.792260073410014476e-01
-9.130303713732903503e-01
-8.166957739616627077e-01
-7.765442409498528598e-01
-5.436524283608316077e-01
-2.862588229661257033e-01
-2.108601274285312743e-02
-6.577714320700461803e-02
3.208469423764023255e-03
2.564642448329388369e-01
1.441627495267951142e-01
1.773949246475712282e-01
-3.139878920663204814e-02
-2.202546682607101625e-01
-1.943558797705006447e-01
-1.929770308641896026e-01
-1.744137135902560365e-01
-1.567638895542645683e-01
-1.031346336025300986e-01
-1.689092572286525484e-01
-2.303318613828289063e-01
-2.317051296867435328e-01
-2.825836103067512206e-01
-3.036676983244356864e-01
-5.094743836115254165e-01
-2.339970217122885887e-01
-7.258304822154302283e-01
-3.029871078482596625e-01
-4.499034445782649216e-01
-5.122514637049638830e-01
6.623743328992118262e-02
2.729733490141957875e-01
1.980226994906564841e-01
2.087939531136762394e-01
1.049698886168879824e-01
-8.640478142559283870e-02
-9.465502958832369695e-02
4.065833826025403441e-01
1.155782471014625390e+00
1.263946665455581986e+00
8.287392190225020272e-01
7.994228190936603085e-01
7.015809886297713627e-01
2.908625423292180989e-01
6.385911974870378538e-01
-2.475521539293647766e-01
6.723042804785748228e-01
1.808627052933281798e-01
2.876865770738944450e-01
1.469413972034881999e-01
3.759713557334677658e-02
-2.590403166533550849e-01
-5.146196281665768035e-01
-7.334988679757248331e-01
-7.715094501796803117e-01
-7.437453213999943857e-01
-6.928408892506540129e-01
-5.839664415507480610e-01
-3.873251941993932634e-02
2.429367702798470585e-01
1.925160406648347977e-01
2.035178284332383736e-01
1.975606223542731577e-01
2.175006633157306468e-01
1.290351521926843825e-01
-2.443178725076966262e-01
-1.471383373011992957e-01
-6.781643315972124553e-01
-1.375087431146844452e-02
-8.566889503290513463e-01
-2.436216131922793737e-01
-3.955706025447915941e-01
-3.288797777366548880e-01
-4.416406859967825227e-01
-3.249897202705581689e-01
-4.590684561487577420e-01
-5.702412831260903481e-01
-5.594811820159982796e-01
-6.775510320112215767e-01
-8.600541079720328552e-01
-1.382828770661573392e+00
-2.452178194804338407e+00
-3.175995912665812604e+00
-4.516382562597467398e+00
-4.888929540860043055e+00
-5.233355510605115946e+00
-5.651340791002023245e+00
-5.715183617964743057e+00
-6.181390787760684624e+00
-6.671927679934597677e+00
-6.974014963874294537e+00
-7.326337166191597028e+00
-7.441375402057440525e+00
-7.516030140461491094e+00
-7.578970506817717556e+00
-7.623332332667259514e+00
-7.305340572299797941e+00
-5.707359556297618930e+00
-4.356323742036470215e+00
-3.782397518772490308e+00
-3.060789995547369191e+00
-1.282142299126173279e+00
1.273563654639653722e-02
1.997295493018604040e-01
1.799163443441245402e-01
1.606980675508902778e-01
3.056750244877814993e-01
5.198964879818378515e-01
1.283638262871864999e+00
1.914442193780637291e+00
2.729628503208568979e+00
3.842585383498954510e+00
4.193335055436556935e+00
4.368664531635983117e+00
4.456061849104047567e+00
4.730993340592832830e+00
5.511118821906648257e+00
5.809892207062294034e+00
5.397784660737511508e+00
4.983340264274410458e+00
4.673821091147294382e+00
4.498308479633517543e+00
4.322959124527283592e+00
4.110014089825136274e+00
4.086901926242743954e+00
4.068967956032414790e+00
3.786950025433381661e+00
3.208823474603835102e+00
2.086373808175119748e+00
1.175998271418037255e+00
3.735154550993384781e-01
-1.273806347962787910e+00
-5.678216446152864805e+00
-1.738691778523344666e+01
-3.085988733561553943e+01
-4.368818419207618575e+01
-2.339172082994724633e+01
-2.443082358493412798e+01
-2.485467689904615085e+01
-2.579388394473231116e+01
-2.572708085796368849e+01
-2.405462137318811600e+01
-2.054645228767933318e+01
-2.819860154234971716e+01
-1.665639464670897851e+01
-4.806298806486878128e+00
-4.085298740049686295e+00
-3.440869234280284683e+00
-2.897810675426305771e+00
-1.878030977452099792e+00
-3.275380984354090419e-01
3.247881825278512435e-01
3.566415439650129637e-01
2.961273553371226996e-01
2.938302850732447125e-01
2.947423529718383173e-01
2.844273571034010017e-01
2.979450889812251813e-01
1.682228602230528280e-01
-4.583759546754059833e-01
-4.531117318309784703e-01
-5.576369912848638810e-01
-5.720913359519349539e-01
-5.159536515831224524e-01
-1.588476943791109763e-01
1.322585072031401687e-01
1.361540363743315718e-01
2.124769466738665735e-01
2.562564072825328498e-01
2.755025849583930819e-01
2.445594518727021160e-01
2.434080096509416147e-01
2.028375865529337685e-01
1.453108273804511463e-01
2.294195399158721616e-01
1.171180369918781161e-01
1.700576760413283761e-01
2.532539263219208414e-01
1.019874126373584017e-01
1.459924388153929498e-01
2.117671148328100217e-01
1.095504456566233076e-01
1.691377032760535692e-01
1.879307105306226300e-01
1.081746552932388306e-01
-3.176484845232542265e-01
-6.373641657044063491e-01
-5.603662018374154785e-01
-5.823802306567495979e-01
-5.537463005651726000e-01
-5.714131979931195149e-01
-7.454143155951922228e-01
-8.472452131043979318e-01
-1.146733212021180393e+00
-1.509203015998066721e+00
-6.613856466269771861e-01
-1.494575958374529945e+00
-1.469530218528291021e+00
-1.016890505849386672e+00
-1.174868018061793640e+00
-1.121483484266063479e+00
-1.266574415815910459e+00
-1.208924715960233653e+00
-1.162721299307667877e+00
-1.217023528470321025e+00
-1.255086460447233154e+00
-1.205996282479786963e+00
-1.330079076441952779e+00
-1.174589355488215636e+00
-1.436999263302020768e+00
-1.201010151177157148e+00
-1.286739837907043604e+00
-1.332706379357269100e+00
-1.032576188138707218e+00
-1.658520495417009077e-01
3.205567080710897687e-01
4.219810512678734415e-01
3.100302614916911059e-01
2.734408961612216360e-01
2.149367034836415224e-01
2.377618533741822360e-01
-3.442479430116895250e-02
-1.155264461371480478e-01
-1.874188003248599410e-01
-1.333510653709640281e-01
-4.622229619735736955e-02
9.244460118895306278e-02
1.058331604388136893e-01
1.458305473377137507e-01
1.125421940742043769e-01
9.127872905086287236e-02
1.936146353476488058e-01
6.191336398374422401e-02
1.067136403477939033e-01
1.520261983681853446e-01
-7.874348444778236575e-03
-2.314787742315192187e-01
-4.020113197233710078e-01
-1.057264943323682482e+00
-3.970527854168148241e-01
-4.086848782600926988e-01
-1.968694097037973489e-01
6.521347283302258990e-02
1.147693322099802432e-01
-1.085141794380773683e-01
-1.036526173727947836e-01
-2.054577126238738005e-01
-2.001418993588806317e-01
-9.418781233754264237e-02
-1.057906453320205942e-01
-2.729071730613226443e-02
1.341841184023340530e-02
2.382265049434050333e-02
8.149578676096773666e-01
-6.709232052753967730e-03
1.404086364417962696e-01
3.381246171809980661e-01
1.360010966614250139e-01
2.964148978748172847e-01
3.153460461821616101e-01
2.394707399097388278e-01
2.163003578500414248e-01
1.673212863614134405e-01
2.317640930057461301e-01
1.760468017243344563e-01
1.956609611636768997e-01
1.917380757527598345e-01
1.582227944857140522e-01
2.036772005097046701e-01
2.050700724780988582e-01
-2.839834433362318361e-02
1.842341963302543406e-01
7.795527745097632355e-01
-5.555785720862159716e-01
9.557124130000940743e-02
3.194627904811584429e-01
6.157076215384853501e-01
9.310241883607849323e-01
1.033900838020281876e+00
9.868390617429747547e-01
9.702678753122946365e-01
9.795518974292580783e-01
1.041968275802562793e+00
1.071434941872870805e+00
1.027781547863423350e+00
1.068102453077278691e+00
1.012330071919949948e+00
1.093105500971431665e+00
1.079884511810526693e+00
9.624846751377382770e-01
1.077245354428134849e+00
1.174954180844935747e+00
1.266638984059764939e+00
1.006721934534447804e+00
1.040263048121133682e+00
4.645787828790474139e-01
-1.148792300093755270e-01
3.554111849381612620e-01
4.631540992694364589e-01
4.214071043809485273e-01
2.801577189689214986e-01
4.000515879616488579e-01
1.639121649760301169e-01
3.576155412526458854e-01
2.810416387474685695e-01
4.036710879415733588e-01
3.598746355041310685e-01
3.894349719870154880e-01
4.506198044760973409e-01
4.384647960226166208e-01
4.666417099021912818e-01
4.588432219185031857e-01
3.419488719008603184e-01
-1.975606616303687835e-01
-2.786943697690959509e-01
-2.557786758202129085e-01
-2.617392840229129658e-01
-5.088063803394014817e-02
3.735716947116504011e-02
2.039834684797421083e-01
5.871889592648973366e-01
8.995558639131047141e-01
3.263575571513331330e-01
6.249826842606385213e-01
5.933566098448016524e-01
6.188029202687621577e-01
5.851210224859630937e-01
6.211171746899047941e-01
6.362658269513091769e-01
5.762356577343915598e-01
6.241709390798666490e-01
6.439177180022198632e-01
6.723859861575619545e-01
7.017817450344800978e-01
8.068618997637636570e-01
1.117695396405524066e+00
1.204376900506996861e+00
1.087394674318511667e+00
1.370603622660845122e+00
6.727233322697302453e-01
9.545433082897809562e-01
8.096289894466750514e-01
9.267314433049324007e-01
1.039579915648014774e+00
1.214840877953384801e+00
1.148188705293919254e+00
1.253567793786456885e+00
1.096972969671781151e+00
8.386501795816528881e-01
7.638409635929502839e-01
8.237940395686773609e-01
7.118305225190831864e-01
8.921469158718587922e-01
1.152070708081512018e+00
1.402060550519217408e+00
9.022632389691982446e-01
1.153476363562372597e+00
1.093413567371651851e+00
1.138559687747975113e+00
1.098099022299790839e+00
1.207829857043874577e+00
1.104189964381622646e+00
9.965670814103653186e-01
8.874250496946538558e-01
8.708019116535674620e-01
8.904382784451169153e-01
9.529297074992677530e-01
9.203375241097330184e-01
1.466016231983910068e+00
1.096432310211489458e+00
8.322883762736684732e-01
1.184701752901572425e+00
1.132617547589727769e+00
1.893032425598566437e+00
1.939662457846377919e+00
2.035775453783104538e+00
2.420312281942591959e+00
2.716681844718658922e+00
3.065710915729940034e+00
3.288782912674617975e+00
3.241394695704480799e+00
3.090870891957035127e+00
2.742899780573397450e+00
2.128068176681100265e+00
1.279153455622723756e+00
4.564822361257012684e-01
-1.696786050114843236e-01
-1.184224548690528289e+00
-1.607497761072137710e+00
-1.781567782620965046e+00
-1.637854602177503338e+00
-1.439030071437735536e+00
-1.143131125431752659e+00
-9.875283376509764732e-01
-9.826498180776835900e-01
-1.009335078970902355e+00
-8.534800372689792525e-01
-8.030425093071161813e-01
-8.191960221244357632e-01
-1.002311982914107835e+00
-8.954664757770746109e-01
-7.476890945447258741e-01
-1.475861998529896191e+00
-6.623419258840808510e+00
-1.085515461880947363e+01
-1.299760019406669009e+01
-1.317216497241305717e+01
-1.272675860160928174e+01
-1.424188311136584595e+01
-2.560317752008145220e+01
-2.332678528875420909e+01
-2.993944192608871191e+01
-3.521968162328970919e+01
-3.771405220664133395e+01
-2.179855406965881670e+01
-2.322635765203774127e+01
-2.394120487344453707e+01
-2.470237116124363297e+01
-2.486620732749641149e+01
-2.319378128389249838e+01
-1.905303687628495979e+01
-2.211460332106439708e+01
-9.954352338799933975e+00
-6.352933120125118016e+00
-3.642382314898091611e+00
-1.272178149293108129e+00
-3.249626881019799240e-01
-2.800311069612080872e-01
-3.098557689057051534e-01
-1.605473866998832488e-01
6.399173918560745189e-02
5.130613241332391272e-01
5.033827955618157546e-01
4.476291145155235074e-01
4.281131867220527298e-01
4.865476480166694428e-01
4.275990153574414365e-01
4.750286819657331683e-01
4.422255748018827926e-01
3.537205658080382897e-01
2.897535215077936543e-01
-6.420483395045009992e-03
-4.940073298139356917e-01
-1.049526687383843804e+00
-8.609523507329174263e-01
-6.851601988304286683e-01
2.309188678542885564e-01
4.730466316801819060e-01
5.995738303741430242e-01
6.128350964199973383e-01
3.952344822873323782e-01
3.931506382805919908e-01
-2.842698254566047855e-02
-5.027346550170859185e-01
-1.751500262089465965e-01
-3.546708453653680815e-01
3.365595803973450151e-01
8.024058084453279671e-02
1.944068048487169464e-01
8.917603562827035313e-02
1.409841205738810166e-01
-3.032925194575974426e-01
-2.663936436205513458e-01
-1.719483909729167259e-01
-9.193699435673764742e-02
-9.354072257576789839e-02
2.755422257412640241e-03
-1.444566416809596639e-02
-1.449024446386249776e-01
-3.209230474124185467e-02
-1.747102423107058100e-01
7.933045367689736671e-02
-6.328109161346820444e-02
1.079863183084976697e-01
2.934963134617321612e-02
1.311440077990856101e-01
-5.667742791002043923e-01
-3.233467566007712513e-02
-9.308895653852457264e-02
-3.989423546505573015e-02
8.850039964241880608e-02
5.067139773023390248e-01
4.858209842932202371e-01
4.518595535293954413e-01
2.214536754741617541e-01
5.345830548166661256e-01
-1.730721680198684664e-01
-4.126315479344551673e-01
-9.051055980145989999e-01
-1.823132811944728759e+00
-5.469715808952213543e+00
-1.287734796844815399e+01
-2.580246603934729066e+01
-3.413356977270970560e+01
-3.262814973260958595e+01
-3.216054996060603344e+01
-1.494293679994301449e+01
-2.368477132694406251e+01
-1.126264475520919284e+01
-1.134600483693826156e+01
-1.064342313464004164e+01
-9.890057651951197570e+00
-1.015821945453015296e+01
-1.014232361181533726e+01
-1.016070765654213126e+01
-9.437763580907661876e+00
-7.990415501789452257e+00
-6.737563123320559733e+00
-5.338271602824266715e+00
-4.370589278245989640e+00
-2.720004397956895303e+00
-9.521099138297640652e-01
-1.488118677153333347e-01
3.737854464525349751e-01
1.512617696769650300e-01
3.523925154974983376e-01
3.005891079523411169e-01
4.001664545467116252e-01
3.172894636869683649e-01
3.465359668205210686e-01
3.522249542736342054e-01
4.105581173639805681e-01
4.048526255057174339e-01
4.672115783811503498e-01
3.100242046307600252e-01
2.467468257896524020e-01
3.490899670909355934e-01
2.929281054010184349e-01
2.907250739879939094e-01
2.127472621012402865e-01
3.226169230522221154e-01
2.616079863923445603e-01
2.908886724674160651e-01
5.083663975004544255e-01
1.660369024494005918e+00
1.853946551633580020e+00
2.034640299979108669e+00
2.167739036187581458e+00
2.111048265017482883e+00
2.208925313374282329e+00
2.071419809517477173e+00
2.168530049216914612e+00
2.195321380215092155e+00
2.609999735899616535e+00
3.322870044912501708e+00
3.578498825466243982e+00
3.658645139394105517e+00
3.964902991520582010e+00
3.395444293516095779e+00
2.688017988747136489e+00
2.308609800776550980e+00
2.101976489797968917e+00
1.785886531178896508e+00
1.186489487524872155e+00
6.709293216396226001e-01
4.842049204962807218e-01
4.714049477004595978e-01
4.597644103566493889e-01
5.544197790943065085e-01
8.479184587256406447e-01
9.477740524364830499e-01
9.472687807957230754e-01
1.021179352778661453e+00
1.050848502961937436e+00
1.008329385583468962e+00
1.023570969279437248e+00
1.276043130501901990e+00
1.374530233938179968e+00
1.782360053213347229e+00
1.716134572451474716e+00
1.791481907391707429e+00
1.852042208128290124e+00
1.899872747322846278e+00
2.051263910323524176e+00
1.801725345820956337e+00
1.991440302560995246e+00
2.764642069250604628e+00
3.589212606675649120e+00
3.607070243878772509e+00
3.452417837941696988e+00
4.208354947904630272e+00
3.466575531664850551e+00
4.024525144641816432e+00
3.389773004892459252e+00
3.600392252383759484e+00
6.944156908569900644e+00
-1.684748879377027331e+00
-9.522734185795172834e+00
-3.395498072224724950e+01
-2.300336385401228867e+01
-2.629914788504664358e+01
-2.889643272946894115e+01
-2.865069975433055660e+01
-2.847275993262867289e+01
-2.799087119258154743e+01
-2.455095389495373226e+01
-1.928808846885855388e+01
-2.539428423666030099e+01
-1.110943828081458307e+01
-5.420929932284515473e+00
-3.466094056365232046e+00
-1.088291359419541360e+00
-7.265932805191156751e-02
9.768801104805878710e-01
3.573872797369481713e+00
3.139789973334159434e+00
4.666014865633794528e+00
6.419855955412966608e+00
8.319629066249332183e+00
9.151661013622916840e+00
9.593935563017474522e+00
9.923744235456727125e+00
9.350365017242927124e+00
8.867130222459687516e+00
7.923833319961903321e+00
6.667615236354832220e+00
5.642553058233436225e+00
5.649628851586475875e+00
4.648890911244523139e+00
3.887429976916346952e+00
2.997243237477753564e+00
2.616796911575295148e+00
2.032095030962743465e+00
1.567631598141079108e+00
1.373041315728463108e+00
6.075757058853852310e-01
9.740702464744428746e-02
-1.877077583428568008e-01
-1.395754840935284902e-01
-3.600526078494007409e-01
-7.042845297150177597e-01
-7.333864223333076415e-01
-7.686832827167614512e-01
-6.744986571870653647e-01
-5.640401812074908872e-01
-5.062979226748470785e-01
-4.914105595956807515e-01
5.615396765978911825e-02
3.616830899600922411e-01
3.699272490490486121e-01
4.932256606275630118e-01
6.733575730966777639e-01
9.669312995266633459e-01
9.187957473060756053e-01
5.369802453897893901e-01
-3.666998554754943157e-02
2.076418754512797393e-01
1.414089049856632196e-01
2.349182050507697961e-01
2.576101713638606627e-01
1.420981765688351384e-01
1.437044219087411367e-01
-3.644282643068356975e-02
-1.602048871166376620e-01
-2.548600355866896261e-01
-4.074969881742802613e-01
-8.521102303967675873e-01
-8.676875614002520498e-01
-8.725063044241084809e-01
-7.622832063499553890e-01
-7.973736780073835684e-01
-7.364346364297832404e-01
-7.350983579633220133e-01
-6.526198924973197757e-01
-6.744372903967512656e-01
-6.350459550093184857e-01
-5.906193265636494605e-01
-6.846801832049036474e-01
-7.234965556704916478e-01
-4.621237712721122937e-01
-4.025181842132127819e-01
-3.298426224051965172e-01
-4.032609326224809720e-01
-3.034905216408408934e-01
-1.442988813577207874e-01
3.213996872742104771e-01
7.727939008907526164e-01
8.178700025772136506e-01
1.329785643103544190e+00
2.426245368410967274e+00
4.133631884102507037e+00
5.445775027847063576e+00
6.892759097887555697e+00
8.675626529505795048e+00
1.002898092496408644e+01
1.178628311641076820e+01
1.280337942268706541e+01
1.258549947411342806e+01
2.382212668971022040e+01
1.708255001309614940e+01
1.443146285984834876e+01
1.102408624312159979e+01
1.128868244672159982e+01
5.026140269083501089e+00
4.240423610792471543e+00
3.291833029174064507e+00
2.636798409932747500e+00
2.304493041969738254e+00
2.081570225010568542e+00
1.475649867747779398e+00
1.361333214088322308e+00
9.406766531744046311e-01
6.262503199253652841e-01
4.552048053352138468e-01
4.001704842372462156e-01
3.167829412312528903e-01
9.143854973352845139e-01
7.751222460254464375e-01
6.891700233279632326e-02
2.591442603809400273e-03
-2.094989618666818210e-01
-5.607532567386319666e-01
-2.958893398476250436e+00
-1.402274487358180899e+01
-2.890156872488101314e+01
-4.018432431601656418e+01
-2.578869952557291256e+01
-2.681657730694399788e+01
-2.848859052212771203e+01
-2.903799998960337803e+01
-2.785099506184247176e+01
-2.955332673105710484e+01
-2.949092930708262372e+01
-2.954107488800437054e+01
-2.923098843069896802e+01
-2.941213856499854273e+01
-2.998368027593598129e+01
-2.131726859928676276e+01
-2.760071444317817679e+01
-2.510923353582624173e+01
-1.998767272429889630e+01
-2.074995447519633629e+01
-6.654777768160268003e+00
-3.924508064845324995e+00
-3.844003777826129120e+00
-3.701140106048440792e+00
-9.223163547520023542e-01
-4.769975524405498102e-01
-1.071185880280609348e+00
-6.565657177395175514e-01
-2.815264637078198628e-01
2.207322139486443735e+00
2.864965055458007726e+00
1.680833201978418678e+00
1.122098836606067129e+00
3.842359277629544767e+00
1.205010672175955477e+01
2.188658934980653115e+01
2.471524348066381549e+01
2.734387488622522611e+01
2.928928860048597471e+01
1.892749257264466678e+01
3.020167064091436515e+01
3.226402477367062005e+01
3.048889720697466288e+01
3.074578176138533792e+01
3.212513264196652329e+01
2.947324737851497645e+01
1.992629112526753232e+01
5.944959346805493539e+00
4.752313687789476937e+00
5.356794749165311176e-01
-2.727663288986181128e-02
1.485283557552231071e-01
3.507143366752601965e-02
1.038288896322078214e-01
-1.707600593889776752e-01
-7.586824947148718135e-02
-1.952903628858080887e-01
-1.583894189026456290e-01
2.044602950354215409e-01
3.857648467731669695e-01
3.949207762418182610e-01
1.952802401182597292e-01
2.931452644329315960e-01
1.136805434901277806e-01
-6.875834259976539020e-02
-1.139122424943138506e-01
-1.228498497165752684e-01
-1.521886269950709636e-01
-1.249150924547934860e-01
-1.466916880387662270e-01
-1.414178067785996085e-01
-1.111653585417443496e-01
-1.111688200402902726e-01
3.552973207336402456e-02
-1.945992116876867906e-01
-2.647461230813731858e-01
-2.954600143958381886e-01
-2.675085783492024416e-01
8.711777208510976256e-03
1.145697140656665560e-03
2.922603400770526494e-01
4.957959022422351314e-01
3.960768438483733833e-01
1.900095073843133253e-01
-9.832921268793004543e-02
4.400847554741695034e-02
-9.853934660691832798e-03
2.704578663319390786e-01
1.077248432100534892e-01
3.197314974570001356e-01
-1.324749216818444653e-01
-1.145997654585819009e-01
-1.870274318005605008e-01
-4.604736847633397190e-01
-4.121213945121174338e-01
-8.549636580887841342e-02
4.928280679814071863e-02
9.535362970481969791e-02
4.652919596476486758e-02
3.804687672988883024e-02
5.134509817363142742e-02
-2.603846418285686304e-01
-2.028601253792760573e-01
-1.803956947302174652e-01
-1.522023941017662529e-01
-8.894186739913266526e-02
1.765267551552540670e-02
-8.710878927907410307e-02
4.195043308568135315e-02
1.939235844072902670e-01
2.221167398862825826e-01
2.264664100710849226e-01
1.586147445055063054e-01
1.240051919657869789e-01
5.799055968177695142e-02
-3.736300567721759225e-02
-7.266010365223619927e-02
-5.051909459482046838e-01
-4.595947451019065100e-01
-4.600712337084677528e-01
-5.476690130716024285e-01
-5.752077067584019376e-01
-5.899256947444395660e-01
-6.486658639732493237e-01
-3.003915465951041419e-01
-3.625577129864258619e-01
3.692401720514381508e-02
2.421579978997753235e-01
2.584362250286549867e-01
1.538645062306676359e-01
-5.021672709243592270e-02
-2.013324991067010905e-01
2.692019435179510145e-01
4.922958921322214132e-01
7.217572190184404768e-01
9.021161161945786544e-01
1.059738512774846209e+00
1.050254827809426361e+00
9.811976533153865532e-01
9.910140657778576667e-01
9.634910327958887688e-01
1.574496197448652435e+00
1.227095420583323770e+00
2.789343491420870902e-01
-8.457345395089863049e-02
-5.782649282520746503e-01
-9.381434762250139059e+00
-2.497940219714856269e+01
-3.659455078513200021e+01
-2.307312142860187620e+01
-2.685486905845674244e+01
-2.768889649274015241e+01
-3.050598708109551893e+01
-3.100683705507371357e+01
-2.964629452442341773e+01
-2.153003952309315139e+01
-2.640303762369006435e+01
-2.014322075846478555e+01
-3.035354978097612744e+01
-1.521458608681005664e+01
-5.269818406704058766e+00
-5.280955103114894911e-01
4.146350650676323135e-01
8.022222351185405442e-02
5.821971051342620523e-02
-3.781776028280565277e-02
-6.876443422659775373e-02
-5.317480884142927744e-02
1.682393330342065729e-01
8.618383435508018831e-02
5.684481210796372280e-02
-3.947018612855313080e-01
-4.606996971377417260e-01
-6.133329429231496599e-01
-5.551045305804332974e-01
-6.000126363562340304e-01
-5.388134800728648921e-01
-5.351430559351081362e-01
-4.858685598944174067e-01
-5.608134529768693533e-01
-7.013137910577525724e-02
-7.398177148694817795e-01
5.502810337215052749e-01
-4.166641325723892675e-01
-2.369825430902424701e-01
-2.862609127518936369e-01
-1.547046157784075227e-01
-3.043745230888422193e-01
-3.749715897155443400e-01
-6.626419329258504964e-01
-1.039520608581752326e+00
-1.145767143029014834e+00
-1.336910242145362915e+00
-1.628203886357593611e+00
-2.068473790866529605e+00
-2.721792309145912192e+00
-3.168811413765509233e+00
-3.559256904781162856e+00
-3.950653926573174157e+00
-4.228613985537471365e+00
-5.373856380924713960e+00
-6.384840385221687065e+00
-6.973275105915321070e+00
-7.282345236776480490e+00
-7.354136934672328429e+00
-7.381173191074186235e+00
-7.277325600073892176e+00
-6.825559855074756044e+00
-6.671168025902684207e+00
-6.457000375383624480e+00
-5.590772068734493949e+00
-4.937150570193570509e+00
-4.337758499027471792e+00
-3.204438389167802548e+00
-2.459436621868122064e+00
-1.240276802609447282e+00
-5.007932656966812557e-01
-5.468442065133118923e-01
-6.133363663469479921e-01
-5.576832067618815447e-01
-1.759076714028644517e-01
2.527178924886166467e-01
1.435045466851575302e+00
1.975081037197705225e+00
1.978808603535248345e+00
2.008303170547868444e+00
2.757044841886498343e+00
2.883349467240237107e+00
3.381822982781478526e+00
3.565426403258833865e+00
3.829854408535855459e+00
4.364627729581984639e+00
4.632658429326976801e+00
4.869966071677586328e+00
4.861627116431693096e+00
4.655960599917595033e+00
4.592014281335274895e+00
4.716080569752958418e+00
4.307483793911550229e+00
4.183298654009274919e+00
4.034144690716714443e+00
3.836703813813807429e+00
3.557336369235260420e+00
3.133119416101418864e+00
3.070801002921485612e+00
2.849512436810401894e+00
1.776513488897191850e+00
7.101669138859780794e-01
-7.406003605959525504e-02
-6.608242614366043988e+00
-1.448260027921724280e+01
-2.100675023682989107e+01
-1.899701577115936146e+01
-2.284529448988194389e+01
-3.030262884400915979e+01
-3.524189025530345987e+01
-3.717773859063539277e+01
-3.905384022676603450e+01
-3.917185758795575623e+01
-3.100211537662350381e+01
-1.622096026756619480e+01
-9.205562771622957996e+00
-4.472768089969927807e+00
-6.149971691122332551e+00
-1.711092099392284904e+00
-2.923186729454073651e-01
4.693135088786337672e-01
8.003212252165426976e-01
7.713683431217602804e-01
8.082253568295775237e-01
6.800581550641404682e-01
5.344910989836547666e-01
2.567190466193604650e-02
-4.787950176078748510e-01
-2.138485252434530193e-01
3.570968744093613312e-01
4.716883307946193038e-01
5.000964407072914231e-01
3.192587430654763025e-01
2.727327081006578058e-01
-2.773078667199212893e-02
5.042077768089591600e-02
2.314721132732607684e-02
3.162800496406246303e-02
-1.595140551137531060e-01
4.400376659149111969e-02
-3.781592336737177318e-01
-3.540987527854198014e-01
-2.422553692268050174e-01
-1.411834897636818631e-01
-4.017815639020620999e-01
-3.201953630754030833e-01
-4.091320279086969602e-01
-2.670301426421222701e-01
-2.445731192809988408e-01
-2.599339924601486440e-01
-3.846436023156745709e-01
-1.446452778271037354e-01
-2.092895243502912728e-01
-3.431704100788371958e-01
-3.202635669065547197e-01
-3.443433033178608382e-01
2.299478894082868374e-01
2.922948234868993911e-01
2.308476167260695155e-01
2.530830444281544911e-01
2.324415226331780771e-01
-1.904910027842851572e-01
-9.604985384208843124e-02
2.062154404623804151e-03
-4.071323693971298785e-01
-1.170383643385267014e+00
-1.033427254437470300e+00
-3.111801268262746611e-01
-1.165285952978703188e+00
-1.135010496806899027e+00
-1.040721217075889271e+00
-1.254406407897692199e+00
-7.772480775322411217e-01
-1.261701253846539084e+00
-9.729089435063694724e-01
-1.309394197043780128e+00
-1.995357786391543486e+00
-2.023719495669502155e+00
-2.561867886761699076e+00
-2.180321386343526679e+00
-6.882817943254573301e-01
-4.852319316862448995e-01
-4.089274870447862087e-01
-5.683396418304241804e-01
